,data,labels
0,0.4567339088250373,-0.0990476709745558
1,0.163750514807961,-0.013317640490096205
2,0.18271982959201938,-0.016554707544409353
3,0.6027753954624633,-0.16612276582491092
4,-0.4109329293242505,-0.08096671282664114
5,-0.12581753169667675,-0.007883784305334762
6,-0.4805161060867522,-0.10903297761011899
7,-0.16516624245043365,-0.013547341298067672
8,-0.4834390461071578,-0.110287280685891
9,0.6237432916454955,-0.17677674630823592
10,-0.3994022035373297,-0.07666305792796713
11,0.14326606899530803,-0.01021010263743194
12,0.6985472431420787,-0.21649992812534036
13,0.33395108932895723,-0.05423548221278052
14,-0.7164722725370367,-0.226373638213467
15,0.3041351824752401,-0.04519591353525121
16,0.10898193458514283,-0.005920932810641211
17,-0.926238708999968,-0.3488134202674418
18,-0.5100842427580135,-0.12198619949455525
19,0.16995472612387164,-0.014338514642288858
20,-0.38389681392269104,-0.07103887012767574
21,-0.6008072931449482,-0.16513454741873745
22,-0.7889988015471541,-0.2674762785780058
23,0.16167305070509874,-0.012984057959269157
24,-0.3760973710177833,-0.06828156307476496
25,0.3948376073438873,-0.07498781454028847
26,-0.40953987717002316,-0.08044135293328303
27,0.20415829551690012,-0.02062464638908179
28,0.09039157363033046,-0.00407698473118967
29,0.2560330434456708,-0.0322451323442724
30,0.11487506526462465,-0.006576420378641257
31,-0.5894290875717667,-0.15946217539185237
32,0.6800630391580569,-0.20645328496157345
33,0.8237058746481198,-0.28769257492265377
34,0.7323096647935492,-0.2351983215145993
35,0.591651672104007,-0.16056467937745467
36,0.4620565650729913,-0.10124799103683946
37,-0.5273109985806139,-0.12979672448836044
38,0.2668541078552069,-0.034979136278034284
39,-0.855260486819672,-0.30631356972604806
40,0.3077065533405441,-0.04623852164590192
41,0.28248033476924106,-0.03911214191983292
42,-0.005157294868772144,-1.3298756752488927e-05
43,-0.906606843962612,-0.3369918423737138
44,-0.6305823181022625,-0.1803001398641363
45,0.9705264624484844,-0.3755979499762483
46,0.578169467028347,-0.1539188198047201
47,0.4359184121542221,-0.09063836990148855
48,0.7321878494711549,-0.23513009883645386
49,0.08649882659498864,-0.003734034590679336
50,-0.6958670176468238,-0.21503445440468127
51,0.13834410526531227,-0.00952390333643971
52,-0.9413750606693956,-0.35795282868648737
53,-0.5612951013683467,-0.1457454788044028
54,0.03805792931855012,-0.0007239408203133513
55,0.7860491287860918,-0.2657726935026715
56,0.5999765261211192,-0.16471802451694662
57,0.2083325223376915,-0.021467442596766362
58,0.6511720260759262,-0.19104541748032622
59,0.8261178757887315,-0.28910843570414335
60,0.706651498556264,-0.22094853529669434
61,0.9564484103801099,-0.36707084394087663
62,0.0025949924842243455,-3.366987328279336e-06
63,0.6928468192906727,-0.21338657932233385
64,0.34191532967985383,-0.05677747288553392
65,0.7100134114247545,-0.2228015238721549
66,-0.7286971860638096,-0.2331773995236438
67,-0.05509064088906701,-0.0015163385519950667
68,0.828374542649023,-0.2904343036955088
69,0.808509685659305,-0.2788037273318925
70,0.6780489343243306,-0.2053672165652013
71,0.4330645233335606,-0.0895100708669736
72,-0.6033438971165319,-0.16640860363360288
73,-0.8662747525212462,-0.3128591414025229
74,0.48547999954224497,-0.11116655766741002
75,0.47589977111262693,-0.10706393469560593
76,0.4710366962562791,-0.10500557037561165
77,-0.5463792248279109,-0.1386592814889488
78,0.0846151800333419,-0.0035734642710806286
79,-0.3770399702886289,-0.06861222097175379
80,-0.6204752855101243,-0.17510138405646591
81,0.40269619852267047,-0.07788203059965759
82,0.0492206086659166,-0.0012106007896478532
83,0.19238865702022756,-0.018336500293330116
84,0.9629328410895943,-0.3709973619324529
85,0.8698840550971882,-0.31500869529114395
86,0.0430762677510661,-0.0009273521646416816
87,-0.6638149065317578,-0.1977420705817512
88,-0.7789786541012604,-0.26169914272665706
89,0.30317252769657177,-0.044916770294660235
90,-0.40935590443101133,-0.08037208250028594
91,0.8654330932866219,-0.3123582022790683
92,-0.6853597633930741,-0.20931767410912183
93,0.6240417440421249,-0.17693001803310504
94,-0.8337068248916915,-0.29357167649592186
95,-0.9417060273298825,-0.3581528713118075
96,-0.9001555142617472,-0.33311654263881973
97,0.9928105740085837,-0.3891088082624218
98,-0.5681535681197245,-0.14904772961313195
99,-0.24669653204280229,-0.02997127009151679
100,-0.9035767597876481,-0.3351710439876471
101,-0.3614184949462589,-0.06322454153960866
102,0.046072875045555906,-0.0010607918695738627
103,-0.3457184666468627,-0.05801000839968262
104,0.15609598576658335,-0.012109066365709187
105,0.8358858496262591,-0.29485553114586793
106,-0.9576380178336452,-0.36779102737432756
107,-0.0905966076918201,-0.004095463284822132
108,0.6606400726955759,-0.19605357920467958
109,0.1796180292556937,-0.01600190530452994
110,-0.271401161740779,-0.03615934656098507
111,-0.8567911939698869,-0.3072219290579695
112,-0.8760876262888733,-0.3187083276600404
113,0.4854028528273202,-0.1111332700438572
114,0.6510313602380522,-0.1909713237449695
115,0.033910633735212414,-0.0005748002791503559
116,-0.3210237048623499,-0.050223048207938326
117,-0.7698626389640268,-0.25646857036721027
118,0.42459463057885993,-0.0861970304240971
119,0.6117160266240271,-0.17063775130927994
120,0.5504337456656869,-0.14057236687440822
121,-0.9082876468948109,-0.33800231812513293
122,0.6592202218580552,-0.1952999264691193
123,-0.9222963141089584,-0.3464362803768327
124,-0.07750660808128318,-0.0029991307430716763
125,-0.2855600786116106,-0.039952272152564694
126,0.6853445803578515,-0.20930944644254734
127,-0.6314345948436273,-0.1807408508757815
128,-0.9921509258567112,-0.3887087341258044
129,0.9389244440130065,-0.3564718809045153
130,-0.24034793218105577,-0.028470421345454633
131,-0.20218792752913606,-0.020232498683939282
132,-0.6782527316293498,-0.20547703144841145
133,-0.4012985136981513,-0.07736377864936073
134,0.8141338519040766,-0.28208705543441814
135,-0.35113171690145517,-0.05978503275712732
136,0.5149132239526837,-0.12415646244956557
137,-0.6431913809143397,-0.1868564170565148
138,0.5918417162428762,-0.1606590752792354
139,0.3870142471045408,-0.07215446901509526
140,0.01888152786844688,-0.00017824016065826065
141,-0.4300371746272309,-0.08831977947195879
142,0.29608591569031684,-0.042886633961920606
143,-0.8365183539376451,-0.2952283844570046
144,-0.30101239574730543,-0.04429331818744153
145,-0.40816754217195594,-0.07992525828223151
146,0.05626498426309667,-0.0015816221423718968
147,-0.04937706283647092,-0.0012183044310213331
148,0.654020295998661,-0.19254768138948375
149,-0.46649351595863164,-0.10309748361575066
150,0.11254888833476984,-0.006313611001115493
151,-0.10882174050547455,-0.005903590522946867
152,-0.8727525163540371,-0.3167185856478193
153,-0.3206342427210398,-0.050104365461211775
154,-0.8151222352806939,-0.2826648610330449
155,0.15372948651881946,-0.011746838293959061
156,-0.8420805881622679,-0.29851085846268477
157,-0.646541649677528,-0.18861129799619025
158,-0.7078953699981159,-0.22163361005864324
159,0.9383246812369503,-0.3561095034246021
160,0.796173682975073,-0.27163010823048517
161,0.8325283724621975,-0.2928777720366179
162,-0.2532697713992871,-0.03156391154723215
163,-0.39023784182554877,-0.07331612092465645
164,0.349801794555596,-0.05934670246301854
165,0.2848402437616757,-0.039755156986674756
166,-0.5201085959926457,-0.12650814657651166
167,0.41239125563663337,-0.08151827754179541
168,-0.10967297527675668,-0.0059960323689817185
169,0.5394682069799881,-0.1354213263258669
170,0.7480240651108159,-0.24404240904198093
171,-0.6047023504976514,-0.16709231588556273
172,0.08809592378814601,-0.0038729266929703465
173,0.6990341842400316,-0.2167664842769601
174,0.899769700900094,-0.3328849487615384
175,-0.036599329149800575,-0.0006695312109922247
176,-0.7746710203544738,-0.2592244454324296
177,-0.32784711552011236,-0.052323297090446585
178,-0.7062426059209279,-0.2207234652085318
179,-0.5073325209625905,-0.12075627411664924
180,0.9808985677673767,-0.3818851517042472
181,-0.7344204763359907,-0.23638131516682925
182,0.6942222756812195,-0.214136592943739
183,-0.21463397027516118,-0.0227706161309299
184,0.5603035851962797,-0.14527034565346497
185,0.11381494152559268,-0.006455990419707458
186,-0.8872918245876362,-0.3254054201432941
187,0.4284727409097866,-0.08770734327445806
188,0.13007849448304842,-0.008424520519450973
189,-0.11909820458987741,-0.007067100930443049
190,0.41524633413782364,-0.08260280924732333
191,-0.04077719562200244,-0.0008310443326208228
192,-0.2631699300974002,-0.03403647671174814
193,0.9710198567337573,-0.3758969506670886
194,0.7619415149756115,-0.2519439989690466
195,0.2823217018371409,-0.039069095003774645
196,-0.883246989225672,-0.3229855228218619
197,0.6754055403657209,-0.203944460219604
198,0.21886076701967205,-0.023665491988270615
199,0.6976941876069489,-0.21603318686314554
200,-0.07083392372641217,-0.0025055781611312833
201,-0.9937077228410307,-0.38965293171801285
202,-0.6313806351790521,-0.18071293779611364
203,0.3142757514513723,-0.04818503157095888
204,-0.9657472526976698,-0.3727021918871981
205,0.4952195427020898,-0.11540131291272371
206,-0.19707566685879674,-0.019232067157174293
207,0.5952547539423618,-0.16235769311222759
208,-0.8477803646331283,-0.3018810486475255
209,0.26486883263122696,-0.03446965592062723
210,0.6040825999219135,-0.16678027306399357
211,-0.6182061305194075,-0.17394127298375717
212,-0.9362379213204677,-0.3548488978086395
213,0.011917154264205365,-7.100676177895782e-05
214,0.9754733274867529,-0.3785961624055906
215,0.36312610907399145,-0.06380387158103762
216,-0.08405273264918822,-0.003526199238586214
217,0.64091441337943,-0.18566678575984863
218,-0.9547089109085354,-0.3660178961340488
219,-0.7456324183835057,-0.24269094930962198
220,0.28069436121965996,-0.03862878262376457
221,-0.38609249117280986,-0.07182381145422678
222,0.8257261418537276,-0.2888783954423845
223,0.9095237336847213,-0.3387456458251955
224,-0.5781446105056045,-0.15390666070706172
225,0.3634894303326952,-0.06392743891429065
226,0.15138783824898638,-0.011393732924006472
227,0.2507286334433023,-0.030943560620803945
228,0.7036091154975661,-0.21927546053463143
229,-0.2910954361929263,-0.04148328360439646
230,-0.2593784703800117,-0.03307910889008203
231,0.09838006307710101,-0.004827627770050635
232,0.12393746552746543,-0.007650829938492643
233,0.8674815448958495,-0.31357761239625026
234,-0.25814868263639745,-0.032771362227006495
235,-0.6641516431224987,-0.197921425346398
236,0.6895328354709804,-0.21158270380652444
237,-0.8204636688496099,-0.28579148106393415
238,-0.986953426262762,-0.3855566437381157
239,0.8044545205192897,-0.2764412529467104
240,-0.8870266718729061,-0.3252467147846806
241,-0.44503748617922967,-0.09428372302192745
242,0.015594936349021538,-0.00012159362676067431
243,-0.9313448031134037,-0.3518943599465877
244,0.8827105714017942,-0.32266478197074633
245,-0.6428356002032647,-0.18667037145772403
246,0.5460201749266675,-0.13849034485636158
247,-0.5523532161563136,-0.14148148972874364
248,0.2694075473692492,-0.0356396173309973
249,0.5795566005520967,-0.15459791673933876
250,-0.1554006235069718,-0.012002070508832174
251,-0.6864750954550272,-0.20992233508958136
252,0.2947507805092322,-0.04250905156671303
253,0.9735717093359388,-0.3774435279527045
254,-0.10708993836099423,-0.005717718718511455
255,0.8990909691005466,-0.33247756938790485
256,-0.19704210160000302,-0.019225580010559407
257,-0.6759855390380356,-0.20425637526431528
258,-0.39186890702197896,-0.07390700252993154
259,-0.4513340016985232,-0.09683605899637648
260,-0.1786973236909737,-0.015839579985104546
261,-0.48760421269344634,-0.11208470949724103
262,-0.7003789061121499,-0.2175030904742018
263,0.11591846148394747,-0.006696025893685564
264,0.28659028956410815,-0.040235173605087104
265,-0.08968360746979998,-0.004013499022073819
266,-0.4935615917210907,-0.11467593194776415
267,0.49971148153627865,-0.11737581664307695
268,-0.20033833598816875,-0.019867707845032556
269,0.4252041860908875,-0.08643367454218831
270,-0.7344852294987088,-0.2364176305914848
271,0.2802467570102287,-0.038508084694600764
272,0.7088212135487837,-0.2221439179199176
273,-0.27416595169274727,-0.036885990759616516
274,0.1877484600217325,-0.01747033481327831
275,-0.7164817453670995,-0.22637888884801305
276,0.20184456515789528,-0.02016453497221593
277,-0.6040222900841281,-0.16674991806231498
278,0.7613866524924309,-0.25162778960766086
279,0.96595443476642,-0.3728277059960303
280,0.08332795394681058,-0.0034657543155756088
281,-0.19882829413112035,-0.019572271881534653
282,-0.2551170039404784,-0.03201853813009414
283,-0.7690554263518223,-0.2560066068778152
284,-0.02336122396506446,-0.00027283616601492255
285,-0.35917568465622174,-0.06246724794655978
286,0.9875135493071232,-0.3858963199245886
287,-0.01524683209322042,-0.00011622618965245746
288,0.9358838557063434,-0.3546350418946357
289,-0.4485160923543854,-0.09569025820822985
290,0.10663084670550682,-0.005668939311409882
291,0.9933607838216973,-0.3894425113839045
292,-0.6979611062663176,-0.21617919744750325
293,0.26400168816893577,-0.034248230978359384
294,0.44012011546149066,-0.09231044445110492
295,0.6755520675633071,-0.20402324672653294
296,-0.830563221027881,-0.29172130947959085
297,-0.43670686450374196,-0.09095114716173303
298,0.12448449527744465,-0.007718254897636889
299,0.5930237053798753,-0.16124661720957878
