,data,labels
0,-0.5857639157861452,-0.15765000704931975
1,-0.4688322497052937,-0.10407792457576959
2,0.49221909301470945,-0.11408991503414312
3,-0.9125006086747802,-0.3405365178722941
4,0.6639995425472036,-0.19784040628188926
5,0.028136367263736473,-0.00039574925199814537
6,-0.3163127989294634,-0.04879615693281392
7,0.8943766836031521,-0.32964967230060926
8,-0.31027482791624683,-0.04699510070140911
9,-0.18726557846690373,-0.017381368933118035
10,0.10369223894459201,-0.005361615165955125
11,-0.8552746282398864,-0.30632195960314157
12,-0.37960679551388776,-0.06951624331787898
13,-0.5182412635836253,-0.1256609099120215
14,0.8716162598307027,-0.3160411009003685
15,0.6047875336873243,-0.16713522127275415
16,-0.2786951769157662,-0.03809107063555239
17,-0.33359416371387973,-0.05412280468261477
18,-0.2547424930236293,-0.03192611668147838
19,0.41379484052762816,-0.08205066913731585
20,-0.5437998118654122,-0.13744737521326766
21,0.03738956022548279,-0.0006987453706017721
22,0.8059093167018798,-0.27728831578356117
23,0.5906431792046787,-0.16006408571285646
24,-0.270368404305559,-0.03588966644274061
25,0.37724720052763816,-0.06868501125634552
26,0.7939382767299559,-0.2703344449804429
27,-0.7506197627504201,-0.24551132748114113
28,0.46840440275998096,-0.10389827695083209
29,-0.5274886971506776,-0.12987827455052436
30,0.4073587290103369,-0.07962176373234542
31,0.882425891970571,-0.32249458077896054
32,-0.4336333330173703,-0.08973447266402979
33,-0.6113289999502043,-0.1704414383339269
34,-0.9283444341536167,-0.35008370038819936
35,-0.4277442464172836,-0.08742277792217512
36,0.4255561844723623,-0.08657045545313757
37,0.9125020795474039,-0.3405374029859427
38,0.6717353586486112,-0.20197407614758223
39,-0.49616957328066924,-0.11581779446510188
40,0.4780961822792995,-0.10799895935017345
41,0.1359883536166493,-0.009203799505372423
42,0.8136776379221844,-0.28182043396239165
43,-0.8180072327666228,-0.284352761027724
44,-0.6468618177863577,-0.18877928128970067
45,-0.714417991945347,-0.2252357842090883
46,-0.6095179360742009,-0.16952384104493756
47,-0.35050403706962086,-0.059577973396856665
48,0.011919134301647372,-7.103035847499939e-05
49,0.984236666827534,-0.3839091904197738
50,0.6313697937451093,-0.1807073297465901
51,-0.5407714350994499,-0.13602968854448294
52,-0.38641967216763407,-0.07194110291094613
53,-0.0771783146009608,-0.002973815546879366
54,-0.30595559400630634,-0.04572597683086754
55,-0.20228342998598836,-0.020251421734819086
56,-0.18353591947716552,-0.016701671287176034
57,-0.3174096725346385,-0.04912669678224646
58,-0.8854435556729889,-0.32429936262364967
59,0.20971655949978807,-0.021750488902422704
60,-0.13580657056675016,-0.009179322717235205
61,-0.23639820497860553,-0.027555287162757236
62,-0.44313525291131617,-0.09351829062780637
63,-0.821180508623367,-0.2862115962616222
64,-0.4478993155864981,-0.09544023255898049
65,0.9614159075494626,-0.37007862794321444
66,-0.08367481755009587,-0.0034946171084361266
67,0.5757551887884942,-0.15273945185269389
68,-0.4591507398969277,-0.10004426569588953
69,-0.6024410872203498,-0.1659547585782527
70,-0.4495898444513944,-0.09612618554869234
71,-0.7856300225241397,-0.2655308357027373
72,0.4721435856181586,-0.10547263386275452
73,0.19851557092524663,-0.019511356677601177
74,0.31247533364668834,-0.04764785946834116
75,0.09285686260022197,-0.004301918590456477
76,-0.21173015101796389,-0.022165482647376722
77,0.5445461594318426,-0.13779762308969745
78,0.31070773135526686,-0.047123188095286817
79,0.6068756781228068,-0.16818818226326782
80,0.08073496444275863,-0.003253762246820169
81,0.8916699284097407,-0.3280273445725598
82,0.48068833881223494,-0.10910672473682115
83,0.5012714014404087,-0.11806463586206084
84,0.9686894933987906,-0.3744848115718623
85,0.5555710919661268,-0.14301050566709683
86,0.45388065814555234,-0.0978764779768978
87,0.8436471317719871,-0.2994364815724473
88,0.8318191801080055,-0.2924603256362559
89,-0.8209673439481482,-0.2860866552573469
90,0.4190793743856249,-0.0840685570204347
91,0.6188941164945776,-0.17429273063487516
92,0.3319136697877496,-0.05359373081555918
93,0.03256798154763074,-0.0005301961073866934
94,-0.50256889407628,-0.11863879843774383
95,-0.6273862574853304,-0.17865066286679743
96,0.0012785706174838207,-8.173710779324495e-07
97,0.8406137496434616,-0.29764460195567566
98,0.271485216918371,-0.0361813374965132
99,0.08886809112314631,-0.0039409826743000975
100,-0.07180118831292792,-0.002574385891994879
101,-0.3635130977131473,-0.06393549202675863
102,-0.9291564864099804,-0.3505736785088607
103,-0.40186669226135563,-0.07757427311865617
104,0.09361729176873146,-0.00437251127412841
105,0.8445108506448344,-0.2999470391394238
106,0.24296521669136584,-0.029084703985856608
107,0.5823439846291447,-0.15596579522001675
108,-0.2046933316412476,-0.020731759901487345
109,-0.362088296033646,-0.06345149737558342
110,0.1849756472912909,-0.01696248427900149
111,0.6410804769927905,-0.18575346394636727
112,-0.5345194550007364,-0.13312069679936833
113,-0.6374024658497472,-0.18383680630102905
114,0.41350445445400186,-0.08194040018804216
115,-0.1097924051339414,-0.006009059062981548
116,0.10595695787244441,-0.0055977125543439366
117,0.9638440561907471,-0.37154929218631194
118,-0.5383879230999065,-0.13491782613104597
119,0.8072111325531142,-0.2780467596601621
120,-0.9162211106127753,-0.34277612279838
121,-0.7912519060174008,-0.2687791828388282
122,-0.9792581826056757,-0.380890605484387
123,-0.25162142524921305,-0.031160844264452092
124,0.39939597379291225,-0.07666076052037896
125,0.23015940973239823,-0.026138981446188425
126,-0.192763396529126,-0.01840734031383262
127,-0.364427294775131,-0.06424690677122968
128,0.44354182167263545,-0.09368166705577419
129,-0.5467148958878094,-0.1388172885894614
130,-0.21602412564047224,-0.023063097009174638
131,0.29255575424984515,-0.04189167632354107
132,-0.22719289772115148,-0.025478118675288264
133,-0.14195924801544746,-0.010025619081614479
134,0.8578745416650952,-0.3078650753958857
135,0.49457831118736695,-0.11512054558174167
136,-0.6450993843006823,-0.18785518230922704
137,-0.6109601167793413,-0.17025440078772014
138,-0.964940993228117,-0.37221376476071066
139,0.43805704477421314,-0.09148782246819365
140,0.1727709597354885,-0.014814077942605364
141,-0.2707336587287048,-0.03598493508095357
142,0.524368422339816,-0.12844919630181129
143,-0.13499564863457825,-0.009070524902094146
144,0.00504365589620126,-1.2719151510576232e-05
145,0.5769536215250808,-0.15332447127588178
146,0.9999328078958598,-0.39342858621617627
147,-0.16130800454857885,-0.01292587017737945
148,0.029857587494762416,-0.000445638439184326
149,-0.5909892715060407,-0.16023581568637368
150,0.053787979962514054,-0.0014455276112594895
151,0.08527672761947191,-0.0036294576748241436
152,-0.4873681003127439,-0.11198250321842596
153,-0.5643153366435927,-0.14719631079203677
154,0.9259950322187458,-0.3486664483392925
155,-0.3998051086907335,-0.07681170539951632
156,0.2871114204145653,-0.04037863508347672
157,0.9544552987231745,-0.3658643945100031
158,-0.29859452533943664,-0.043600288721215685
159,0.23950433521982406,-0.02827376292742545
160,-0.2389469401533968,-0.02814418121173634
161,0.2445489366982203,-0.02945944666179734
162,0.2717646569569323,-0.03625449133521508
163,0.9883279371880753,-0.3863901987564622
164,-0.2626688654713507,-0.033909212671501376
165,0.41602828676196557,-0.08290092285508066
166,0.2999774658859149,-0.043996055620881824
167,-0.9434705770207852,-0.3592195323269558
168,-0.2395440189964264,-0.02828299935901535
169,-0.2647392466858547,-0.03443652329251101
170,-0.3921828199736479,-0.07402096237042077
171,0.3542363312604755,-0.06081395573597381
172,0.0762606386779987,-0.0029036188266919893
173,0.5086894724181972,-0.12136216863241378
174,-0.9870079900397555,-0.3855897327080585
175,-0.7358874915187121,-0.2372044202842628
176,-0.8599830204996861,-0.30911742033091716
177,0.1566048115217349,-0.01218765501115937
178,-0.0948408058718968,-0.004487291118326131
179,-0.8531323586860653,-0.3050514123226935
180,-0.23491932254835923,-0.027216319831262936
181,-0.5215524899685751,-0.12716478655153418
182,-0.5582099207693729,-0.14426896000160783
183,0.8908080030540335,-0.3275109493180771
184,0.7497449246770724,-0.24501600304173032
185,-0.02824346440523251,-0.0003987671120569969
186,-0.6141480766727156,-0.17187314519075003
187,0.31023639016841265,-0.04698373554811297
188,-0.6678123545578094,-0.1998744854634933
189,0.16966521723943884,-0.01429005685852558
190,0.5664103184793305,-0.14820579473046247
191,0.37510807364162657,-0.06793528820973571
192,-0.07797495829526668,-0.0030354307965804184
193,-0.0685939376473983,-0.002349799030760269
194,-0.5173215852800526,-0.12524445718504262
195,-0.8892452426654169,-0.32657493460664677
196,0.33728699697764886,-0.055293762085677045
197,-0.0950531169297375,-0.004507358749759827
198,0.8918633163037359,-0.3281432208806706
199,-0.25648927732707905,-0.03235827081379006
