,data,labels
0,0.8119121805099674,-0.2807891389950665
1,0.9137193649634989,-0.3412699992331627
2,0.0859834773813668,-0.0036897552534357336
3,-0.631347953071798,-0.18069603219390684
4,-0.42985945473769216,-0.08825011499021784
5,-0.04318030977053189,-0.0009318351476703679
6,-0.2096309964974059,-0.02173293863771497
7,0.37630311621749635,-0.06835367658995706
8,-0.07350327605821927,-0.0026977203903276736
9,0.16626728095696608,-0.013727313559312337
10,0.5318825539965344,-0.1319010087650908
11,-0.8019693480373025,-0.2749955002504997
12,0.21183465648460564,-0.02218712425106817
13,0.7979381656697233,-0.2726537613742537
14,-0.08378024574394494,-0.003503413464216787
15,0.0004694930361435201,-1.102118494245019e-07
16,0.35406194400981716,-0.06075595066522199
17,0.5524081038692423,-0.14150751868054245
18,-0.8576432591648218,-0.3077277528488296
19,0.06118629052714675,-0.001870130197506259
20,-0.6730408996776052,-0.20267430009191045
21,-0.3843999426399307,-0.0712183987442152
22,-0.5908629691383747,-0.16017313723836446
23,-0.15055406220090184,-0.011269283326405755
24,0.8312649227738478,-0.2921341537336014
25,0.4839203206277609,-0.11049436631788978
26,-0.9749331015116296,-0.3782687019045806
27,-0.09980377443736166,-0.004968015083988586
28,-0.7655296775400164,-0.253991170902641
29,0.847353080778505,-0.3016281779828375
30,-0.4758433917249687,-0.1070399774814661
31,0.9852478220701941,-0.38452234353046577
32,0.8163077162217933,-0.2833581992666496
33,-0.13630490060904155,-0.009246498736246833
34,-0.34224396296044146,-0.05688350282904464
35,0.03643613572121396,-0.0006635757293265154
36,-0.593304658246238,-0.16138638480158052
37,0.025850653920426847,-0.0003340723394618106
38,0.7688806968803217,-0.25590663618061693
39,-0.21344664870724617,-0.02252223669864084
40,-0.43085433599620404,-0.08864040080212288
41,0.7041421506837309,-0.2195683260050516
42,-0.9782787341420622,-0.3802968096666388
43,0.09102066796513264,-0.004133813172723655
44,-0.4228390928035415,-0.08551704433811136
45,-0.7017537816292689,-0.21825695939778889
46,0.252544823061843,-0.03138633762112519
47,0.7386810207643864,-0.2387738764302817
48,0.027938853119883644,-0.00039021360368762803
49,-0.9587565197608994,-0.36846823153056685
50,0.2112363640906474,-0.022063364337215785
51,-0.7629501953430644,-0.252519080867326
52,-0.3185060647648099,-0.04945811965988345
53,0.8157034905626943,-0.283004770812908
54,-0.23159540931200917,-0.026461801678031138
55,-0.6159553396542943,-0.1727931466165874
56,-0.7633150498766563,-0.2527271748000294
57,-0.17993686039581736,-0.01605830512826323
58,0.7574097600010761,-0.24936425557034692
59,-0.3345230279783009,-0.05441626020260748
60,0.9350647410624591,-0.35414033457897753
61,-0.5948154878164655,-0.16213872257853112
62,0.8351419861180007,-0.29441714177859346
63,-0.5421549085892365,-0.13667664630809662
64,0.7939842455460346,-0.27036107543328236
65,-0.6734570617715459,-0.20289766407647258
66,0.902403150766427,-0.3344661132812371
67,-0.613832872383568,-0.17171286027764265
68,0.778412428692282,-0.26137354140254165
69,0.6960586349663083,-0.21513912927711532
70,-0.9584577649743189,-0.368287342211157
71,0.40817479980997495,-0.07992798386952626
72,-0.8553666613096345,-0.3063765622525497
73,0.9182993067484537,-0.3440277602497509
74,-0.257714870829308,-0.032663129235541044
75,0.46962799335567973,-0.1044123876870392
76,0.9875619518555319,-0.3859256729759738
77,0.5453123645226599,-0.13815754121389734
78,-0.5128866274212687,-0.12324382444227222
79,-0.021917315161227302,-0.00024015550998601753
80,-0.17614353341774236,-0.015393561211277773
81,0.41710953246710614,-0.08331390350459855
82,0.04627441824708445,-0.001070087939177844
83,0.19633106738061623,-0.019088408241433874
84,-0.09951236121327645,-0.004939117265017612
85,-0.19320734768345482,-0.018491435721276317
86,-0.1638941419778588,-0.013340856199106743
87,0.7728775614232122,-0.25819573356145253
88,-0.17975133328812531,-0.016025474426118125
89,-0.8233903063912085,-0.2875074323979825
90,-0.41513822660494104,-0.08256163057128296
91,0.801312631942213,-0.27461372075446866
92,-0.27972444276876285,-0.038367465386766386
93,-0.5214099832751786,-0.12709991977060342
94,-0.25343379058540627,-0.03160415363979274
95,-0.4438946518163023,-0.09382354658197212
96,0.845418238932877,-0.30048357168835294
97,-0.5415948193362192,-0.13641458938354323
98,-0.9415695311545889,-0.3580703694271292
99,0.12646369365627286,-0.007964645689666261
100,-0.13532078190906938,-0.009114069779340594
101,-0.7709913759885474,-0.25711487129762733
102,0.10172097391431278,-0.005160218360432678
103,0.6790626262480646,-0.205913614015085
104,0.024160172827828008,-0.00029181438943126636
105,0.6724597330189421,-0.20236250069743
106,0.9860781314644091,-0.3850258475996543
107,-0.8676582437014653,-0.31368283189743806
108,-0.38063677349340486,-0.06988047228413896
109,-0.6460781587446789,-0.18836820297737178
110,-0.04448972619517977,-0.00098917830872991
111,-0.2243275790504815,-0.024847520870834305
112,0.5561008772116764,-0.14326282938424972
113,-0.1904371964206577,-0.017969746335860903
114,0.6980299847146771,-0.21621688017691976
115,-0.6477830294911906,-0.189262885028733
116,0.39041643110843394,-0.07338071617860975
117,-0.4903086270805297,-0.11325806013636575
118,-0.3079647779421817,-0.04631433384040762
119,0.7325664125867741,-0.2353421303630201
120,-0.8311155768933183,-0.29204627746607104
121,-0.6796581695369623,-0.20623482727129472
122,-0.22539897998954928,-0.025082425068984282
123,-0.014245841776079349,-0.00010146685584488946
124,-0.38813919239575,-0.07255892390634455
125,0.403036252435393,-0.07800834863812423
126,-0.9495557019542087,-0.36289959588554555
127,-0.31223430665471286,-0.04757615804060944
128,-0.5159943168424843,-0.12464439328097643
129,0.036394834765998585,-0.0006620727318852326
130,0.7659762979616169,-0.2542462629868344
131,0.3433772217964155,-0.05724982595008399
132,0.12420974725195344,-0.00768435387993105
133,-0.2957897419543569,-0.04280274024411024
134,0.6668877884579758,-0.1993806482822046
135,-0.2642578590522764,-0.034313573809086395
136,0.7848681117459511,-0.2650912788682852
137,-0.1766962979533766,-0.015489574042791832
138,0.6275199380226193,-0.17871955333674072
139,0.5090359932935644,-0.12151708655270899
140,0.5234291851676234,-0.1280202309234839
141,0.7225881686369802,-0.22977055709869654
142,0.2606461064291521,-0.03339775441854864
143,0.49225304049461527,-0.11410471862211247
144,0.7720884489656397,-0.2577434096627498
145,0.22089092875622818,-0.02410121437863233
146,-0.3060048907790083,-0.04574037083752136
147,0.659373853195224,-0.19538142935403247
148,0.7384642952188494,-0.23865201906793698
149,0.09197462898021636,-0.004220733748177108
150,0.16294211142748227,-0.013187340766139366
151,0.8952660068618097,-0.33018291512593345
152,-0.034766570637666305,-0.0006041746299135786
153,0.3785844103189222,-0.06915553491448256
154,0.23931217170872232,-0.028229057117968415
155,0.876720143975809,-0.319085890879483
156,-0.33398743098872274,-0.0542469608844498
157,0.20259680564838956,-0.0203135748230594
158,0.5860954998671153,-0.15781364709019396
159,-0.6632608669077167,-0.19744708526366406
160,-0.42575628116875475,-0.08664825113207597
161,0.3366647195193866,-0.0550956435199812
162,0.43556289067529397,-0.09049748508600308
163,0.8976722630374738,-0.33162624331013113
164,-0.2515901422489366,-0.031153218517138925
165,0.7781394584309234,-0.2612166063577255
166,0.005560988455699745,-1.5462176761515956e-05
167,0.27588192348550944,-0.03734040911478598
168,0.7862283621464781,-0.2658761405227298
169,-0.14936028312325011,-0.011092269126487753
170,-0.03696934250625494,-0.0006831327012082333
171,0.12371379376615055,-0.007623345160857942
172,0.8245275864096548,-0.2881747765422906
173,0.7374768941680645,-0.23809704322242964
174,-0.4909526616493647,-0.11353821133558162
175,-0.8883277603470823,-0.326025568939629
176,0.6874127070873475,-0.2104310496749412
177,0.570488278644613,-0.1501780636034472
178,-0.8029155874158775,-0.2755457891527715
179,0.2110768934008942,-0.0220304334356779
180,-0.5648493435720028,-0.14745338457320345
181,-0.8788664381193783,-0.3203675271492079
182,-0.6049242774316157,-0.16720410488748594
183,0.08857744092604647,-0.003915296680944036
184,0.40900104266614434,-0.0802385411807004
185,-0.8038664856813815,-0.2760990196344705
186,-0.1764141207660217,-0.015440524656887833
187,-0.3352839206594531,-0.054657188450170424
188,0.9511537632778395,-0.3638664419146792
189,0.3825034892800372,-0.07054274470981559
190,-0.32655238477116355,-0.05192174247266179
191,0.6805720508960285,-0.20672803437459586
192,0.47838249436168123,-0.1081210888562818
193,0.43576626522049344,-0.09057806624508091
194,-0.6618563025544377,-0.19669987694499036
195,0.1551725482647135,-0.011967077941113624
196,-0.13631843947539735,-0.009248327175578996
197,-0.34858634512341125,-0.058947378379437754
198,0.6296594445050483,-0.17982332779913468
199,0.7314911880903339,-0.23474003482688033
200,-0.4491277513183405,-0.09593848062742971
201,-0.3585409572181144,-0.06225367501751344
202,0.11094842474645827,-0.006135874638864225
203,-0.7336344922303921,-0.2359406305228603
204,0.846023578633823,-0.3008415963810738
205,-0.7522123874832976,-0.24641370199768942
206,-0.058258883336334,-0.0016956095708096086
207,-0.3025797194527924,-0.044745272128339675
208,-0.4849666757385751,-0.11094514240270259
209,0.8433212545943896,-0.2992438896352375
210,0.6985319392119476,-0.21649155215054106
211,-0.7166267914085436,-0.22645928971130835
212,0.5721464504152547,-0.1509827546741721
213,-0.21005876603097962,-0.021820749080869728
214,0.6354134824146436,-0.18280304878648845
215,0.7900094046898913,-0.26806050808022175
216,0.4518424869197233,-0.09704342506357277
217,0.2042557791675963,-0.020644142470836013
218,-0.2649870537799044,-0.034499895940247605
219,0.7525262782774571,-0.24659164928685307
220,0.9850608588153078,-0.38440896969916394
221,-0.5689287108056362,-0.14942266208664978
222,-0.7158283267234509,-0.22601678886665022
223,0.5963257575140384,-0.16289201672441556
224,0.7290579322881043,-0.23337900122017552
225,0.7461206708163004,-0.24296669290618644
226,-0.49974308207319407,-0.11738975462557732
227,-0.6668671024123385,-0.1993696036162148
228,0.23877123210120588,-0.028103392087243773
229,0.20824683023388335,-0.0214499768280052
230,-0.5550062010096002,-0.14274164514973486
231,-0.15768672153926233,-0.012355586198550372
232,-0.06317495685283792,-0.0019935478253170213
233,0.6013059635846028,-0.16538474345311105
234,0.6337487965441522,-0.18193932356594034
235,0.5429750218751148,-0.13706070930305225
236,-0.4831790064856707,-0.1101754550125621
237,0.8888635783672665,-0.3263463890199497
238,-0.1943166540249215,-0.01870237989104473
239,0.41664893195735564,-0.0831378693191187
240,-0.013082009653272442,-8.556582731988893e-05
241,-0.38958045719886303,-0.07307856260845125
242,0.8555133650323874,-0.30646360392034966
243,-0.21783763389814204,-0.023447354202092763
244,-0.005741727529627871,-1.6483581656512314e-05
245,-0.9240457538210403,-0.3474909548466255
246,-0.02237692800515023,-0.00025033211515979037
247,0.16811280611295354,-0.014031584436461686
248,0.3360517572830659,-0.05490080787623042
249,-0.044235377248339924,-0.0009779058382846095
250,-0.5627199606643556,-0.14642927633087544
251,-0.7451513900882687,-0.2424193639819896
252,-0.4078294372170077,-0.07979832861124969
253,0.27855845549400904,-0.03805442673408166
254,0.345402001886965,-0.057906988967652895
255,-0.6315473014497546,-0.18079915809735625
256,0.20364766674855894,-0.02052266976416861
257,-0.7588804640228182,-0.25020075329175395
258,0.3864028755471698,-0.07193507941467547
259,-0.565470371866776,-0.14775255910301288
260,0.20095192656112837,-0.01998836838623197
261,-0.6659205266628054,-0.1988644128690472
262,-0.34962620973760217,-0.059288940372971055
263,-0.020278514127792135,-0.0002055879315198128
264,-0.45387748969666286,-0.09787518063876066
265,-0.31834629038781204,-0.04940975833384453
266,0.5345412929845741,-0.1331308158793404
267,-0.008103170245290947,-3.283014509103399e-05
268,-0.2349256567418021,-0.027217767375584567
269,0.21055003114579818,-0.021921804659637556
270,0.09342431710710253,-0.004354542877745726
271,0.3673936477666411,-0.0652620405163995
272,-0.5523995475522714,-0.141503460969987
273,-0.5179921082301533,-0.12554803284155802
274,0.507368294043713,-0.12077223179466046
275,-0.20553380827970158,-0.020900564500791363
276,-0.26263769144154514,-0.033901302325300864
277,-0.08550868939892964,-0.0036491934322469
278,-0.06912250246679497,-0.0023861088792752616
279,0.8272885217807688,-0.2897960872573423
280,0.367103079590424,-0.06516228866414198
281,0.6886157853421384,-0.21108433310307584
282,-0.22139182256775958,-0.024209307086772824
283,0.6343750394445864,-0.1822640919774854
284,0.06362008516587547,-0.002021711201524501
285,-0.36994725613078483,-0.06614162607051133
286,-0.5611957674809505,-0.14569785219714437
287,0.12468323807324855,-0.007742823634330098
288,0.4105053657944653,-0.08080530857188872
289,-0.8296413145403774,-0.2911790728706889
290,0.15397013017547878,-0.011783425694160021
291,-0.4798683289775558,-0.10875579250389145
292,0.48692259497352497,-0.11178975954897352
293,0.5799742873148721,-0.15480261481905433
294,0.5746363301854016,-0.1521940110525627
295,0.5837986739711156,-0.156681391084601
296,-0.9776953521627278,-0.3799431433170837
297,-0.5730930192593076,-0.1514428177041004
298,0.34836463471987633,-0.05887466924147189
299,-0.4892097419434549,-0.11278069685558945
300,0.8232398267091809,-0.28741915466548684
301,-0.39180804140635805,-0.07388491542090703
302,-0.17965842337746074,-0.016009045491932272
303,0.08048671495616855,-0.0032338155606564944
304,-0.3734947541998852,-0.06737227441526994
305,0.8487617584209239,-0.3024619824185646
306,-0.5881377291951775,-0.15882284592286233
307,0.8074230661659536,-0.27817027358147695
308,-0.9378897351417843,-0.35584672571124143
309,-0.8061687586333668,-0.2774394336842284
310,-0.33701006569286074,-0.055205553603269064
311,0.22314182022661644,-0.024588783089926736
312,0.17051367846105014,-0.014432298635660978
313,-0.4377838057322221,-0.0913791061610092
314,0.7347499342702695,-0.23656609992378985
315,0.9243214075973134,-0.3476571634166451
316,0.6711422572267383,-0.20165621395002575
317,0.016862251987711074,-0.0001421576656898127
318,0.4401247751278772,-0.09231230596050721
319,-0.5722789517290716,-0.15104712381700247
320,0.8980265999200214,-0.3318388466973726
321,0.8350248784765044,-0.29434813617494016
322,0.03197516040630011,-0.0005110747982653985
323,-0.3813370149019508,-0.07012857907876391
324,0.775601816252748,-0.2597587176411039
325,-0.2999030532553111,-0.04397471800211172
326,-0.7751557677255267,-0.25950265605380496
327,0.22370168644587718,-0.02471078603195087
328,0.31072986781515555,-0.04712974216360677
329,-0.9832368982054918,-0.38330296139349784
330,0.16006063087193256,-0.012728007736715119
331,-0.595674277051023,-0.16256691934434786
332,0.9983018408126862,-0.3924393556656798
333,-0.45884110138020295,-0.09991635236312435
334,-0.7492608173844615,-0.24474201509110682
335,0.829625870557654,-0.2911699907985078
336,-0.5199147858163633,-0.1264201085237716
337,0.2897778216985558,-0.041116404866315626
338,-0.46970288682260763,-0.10444388931362014
339,-0.34333577472144294,-0.05723640946138042
340,-0.5815239997197268,-0.15556294532502257
341,0.009840513513099891,-4.8416680975438275e-05
342,-0.38092543698403447,-0.06998270317454258
343,0.800857332564056,-0.27434909982701916
344,0.9826086181561102,-0.38292200205044513
345,-0.4180949160898948,-0.08369104075885692
346,-0.0003375033652970316,-5.6954259197716794e-08
347,0.6873004273666443,-0.21037011138957662
348,0.3419774268749658,-0.05679750097606118
349,0.31651157643540206,-0.048855981612141886
350,0.12162781111425147,-0.0073693742336883306
351,0.2962634227753842,-0.042936951058061834
352,0.1415548157518829,-0.00996886111729367
353,-0.7998069442860645,-0.2737388180228424
354,-0.5422825188971705,-0.13673637991275756
355,-0.26440066986731003,-0.03435002689297795
356,0.7163793921766262,-0.22632215794079547
357,-0.8609959907289875,-0.30971936592433336
358,0.07457405807111361,-0.002776782655927179
359,0.4673619144830583,-0.10346108533368847
360,0.6693033859004982,-0.20067168576574346
361,-0.6830514522571625,-0.20806791587755746
362,-0.004853694158673205,-1.177910411875871e-05
363,-0.7408510480442094,-0.2399949018970805
364,-0.3411289146363896,-0.056524109916390675
365,-0.8016107957864125,-0.2747870433589653
366,0.8134516426636726,-0.28168837606987895
367,0.7467181741685607,-0.24330424548004081
368,0.12864000178034107,-0.008239988670904697
369,0.7116514830777747,-0.2237059628250403
370,-0.2563437242461555,-0.03232215561038865
371,-0.05200552911294154,-0.0013513736003889498
372,0.4573231244471183,-0.09929025426933191
373,0.09906449305002507,-0.004894867788974078
374,-0.23572806561839665,-0.027401438909714138
375,-0.11288657807394187,-0.006351433584302346
376,0.40252149365317025,-0.0778171686375696
377,0.2386490741444982,-0.028075050834070914
378,0.2132844832486538,-0.02248841486987374
379,-0.1945552334258016,-0.01874789967252055
380,0.6326129203314486,-0.1813507503648366
381,-0.929387327054517,-0.3507129744278037
382,-0.5893802698855422,-0.1594379899358387
383,-0.9479162684813425,-0.361907885538726
384,-0.0422859010127572,-0.0008936491697594251
385,0.7217450029016048,-0.22930141686015115
386,0.6119458447706518,-0.17075435961373497
387,0.7611792306088074,-0.25150960725968474
388,-0.8261346322093588,-0.28911827645037547
389,-0.9314265632083492,-0.35194371142987313
390,0.2768204889867687,-0.03759006532427711
391,-0.24226259530766647,-0.028919182104973795
392,0.9280659802889011,-0.3499156997989401
393,-0.20588142745670668,-0.020970575354679166
394,-0.3063135596812985,-0.04583054585974011
395,-0.7737670406573451,-0.2587058112387105
396,0.37947007611193717,-0.06946795901367897
397,-0.6598708021639244,-0.1956451389993734
398,-0.7413842641550861,-0.2402951782412951
399,-0.2545403045159069,-0.03187627356810452
400,0.496467192793979,-0.11594839094118903
401,0.3242945816843694,-0.05122489344932479
402,0.7429642447886926,-0.2411855019220953
403,-0.4802526821148705,-0.10892022326345174
404,0.9334032456910757,-0.3531370362943238
405,-0.6875904999358022,-0.2105275550543585
406,0.17638311460621425,-0.015435139649512264
407,0.8517373292970087,-0.3042245075889404
408,0.8898113530803651,-0.32691396672713413
409,0.4286749201564617,-0.0877863888537358
410,0.7620666793823387,-0.2520153419994151
411,0.4625594820868375,-0.10145692889910529
412,0.5638884148907959,-0.1469909075972755
413,-0.4242773712977601,-0.08607397284830176
414,-0.544930097430909,-0.13797793012506931
415,0.4699162647196382,-0.10453366160871891
416,0.6142446591538944,-0.1719222687231925
417,-0.7334182203585344,-0.2358194096751155
418,0.2816477628309242,-0.03888646185094857
419,-0.26932782640974784,-0.035618908192252774
420,-0.3847636479872225,-0.07134830247958224
421,-0.521250846657388,-0.1270274985675358
422,0.2532232280774336,-0.03155249658833459
423,0.1791833510190517,-0.015925168590691485
424,-0.3132327439509415,-0.04787350102304777
425,-0.28867222125258807,-0.040809736207186864
426,0.11946974883594152,-0.007111106021703284
427,0.9561849581606994,-0.36691136130447677
428,0.769637324348051,-0.2563396041251709
429,-0.4034326153426466,-0.07815569618146512
430,-0.8175831532776701,-0.2841045242458555
431,0.8471189437734681,-0.30148962871012963
432,-0.7265049973307363,-0.23195331166031585
433,-0.7458120116442746,-0.2427923664083329
434,-0.9237268112757144,-0.3472986538661076
435,0.5290154879678033,-0.1305797712848631
436,-0.4356973815498866,-0.09055076971125042
437,0.4750470139246168,-0.10670180843489141
438,0.6467557124316528,-0.1887236054039444
439,-0.07663773160980947,-0.0029323631529007965
440,-0.5312057478251144,-0.13158865192060099
441,0.03020181269474498,-0.00045597075874681536
442,-0.8766755890563638,-0.31905929303589486
443,-0.337473637218078,-0.05535324717758394
444,0.20990012163529403,-0.02178816337029643
445,-0.4912733382767145,-0.11367780784524084
446,0.6155384850479482,-0.17258079444360985
447,0.9124252430321462,-0.3404911660942207
448,-0.34367556500048013,-0.05734644229988983
449,0.4543474454134828,-0.09806768503531327
450,0.3684367861576534,-0.06562071148361881
451,0.2920748093929757,-0.04175696877064494
452,-0.6848430899576678,-0.20903774381353646
453,0.6376562437132727,-0.18396884334626862
454,-0.7340062020618188,-0.236149013229061
455,-0.9842333002260761,-0.38390714898290246
456,-0.11507922317933916,-0.006599739227392654
457,-0.3605405347231254,-0.06292760631277172
458,-0.29465831551685384,-0.042482959722869085
459,0.18292197068215055,-0.016591050699499954
460,-0.3219074362225631,-0.05049283126492965
461,-0.8613587710734729,-0.3099349884921351
462,-0.13979018064221949,-0.009723069608681079
463,-0.5983674470048768,-0.16391232819645496
464,-0.4954610948767082,-0.11550714928369932
465,-0.12837884492464968,-0.0082067035386586
466,-0.4348746308399496,-0.09022500862793958
467,-0.6419135081382841,-0.18618847044804854
468,-0.9388504761941989,-0.35642718796090767
469,-0.2519147239328223,-0.03123238385006155
470,0.01330338230895367,-8.848607530531627e-05
471,-0.09421866196646556,-0.004428742201357139
472,0.03926422629516013,-0.0007705427126548647
473,0.2118716257108173,-0.022194782497181875
474,-0.08734487996512441,-0.003807297820772715
475,-0.8387144026097559,-0.29652358243361643
476,0.12152951724278105,-0.007357511792464355
477,0.6890230953284151,-0.21130564263126328
478,-0.42827366145607826,-0.08762953936285867
479,-0.7589693115161451,-0.2502513094811871
480,0.6158305453921682,-0.17272956513276172
481,0.41860521655710414,-0.08388663739626245
482,0.9232124537404678,-0.34698855128491113
483,0.12879765761798967,-0.008260114525256212
484,-0.3516504521045425,-0.059956398512515774
485,0.4873724786838105,-0.11198439814626149
486,-0.638523722952147,-0.1844204159289008
487,-0.4662932781229232,-0.10301371833320683
488,-0.00411965827130345,-8.48575613188185e-06
489,-0.0019703512568016723,-1.9411401536162387e-06
490,0.4234280262910386,-0.08574490283333225
491,-0.8591927708816589,-0.3086479519556512
492,-0.2790422672054953,-0.03818417182052569
493,-0.5388017162943186,-0.13511060280567389
494,0.21681043678748213,-0.023229329507720053
495,0.8796721613119087,-0.32084884067634023
496,0.6192115959177673,-0.17445499634162143
497,-0.5952095375127002,-0.16233514827557705
498,-0.15900287141060576,-0.012561395263529174
499,-0.16835691143307363,-0.01407207439369551
500,-0.18512161376637692,-0.016989036644811883
501,0.5249995930079236,-0.12873777577302126
502,0.5165618541506958,-0.1249008410944793
503,-0.5036825062707053,-0.11913247527315463
504,0.5980036796373709,-0.16373037539918
505,-0.39538498061753735,-0.07518784840416015
506,-0.7940113720717976,-0.270376790520527
507,-0.920383198207577,-0.3452832736654545
508,-0.04497976642157098,-0.0010110782093006865
509,0.8512675751342011,-0.3039461439348733
510,-0.10420740380525495,-0.00541487791360562
511,0.7752339985651955,-0.2595475615216588
512,-0.4136047508026417,-0.08197847868965347
513,0.6221824681198105,-0.17597590814982722
514,0.909964151508327,-0.3390105358493084
515,-0.5733584510677374,-0.1515719178463063
516,0.5474986831600372,-0.13918649777814907
517,0.49004958893187767,-0.11314545885131777
518,0.6266326199274832,-0.1782624524921369
519,-0.41200292144391404,-0.08137124419957498
520,-0.7559183736498103,-0.2485167011666326
521,0.40184868836628995,-0.07756759934097823
522,-0.3164894870725665,-0.048849331860397305
523,0.8205702349247277,-0.2858539282060588
524,0.6333218792868451,-0.18171803508653606
525,0.6087482657408239,-0.16913439622985416
526,0.6430502233365103,-0.18678259541347875
527,-0.8486063801208095,-0.3023699940464185
528,-0.13993326038056653,-0.009742886216752233
529,0.5982968041366843,-0.16387698778158
530,-0.7373704858813217,-0.23803725588205904
531,-0.4890632231723042,-0.11271710963117365
532,-0.5890281735673062,-0.1592635916784947
533,-0.6519750654139556,-0.1914685835017249
534,-0.1192206835028835,-0.007081592202937359
535,-0.156824284166164,-0.012221629794132438
536,0.2568481723348641,-0.032447403081574455
537,0.1271253125100127,-0.008047863681634237
538,-0.7536478185235209,-0.2472277224574052
539,-0.43321814082499155,-0.08957065110768181
540,-0.061476303139853306,-0.0018878836255277198
541,0.32362185083534856,-0.051018098013628
542,0.8417829846040195,-0.298335069991731
543,0.7135331278104968,-0.2247461557117295
544,0.08144490740864807,-0.003311142508164555
545,0.3946999645539515,-0.07493755071628716
546,-0.3475363406384244,-0.058603392815563704
547,0.9185351895189844,-0.344169853899824
548,-0.7987001463996151,-0.27309607432076255
549,0.7429075384637316,-0.24115353302818088
550,-0.3076099556960099,-0.04621017632752222
551,-0.6134004091513396,-0.17149303133954252
552,-0.7350613527480787,-0.23674080185454982
553,0.8587234093435367,-0.308369168963496
554,0.06770241047946102,-0.002289184005063505
555,-0.9262849489720095,-0.34884131020046005
556,0.06884393823204604,-0.002366938289178999
557,-0.10222558224537903,-0.005211408081948088
558,0.058780716159668955,-0.0017260948778913265
559,-0.7590282788580867,-0.250284864588757
560,0.46527894125815705,-0.102589824457335
561,-0.8516806375366031,-0.3041909113405641
562,0.09479684129682409,-0.004483141146421121
563,-0.34117864639645656,-0.056540116960451914
564,-0.9518249033560029,-0.36427253607625354
565,0.22467202118373408,-0.024922923756548143
566,0.5233449817105633,-0.1279818010546908
567,-0.6890798815789523,-0.2113365025733318
568,0.5872098543391213,-0.15836403725782855
569,-0.03866348006112452,-0.0007471530872429355
570,-0.5485686335032762,-0.13969110400206108
571,-0.6943706404206051,-0.21421753986707526
572,-0.18195965086763866,-0.016418381966507356
573,-0.577419968277324,-0.15355233957086667
574,-0.5534703578928655,-0.14201161641669857
575,-0.32925386490884234,-0.0527612008763787
576,-0.6539754595244833,-0.19252400415114246
577,-0.6251980086905107,-0.17752424586735915
578,-0.5717953719645903,-0.15081224923698944
579,-0.6919912864422813,-0.21292046151801947
580,0.30069021964896936,-0.044200679820339595
581,0.4035026456786961,-0.07818174250010013
582,-0.08024618753980861,-0.003214547550285496
583,-0.6438803291624311,-0.1872168548452181
584,0.46331359150446527,-0.10177055985195449
585,-0.27919042956964946,-0.03822394644735405
586,-0.8232822703958129,-0.28744405339708945
587,0.2445443528374489,-0.02945835871650615
588,0.16671016292143737,-0.013800033549078439
589,0.8666339573270967,-0.31307297011386703
590,-0.8620448542701924,-0.31034283375875615
591,-0.8885187241801844,-0.3261399035236281
592,0.6947870700591867,-0.21444478925060706
593,-0.9723941850754285,-0.3767298493821116
594,0.6581084639711263,-0.19471044869534904
595,0.9093763745618371,-0.3386570213804544
596,-0.0588062133729268,-0.001727591358742786
597,-0.8409803124130857,-0.29786103796770513
598,-0.9425959777762793,-0.35869081384571244
599,-0.018945055802275013,-0.00017944146812920447
600,-0.09447029419333064,-0.004452376893090637
601,-0.7722585324638278,-0.2578408867652432
602,0.006945153075685884,-2.4117284796010274e-05
603,-0.5627719234430046,-0.14645423594688056
604,-0.3662747822744339,-0.06487830965916741
605,0.8300540285764697,-0.29142179522807055
606,0.4146262274778776,-0.08236672822033897
607,0.4803723112127225,-0.10897142265785587
608,0.5675566558348792,-0.14875924220331604
609,-0.6102644100556645,-0.16990184412250042
610,0.8389509669283306,-0.2966631649545983
611,-0.6642757481092827,-0.1979875397484625
612,0.22912571948793126,-0.025907779579819046
613,0.10135094908880649,-0.005122840705513609
614,0.3281952314614096,-0.05243150554589626
615,0.4990340150957291,-0.11707716706024685
616,-0.8965298510475679,-0.33094090331929193
617,-0.24517503055165535,-0.02960822551290332
618,-0.19498346947419942,-0.018829739805962586
619,-0.7490856288109171,-0.24464288355211128
620,0.8715080391458652,-0.3159765861345021
621,0.20758447610006558,-0.021315207713729745
622,0.4213831011072051,-0.08495483928267433
623,0.640718421273818,-0.1855645031902874
624,0.6100712373652781,-0.16980399654578548
625,-0.5612428161305292,-0.14572040941419728
626,-0.9634385616888075,-0.3713036763007934
627,0.6241963711041882,-0.17700944514213157
628,-0.7650904089403847,-0.25374033797822826
629,-0.28477043674532077,-0.03973606577446742
630,-0.08047760916987512,-0.0032330850769332065
631,-0.3078793329132967,-0.04628924165045811
632,-0.6384939032426886,-0.18440488702565494
633,0.9619774934130472,-0.3704187410479899
634,-0.19760668032834827,-0.019334837249562198
635,0.26310198460086065,-0.034019206188955264
636,-0.6987813826204177,-0.21662808642181997
637,-0.9130210823466625,-0.3408497334572046
638,0.26306111406445165,-0.03400881963324298
639,-0.24760481164217896,-0.030188999557594243
640,-0.05184609138172869,-0.0013431058207196145
641,0.8198281535697223,-0.2854191276565399
642,0.8185883167609553,-0.2846929702123393
643,0.43146475101716697,-0.08888022656737271
644,0.7003792797540314,-0.217503295246544
645,-0.4736769977468176,-0.10612107988796993
646,0.22325775350200106,-0.02461402277943292
647,-0.027392098817100363,-0.00037509317376216433
648,0.5079830054462551,-0.12104657312096978
649,0.9212224003986618,-0.34578900386557554
650,0.5095217747589202,-0.12173439479966464
651,0.9115385270788818,-0.3399576261203122
652,0.17886941100971843,-0.015869858543578474
653,0.995144084766125,-0.3905241019947464
654,-0.6410583370113248,-0.18574190704766247
655,-0.6010007083594167,-0.16523157316274406
656,-0.5989329645489252,-0.1641953354234239
657,0.5705127775097982,-0.15018994115491313
658,-0.7308753747068035,-0.23439538175902552
659,0.5752087637410963,-0.15247298229885586
660,0.375017606155853,-0.06790366179277796
661,0.9369134071925245,-0.3552569194636288
662,-0.17909764018341323,-0.015910058712639175
663,0.07310764021224059,-0.0026687959439551934
664,0.028315871422663674,-0.00040081393983493196
665,-0.22327485866902097,-0.02461774777863901
666,0.9077807399882931,-0.3376975378657959
667,0.04374091121510992,-0.0009561762288625708
668,-0.8803512974757035,-0.32125461259935806
669,-0.5788538838937789,-0.15425375353854254
670,0.6867936054722086,-0.21009510611752058
671,-0.6151503094581261,-0.17238313210074419
672,-0.10855383810401542,-0.005874644280855046
673,0.7394109851093926,-0.2391844298398771
674,-0.6554073134632092,-0.19328059559143407
675,0.16907851199616442,-0.01419210065295029
676,0.6614804975430277,-0.196500104865032
677,-0.5215892185215187,-0.1271815068964478
678,0.9370937108730535,-0.3553658365053406
679,-0.9676973548233971,-0.373883664233849
680,-0.9851562840224468,-0.3844668351151814
681,0.849658300048932,-0.3029928523673382
682,-0.3563623022857343,-0.061523107734325455
683,-0.9614144480379503,-0.3700777440391171
684,0.37483013603423454,-0.06783814521289688
685,-0.10225481542575987,-0.0052143813077909495
686,0.2455691614894877,-0.02970206633552419
687,-0.22583115116034436,-0.025177479116880175
688,0.877207924657849,-0.3193771005731827
689,-0.7148447860928646,-0.2254720516453249
690,-0.8693756725864343,-0.3147057905221876
691,0.8997754211489686,-0.3328883823424894
692,0.38035499303469433,-0.06978074295940273
693,0.8830858182228316,-0.32288914917064915
694,-0.15524813815503413,-0.011978669804192266
695,-0.29274033424243306,-0.04194342903801973
696,-0.7514369159565453,-0.24597421906040484
697,-0.7976049446201336,-0.2724603821120004
698,0.3709690617774044,-0.0664950584091214
699,-0.6204785518278755,-0.1751030558559875
