,data,labels
0,-0.7297409367416261,-0.23376082370022833
1,0.9259218982637667,-0.348622339185943
2,0.5930132569376065,-0.16124142017740084
3,0.2874902846095371,-0.04048308227121933
4,-0.08702444664791065,-0.0037794669251346447
5,-0.8720604745707896,-0.31630593557863507
6,0.9147453325220176,-0.3418875803284227
7,0.1976393160603418,-0.019341162098961084
8,-0.9729059942495719,-0.37704004305274397
9,0.3630381761699668,-0.06377398129442313
10,0.01714891209113456,-0.0001470317827225731
11,0.7200312999366922,-0.2283487165975705
12,-0.18727750149986533,-0.017383562965514354
13,0.21383061443816298,-0.02260241582625211
14,-0.6465477056783464,-0.18861447496222739
15,-0.19062785065361365,-0.018005418754081126
16,-0.8653380721658204,-0.31230165523241005
17,0.11360003267847252,-0.006431711141484775
18,0.466439622711293,-0.10307493574282911
19,-0.019099017254109674,-0.00018236959867901081
20,-0.15867263521198227,-0.012509598824348878
21,0.7646687504744858,-0.2534996170254058
22,-0.5691651626744514,-0.149537101449426
23,-0.5596487233499943,-0.1449568528139994
24,-0.7892503826521666,-0.2676216912256222
25,-0.568064978141106,-0.14900490113866793
26,-0.1460970486742761,-0.010615428214399203
27,0.35629671481634206,-0.0615011745685089
28,-0.5058943264693674,-0.12011541610567278
29,0.7851444375840304,-0.2652506761544502
30,-0.02254727056165673,-0.0002541574014243153
31,0.2646031810663487,-0.034401750164249845
32,0.27542792730292365,-0.03721992830567833
33,-0.3963141581666343,-0.07552794520342665
34,-0.37388821620767154,-0.06750939176195703
35,-0.14945364761167168,-0.011106063605719974
36,0.2635924252868336,-0.034143960525377826
37,-0.8996291101912421,-0.33280056045720086
38,0.4505784024205626,-0.09652826050863228
39,-0.5099738874404629,-0.12193677960676264
40,0.621828962587496,-0.17579469978262785
41,0.7140683981043272,-0.22504230528684743
42,-0.4933304503413105,-0.11457494984941663
43,-0.6615275133159808,-0.1965250942247989
44,0.9164728910347402,-0.3429277388400561
45,0.28243408132689507,-0.039099588204841385
46,0.016409370521585975,-0.00013462465774471966
47,-0.41394717284028215,-0.08210854028007031
48,-0.8634280724044663,-0.3111653471428729
49,0.614635803433341,-0.17212126069052736
50,-0.40114555821778586,-0.07730715554886414
51,0.5403836841007648,-0.13584857318824617
52,-0.2030174161373406,-0.02039714125208769
53,0.9448104355708891,-0.3600296165648931
54,-0.30018241383183075,-0.04405484878905719
55,-0.1252915003798858,-0.007818257223393021
56,-0.5839579870552991,-0.15675983247586045
57,-0.7181109287830145,-0.2272824200839323
58,0.15331521265434023,-0.011683983100533424
59,0.25698147450614184,-0.032480538581895146
60,-0.5000324456446308,-0.11751741435422547
61,-0.4950775158800458,-0.11533910187808327
62,0.19167687404990486,-0.018202311806969407
63,-0.6993470264558501,-0.21693778717242207
64,0.7317839533274841,-0.234903934462671
65,0.3093623958364946,-0.046725659150540055
66,0.9347004025460743,-0.3539203084399606
67,0.8339156678615707,-0.2936946801179433
68,-0.5604677452090823,-0.14534897111189926
69,-0.7990550567551553,-0.2733021441276906
70,0.90350687069448,-0.33512906023056843
71,-0.6548537211897245,-0.19298796541448848
72,-0.6735566635198242,-0.20295113386937014
73,-0.67734938245096,-0.20499040319938377
74,-0.0039122489394560755,-7.652816599201806e-06
75,-0.9259307184167069,-0.34862765884289015
76,0.7407298174556101,-0.2399266454646043
77,-0.771481376562251,-0.25739555920310353
78,-0.6589601023305063,-0.1951619550740875
79,0.7079225857782245,-0.22164860615073145
80,0.2986531701471211,-0.04361703775223702
81,-0.9220165921921575,-0.34626767358888944
82,0.5134364825181192,-0.12349117900812923
83,-0.29645138907335467,-0.0429902629660025
84,0.18867924478437081,-0.01764244575469709
85,0.465030710785745,-0.10248619846848472
86,-0.3644440077619622,-0.06425260624652374
87,-0.11712125745825386,-0.006835227311373093
88,0.33532745832614896,-0.054670988867793535
89,-0.9901841384973975,-0.3875159110137152
90,0.13044435672726817,-0.008471775637325596
91,0.9344730592573818,-0.3537830199977262
92,-0.03420513804984959,-0.0005848246578612493
93,0.7330739346798032,-0.23562647089515376
94,-0.49791589223014454,-0.11658492734298331
95,0.7576429607177464,-0.2494968479338746
96,0.6984726643138635,-0.21645911136726204
97,-0.660494318196263,-0.19597617100169273
98,-0.2691875528775296,-0.03558248309361656
99,-0.11443589316872194,-0.006526396777804977
