,data,labels
0,0.8129168231061019,-0.2813759094953757
1,-0.10834332252895407,-0.005851948025333065
2,0.8432370358519803,-0.29919412023268244
3,0.41849528114273626,-0.08384448284876367
4,-0.22904246980081133,-0.02588920231537828
5,-0.3709434578787083,-0.06648619200569506
6,-0.7718984101630859,-0.2576345061698183
7,-0.0316668670222795,-0.0005012695559188929
8,-0.5387674604486998,-0.1350946398084526
9,-0.813629830561208,-0.2817924972122422
10,-0.7547194368677916,-0.24783586497903132
11,-0.7674420810798521,-0.25508389218733785
12,-0.28347188890854835,-0.03938171590898787
13,-0.3645691232488999,-0.06429528042299981
14,0.5482292514493499,-0.13953097119695868
15,0.16945696321278003,-0.014255249071503662
16,-0.6582601566771309,-0.19479084620714104
17,-0.5551186019079684,-0.14279512741226075
18,0.11149153671821921,-0.006195907091840924
19,0.9676722896423404,-0.37386847747568186
20,-0.7373818372783831,-0.2380436336737165
21,0.772683128648185,-0.2580842662575713
22,-0.6775728642001988,-0.20511075869770956
23,-0.40190442706207574,-0.07758826166469457
24,0.9352099750504397,-0.35422804523149687
25,-0.9577592704013236,-0.3678644373797765
26,0.1583558572962822,-0.012460011921498704
27,0.7657181390539383,-0.2540988052291733
28,-0.1632595581124443,-0.013238432477409856
29,-0.5267201297390129,-0.129525703537551
30,-0.2234818843301749,-0.024662853341622437
31,-0.7388274385570832,-0.23885621134344504
32,0.8716607968949235,-0.3160676518207055
33,-0.7066712579547965,-0.22095941327512114
34,0.6993241824191154,-0.21692527714603416
35,0.33966389734754543,-0.05605349377863322
36,-0.030050178780786307,-0.00045140470860238757
37,-0.42712722473020515,-0.08718206569407061
38,-0.7508999190941978,-0.24567000249563764
39,-0.6747851774274174,-0.20361099904090474
40,-0.6310288201215788,-0.18053098070511076
41,0.5299394270073836,-0.1310049918968199
42,0.6054167598979772,-0.16745227095325455
43,0.38268350059755374,-0.07060675530405147
44,0.8252552212282287,-0.28860189987257867
45,-0.762404692362068,-0.2522080320981448
46,0.9563692269302955,-0.36702290929339154
47,0.2503844840649361,-0.030859996362786135
48,-0.10464878714139192,-0.0054607200912669684
49,0.7446040736876152,-0.24211044766432965
50,0.8647835692960626,-0.3119717018496867
51,0.08527235376313902,-0.0036290860498749966
52,0.047908241527239825,-0.0011469415622852308
53,0.513401932698353,-0.12347563088249436
54,0.07812766711788477,-0.003047313670154539
55,0.776165259353945,-0.2600822554043217
56,-0.2565462520404449,-0.032372412819590024
57,0.6147226695783816,-0.1721654639431217
58,-0.5125429238599539,-0.12308930719389177
59,0.7946134205595907,-0.27072562355987473
60,0.21421169119961792,-0.0226821276445639
61,-0.8830394138222799,-0.32286140195955493
62,0.6785694253430079,-0.20564771519912328
63,-0.8419680467609125,-0.29844438038033405
64,-0.14383088415230927,-0.010290349921232789
65,-0.1266079617368181,-0.007982755210100279
66,-0.1566173908288615,-0.012189601057982391
67,0.15092254478267608,-0.011324200294445363
68,0.7014664713541603,-0.21809935990931284
69,0.35754759724350316,-0.06192009041314894
70,0.1867294796031036,-0.017282857300181864
71,0.5427530621489316,-0.13695672407108084
72,-0.9887475834271289,-0.3866446934955632
73,0.2019474453925565,-0.020184887029505938
74,-0.05049745584131271,-0.0012741840604879595
75,0.20139111954488875,-0.020074951647942485
76,0.82480953178243,-0.2883402648418556
77,0.19927470087133758,-0.01965938678961965
78,-0.6824300091352109,-0.20773184005368417
79,-0.37777126517216386,-0.06886924368290337
80,0.1194601745059456,-0.007109970357749296
81,-0.38997763951507913,-0.07322205130967807
82,-0.20407993030217897,-0.020608980334179128
83,-0.0941291244731397,-0.004420347415200809
84,-0.13499318142888495,-0.00907019486406968
85,0.4728563070126295,-0.10577382491512721
86,0.5842522268089674,-0.1569047451322778
87,0.6763752915768959,-0.20446606032140935
88,0.44946604226113607,-0.09607588127172295
89,0.8003335727955141,-0.2740447563130879
90,-0.3380891988724253,-0.055549642707688696
91,0.9586208177620337,-0.3683860664488633
92,0.026556032570193455,-0.00035254927282957205
93,0.3781835396327633,-0.0690143308839678
94,-0.15485376556571628,-0.011918252581507138
95,0.08346493140711209,-0.0034771380926587048
96,-0.3770798991926083,-0.06862624345866075
97,-0.39056701707407737,-0.0734352021750383
98,-0.6792202840555792,-0.20599863384343264
99,-0.6019354250894124,-0.1657007499641785
100,-0.06110151529253227,-0.0018649563891813825
101,0.811941541007865,-0.2808062837541213
102,0.056130494129577935,-0.0015740760263727172
103,-0.8528804620592203,-0.30490207306695616
104,0.4954035016138325,-0.1154819111915184
105,0.6985597777050416,-0.21650678847126348
106,0.39903660187144974,-0.07652828219189545
107,-0.6543509253293622,-0.1927223087479374
108,-0.06872362256479758,-0.0023586820768097816
109,-0.2772714383815804,-0.037710295257086024
110,0.7190363413297849,-0.2277960887387629
111,-0.3012959535252886,-0.04437492690094036
112,0.03696779504038905,-0.0006830755326887594
113,0.1236735369423052,-0.007618403595012424
114,0.8427123604261078,-0.2988840935700229
115,0.25070551956158815,-0.03093794487900392
116,0.33686995390161556,-0.05516094949589134
117,0.7158187783010299,-0.22601149868442327
118,-0.6899746095075223,-0.2118229100094725
119,0.2706058694158793,-0.0359515904733676
120,0.6023882233708338,-0.16592819718585372
121,-0.2315703123720001,-0.026456143436974
122,-0.18002671977248297,-0.016074218339253155
123,-0.3803578035417734,-0.0697817373580012
124,-0.94477704101012,-0.3600094245587665
125,0.14985624823044508,-0.011165643832070304
126,-0.9164947269683796,-0.34294088822231183
127,-0.8389291849472833,-0.29665031221680194
128,0.12700868673146282,-0.008033163548560651
129,-0.5188493678479746,-0.12593657145866943
130,0.9208755154623796,-0.3455799513606381
131,-0.8050028319316687,-0.2767604469692835
132,-0.06219137690965626,-0.0019320149327550773
133,-0.11896264017132574,-0.007051078547962608
134,-0.6940989796925074,-0.21406933020033514
135,0.02357996963447828,-0.0002779688434817462
136,0.5476847176575521,-0.13927418519818735
137,0.614330917616315,-0.17196614534616406
138,0.9671563181979046,-0.37355586080354464
139,0.24845718594795096,-0.030394010721094267
140,0.542035858391936,-0.1366209285887483
141,0.1303521895113695,-0.008459858937500564
142,0.7209663274251383,-0.2288683923466227
143,0.4248621056267705,-0.08630083642000819
144,0.6673970463605827,-0.19965261054214467
145,0.9454841499287767,-0.3604369939447616
146,-0.39024324177007674,-0.07331807370248145
147,0.5905106746789011,-0.15999835469886237
148,-0.4559238879259673,-0.09871458505296449
149,0.13664440817014012,-0.009292403420914641
150,0.610244237953949,-0.16989162545808845
151,0.4262441314851295,-0.08683804812939988
152,-0.5421503289771523,-0.13667450280418258
153,0.8793716573236687,-0.3206693174096398
154,0.5542165230152121,-0.14236611429041002
155,-0.7331149524411109,-0.23564945517974178
156,-0.16538587042739472,-0.013583148135825729
157,0.689879706730105,-0.21177130163401636
158,0.279917827046795,-0.03841950080804213
159,-0.9897030301129703,-0.3872241336426513
160,0.16086188046721261,-0.012854932659569274
161,0.8829111278628166,-0.32278469587152214
162,0.740601469556875,-0.23985438726878228
163,-0.006683328929770749,-2.2333193402279683e-05
164,-0.4102993491773539,-0.08072758764598043
165,0.9363908667398815,-0.35494128005578607
166,-0.839241402279018,-0.29683454950387456
167,-0.7481197826766701,-0.2440965364069302
168,0.18253180910438593,-0.016520938014567665
169,0.6621900004328185,-0.19687731897034055
170,0.5958194902894225,-0.1626393628264623
171,-0.6574849168678525,-0.19438007756903586
172,-0.583306860444454,-0.1564393246305863
173,-0.3310783020814183,-0.053331614714825726
174,-0.6720358905824018,-0.20213519973704208
175,0.7276890674056187,-0.23261426448398492
176,-0.1471234090781366,-0.010764294591651624
177,0.35034239204566897,-0.059524702464004986
178,-0.8951442512813574,-0.3301099036165974
179,0.41624240651264466,-0.08298263530722039
180,-0.6697269831477299,-0.2008983469611394
181,0.31388327561464857,-0.048067695421643464
182,-0.7631446601432932,-0.25262998824178495
183,0.8784940218661028,-0.32014509136112534
184,-0.044730031580005436,-0.0009998876414553104
185,0.19888857811654415,-0.01958402515816471
186,0.9182708331849607,-0.3440106084189135
187,-0.2011920327721839,-0.02003568086425378
188,-0.4442967736722583,-0.09398535766109994
189,0.5938130075437311,-0.1616393858900821
190,-0.9470794814258154,-0.3614017710699915
191,0.9553838591341801,-0.3664264336620129
192,0.8479438953266518,-0.30197783716474136
193,0.7746744095740017,-0.2592263903626838
194,0.12592952852315475,-0.007897770501515744
195,0.9230112093515783,-0.3468672293764695
196,-0.510333270926927,-0.12209774963874742
197,0.39921005735865633,-0.07659221204748079
198,0.9322578457163273,-0.35244551708473026
199,-0.08366860837995782,-0.003494099391965211
200,0.5396762262866086,-0.135518362433951
201,-0.11046258738999848,-0.006082418348115959
202,0.8861881491284251,-0.3247448893634731
203,-0.637703065019781,-0.18399320722034862
204,0.11965629134670075,-0.007133250757546228
205,-0.8625293304585759,-0.31063088308480147
206,-0.33963613787348357,-0.05604459373151649
207,-0.06885659118627974,-0.0023678073860685656
208,0.6396427281687989,-0.18500345894095505
209,0.5069175685171761,-0.12057123294867922
210,-0.4916224917058396,-0.11382987946514678
211,-0.06768769357991289,-0.002288190023913228
212,0.0759611333416248,-0.0028808891408895754
213,0.3185259550226698,-0.049464141671108464
214,-0.5587622864628379,-0.14453290252751538
215,-0.7159939154112924,-0.2261085366482316
216,0.0779973463050947,-0.0030371714500803115
217,0.42852668381213954,-0.08772843023591448
218,0.8208976248901751,-0.28604579351510306
219,-0.3343548307329649,-0.05436306800740076
220,0.751554499205854,-0.24604084432841877
221,0.13530487266595137,-0.00911193667246113
222,-0.2272978653930131,-0.02550136407645842
223,0.7280297099199846,-0.23280450640462302
224,-0.502809752208006,-0.11874550438161557
225,0.3843498745663443,-0.07120052425277079
226,-0.2519195332606847,-0.03123355756175694
227,0.26862778620354,-0.035437302688323014
228,-0.24684361020323942,-0.030006476148825678
229,0.6444648151857291,-0.187522818114788
230,-0.7256452330379854,-0.23147370617718277
231,0.5687654947052796,-0.1493436865625839
232,0.6409134988461909,-0.18566630844878684
233,0.21085517617795757,-0.02198468803164466
234,0.6497411886557187,-0.19029217488196193
235,0.03703221053728356,-0.0006854572753910437
236,-0.5014175803847372,-0.11812926701628013
237,-0.422767432783381,-0.0854893368311701
238,-0.5250022875782685,-0.12873900830496676
239,0.967420472086195,-0.37371590497148877
240,-0.7676706056895748,-0.2552145431211936
241,0.3003716024913923,-0.04410915353910383
242,-0.862593475089309,-0.31066902391476003
243,0.41559161624933405,-0.08273438827363166
244,0.5483032766048401,-0.13956589305014233
245,0.8737620287150638,-0.3173206765222676
246,-0.4552828624341556,-0.09845132316191518
247,0.9379089371049785,-0.3558583264906682
248,0.3992039475932023,-0.07658995979667038
249,-0.944218060996981,-0.35967144896214587
250,-0.3895727989332709,-0.07307579715156365
251,0.4001874417210032,-0.0769528794407921
252,0.9457276751396371,-0.3605842548408119
253,0.9794028256030622,-0.38097829816177475
254,-0.14131321359851556,-0.009935030420367474
255,0.6671328443912996,-0.19951150269205586
256,0.2640877801750723,-0.03427018433409845
257,-0.5808692704642502,-0.15524155355349634
258,0.42660099949342567,-0.08697699941175341
259,0.919039422007631,-0.344473618100539
260,0.23813949814819746,-0.027956974213706687
261,-0.3149180188929084,-0.048377331436481374
262,-0.10385137459120508,-0.005378040283298358
263,0.7596716718868157,-0.25065105631488005
264,-0.3742542877874202,-0.06763707534988639
265,-0.6037369813913602,-0.16660634327994306
266,0.2959561661910519,-0.04284987188889178
267,0.526250769551232,-0.12931057291474768
268,0.8967299112469436,-0.33106090834489754
269,-0.9401990786338346,-0.35724210755733077
270,-0.6248333761186524,-0.17733678139436748
271,0.4945265213002079,-0.11509788103876217
272,-0.7343172768374964,-0.2363234409865309
273,0.7289565447597852,-0.2333223364492759
274,-0.16043308665655154,-0.012786931178311534
275,0.4278366159107727,-0.08745883750286054
276,-0.18879651847900747,-0.017664189005065722
277,0.8733499201913362,-0.3170748678164298
278,0.6380184768407946,-0.18415736215644363
279,0.2516798555745765,-0.031175089998562777
280,0.17835087938723837,-0.0157787091014413
281,-0.6676710086303046,-0.19979896399935548
282,-0.5118945887652981,-0.12279804609201117
283,0.8233734826853341,-0.2874975626440227
284,-0.931598665001867,-0.3520475962409446
285,0.7568753176624987,-0.24906045008201094
286,0.14209829165682297,-0.010045169098009121
287,-0.30111738977436864,-0.04432352761300273
288,-0.9838655773223064,-0.3836841708128129
289,-0.6990275840018296,-0.2167628706090552
290,-0.7004843124719666,-0.21756086004637354
291,-0.7621020219657317,-0.25203548796911357
292,0.8022076873339328,-0.2751340855431974
293,0.27476649115603813,-0.037044725637994325
294,-0.731476125226062,-0.23473160296320628
295,-0.33848331921609676,-0.05567555362690402
296,-0.9174691176895726,-0.3435277074689954
297,-0.5245764662334989,-0.1285442888888889
298,-0.7675504370595034,-0.2551458389274872
299,0.9731042258132891,-0.37716018818418107
300,0.7229870924834902,-0.2299926109016791
301,-0.6122960358233291,-0.1709320970586906
302,0.7500445112659095,-0.24518559748780155
303,0.288395766771685,-0.04073322189050699
304,0.7789364226722033,-0.2616748548203821
305,-0.3722464554028333,-0.0669380781362241
306,0.39486791609319516,-0.07499888455124348
307,0.4891831691323252,-0.11276916352854272
308,-0.18362044910414665,-0.01671692979110806
309,-0.907511401913353,-0.3375356091994648
310,0.30434562132805465,-0.04525704195632285
311,-0.5604574629478862,-0.145344045895199
312,0.15501516341796528,-0.011942960333497621
313,0.34761482665741017,-0.05862907359890224
314,-0.932117082050643,-0.3523605406248529
315,-0.050637722810688235,-0.001281267960128618
316,0.04052663133668011,-0.0008208668280884623
317,0.7862643536601042,-0.2658969146100275
318,0.8060354082615495,-0.27736175857491474
319,0.9559780096126296,-0.3667860861991875
320,-0.5746761896957047,-0.15221343026474732
321,0.46607411905259966,-0.10292207001085962
322,0.16031369855304756,-0.012768029149379023
323,-0.2536663462579736,-0.03166125293972266
324,0.4231650416714048,-0.08564312185387024
325,0.5431093016885189,-0.1371236321969035
326,-0.4640736518834705,-0.10208707170106346
327,-0.46405960707015104,-0.10208121932869851
328,-0.8772488354652028,-0.31940152641202957
329,-0.3636765790992871,-0.06399113097247555
330,-0.559007588104538,-0.14465017508618416
331,-0.35373288675705283,-0.06064656696810533
332,0.7937471385125998,-0.2702237217406036
333,-0.6342672647039505,-0.18220818653441007
334,0.6553832237583532,-0.1932678587801916
335,-0.5381020574213202,-0.1347847093559862
336,-0.5621805332351277,-0.1461702627517414
337,-0.32377027820251536,-0.05106369109035924
338,-0.1451451322442472,-0.010478271100949677
339,-0.3047861468306263,-0.04538513030870128
340,-0.4279089919172532,-0.08748709638891683
341,0.8237801342060851,-0.2877361459989035
342,0.496568383815468,-0.11599280735606321
343,-0.6387762099984329,-0.18455191822217987
344,0.768862495610688,-0.25589622293838676
345,-0.2945185664804726,-0.042443539418315024
346,-0.0383504650392672,-0.0007351087594329453
347,-0.730191550983478,-0.23401282374552512
348,0.939897716451439,-0.3570599916415905
349,-0.3812375780918569,-0.07009332327235163
350,0.3469576338624951,-0.05841419621884236
351,0.1291241703477386,-0.008301873214349387
352,0.12236362553770075,-0.007458474922867553
353,0.5621263072239258,-0.14614423477484673
354,-0.7748044165454915,-0.2593009984527841
355,0.2621734914895,-0.033783615967172054
356,-0.10084621796044346,-0.005072073214391959
357,0.5221324720369211,-0.127428918257117
358,-0.4243113830479226,-0.08608716161447372
359,-0.09849142582089487,-0.004838536864030907
360,-0.9497968325056452,-0.3630454726022514
361,0.09027338727308942,-0.004066352133788809
362,0.6779313675433853,-0.20530387456122778
363,-0.46287920621722556,-0.10158985181055491
364,0.5910646218547531,-0.16027321298448993
365,-0.8155679541572753,-0.2829255038035412
366,0.5171409273765288,-0.12516271453345007
367,0.26114033380114154,-0.03352238062872637
368,-0.07290718415307174,-0.002654200116252392
369,-0.37021534236821396,-0.06623427302192175
370,0.3351434759867189,-0.054612681628934956
371,-0.7100915448561311,-0.2228446407433501
372,-0.13801717413799652,-0.009479157021010098
373,0.9113499433905103,-0.33984416596594225
374,0.8678153359629222,-0.3137763806639209
375,-0.16071801381634554,-0.012832097448568835
376,-0.7058574372950639,-0.22051151344806252
377,0.702578299428132,-0.21870941729140414
378,0.35062914558106306,-0.059619218334517554
379,0.757098782862734,-0.2491874684700589
380,0.8161717572225882,-0.2832786654310624
381,0.3682635348809098,-0.06556108017113349
382,0.18451725489391424,-0.0168792308764103
383,0.8527548257593698,-0.30482759291158446
384,0.537697821513041,-0.13459655781150348
385,0.5222550083265689,-0.12748475027293915
386,0.6867084180513148,-0.21004889331718501
387,-0.9336526050745015,-0.35328759808389154
388,0.7765483744712611,-0.2603022993972698
389,-0.09172683241974644,-0.004198069260254567
390,0.12849743452461082,-0.008221809851411743
391,-0.6359394041723634,-0.18307620519876022
392,0.6733720307743405,-0.20285201980480516
393,0.9121036824079698,-0.3402976718999319
394,-0.7706414186794521,-0.2569144488991081
395,-0.48806205622298493,-0.11228300433651184
396,-0.18642006587342208,-0.017226124584893032
397,0.3948120611312689,-0.07497848456210499
398,-0.4425862798177731,-0.09329788123124771
399,0.8678629729244014,-0.3138047493993882
400,-0.42453717827063353,-0.08617474040410944
401,-0.7797972326945297,-0.2621700212780347
402,0.09692461508582673,-0.004686175958005356
403,-0.8896407494693181,-0.3268117909224928
404,0.7100577853614052,-0.2228260107368134
405,-0.6098708743459056,-0.16970252740740643
406,0.9945891791628276,-0.3901875436259392
407,-0.347570117117459,-0.058614443922531456
408,-0.6952754696412424,-0.21471140305520853
409,-0.24679230656725415,-0.029994193374133893
410,-0.6647627838031294,-0.19824706475257614
411,-0.46075548052670023,-0.10070828283503197
412,0.9673031950049991,-0.3736448494034986
413,-0.9661855112728803,-0.3729676978506947
414,-0.7360616836809053,-0.2373022051757938
415,-0.7997720245803455,-0.2737185344170483
416,-0.6903703513080592,-0.21203815550059113
417,-0.13969002791953344,-0.009709210237566546
418,-0.6679782424686669,-0.1999631310636959
419,0.9942924530416231,-0.39000757570947775
420,0.361685945781534,-0.06331512095194847
421,-0.3031530896594119,-0.04491114207772029
422,0.8893672714602796,-0.32664801138326005
423,-0.5404861037879956,-0.135896403659454
424,0.8634740972053809,-0.3111927210012132
425,-0.41570353046059605,-0.08277705560677195
426,-0.44176754346814406,-0.09296957178369802
427,-0.4005284055848912,-0.07707887377389289
428,0.09630338104711722,-0.004626435524833217
429,0.07730302445619142,-0.002983419527546216
430,0.8791170932926886,-0.3205172498865607
431,-0.5956687957174838,-0.16256418505859505
432,-0.5825994458200363,-0.15609137725300293
433,0.5539351886081043,-0.14223241538341524
434,0.8418926040875134,-0.29839981792387604
435,0.784256019772966,-0.2647382732035356
436,-0.3727811421148448,-0.0671239052030409
437,0.8237367224562573,-0.2877106744219313
438,-0.6690872429540535,-0.20055606108012503
439,0.9536254927138756,-0.36536217058471865
440,0.6303534863133777,-0.18018187233428062
441,0.4681068321765085,-0.10377340624616593
442,0.15105884331814634,-0.011344546845653558
443,-0.642339421299629,-0.1864110094223862
444,0.09105389486255588,-0.004136825550263512
445,0.17364382845052284,-0.014963014298518207
446,-0.44284026569212664,-0.09339982773125
447,-0.36472944567697896,-0.06434998148683468
448,-0.5409307655076057,-0.13610413713723823
449,0.3416658797639538,-0.056697050646356106
450,-0.17701184968311234,-0.015544514698055178
451,0.2366063232211124,-0.02760315013714676
452,-0.5675409684923223,-0.14875166328995892
453,-0.383039673537221,-0.07073348331444262
454,-0.37982458563382115,-0.06959318958502447
455,0.8542848112684698,-0.3057348072741344
456,0.4823662516405527,-0.1098262408936671
457,0.6443909036852156,-0.18748411839306378
458,0.6324122075709868,-0.18124681350863991
459,-0.27524982794135777,-0.037172714648616156
460,0.15142008220203929,-0.011398559151777565
461,0.46206361515457717,-0.1012509187718631
462,-0.23178496210617583,-0.026504556124512302
463,-0.34566744248535586,-0.05799339278073612
464,0.019696730248966343,-0.00019396177823183258
465,0.9302153981281902,-0.3512126951247623
466,-0.35930817464522113,-0.06251186965536104
467,-0.5994381197034806,-0.16444827988827282
468,0.8941053445637401,-0.32948699708755724
469,-0.6196775908775356,-0.17469326216915193
470,0.45319657200436425,-0.09759654217697467
471,-0.3066186200077792,-0.04591974760802142
472,-0.9765391806621944,-0.3792422598760694
473,0.6440072718820014,-0.18728329225671014
474,0.3073690577393424,-0.046139523070752864
475,-0.9851304274121229,-0.38445115576672584
476,-0.6349054230355728,-0.1825392978249032
477,0.9219313941831098,-0.3462163206698816
478,-0.6407906480813983,-0.1856021941115098
479,-0.4090227432002067,-0.08024670474162654
480,-0.44032670876280733,-0.09239299252812017
481,-0.8728174750036186,-0.3167573231448636
482,0.9211181115695561,-0.3457261522568076
483,-0.4920532455696678,-0.11401760452173826
484,0.32799379663857176,-0.05236887899651488
485,-0.3370938173268625,-0.05523222349938717
486,0.1702367525344628,-0.014385797159069735
487,0.8098657966059026,-0.2795946968104296
488,-0.3306590783365606,-0.05320029511835067
489,-0.4507660607046893,-0.0966046660308626
490,0.010007934413605701,-5.0078121662466835e-05
491,0.5400969948892971,-0.13571472211939728
492,-0.3096057166773276,-0.04679744174320799
493,-0.4706936966059727,-0.10486101119699065
494,0.25253625846793626,-0.03138424259741779
495,-0.20315780734718447,-0.020425071011951124
496,0.08435349254258306,-0.0035514345375010636
497,0.9909763522712158,-0.3879963701625053
498,-0.22900379361782663,-0.025880573856451372
499,0.8805307119877885,-0.32136182139551783
500,-0.8716053379272253,-0.31603458982071675
501,0.3635271838518712,-0.06394028522184936
502,0.47542852302587435,-0.10686375544552218
503,0.798625405327948,-0.273052682013769
504,0.593944956356913,-0.16170507861775596
505,0.605765490305991,-0.16762807651181122
506,-0.9150183631844817,-0.342051950224347
507,0.6686803970900541,-0.20033847670538385
508,-0.3308238603047766,-0.05325189451419854
509,-0.10839771016242716,-0.005857807532512416
510,-0.5419820141086196,-0.13659573129482827
511,0.7173799246977539,-0.22687688823512553
512,0.7184598045344321,-0.22747603293590846
513,0.16402208473514768,-0.013361553380606628
514,0.9642115496815213,-0.3717718964624632
515,-0.2917343263033425,-0.04166172563392245
516,-0.027226742885143596,-0.0003705790826701305
517,0.9928015439449149,-0.3891033315360741
518,-0.6216466001407961,-0.17570124475004978
519,-0.9086052006735557,-0.33819326406663996
520,-0.8572931102263617,-0.3075198727337042
521,0.8577101304111217,-0.3077674562300611
522,-0.8620800492105256,-0.31036375780289827
523,0.6836876523699404,-0.20841214126807517
524,0.626942392045122,-0.17842198662872133
525,0.407641162493376,-0.07972768546739972
526,-0.20231875078209027,-0.020258422440143087
527,0.29203527447614475,-0.0417459044764622
528,-0.711171470706464,-0.22344082377070795
529,0.5778364414251249,-0.15375594214673116
530,0.21705497378868532,-0.02328114393542169
531,-0.11780539236174326,-0.006915035580989826
532,-0.7965563483371025,-0.2718520388058754
533,0.9384605151219074,-0.35619157202599605
534,0.51552324623011,-0.12443169209100202
535,0.058829549196308895,-0.0017289615502626976
536,0.4773525603379005,-0.107682022967171
537,0.82922175643805,-0.29093236400568334
538,-0.34329484500324825,-0.05722316184393417
539,-0.2509699977884343,-0.031002231414111958
540,-0.603331194440089,-0.1664022149633011
541,-0.06758025389915079,-0.002280940052323599
542,0.9342538826436604,-0.3536506672689005
543,-0.019454335910418896,-0.00018921768893231938
544,0.8347589230709085,-0.2941914330056835
545,-0.7157010693838382,-0.2259462863801116
546,0.15924879388320234,-0.012600035565409562
547,-0.46026563136555,-0.10050539708870354
548,0.39016738867750633,-0.07329064510553362
549,0.0820695158172633,-0.0033620383628577555
550,-0.8538077857814979,-0.3054519047256221
551,0.0577974943081776,-0.0016688810408765908
552,0.42440542293793193,-0.08612363205687112
553,-0.8252657690976961,-0.28860809238111007
554,-0.1839111842436636,-0.016769462429686466
555,0.3185597480222182,-0.049474373676809735
556,0.542501856078466,-0.13683907349168833
557,0.15564991179084586,-0.012040375065553
558,0.7556304155576765,-0.24835313704204043
559,0.29697735095258615,-0.0431396026806522
560,0.7138869592822261,-0.22494190823097449
561,-0.016704129137366852,-0.00013950423349828878
562,-0.40784659242860055,-0.07980476682337512
563,0.18389169086426027,-0.016765937679056875
564,-0.17066579149814554,-0.014457872723933174
565,0.5277783984856512,-0.1300112678368941
566,0.9042300295284842,-0.33556350477307506
567,0.8556338794894451,-0.306535110071539
568,0.8902795420344893,-0.3271943896044984
569,-0.05885505885748454,-0.001730460001123646
570,-0.9131027925064084,-0.34089890847547477
571,0.4582641791396742,-0.09967820443971598
572,-0.15635165719083988,-0.012148523884710327
573,0.6022385122344751,-0.16585298302245688
574,0.7498282803228642,-0.24506318727163479
575,-0.4089860360182549,-0.08023289601518091
576,0.6488974398887046,-0.1898484448928418
577,0.32171435962753114,-0.050433832608891116
578,0.33139324637132384,-0.05343036678194324
579,-0.22500861340188405,-0.024996714310987378
580,0.5730736513821573,-0.15143339916976217
581,-0.5522849146875988,-0.14144910219097417
582,-0.5361147952040137,-0.13386070689999874
583,-0.9179437326955444,-0.34381357646850164
584,0.8625929586584837,-0.31066871683860997
585,0.0815754445994048,-0.003321747330221392
586,0.2521788552699882,-0.031296875911155375
587,0.983070027007509,-0.38320177777988085
588,0.251966439714695,-0.031245006135776743
589,0.591827811421171,-0.16065216801480908
590,0.11948336518024516,-0.007112721285737256
591,0.9279135236021459,-0.34982372050801414
592,-0.28304007905320283,-0.0392642128826145
593,-0.09588999926725816,-0.004586893902031597
594,0.031119794335798145,-0.0004841035837799268
595,-0.788870959615918,-0.26740239327226645
596,-0.24911084483278922,-0.03055167511269119
597,0.25406245089644264,-0.03175862115357453
598,-0.004927634518812729,-1.214071727639876e-05
599,-0.9496209414350252,-0.3629390634465871
600,0.8495629561458902,-0.30293638888169194
601,-0.21143542738367072,-0.02210450450266821
602,0.44822023536797895,-0.09557029098347625
603,0.5624504387200666,-0.14629984039421484
604,0.8365245677966644,-0.2952320478689642
605,0.011250851390081973,-6.328882567863126e-05
606,-0.8843071378233942,-0.32361954432606277
607,0.8990557383213882,-0.3324564252434845
608,-0.04773978207899843,-0.0011388943634560444
609,0.794607081500051,-0.27072195013601286
610,-0.7258842310779932,-0.23160700038111426
611,0.2106698728778782,-0.02194649090622769
612,-0.7137562277427734,-0.22486957721327616
613,-0.478958280703599,-0.10836686740076562
614,0.5523430841992842,-0.1414766851300191
615,0.6227106168787113,-0.1762467569074222
616,0.6237710359760722,-0.17679099266016662
617,-0.3464587659175451,-0.05825132394000643
618,-0.07467190646872979,-0.0027840640932410565
619,-0.40587562912881125,-0.07906655866413481
620,-0.6086895349676298,-0.16910469181179721
621,-0.4557302072731737,-0.09863501166562205
622,-0.20367603596705286,-0.020528328900985437
623,0.6582180169812417,-0.19476851100994108
624,0.435059228019095,-0.0902980548666138
625,0.2038259151297377,-0.020558239575254378
626,-0.06272789186179684,-0.0019654601572814956
627,0.3763361756464443,-0.06836526704833923
628,0.50539535258632,-0.11989339007702682
629,-0.12307068966085732,-0.007544592922405169
630,0.928929810018106,-0.35043690002264205
631,0.24389213866907378,-0.02930375600798607
632,-0.7706075614547263,-0.2568950606475875
633,0.8953918011816466,-0.3302583505612172
634,0.6758998577017508,-0.20421028790165996
635,-0.4685924972587927,-0.10397723973074846
636,-0.5528579025871605,-0.1417208907407863
637,-0.4426266378933208,-0.09331407727524621
638,-0.18562215903483392,-0.01708024307190903
639,0.32565374852231876,-0.05164386928769227
640,0.8070921063316621,-0.2779773966868486
641,-0.010888621423357447,-5.927928116455927e-05
642,0.801247209424121,-0.27457569373949386
643,-0.0792578492208893,-0.0031359758549507344
644,0.21002220328121757,-0.021813236970227412
645,-0.4931874526159272,-0.11451249427226362
646,-0.7326117496545883,-0.23536752686018947
647,0.5925864394849032,-0.1610291728784311
648,0.6828273396851046,-0.20794669719486236
649,-0.026080714897546375,-0.000340044016707175
650,0.9855952627837024,-0.38473303197076547
651,0.2274884725648587,-0.025543600630235086
652,-0.3560134002984925,-0.06140647160049917
653,0.8328289376170135,-0.29305472433442903
654,0.43045150571390733,-0.08848228438989003
655,0.0006562103525669105,-2.1530599025876285e-07
656,0.14095808585161484,-0.00988540594696552
657,-0.15255504812515963,-0.01156907889165093
658,-0.6142846788240903,-0.1719426248341478
659,0.9038926283830286,-0.3353607999125018
660,0.2478390441458107,-0.030245270749967634
661,0.13055472691133696,-0.008486056771755401
662,0.4021451397884459,-0.07767752141873652
663,0.8265796876492204,-0.2893796727276109
664,-0.3784089581985972,-0.06909371730005176
665,0.7834819171656464,-0.2642919846658528
666,0.24345626634522977,-0.02920065206836464
667,0.26726565474696273,-0.03508519363857199
668,-0.9982152895434047,-0.39238685982654775
669,-0.5354576354463236,-0.13355568803756113
670,-0.7173691603332124,-0.2268709180927142
671,-0.5469317796795024,-0.1389194163217209
672,0.3438794083996093,-0.05741249810327764
673,-0.06319273188003627,-0.0019946686802969626
674,0.9729894255004927,-0.3770906093042461
675,-0.1895085285666107,-0.017796479614794358
676,-0.6563609321223762,-0.19378501123954883
677,0.22442091952203524,-0.024867943468654063
678,-0.5072729659873054,-0.12072970965015328
679,0.018270866638479433,-0.00016689835478034265
680,0.8182190581019269,-0.2844767698671734
681,0.036575226696599294,-0.0006686499578711924
682,0.9818897805881139,-0.3824861432258424
683,0.024893883866658806,-0.0003098047275847948
684,0.11557945194183317,-0.006657047880188061
685,-0.414962291453,-0.0824946350044945
686,0.3381233771807146,-0.05556055661940651
687,-0.6685955399275636,-0.20029310364633368
688,0.1644099922807638,-0.013424400879813114
689,0.7106726404584034,-0.223165384199699
690,0.38021875720200304,-0.06973254826138242
691,-0.924997173733811,-0.3480646547553743
692,-0.5206163282403056,-0.12673889683511497
693,0.547880910062561,-0.13936668314339984
694,0.5149255979144476,-0.12416204295042987
695,-0.5667416868031041,-0.1483657001121692
696,0.8725905551628959,-0.3166220045645254
697,0.5175941819535161,-0.12536783913592087
698,0.5980856767050962,-0.1637713833082699
699,-0.09473810262827587,-0.004477599571345747
700,-0.7824767356596689,-0.26371272780508037
701,0.7339643337752915,-0.23612553918865253
702,-0.6759507080039935,-0.20423763952372098
703,-0.3602530341197281,-0.06283050718888361
704,0.21444939009695574,-0.02273191694274923
705,0.061264715274198744,-0.0018749228009712349
706,0.43479023160977004,-0.09019161970754208
707,0.40302345233346415,-0.07800359223394271
708,0.16947960624096958,-0.01425903163808162
709,-0.13583634601141914,-0.009183329730943046
710,0.41254037777154307,-0.08157476957905285
711,0.5989733633023617,-0.16421555911177776
712,0.5664043353437236,-0.14820290808713477
713,-0.9752601126970362,-0.3784669202032781
714,0.016532894720509894,-0.00013665896523251675
715,-0.8599659633005221,-0.30910728586847414
716,0.34412055264480745,-0.057490685901602445
717,-0.24927016071996766,-0.03059016145307225
718,0.7020722322215078,-0.21843167868045632
719,0.7254980841887626,-0.23139164852333582
720,0.5569082695994434,-0.14364768996738053
721,-0.2147237636378052,-0.022789453743531474
722,-0.5747736420814995,-0.15226091203164493
723,-0.09364060733215718,-0.004374684738224555
724,0.5261456797646884,-0.12926242414808886
725,-0.9052706362726322,-0.3361887702360984
726,-0.8205663448590301,-0.28585164860205625
727,-0.0969172605823494,-0.004685466492709622
728,-0.5802720133140886,-0.15494858279916812
729,0.8568246536091773,-0.30724178967037297
730,0.5961928235855127,-0.16282566232937812
731,0.8601057969430985,-0.3091903689774539
732,-0.3585265025649387,-0.06224881515267333
733,0.17859845434247412,-0.015822196802528832
734,-0.8392902174511343,-0.2968633568322806
735,-0.31438282196831846,-0.04821706474465659
736,0.3436997757120297,-0.057354286014972944
737,0.5120255635074471,-0.12285686387856487
738,-0.8722153532428565,-0.3163982797017414
739,0.8972355361169282,-0.3313642280333715
740,-0.9375925175603002,-0.35566716670175225
741,-0.20567028606188953,-0.020928037754580964
742,-0.7313868389003784,-0.23468162407849835
743,0.3765701170142388,-0.0684473106096698
744,-0.7897005290440988,-0.26788191724105115
745,-0.29390582430200474,-0.04227089919669824
746,0.20493034187600223,-0.020779294877769083
747,-0.504332959426635,-0.11942120575640724
748,-0.6695144080451647,-0.20078459098953338
749,0.44605976073651465,-0.0946961584177628
750,-0.942036914756329,-0.35835287400175475
751,0.39803462246461185,-0.07615944369359984
752,0.3065968377485184,-0.04591337565774334
753,-0.605463801015395,-0.16747598206389702
754,-0.0023153321080038314,-2.6803777929407246e-06
755,0.9317393214482916,-0.35213250176221966
756,-0.4032131898382898,-0.0780741099668869
757,0.19230793423022363,-0.01832125799276496
758,-0.05778105887633611,-0.0016679328337991794
759,-0.5037961477856288,-0.11918289970813023
760,0.5973652243450274,-0.16341119836348317
761,-0.9141163629495233,-0.3415089586387716
762,0.695937397687632,-0.2150728992119436
763,0.8782576033023253,-0.32000389507453186
764,-0.35945112139591795,-0.06256002920194259
765,0.6426128888420659,-0.1865539415022428
766,0.8358823670828666,-0.29485347846544263
767,-0.7553523754899822,-0.2481952318641285
768,0.7467365921850717,-0.24331465242473116
769,-0.34891088289066685,-0.059053882660788926
770,-0.17661620439417947,-0.015475644078748796
771,0.3385925180635905,-0.05571046272107638
772,0.48918567173030114,-0.11277024970420646
773,0.5150838998375435,-0.12423344381723922
774,0.07690206070815742,-0.0029525959600144036
775,0.2919983311917811,-0.041735566718227424
776,-0.19493392466703074,-0.01882026244919288
777,-0.782918685168553,-0.2639673750021986
778,-0.7299476391717885,-0.23387641027393502
779,0.7300731212539959,-0.23394658644938848
780,-0.6984096403461169,-0.21642462028794962
781,0.5329936239758084,-0.13241440340258515
782,0.9254233703307597,-0.348321676180803
783,0.6414911541417367,-0.18596787684351512
784,0.7158210105490768,-0.22601273543003397
785,-0.7986344823290485,-0.27305795175563485
786,0.9571337770390727,-0.3674857528997989
787,-0.5978916262741991,-0.1636743417465666
788,0.9178973113830438,-0.3437856150636007
789,-0.372196371848466,-0.06692068367380954
790,-0.4362312967899731,-0.09076243575856968
791,0.7033578721034488,-0.21913745872730073
792,-0.08084196086284923,-0.0032623781601011093
793,0.5762065616527978,-0.15295969582997282
794,-0.17480735565430838,-0.015162677030708505
795,0.3201488867019058,-0.049956641429224624
796,-0.9299183245880234,-0.35103341155776924
797,0.609488029726748,-0.1695087029809168
798,0.09683305137560905,-0.004677346902557944
799,-0.13474331264700345,-0.009036800596591954
800,-0.2839119214651189,-0.039501625934447504
801,0.3189078391527873,-0.049579827130390663
802,-0.2960028353130062,-0.04286309301128399
803,0.1124898902573932,-0.006307014464033811
804,-0.5352376317016752,-0.13345363353016815
805,0.6015659797571244,-0.16551525295201497
806,-0.4231737599709384,-0.08564649520056145
807,-0.48271011167341604,-0.10997393125115829
808,0.08027971587868854,-0.0032172299795049097
809,-0.4035138686020152,-0.07818591698355404
810,0.739177750668695,-0.23905323193078543
811,-0.887638167539891,-0.3256127365592134
812,0.01307709478411434,-8.550154853059766e-05
813,-0.8611652683953881,-0.3098199750838716
814,0.8403309705967816,-0.29747765473385046
815,0.43450634044154945,-0.09007934896866443
816,0.6839356017215426,-0.20854634412628192
817,-0.9770017288429071,-0.3795226569847068
818,-0.5613104453850217,-0.14575283615862267
819,0.9481657298236736,-0.36205877621245264
820,0.9693716337921434,-0.3748981497988114
821,-0.6180621184755428,-0.17386773498822294
822,-0.14672513118771313,-0.010706406100458254
823,-0.7229850970537952,-0.2299915000359174
824,0.3883700843057356,-0.07264206050070132
825,0.8943281964604326,-0.3296206022002397
826,0.7775077706610714,-0.26085352210354784
827,0.3858676364660525,-0.07174325207230992
828,0.5032037087039349,-0.11892011891100429
829,-0.9548258773542964,-0.36608869260691157
830,-0.44523904182436214,-0.09436498035875351
831,-0.41801043027512086,-0.08365867659405213
832,0.6269305310345414,-0.1784158772697383
833,0.876529262885354,-0.31897194325346234
834,0.2804116650084789,-0.03855253202415254
835,-0.8128460817841776,-0.2813345843257936
836,0.19587551806870107,-0.019000774864682213
837,-0.971398777596858,-0.37612658549268063
838,-0.1675004011138883,-0.01393025559129657
839,-0.23028993697713895,-0.026168246106886173
840,-0.05192487071302576,-0.0013471878259282422
841,-0.5063232518898191,-0.12030640329419817
842,-0.4517519402697159,-0.0970064855065379
843,0.7633775237430576,-0.2527628107889839
844,-0.9144631747910297,-0.3417177241703656
845,-0.209592433426524,-0.02172503100757528
846,0.4145721395648574,-0.08234615024281866
847,0.7371210786857452,-0.23789713755567643
848,-0.9139259261647958,-0.34139432957330706
849,0.9213792461563901,-0.34588353191527166
850,0.5714392525116812,-0.15063936754824692
851,0.5324959222228483,-0.13218433431052057
852,-0.36769905953423043,-0.06536696175033874
853,0.1997960238377452,-0.019761358836899
854,-0.9230662274151267,-0.3469003971001392
855,0.311388724525798,-0.0473250067239771
856,-0.610719610155452,-0.1701324930497875
857,0.9550261504032351,-0.3662099139815854
858,-0.8782197709571806,-0.31998130126479307
859,-0.7403688727028701,-0.23972345267769457
860,0.3834788588384255,-0.07088988599754353
861,0.44573360608587453,-0.09456448934984052
862,-0.6928116243145361,-0.2133673982219303
863,0.6526784971457671,-0.1918395070673724
864,-0.9122178935713985,-0.34036639541254177
865,0.23623926372846737,-0.027518760680204646
866,0.017649894166996027,-0.00015574725219036356
867,-0.6290935621974412,-0.17953116736995545
868,0.9246223581785589,-0.34783863322381836
869,0.030475526854648827,-0.0004642710613558254
870,-0.11913393730206012,-0.007071327181741971
871,-0.31919377836592866,-0.04966652918781034
872,-0.9886315950623072,-0.3865743520294641
873,0.23963141349410444,-0.028303345586343287
874,0.16578863243466047,-0.013648932305155625
875,0.12441460500917167,-0.007709624179590313
876,0.6890490619740692,-0.2113197537895255
877,0.7940435636835494,-0.27039544019851736
878,0.020735680801309497,-0.00021496112169350212
879,0.7840620510652037,-0.2646264296873072
880,0.5715095263745646,-0.1506734769424658
881,-0.07604006604773139,-0.002886870773686545
882,0.15452137001576904,-0.011867446622461308
883,0.4200411774366877,-0.08443809225800969
884,0.6884313075119375,-0.2109841207773442
885,-0.9848966811726947,-0.38430941350542236
886,0.2592230231006487,-0.033040133848319164
887,-0.5561363998573592,-0.1432797538931242
888,0.2989193034667157,-0.04369308340697198
889,0.2735606094822578,-0.03672631151701544
890,0.869369898597774,-0.31470235050890116
891,-0.49755622497902685,-0.11642676478542169
892,-0.232416348201115,-0.026647206684650593
893,-0.12362280370561662,-0.007612178294388872
894,-0.9763559551629191,-0.3791311901155078
895,-0.4133065200613466,-0.08186527490096651
896,0.9500881570618842,-0.3632217200132237
897,-0.6685927357925421,-0.20029160433185755
898,0.32748717425895535,-0.0522115206317727
899,0.30378274829350027,-0.04509362416335705
