,data,labels
0,0.08988489653339382,-0.004031498913117604
1,0.781292492593145,-0.2630306531812453
2,-0.15037607201211234,-0.011242803472246043
3,0.20236177557483792,-0.02026695168821191
4,0.8952882321102851,-0.3301962428505478
5,0.47742875166766185,-0.10771447868447459
6,-0.8266987155737426,-0.2894495894592768
7,-0.6539530354590499,-0.19251216280263894
8,-0.6265617796572114,-0.17822597613748725
9,0.49851698466784944,-0.11684944769590233
10,0.5837950975186017,-0.15667963029942145
11,-0.8061624430175729,-0.27743575480672855
12,-0.8597749807890285,-0.3089938179967624
13,0.1620404608323407,-0.013042751891776283
14,0.6497001947831436,-0.19027060837723841
15,0.5656548791196969,-0.14784148682990772
16,0.16824933987311774,-0.01405422437203696
17,-0.5049662750660098,-0.11970259596719546
18,0.12089784160167438,-0.007281504501955305
19,0.3682617909084094,-0.06556048003692905
20,-0.5828001132179561,-0.1561900487476361
21,-0.16969046646016617,-0.014294279860823544
22,-0.7473739056544537,-0.24367483090526787
23,-0.5283845054614047,-0.1302896839221951
24,0.5138274655036388,-0.12366718303066637
25,0.3606316012323212,-0.0629583767484374
26,0.2788592143681299,-0.03813505762984715
27,0.017099953143343782,-0.00014619351143929649
28,-0.2509528830157266,-0.030998069416335428
29,0.15656272222443524,-0.012181144811739486
30,-0.976971257616768,-0.3795041851139148
31,-0.041677534864635435,-0.0008681314118904604
32,0.6868665813101273,-0.21013469673966545
33,0.12042182939821755,-0.007224485527593916
34,-0.2705938253220339,-0.03594844850919676
35,-0.9471444505139268,-0.3614410647263623
36,0.25102783184040267,-0.031016297559096295
37,0.04214210215188885,-0.0008875842507524156
38,-0.48709383597430933,-0.11186382944103446
39,-0.14367528194013635,-0.010268211553516982
40,0.20095207885301303,-0.01998839837787958
41,0.7086605943028093,-0.22205536374265633
42,0.1726527593165228,-0.014793965546841648
43,0.07637027232256455,-0.0029119612394874483
44,0.9715085200682032,-0.3761930929201174
45,0.3770026597912044,-0.06859911918481265
46,-0.5176590867410993,-0.12539722317513646
47,-0.3000363397373256,-0.044012940950528434
48,0.36553055769770704,-0.06462362848087888
49,-0.9496153018466895,-0.36293565168609365
50,0.8652494340266097,-0.31224890810263317
51,-0.40733542582224747,-0.07961302701375894
52,-0.8425517628649974,-0.29878920888258786
53,0.9928596265674183,-0.38913855861232205
54,0.8701145979532852,-0.31514607167844766
55,0.8211852552172463,-0.2862143784760871
56,-0.549371977880917,-0.14007042707913508
57,-0.5351371410120835,-0.13340702824392514
58,-0.4960884891343118,-0.1157822246919552
59,0.6436654032559115,-0.18710438757094539
60,0.38973193754525703,-0.0731332727686993
61,0.07797137914568864,-0.0030351525660285983
62,0.5999995134072469,-0.16472954472693224
63,-0.552299846847659,-0.1414561825608288
64,-0.4067154572619647,-0.07938074451881594
65,-0.1362049198485682,-0.009233001738616298
66,0.8728194995756295,-0.3167585304909173
67,0.5373387303143371,-0.1344295031771522
68,-0.6060788314804115,-0.16778609594482052
69,-0.5565010637647223,-0.14345353855488918
70,-0.7261454810916514,-0.23175272872955288
71,0.7162950443311102,-0.22627540975198668
72,0.20172188233385935,-0.02014027851607969
73,-0.15411771062278024,-0.011805891426593274
74,0.13358331513323574,-0.008882565873884585
75,0.9006375683820049,-0.33340593383482897
76,0.6201532808469357,-0.17493659897470026
77,-0.7688493172865329,-0.2558886834678191
78,0.20170286721695252,-0.02013652017422196
79,0.3135025684781667,-0.04795400398985539
80,0.6833963428320919,-0.20825450277613533
81,-0.510570196370929,-0.12220391584224943
82,-0.7080807299124627,-0.22173575040487514
83,-0.5448200061394228,-0.1379262193198343
84,-0.4729126831978172,-0.10579766415199154
85,-0.8271009343706937,-0.28968587543046365
86,-0.5829152736360561,-0.15624668517286178
87,-0.03843243184622125,-0.0007382532656703411
88,-0.5348288765184077,-0.13326410118142729
89,0.3692705144056736,-0.06590801108876754
90,-0.025642942945286018,-0.0003287262191402629
91,-0.6796501953449703,-0.20623052529613517
92,0.2221928033680045,-0.024382642257112064
93,-0.18962250868765773,-0.017817701563075272
94,-0.9229881227250716,-0.34685331165557476
95,-0.7371339985986616,-0.23790439550192755
96,-0.24330872869439135,-0.029165791899955384
97,-0.7905450981215532,-0.26837030639931725
98,0.18908258488524354,-0.01771728209245882
99,0.029788451617204892,-0.000443577515266691
100,0.2026783226374611,-0.020329757545666682
101,-0.7458745153125939,-0.24282766504555064
102,0.41622834046824053,-0.08297726635176617
103,-0.0882113528458166,-0.0038830627238696236
104,-0.24450563343571408,-0.029449169719221402
105,0.4556912240923878,-0.09861899872640278
106,0.04167924457667538,-0.0008682026080713001
107,0.9662932029815627,-0.37303294090894046
108,-0.8631687434874789,-0.31101111478834476
109,0.32063653397307235,-0.05010506330794373
110,-0.7617137178558055,-0.25181416846697
111,0.6851174142254666,-0.20918635696261412
112,-0.41718858849217133,-0.08334413361458848
113,0.1332533217176719,-0.00883892882089532
114,-0.04636408785699353,-0.001074236915379334
115,0.9810222425521331,-0.38196013689033714
116,-0.5678038552050175,-0.14887868860930653
117,-0.05727215741471903,-0.0016387058603779536
118,-0.5612212880557239,-0.1457100877360179
119,0.52921260199899,-0.13067044343676404
120,0.36645422822502294,-0.0649397849947706
121,-0.7075612598085816,-0.22144953637041753
122,-0.5027811062165171,-0.11873281151685944
123,-0.9436959835023662,-0.35935580529587174
124,0.6308625154062519,-0.1804449899325935
125,0.6632582296111507,-0.19744568142714358
126,0.3828813769461148,-0.07067714822017401
127,0.6666272009623646,-0.19924152965260067
128,0.0822492466045599,-0.0033767551786921812
129,-0.9642562405819524,-0.3717989677867889
130,0.9517122865684116,-0.36420439189871234
131,0.41046904038232324,-0.08079160225026616
132,-0.8967248154809095,-0.3310578516121452
133,-0.4222225890066984,-0.08527879793573201
134,0.4513700164845762,-0.0968507401194465
135,-0.5064921878505235,-0.1203816582798598
136,0.4703248907281645,-0.10470566730018283
137,0.14457963071628765,-0.010397206261412939
138,-0.36588420444881997,-0.0647445940323973
139,0.8695565979637381,-0.31481358463982434
140,0.9059196426341325,-0.33657880203183954
141,-0.5766126217656764,-0.1531579282951573
142,0.8490194656828309,-0.3026145628247505
143,0.5542306383859428,-0.14237282359521142
144,0.8045449524197916,-0.27649389169630845
145,-0.8101877697816364,-0.27978255898234283
146,-0.8025473439750528,-0.2753316084011366
147,0.009908719534311494,-4.90901564436097e-05
148,0.562402892209827,-0.14627701093000134
149,0.6150375984734342,-0.17232575321766286
150,0.9876059113383655,-0.3859523316229414
151,-0.10176476367154486,-0.005164650655785863
152,-0.3450774820098321,-0.057801433630573995
153,0.5095578876975824,-0.12175055559940229
154,0.9199795898207119,-0.34504007134439485
155,-0.5682133827078413,-0.14907664929671316
156,-0.5565922263256224,-0.14349699537996286
157,0.7373026226135562,-0.23799912778452437
158,0.40286470927689133,-0.07794461523935547
159,-0.601873936402215,-0.16566987170334924
160,0.9455471593052776,-0.36047509564046154
161,-0.9385807761985303,-0.3562642329752449
162,0.9305454109566109,-0.3514118665585362
163,-0.9370552186769567,-0.35534258409686215
164,-0.5731692302976954,-0.15147988095436582
165,-0.20067221250471112,-0.01993331962748024
166,0.3802607585172373,-0.06974740504414212
167,-0.3404514590514758,-0.056306264288393026
168,0.9358999211277166,-0.35464474520493305
169,-0.8382040493770742,-0.29622249315992866
170,0.5960347422786465,-0.16274676795236487
171,-0.5206301512323066,-0.126745181297926
172,-0.3808848193517256,-0.06996831433369777
173,0.05933080206332275,-0.0017585240182925732
174,-0.504812003446923,-0.1196340268748094
175,-0.10607422093898133,-0.0056100746014610126
176,-0.0904520471513508,-0.004082430548088656
177,-0.855995623369356,-0.30674976369009666
178,-0.7804754830585154,-0.2625603243391469
179,-0.2639946044862276,-0.034246424944467724
180,0.7920258903508244,-0.2692270763799526
181,-0.37693308839591055,-0.0685746917764285
182,0.4033531652409088,-0.07812615096112019
183,0.04269514200529145,-0.0009110223423616226
184,-0.059242657215785144,-0.0017533073746464067
185,0.07159516798963206,-0.0025596525283169136
186,-0.23648399174692836,-0.027575011562288032
187,-0.1477737530286305,-0.010859150123431083
188,0.37600887232626423,-0.06825055477428121
189,-0.5665142986173779,-0.14825596463778656
190,-0.3872441542179925,-0.07223704707838785
191,0.8970725692101857,-0.3312664620434771
192,-0.9375614774153198,-0.3556484147158985
193,-0.7177459396722077,-0.2270799136823245
194,-0.40163376261227945,-0.07748794890489097
195,0.7031359081689461,-0.21901556012647883
196,0.4629660669827018,-0.10162597598974454
197,0.26237095385658127,-0.03383365394926052
198,0.727695682627421,-0.23261795855220357
199,0.7948138372484872,-0.270841768665425
200,0.8108689319885118,-0.28018008220693014
201,-0.9029226004255448,-0.33477810093374727
202,-0.8698839410241943,-0.31500862731926704
203,-0.5943530207172092,-0.1619082994457689
204,0.22290936002413342,-0.02453821200016082
205,0.4601466491111268,-0.10045614268626835
206,0.46092793308122193,-0.10077974970215586
207,0.6960236802797826,-0.21512003345794617
208,-0.8841844173569755,-0.3235461428817097
209,0.5667737036756966,-0.14838115356523596
210,-0.5383091913663274,-0.1348811587463956
211,-0.8703756029142236,-0.3153016105624752
212,-0.8261672133343796,-0.28913741094395706
213,-0.7876985377493868,-0.26672501192596154
214,0.4853493828416524,-0.11111020093820334
215,0.05138290961067349,-0.0013192307490702548
216,-0.918380704197931,-0.34407679269246816
217,-0.7157456466979761,-0.2259709821892084
218,-0.5579666158400882,-0.14415275613686518
219,0.08757174446837745,-0.003827063269937203
220,0.6728008608318943,-0.2025454999408246
221,-0.4677126709087709,-0.10360809822831585
222,-0.6301389355283962,-0.18007100917993246
223,-0.0516852545979527,-0.0013347911442158633
224,-0.4122095571194857,-0.081449467482544
225,-0.4611382783625737,-0.10086694838137888
226,0.7487733894590096,-0.24446622621294467
227,0.14333538239857613,-0.010219933836107531
228,0.22118658057534768,-0.02416498777806131
229,0.19298151170455147,-0.01844863348689796
230,0.5691961080246004,-0.14955208094071593
231,0.4220361307798075,-0.08520679786112106
232,0.9854163297098202,-0.3846245264845176
233,0.9008140671671019,-0.33351189854484686
234,0.3776656713828177,-0.06883210504870674
235,-0.70253419288908,-0.21868520681147607
236,-0.2551516017879196,-0.03202708255930642
237,-0.8923406907932314,-0.3284292814197902
238,-0.5309280294013798,-0.13146056303919995
239,-0.09358878442474028,-0.004369854564073683
240,-0.02667947163425821,-0.00035583377948000816
241,-0.5647683985349596,-0.1474144065510874
242,0.08440587518367448,-0.003555838861012961
243,-0.8787346795952362,-0.32028882831285743
244,0.2617716350968047,-0.03368189184544523
245,0.6007094743305279,-0.1650854847140678
246,0.027506786046811893,-0.00037824008848741375
247,-0.09886703572506739,-0.004875421737006391
248,0.7304555376888509,-0.23416048854917992
249,0.6111413780305857,-0.17034629817410107
250,0.2764012739082522,-0.03747845832446439
251,0.8029390336051512,-0.27555942729922656
252,-0.9972314487422966,-0.39179013335986335
253,-0.3862881150564088,-0.07189393070373429
254,-0.5340225059194001,-0.13289050504277045
255,0.9348560986359553,-0.3540143328877541
256,-0.9700258519015954,-0.3752945851994335
257,0.2584081281728825,-0.0328361732528758
258,0.5072170128543141,-0.12070475389379853
259,0.3428072074738777,-0.0570654366480825
260,-0.6933558287487664,-0.21366404375889625
261,0.7279688994196227,-0.2327705419068038
262,-0.9397787191528315,-0.3569880823615037
263,-0.03556200275262622,-0.0006321281426581171
264,0.405943269887479,-0.0790918434868757
265,-0.15389486050888013,-0.011771975708269045
266,0.21594335841572465,-0.023046054775155977
267,-0.17563290898198392,-0.01530512695556474
268,-0.6481151859723933,-0.18943735349716817
269,-0.6205171948783441,-0.17512283494056402
270,-0.2716610963576165,-0.03622737236132956
271,-0.0596958647742416,-0.0017802116756646669
272,-0.8278844576891691,-0.29014626530541454
273,-0.3238444417724595,-0.0510864792468011
274,0.2596486460354268,-0.03314690144235277
275,0.8243345104280337,-0.2880614607266242
276,-0.7247633035558867,-0.23098201565897103
277,-0.11462430484823782,-0.006547834522947937
278,0.5847089671797792,-0.15712978433274016
279,-0.3151585843873663,-0.04844944965893139
280,-0.8070096079156257,-0.27792932252018565
281,-0.29153813879082424,-0.04160689237001691
282,0.6964287804957774,-0.2153413708850208
283,0.8444420624107833,-0.29990637185085456
284,-0.8250472939403215,-0.2884798337884624
285,0.8987598055635846,-0.33227882417969856
286,0.9796430455885958,-0.38112393744300765
287,-0.6064494453456519,-0.16797306499430298
288,-0.6320087352242059,-0.18103793976367355
289,-0.8560398437596792,-0.3067760050984777
290,0.7403274796468646,-0.23970015343794715
291,0.38205386942774533,-0.07038297578915598
292,-0.08060787463512242,-0.003243543038489838
293,0.7140576427426666,-0.22503635358422214
294,-0.8686843590695215,-0.31429396111923935
295,-0.6985350874060932,-0.21649327517705264
296,0.45435361189909385,-0.09807021201702659
297,0.8947943535672387,-0.32990009621623073
298,-0.5776647054825186,-0.15367197318925807
299,-0.9249827788595475,-0.3480559741038767
300,-0.3888089857256787,-0.07280021022766714
301,0.9632442203409639,-0.37118596260203174
302,-0.7674242358505003,-0.25507369047594686
303,-0.854308529388093,-0.3057488745486042
304,-0.47000731606203483,-0.10457197837727872
305,0.47002352341659037,-0.10457879945920745
306,-0.8825113252463241,-0.32254565746676
307,0.6313948794256077,-0.18072030613823908
308,-0.39830866571723367,-0.0762602442133764
309,-0.9324709665813218,-0.3525741774624932
310,-0.7115450102590841,-0.2236471440028841
311,-0.6004457248336528,-0.16495322207679186
312,-0.9048479881197364,-0.3359347994999283
313,-0.31905376141816655,-0.04962406473930747
314,-0.7163458577233834,-0.22630357178708727
315,0.10242913846563018,-0.005232128686500137
316,0.2597854283264145,-0.03318124799018496
317,0.5741344654760645,-0.15194958408179315
318,0.4255731362261683,-0.08657704497162355
319,0.1824823362657526,-0.01651205800143296
320,-0.15650763812818047,-0.01217262720921175
321,0.09375217347453213,-0.004385092298571203
322,-0.5873570188838091,-0.15843677443800963
323,-0.20589229321056557,-0.02097276555456784
324,-0.07188269168056216,-0.002580226160987187
325,0.5921986998961237,-0.16083644413669473
326,-0.9217238147622764,-0.3460912055972942
327,0.08069378736839772,-0.0032504494736015355
328,0.19981925421888813,-0.01976590870947592
329,-0.26628595560104107,-0.03483297051821399
330,-0.5084875195512151,-0.12127191831092698
331,0.32581024238709033,-0.051692210565154384
332,-0.20418823694517774,-0.020630633526591446
333,0.4550360069933401,-0.09835002073918075
334,0.31389700950939536,-0.0480717991303069
335,0.6883792877910369,-0.2109558650987804
336,-0.7946980376102752,-0.27077465935887257
337,0.8236492177705672,-0.2876593328979121
338,0.6328077268095866,-0.18145164763567656
339,0.5919635430191559,-0.16071959762640176
340,-0.46330231560477597,-0.10176586729687209
341,-0.6835871970119587,-0.20835777707173997
342,0.35185355757741954,-0.060023555420402386
343,0.4590279905847501,-0.09999354914796088
344,-0.7248941286206301,-0.23105493491927598
345,0.2257276798372907,-0.025154705344608286
346,-0.6711026689173696,-0.2016350027885898
347,-0.7292754999701621,-0.23350061071483785
348,0.6273911446446205,-0.17865318124199014
349,-0.9459286601460277,-0.3607057944824157
350,-0.8288451635273024,-0.29071095276800574
351,-0.09658171772072488,-0.004653154474891785
352,0.2537165564896411,-0.031673587469629005
353,-0.551447251739565,-0.14105212144572787
354,-0.6849907326893188,-0.2091177242487292
355,-0.0259761576044919,-0.0003373234755855714
356,0.3252849798275821,-0.051530037991653566
357,0.8134753348509407,-0.28170221976196486
358,0.22031940640882786,-0.023978164538445368
359,-0.856620756585702,-0.3071207658726711
360,-0.4509802125499005,-0.09669188944013951
361,-0.46032834547960766,-0.10053136253061978
362,0.35088690923365773,-0.05970423682867443
363,-0.2090725738495609,-0.02161856590200062
364,-0.8109122093016654,-0.28020534252295526
365,-0.5963253337419856,-0.16289180518209456
366,0.044320499081568654,-0.000981671164711151
367,-0.898422310065687,-0.3320762933780216
368,0.2057917162730949,-0.020952496584608626
369,0.9077867891621783,-0.3377011747850326
370,0.6971403894493644,-0.21573033812721454
371,0.781517016944205,-0.2631599389812188
372,0.7136355819811326,-0.22480283221065767
373,-0.6737746072640256,-0.20306814895869674
374,-0.05988972949224647,-0.0017917826866513664
375,-0.17593580057943337,-0.01535755426374985
376,0.7935579286391334,-0.2701141252738467
377,0.19515861786223154,-0.018863262268115077
378,-0.5291210219166262,-0.1306283137144042
379,0.8986966526999431,-0.3322409250789292
380,-0.6513953573052373,-0.1911630729753271
381,0.516980802001777,-0.12509027976263087
382,-0.6039277984022555,-0.16670236260841054
383,0.43152364677540445,-0.08890338072216009
384,0.04591165765132654,-0.0010533849542883056
385,0.7117460139763059,-0.22375818820752913
386,0.5789305291786873,-0.154291277924142
387,-0.25016186338049917,-0.03080599826839281
388,0.08740143753067309,-0.003812220607569583
389,0.5487580996039851,-0.13978053113801536
390,0.2733448143978152,-0.03666946729928633
391,0.1978462111389776,-0.01938128199717415
392,0.16280082512827443,-0.01316463245844901
393,0.238245047461616,-0.027981412070213763
394,0.875473681596219,-0.3183419116524966
395,0.8210231005049837,-0.2861193345115347
396,-0.7260737442363481,-0.231712710593317
397,-0.16964345458628904,-0.014286417484064895
398,0.6264397547985017,-0.17816315020684392
399,0.8735986583438573,-0.31722322837092054
400,0.5975404435985343,-0.16349877227867948
401,0.8548126680329011,-0.30604790533268766
402,0.6222272606994448,-0.17599887351385812
403,-0.9889616960941159,-0.3867745432009754
404,0.5823438172121813,-0.15596571293153305
405,0.8045814023194879,-0.27651510910411436
406,0.30301868164103807,-0.044872233664906336
407,-0.798238048987814,-0.2728278187271894
408,-0.48021583023082015,-0.10890445320647602
409,0.8405972779273891,-0.2976348769242534
410,0.8738751600692465,-0.3173881603255756
411,-0.3595611430497101,-0.06259710746230307
412,-0.5328973614891952,-0.13236989281337908
413,-0.5352028600331347,-0.1334375065180956
414,0.7762654678608181,-0.26013980647105406
415,-0.8078510751897805,-0.27841974963952476
416,-0.6154882885377191,-0.17255522958858005
417,-0.25150496685835355,-0.031132460111854665
418,0.8950692985195021,-0.33006495869672803
419,-0.07016445318879394,-0.0024584981766188063
420,0.29264109591733134,-0.04191560079209111
421,0.09336547198236334,-0.004349070960335655
422,0.6779392454174833,-0.20530811877474253
423,-0.22294276007367153,-0.024545475009388307
424,-0.8399270418555898,-0.29723921173816215
425,0.10364037858583974,-0.0053562678045829815
426,0.4341463800512877,-0.08993708059287231
427,0.7686088364009014,-0.2557511108745524
428,-0.8577716623071898,-0.3078039902084355
429,-0.32382633587274623,-0.05108091543635751
430,-0.9976751072637793,-0.3920592241044033
431,-0.4269441337579716,-0.08711069297614493
432,-0.24915246984713346,-0.030561728345179562
433,-0.36382158004727483,-0.06404049848617288
434,-0.2824159950359437,-0.039094679892426765
435,-0.15669087766206924,-0.012200972681876476
436,0.10051631062681698,-0.005039025649484441
437,0.1968625192475375,-0.019190890230460056
438,-0.5331368090756579,-0.13248062107803682
439,0.035499407968413665,-0.0006299055092278127
440,0.20991419916706167,-0.021791053957272544
441,-0.005936038746998662,-1.7618122801987823e-05
442,0.019162686076550584,-0.00018358741460200445
443,-0.10158351345283112,-0.005146317203563067
444,0.9368979883519204,-0.35524760543806055
445,-0.2477209834644034,-0.03021690202500671
446,0.4028651643682142,-0.07794478428928497
447,0.9129936138842487,-0.3408332024810067
448,-0.5450309412269019,-0.13802530374971023
449,0.9647114786273756,-0.372074731310983
450,0.38884105345772,-0.07281177116548976
451,0.00011482806268525714,-6.592742018973752e-09
452,0.8861797270642546,-0.32473984957950264
453,0.6699330397555481,-0.20100863367744504
454,-0.4826843465767192,-0.1099628621588189
455,0.15801035802166807,-0.012406039264126423
456,0.6562819923860006,-0.1937432402853253
457,0.4218673053351927,-0.0851416291608923
458,0.8576690399186504,-0.3077430595265348
459,0.6166615235656587,-0.17315309112104404
460,0.6010671381156412,-0.1652649019098722
461,0.3823229849558831,-0.07047858462370549
462,-0.6176608723628316,-0.173662899411809
463,-0.7358348925588698,-0.2371748953031726
464,0.2691117408221262,-0.03556280415792801
465,0.4037577217760986,-0.07827664471498319
466,-0.15825478663367742,-0.012444211131794836
467,-0.21237161528680581,-0.022298481649543733
468,-0.6983376102317524,-0.21638520237382464
469,-0.049010774128263934,-0.0012003070448631803
470,-0.5445408045828466,-0.13779510894863367
471,-0.9808819460280087,-0.38187507381443475
472,-0.15414785261873676,-0.011810482436975911
473,0.7433633632900083,-0.2414105408357865
474,-0.58228244460992,-0.15593554823425282
475,0.06631553026554671,-0.002196459023028785
476,0.01295809124444025,-8.395254013782161e-05
477,0.5807044485946211,-0.15516068401817373
478,-0.6991887306762297,-0.2168511043150052
479,0.07258161281889763,-0.0026305792063960887
480,-0.4071930170025926,-0.07955964484638378
481,0.6607745001928886,-0.19612498032553782
482,0.1749770720253876,-0.015191908609073157
483,0.8514643968059867,-0.30406277001231286
484,0.0655783601545965,-0.0021479505059374127
485,-0.2585051881638787,-0.03286043502777114
486,0.5354071673898133,-0.13353227446140636
487,-0.41394070028725793,-0.08210608099398087
488,-0.4611958993906893,-0.10089084065619691
489,0.5423361034045246,-0.1367614654514917
490,0.8200662091944351,-0.28555859525626814
491,0.28133038916050523,-0.03880059480265763
492,-0.21707314713343928,-0.02328499686883556
493,0.9029602868308741,-0.33480073712998437
494,-0.47178183627040715,-0.10531989619677884
495,0.02770382159037199,-0.0003836772424101742
496,0.9975943235925542,-0.3920102266053652
497,0.16810671518470466,-0.014030574859018263
498,0.4793714107571112,-0.10854335530686487
499,0.6507228241417402,-0.1908088390383048
