,data,labels
0,0.3071627521583826,-0.04607905529852563
1,0.2615916729532699,-0.033636384156835564
2,0.40655635208976526,-0.07932118048190429
3,0.12368471466778197,-0.007619775513307503
4,-0.7012149628971376,-0.21796142584966516
5,0.3378942945122285,-0.055487423985089546
6,-0.9891037877328348,-0.38686071573247005
7,0.4066147649674776,-0.07934304619000876
8,-0.5454834139991831,-0.13823793876688883
9,0.45437181163341145,-0.09807767029672187
10,-0.919380899751661,-0.3446793488632476
11,0.25770287810897585,-0.03266013955012448
12,-0.9249397293575077,-0.3480300137487107
13,0.9389667437208011,-0.35649743948322343
14,0.8245037304892902,-0.2881607751014912
15,0.567812508341381,-0.14888287043177806
16,-0.5784284589400321,-0.15404553191593007
17,-0.5979990528193249,-0.16372806156879327
18,-0.07194202687883355,-0.0025844820763483156
19,-0.09348397082089521,-0.00436009347294708
20,-0.6127559909340232,-0.17116564116490007
21,-0.7401397790351978,-0.23959450828565132
22,0.7485899683778783,-0.24436246616653945
23,-0.9467971283110936,-0.3612310056079583
24,0.31779007191344255,-0.049241569405296226
25,0.7437986487588897,-0.24165603375974565
26,-0.27174373996354695,-0.03624901311958151
27,0.8024949141139741,-0.27530111656073275
28,-0.9442606913098599,-0.35969722372944524
29,-0.7229103245795705,-0.22994987487780527
30,0.69346339071672,-0.2137226900476914
31,-0.33431585250791107,-0.05435074457744482
32,0.41772357771996504,-0.08354883164217264
33,0.15386437072980663,-0.011767339173139768
34,0.9686396629525069,-0.37445461785789036
35,0.48370887576929555,-0.11040336513975912
36,-0.3103167023360136,-0.04700748344735051
37,-0.6680396918465938,-0.19999597089148302
38,0.6660932585774963,-0.19895657072328055
39,-0.6030605840213552,-0.16626613478046848
40,-0.8390464636346728,-0.29671951517949624
41,0.6081005125831858,-0.1688068802335534
42,-0.7081376073943662,-0.2217670947293221
43,-0.5383907017671596,-0.13491912029712083
44,0.4498469377976346,-0.09623068504181753
45,0.6664002161133196,-0.19912037492950618
46,-0.14867130826190333,-0.010990734599829022
47,0.08821286153351937,-0.0038831952916066337
48,0.3337900630872499,-0.05418463472573831
49,0.9959151201563561,-0.3909917492156322
50,-0.11291007850242796,-0.006354069888531488
51,0.7150482049555131,-0.2255846858448609
52,-0.6606641436014118,-0.1960663638567096
53,0.42515853039080787,-0.08641594026387989
54,0.9827242861683521,-0.38299213704738644
55,0.5489406102750081,-0.13986669574982902
56,-0.6089015542839438,-0.16921193387818056
57,-0.8661406746726468,-0.3127793327327295
58,-0.9689761844746789,-0.3746585278725282
59,0.23529592923484866,-0.02730244930464054
60,0.4533596711563732,-0.09766325374640361
61,0.44893585374148115,-0.09586057599420805
62,-0.6171746100821689,-0.1734147734918351
63,-0.37718400640469385,-0.0686628104827105
64,0.5656178400007037,-0.1478236333490205
65,0.5394811464581826,-0.13542736151423096
66,-0.7446945872452635,-0.24216152835055815
67,-3.391841265520945e-05,-5.752293086302984e-10
68,-0.6968275394749894,-0.21555930837140824
69,0.2819915953019976,-0.03897958804581614
70,-0.0816031671975408,-0.003324001681858979
71,-0.25007214293566493,-0.030784248720928553
72,0.35197471183424045,-0.060063631303482024
73,-0.34126019763606474,-0.05656637012771637
74,-0.42127966008995,-0.084914958049224
75,0.1317978590713631,-0.008647729241158864
76,0.8717222179857882,-0.31610426874476893
77,0.2629441966375061,-0.03397911534019182
78,-0.8949701022040626,-0.3300054774436514
79,0.7767358082846842,-0.26040996860676346
80,0.7205821128497367,-0.2286548117860876
81,0.20890964788867183,-0.021585251371112668
82,-0.25646511471339006,-0.03235227416516384
83,0.6600537643048037,-0.1957422574668567
84,0.9782268152087916,-0.38026533424111664
85,-0.09930711123692992,-0.004918813988865067
86,0.7452148459192889,-0.24245518625512164
87,-0.42908981490953835,-0.08794869465517263
88,-0.23599331652505184,-0.027462284972507245
89,-0.5402300349164386,-0.13577683033928967
90,-0.6871383300683176,-0.21028214455947958
91,0.12909128921957014,-0.00829766324077974
92,-0.07187830201205236,-0.002579911443526872
93,0.6581367870562087,-0.19472545920351403
94,0.5932553865291008,-0.1613618701525994
95,0.6412668412950802,-0.18585075398427275
96,0.03833986175129933,-0.0007347024734247753
97,-0.5829767877452312,-0.15627694112286883
98,-0.2800298078847123,-0.0384496475213727
99,0.24359673567687734,-0.029233860609150786
100,-0.07487071602325956,-0.002798887848330045
101,0.33828534624047646,-0.055612290313049706
102,0.48058672164426985,-0.10906321153380671
103,-0.20729254005131925,-0.021255937963631233
104,0.5760848671398338,-0.1529003045570697
105,-0.5115019225755728,-0.1226217751739237
106,-0.6137324423047716,-0.17166180122877517
107,-0.7210912594332859,-0.22893785242566844
108,-0.8380853155669115,-0.2961524524739735
109,-0.9623296747845096,-0.3706320401343448
110,0.9905070996811085,-0.3877117785555382
111,-0.3728755288996912,-0.06715673259854549
112,0.7533315963955618,-0.24704833794735448
113,0.9246642511275456,-0.34786389487994096
114,-0.487231745550738,-0.11192349634495202
115,0.7481984124422032,-0.2441410030662452
116,-0.7447225357170786,-0.24217730143185723
117,0.39037537783986576,-0.07336586510647303
118,-0.9315777824784848,-0.35203499090873014
119,0.9873056276112158,-0.38577022911566494
120,-0.2417422617822942,-0.02879689398953922
121,-0.28232014805042427,-0.039068673475482374
122,-0.6079009933877983,-0.16870604389134403
123,0.997939615306624,-0.3922196555693247
124,0.7635727389696136,-0.25287417219330466
125,-0.7130609437950104,-0.224485000457615
126,-0.6607610201832583,-0.19611782005362854
127,-0.18956434860163873,-0.017806871204943953
128,0.8992932429002753,-0.3325989693321718
129,-0.07079576892693273,-0.0025028830011158965
130,-0.46427072547605386,-0.1021692054999479
131,-0.7732584885446121,-0.2584141498322906
132,-0.8110223623610213,-0.2802696392875763
133,0.11529872174783695,-0.006624855857848888
134,0.7506657583639778,-0.24553737671433673
135,-0.6889848490500132,-0.21128485881168646
136,-0.06399580905656066,-0.0020456366160243045
137,0.8683045115901737,-0.3140677125189779
138,0.7436334294619185,-0.2415628455785025
139,0.07072130338870397,-0.002497627102661659
140,0.5840715827786147,-0.15681577250691658
141,-0.14766815472528183,-0.010843720313761795
142,0.9209552635115623,-0.34562801099329266
143,0.466266065975528,-0.10300233687643168
144,-0.6688730928152216,-0.20044152278168548
145,0.71650650388256,-0.22639261224714313
146,0.04853484855359791,-0.0011771224093163335
147,0.09780402728992432,-0.004771394435714171
148,-0.8580765375312345,-0.30798501718410176
149,-0.4687093814639893,-0.1040263206249572
150,0.6481635865815576,-0.18946278072505496
151,-0.8989399802035478,-0.33238695283867814
152,-0.9661578799666659,-0.3729509580054825
153,-0.8167773676513717,-0.28363297180781866
154,-0.6659498083013269,-0.19888003459859727
155,-0.6728206773264869,-0.20255613213220325
156,0.03655702871625688,-0.0006679849729163134
157,0.688737240893897,-0.2111503180787666
158,0.7545454384814916,-0.24773709571355562
159,0.9246053409581678,-0.3478283718028966
160,0.2959682458219359,-0.042853293803793435
161,-0.21526470177922197,-0.022903095334757873
162,-0.5596548832250989,-0.1449598004720184
163,0.46955675993531143,-0.10438242917925489
164,0.7527234712791062,-0.2467034560998883
165,0.6077578525681615,-0.16863371384643455
166,0.6609301432686401,-0.19620766031697023
167,-0.7322945853869423,-0.23518987600662
168,-0.13203775922965422,-0.008679102172441056
169,0.1440153991269253,-0.010316632276807236
170,0.14737365408012293,-0.010800745484172314
171,-0.774394010490135,-0.2590654926546597
172,-0.1333625714307758,-0.008853363841821005
173,-0.02832901186469461,-0.00040118595999760753
174,0.4192561698491659,-0.084136431400754
175,-0.615765215200792,-0.1726962832137342
176,-0.08673772113966716,-0.0037546497434762793
177,0.4630912997868848,-0.10167806793734957
178,-0.544513661141782,-0.13778236517055564
179,0.6470960240480772,-0.1889021934252214
180,0.770740977072123,-0.2569714627572509
181,0.35447398222201043,-0.0608930439333798
182,-0.9779258160520952,-0.38008285740563297
183,-0.2324738208868813,-0.02666020985457862
184,0.28294857422104447,-0.03923933397260193
185,-0.3214704807114912,-0.05035935558335414
186,-0.38348240469134964,-0.07089114936895302
187,0.1833119367548397,-0.01666127283453034
188,-0.7563434355630456,-0.24875819092945706
189,0.18226895882603045,-0.016473784972241723
190,0.19871077537217774,-0.019549369656623794
191,0.7822042215933029,-0.26355573551846634
192,-0.7473318048946107,-0.24365103342267902
193,-0.7577066998874005,-0.24953309153112158
194,0.43799792894611445,-0.09146429682438095
195,-0.85005807318033,-0.3032296206489544
196,-0.3832140731675633,-0.07079557221295718
197,0.6443470238462488,-0.1874611443390507
198,0.0011173600179539278,-6.24246510039228e-07
199,-0.8404053107629712,-0.29752154211675896
200,-0.45878906843912626,-0.09989486396121161
201,-0.496647267205353,-0.11602743687164219
202,0.5693986464070293,-0.14965013581905096
203,-0.8105961298026185,-0.280020862312235
204,-0.05010234620760845,-0.0012543352108844719
205,-0.4553440940605933,-0.09847645761434265
206,0.3340604692496616,-0.054270033693905706
207,-0.44100453751580226,-0.09266405047241355
208,0.42388793115096113,-0.08592302110412109
209,-0.08093525958891767,-0.0032699003154750272
210,-0.0536503523423324,-0.0014381450301071963
211,-0.38517479238121166,-0.07149527592257965
212,-0.25020023307138395,-0.030815301875064205
213,0.08455870985432012,-0.0035687046889414376
214,0.3670887306033852,-0.06515736443617182
215,-0.21184047554491925,-0.022188329595928757
216,-0.8978765416012895,-0.3317488091880223
217,-0.1283880727663076,-0.008207878517692335
218,-0.16452040943806678,-0.01344231671292695
219,-0.5848476870096098,-0.15719815548647575
220,-0.6813670537387162,-0.2071573739573036
221,0.8971463878562342,-0.33131074639043123
222,0.9227672908589915,-0.3467201862688831
223,-0.3669736522939675,-0.06511787834630822
224,-0.27263349414423454,-0.03648238699825035
225,0.4596775886564701,-0.10026206622657285
226,-0.4129576669617123,-0.0817329415745437
227,0.33703653695558233,-0.05521398248541087
228,-0.14424788508296316,-0.010349794608077945
229,-0.6624718787105979,-0.19702724533243698
230,-0.012730759861688146,-8.103283999005839e-05
231,-0.5475391578082818,-0.13920557374122078
232,0.23816108302072614,-0.027961970933278013
233,0.05740781412709994,-0.0016464716373703059
234,0.5305913256347543,-0.1313053335437625
235,-0.4728213567928814,-0.10575904697124383
236,0.6006288499204244,-0.16504504999650094
237,-0.4817894425412321,-0.10957867862815684
238,-0.9855394497374939,-0.3846991867320706
239,0.7110545843471849,-0.22337627394532233
240,0.9150016187240666,-0.3420418694957085
241,-0.7029170426126965,-0.21889538214799198
242,0.6392589051721567,-0.18480340495883263
243,0.11165237814556783,-0.006213741136719353
244,0.0011562166959704356,-6.684183005978284e-07
245,-0.555830549308096,-0.14313405806901514
246,-0.6151754554835356,-0.17239593432551314
247,0.3865202454576595,-0.07197717451843622
248,-0.12020933594675531,-0.007199103632880677
249,-0.9284828730397643,-0.350167227821222
250,0.6963778272090979,-0.21531352753505284
251,-0.21753086040303193,-0.02338213807585321
252,-0.6741468930770811,-0.20326807887945086
253,0.49895355865711966,-0.11704171941352326
254,-0.7570051041143446,-0.249134219198497
255,-0.5557662244153949,-0.1431034231316336
256,0.12069207032171114,-0.0072568290526292545
257,0.5504999907206716,-0.14060370594007843
258,-0.32031908240347473,-0.0500084197066224
259,-0.039185161733964025,-0.0007674438143004947
260,0.8783610387181648,-0.32006566875171316
261,0.9115624157403694,-0.33997199886216767
262,0.2831630643656571,-0.03929766256028644
263,-0.08000155080358695,-0.0031950091260738445
264,0.6823006240688041,-0.2076618892881661
265,0.879766607080958,-0.3209052661318229
266,-0.893257109553574,-0.32897852086137724
267,0.8248390349458692,-0.2883575828178755
268,0.18358189403219405,-0.016709969345165443
269,0.004770149251817513,-1.1377097222653454e-05
270,0.8076676614096185,-0.2783128365757592
271,-0.4619314643888013,-0.10119604547373562
272,0.7727914520443553,-0.2581463661064405
273,-0.19710272352991876,-0.019237297164276357
274,0.06226798557174229,-0.001936773043477391
275,-0.930537901316836,-0.351407334187658
276,0.5866712875757121,-0.15809794845082636
277,0.5014800806095348,-0.11815690499807141
278,0.9063049173634559,-0.33681036338566783
279,0.4981785278194397,-0.11670047482584456
280,0.7786419615137619,-0.2615055203438905
281,-0.4423580868505419,-0.09320632776640281
282,-0.7879528014138504,-0.2668718835182746
283,-0.0766941036788602,-0.0029366722868572337
284,0.9332528620960778,-0.35304623802985813
285,-0.9476795643173797,-0.3617647149725095
286,0.6022059040947274,-0.1658366024280986
287,-0.003098611688588493,-4.800685674988259e-06
288,0.37517452485878966,-0.0679585229847226
289,-0.9228045329775489,-0.34674263682535134
290,0.25754552532030206,-0.03262092484175194
291,-0.2569149505119781,-0.03246400041619779
292,-0.156173231930822,-0.012120981048473922
293,0.9928251155346643,-0.3891176276877861
294,-0.9581318014113014,-0.3680899838222812
295,-0.5864183245882897,-0.15797302270176505
296,-0.6075675019665785,-0.16853754501414708
297,0.5166440860706747,-0.12493801561459494
298,0.8315985812339297,-0.292330498562291
299,0.16384173464920826,-0.013332382851508395
300,-0.3444977294304392,-0.05761307731751675
301,-0.7367603465202008,-0.23769451455665125
302,0.7845664865167514,-0.2649173123424491
303,-0.35020612419121533,-0.059479811451853215
304,0.5703769110966637,-0.1501240746730802
305,0.6895021163906745,-0.2115660038927083
306,0.3879609408175595,-0.07249477009051919
307,-0.09394248593728238,-0.004402874137078849
308,0.25304445576259016,-0.03150867012912628
309,-0.9802407771505568,-0.381486333129595
310,0.8880210585706638,-0.32584195014954764
311,-0.25651578549331155,-0.03236485018595725
312,0.34649740191035683,-0.058263930597595825
313,-0.2684232844659653,-0.03538433329726076
314,0.17645540338048082,-0.015447695855063115
315,-0.7924522163079559,-0.2694738547722665
316,-0.5754749390872613,-0.1526027641880776
317,-0.6472881828873787,-0.18900305826395924
318,-0.43389944979805684,-0.08983954083950241
319,-0.25750788996316065,-0.03261154885227924
320,-0.8573415235705679,-0.30754861393927213
321,0.6799595650605275,-0.20639744622853062
322,-0.11916846314258067,-0.007075411878684101
323,-0.913988442477897,-0.34143195940423765
324,0.03182559454766509,-0.0005063060179847367
325,0.7542827191716572,-0.24758798307175822
326,0.927535041303102,-0.3495953858340267
327,-0.13232728848555286,-0.008717039998875076
328,-0.4805917228043106,-0.10906535290102448
329,-0.743599995706449,-0.24154398915591768
330,0.9046502105223568,-0.33581596163650085
331,0.47964029672637776,-0.10865828553894585
332,0.706894970714002,-0.22108258263086378
333,-0.5854588629956106,-0.1574995141928225
334,-0.24909014242978533,-0.030546675675333645
335,0.7608434602644283,-0.2513183247833016
336,0.051349121370381834,-0.0013174974699056152
337,-0.7800508080446935,-0.26231592712051754
338,0.600252569752612,-0.16485638403017056
339,-0.35050471067370137,-0.059578195431577385
340,-0.8361430790027935,-0.29500715438284675
341,0.7751855279120823,-0.2595197385551903
342,-0.05038252895512274,-0.0012683945187733636
343,-0.9824532850423509,-0.38282781667103427
344,-0.5658176103303842,-0.14791993544025328
345,-0.3365180610569365,-0.055048998132928184
346,0.7052343654055455,-0.22016877044400152
347,0.3921023665485819,-0.07399174799807307
348,0.9871797675289962,-0.3856939035933048
349,-0.7992358959940735,-0.2734071566315742
350,0.8421783653308546,-0.29856861742721597
351,0.30719661512269103,-0.046088977946572296
352,0.7496880645211919,-0.24498381814537828
353,0.8522964113515514,-0.30455585947007435
354,0.42244168792774905,-0.08536343547394987
355,0.8894026984505738,-0.3266692271805254
356,-0.550057237138089,-0.14039429898513744
357,-0.7867763860180041,-0.2661924959297095
358,-0.8176919800642954,-0.2841682224134038
359,0.05933348781527559,-0.0017586830894806837
360,-0.4873900202943269,-0.11199199016061678
361,0.924216780360366,-0.3475940763863282
362,-0.9867827538734071,-0.385453143630207
363,0.7555057850234164,-0.24828235348744643
364,-0.6882513490394493,-0.2108863770747731
365,-0.4392211340979939,-0.09195160407030156
366,0.22360351219539298,-0.02468937144345318
367,-0.7918192280112333,-0.2691074678802382
368,-0.21165724815824594,-0.022150391536421843
369,-0.06367217509425371,-0.0020250198157756305
370,0.2455960410768201,-0.02970847140530042
371,-0.8933739356563841,-0.32904854673409034
372,0.33408961669776693,-0.05427924263312389
373,0.11619170743214724,-0.006727524634270177
374,-0.7879978614739724,-0.2668979136612758
375,0.5653881304345729,-0.14771292721698626
376,-0.10954232117971996,-0.00598179744605809
377,-0.1445426316090057,-0.010391913225295424
378,-0.5648663131579237,-0.14746155653730775
379,0.6953801764329233,-0.21476857433867869
380,0.6230230499875227,-0.17640704716862332
381,-0.5404313560466951,-0.13587083541084066
382,-0.8212307492304265,-0.2862410450428031
383,-0.041181283684716075,-0.0008475896557473828
384,-0.6392318065102973,-0.18478928343556522
385,-0.10918411885107493,-0.005942856855143619
386,0.025463749647533618,-0.00032414872550223794
387,0.2390294336080263,-0.028163341122579455
388,0.0702526778939796,-0.0024646770592214873
389,0.9704191406423559,-0.3755329133089862
390,0.9768004372527714,-0.3794006330990237
391,-0.9344236190441879,-0.3537531645197318
392,-0.7272517053483625,-0.2323700680959918
393,-0.7793150777295272,-0.26189264330746953
394,-0.8666160060004249,-0.3130622834601242
395,0.1753030691663222,-0.015248134781726597
396,0.8073292384778223,-0.2781155898494768
397,-0.11128446205301268,-0.0061729841073117075
398,-0.265023337912049,-0.03450917964597722
399,0.27486004812811715,-0.037069483571384954
400,-0.7806682447747677,-0.26267127438971716
401,-0.642238363124275,-0.18635819883209181
402,0.5984906151512683,-0.1639739517692368
403,0.16502223296881202,-0.013523887973550863
404,-0.8866212999070506,-0.3250041017025459
405,-0.13504599439312437,-0.00907726094593786
406,-0.005652670464154408,-1.5976214067126016e-05
407,-0.3533473027986207,-0.060518506153475427
408,-0.03520316822621772,-0.0006194395946117481
409,0.028588081485671157,-0.00040855571988884787
410,-0.6486862524670256,-0.1897374330136663
411,0.5532969631567033,-0.14192928520915282
412,0.8461282138787141,-0.30090348968637903
413,0.9240170911488335,-0.34747367277882835
414,-0.5533970402712345,-0.14197680159401993
415,-0.3526850572414142,-0.06029884530304597
416,-0.41870673970507344,-0.08392557438496306
417,-0.2782019694309059,-0.03795895980171193
418,-0.46371066911248615,-0.10193586402648913
419,0.3887899033236324,-0.07279333109614083
420,0.5658685540525887,-0.1479444972763706
421,0.16454406207407057,-0.013446156014136568
422,0.5473345380469046,-0.13910914525018303
423,-0.7825484501942139,-0.2637540452661714
424,-0.9188780424543055,-0.3443763955754957
425,0.7870515753455369,-0.26635138498190414
426,-0.8308770979781952,-0.2919059647599731
427,-0.4530719956491589,-0.097545600228653
428,-0.1357834825542248,-0.00917621625444609
429,0.48798683324949077,-0.1122504150705167
430,-0.31280024734917555,-0.04774459477314863
431,-0.859022380019784,-0.30854674161437634
432,0.7089088225091733,-0.22219222355964574
433,-0.8237373543233026,-0.287711045162936
434,0.020707387324439885,-0.00021437496330523054
435,-0.6959612279282605,-0.21508591683706768
436,0.44218288676546424,-0.09313606138657837
437,0.28193308110280424,-0.03896373223103666
438,0.36121737012602106,-0.06315646358949722
439,-0.03376898286988084,-0.000570009584809239
440,-0.5123799855765541,-0.12301608245372819
441,0.2144203939057725,-0.022725840471135683
442,-0.8523282391925935,-0.304574724709047
443,-0.9232674086329244,-0.3470216819931914
444,-0.11630079616955924,-0.0067401203984484015
445,0.40108486138214605,-0.07728469100422197
446,0.3794465451513469,-0.06945965023872613
447,0.3539957205775648,-0.06073392982622294
448,0.1676317915825114,-0.013951965243536923
449,-0.9254396098276871,-0.3483314698821658
450,-0.799436015313258,-0.2735233749925998
451,-0.20413456104819905,-0.020619901003316565
452,-0.7491292960584892,-0.2446675919828557
453,-0.7507653035541282,-0.24559375569029018
454,0.21552741161744038,-0.02295838442389664
455,-0.48774324315369655,-0.11214490944748967
456,0.6507705434348323,-0.1908339666002432
457,0.894949262065567,-0.329992981203183
458,0.39022284562733334,-0.07331069798106116
459,0.07813546861927856,-0.0030479213560345997
460,-0.21295610139950671,-0.022420001488287378
461,-0.02287065404391031,-0.0002614992113175729
462,-0.35627965928553085,-0.06149547159024227
463,-0.267115193838773,-0.03504640162984263
464,0.473402206495511,-0.10600475673676024
465,0.88118098333802,-0.32175043086169175
466,-0.708725180189504,-0.22209097066619943
467,0.28977501498959324,-0.04111562498864296
468,0.5140224504335462,-0.12375499385852351
469,0.02239676772172894,-0.00025077615259316843
470,-0.986897769224329,-0.3855228918333278
471,0.5812146006076002,-0.15541103842539783
472,0.8794228966152093,-0.32069992715231366
473,-0.6921108080984304,-0.21298556217832398
474,-0.2874559583884395,-0.04047361384020276
475,-0.540104245386462,-0.13571810665220296
476,-0.4900824206702701,-0.11315972797676521
477,-0.41151941654833846,-0.08118833753413945
478,-0.8705009870623643,-0.3153763338946818
479,0.0414672133831262,-0.00085939540094504
480,-0.9753970400281786,-0.3785499198685226
481,0.5716518227892275,-0.1507425531553973
482,-0.9233518800605114,-0.34707260793047223
483,-0.840723479154496,-0.2977093885530878
484,0.1492025170830702,-0.011068978556826314
485,0.9415738558867708,-0.3580729833884093
486,0.10687067403435013,-0.005694395600491786
487,0.7934137868831346,-0.270030640207898
488,0.47415222982734484,-0.10632237611820972
489,-0.1584996580275415,-0.012482509828294353
490,-0.2629401175160293,-0.03397807921171769
491,-0.2692255352667883,-0.03559234431622482
492,-0.3015764997113637,-0.044455737622817515
493,-0.9258303967171686,-0.3485671527194738
494,0.07436072406990513,-0.0027609402167445563
495,-0.16222069697834618,-0.013071592128518272
496,0.9856597450993856,-0.38477213435493496
497,0.005012964624502514,-1.2564828225092306e-05
498,-0.8464755073303245,-0.301108934509968
499,0.9592008469157116,-0.3687372700647913
500,-0.13316951210242833,-0.008827863042842443
501,-0.5382890462652339,-0.13487177726880906
502,-0.08446759549553229,-0.0035610317780011558
503,0.42269064349972196,-0.08545965036381886
504,0.4110690045041947,-0.0810181101920866
505,-0.9836754540712507,-0.38356888576825654
506,-0.9447280674481053,-0.35997981285519676
507,-0.6122070018670445,-0.17088690236137938
508,0.5538241942202582,-0.1421796803237526
509,0.4842202633298358,-0.11062350724647796
510,-0.5386364145482805,-0.13503357993569853
511,0.8183202731732284,-0.2845360279219108
512,-0.2858804739778986,-0.040040154213637824
513,0.18926123731334243,-0.01775047877910163
514,-0.4869913586808192,-0.11181950074163716
515,-0.1955115321282297,-0.018930896103550476
516,0.5928723984917224,-0.16117136329211545
517,0.044141549604743924,-0.0009737637847953007
518,0.5602251925982797,-0.14523280460603127
519,0.18058588167056322,-0.01617341314274867
520,-0.006974918810877639,-2.4324450364932027e-05
521,0.566696243847328,-0.14834376736384824
522,0.9083539079652838,-0.33804216012189414
523,-0.6831120480094166,-0.20810069473518034
524,-0.16697750800252353,-0.013844021897921222
525,0.4477892304936182,-0.09539563577810706
526,0.4973758907860961,-0.11634749575117354
527,-0.6193038412404188,-0.17450215312045692
528,-0.9246061162626065,-0.34782883931256425
529,-0.45069783134741415,-0.09657688335056147
530,-0.6991339605575249,-0.21682111450275554
531,-0.12154256941889141,-0.007359086429763351
532,0.257810683480016,-0.03268701919629102
533,-0.3985588453911084,-0.07635231802816111
534,-0.014632136523022643,-0.00010704397999850013
535,-0.6061779088450863,-0.16783607188640326
536,0.7358936201780393,-0.23720786050174691
537,-0.18450282527986506,-0.01687661340366986
538,-0.6889993368184482,-0.2112927316937242
539,-0.608217418298324,-0.16886597368516332
540,0.3371292216018016,-0.05524349941399531
541,-0.04108086296703739,-0.0008434627362164937
542,-0.19463426430628683,-0.018762990226979137
543,-0.43017495350748636,-0.08837380361432967
544,-0.9317116370528207,-0.3521157902861737
545,0.7366191753011431,-0.23761523112729743
546,-0.5449866187406389,-0.13800448151319045
547,0.6549245044421208,-0.19302537373667317
548,-0.4671758684699785,-0.10338314266726811
549,-0.5943734678319532,-0.1619184847235915
550,-0.6220130553992262,-0.17588905862423154
551,0.509335091744056,-0.12165086633217947
552,-0.14291406781548677,-0.01016024777015323
553,-0.5378261655843939,-0.134656284652925
554,-0.5921914242485029,-0.16083282850663172
555,0.08349172250323056,-0.003479366789512217
556,-0.46654662009369874,-0.1031197033332385
557,0.2751986775151789,-0.03715916002683295
558,0.02592139336092747,-0.00033590288887397346
559,0.8926789880734749,-0.32863202061050545
560,0.6748757674427737,-0.2036596831242249
561,0.13967741580009685,-0.009707465633037704
562,-0.315785320076327,-0.04863756928679319
563,0.1613069436395398,-0.01292570125684489
564,-0.8849658495102553,-0.32401357019911126
565,0.6399667424861943,-0.1851723950166546
566,-0.3322170114040066,-0.05368905679592184
567,0.017100853448160702,-0.00014620890476391146
568,-0.7510260575894729,-0.24574145327799357
569,-0.3029420736836903,-0.044850064216080066
570,-0.8593822836719269,-0.3087605266889022
571,0.7441902803864131,-0.24187696159054273
572,-0.9903618567514942,-0.38762369235185046
573,0.9572349055452893,-0.3675469764444734
574,-0.7433019102278353,-0.24137588762718776
575,-0.7812955805518109,-0.2630324311940666
576,0.6313438677242247,-0.18069391898709874
577,-0.39355166304671285,-0.07451879558024865
578,0.007814702026771148,-3.053431770183579e-05
579,0.3875954166919635,-0.07236329406714914
580,0.9475351514258015,-0.36167736859164246
581,0.1775013478443912,-0.01562992902413396
582,0.17592032302609528,-0.015354873141776193
583,-0.04176949714583489,-0.0008719650632358356
584,-0.4929194166399702,-0.11439546400065237
585,-0.9162470404742202,-0.34279173682120445
586,-0.7129991137010592,-0.2244508097962139
587,-0.09031968890853403,-0.0040705160015533925
588,0.9507978552527994,-0.36365109975985244
589,0.01070369898487944,-5.728294524887101e-05
590,-0.20594066477269446,-0.020982517108491416
591,0.5027568481625841,-0.11872206334310709
592,-0.9043835745595439,-0.3356557565822451
593,-0.5477323211103442,-0.13929662645198482
594,0.909039549468301,-0.3384544580083818
595,0.6320547655592956,-0.1810617651799704
596,-0.4679788916110341,-0.10371973709556925
597,0.039749991068344315,-0.0007897189027258333
598,-0.6278988422268055,-0.17891486486892838
599,-0.8420280228590793,-0.29847980787395345
600,-0.42475182672355194,-0.086258031127592
601,-0.9335511127359419,-0.3532263169584897
602,-0.46701705498773727,-0.10331662807180075
603,-0.1503736533612412,-0.011242443856943951
604,-0.052401023440733496,-0.0013719915866133858
605,0.1794234100864036,-0.015967525607959998
606,0.7912085167770881,-0.2687540789554036
607,-0.8696607163162546,-0.3148756201310172
608,-0.1368540246335601,-0.009320801535320888
609,0.4895180722021568,-0.11291455546232876
610,-0.2772993429999704,-0.03771774098626102
611,-0.0876517985718035,-0.0038340500854500137
612,0.2908995602017759,-0.041428647147151665
613,-0.07134299684170298,-0.0025416760569587638
614,-0.47615084327338697,-0.10717064909242946
615,0.1628752112696763,-0.013176585816132125
616,0.6552699037414222,-0.19320794732212376
617,-0.8934899518653188,-0.3291180889838312
618,0.9690407822882772,-0.3746976704155318
619,0.2576311333364234,-0.03264225688796818
620,0.7375172665350707,-0.2381197281664268
621,-0.009912723225445452,-4.912983396232473e-05
622,-0.2541662340149793,-0.03178415603269047
623,-0.9556686199049267,-0.36659880328958083
624,0.9487045660750704,-0.36238471357335766
625,0.24041905340036696,-0.028487030829807747
626,-0.03322310037919274,-0.000551734937674242
627,-0.8224726490678489,-0.2869691768175614
628,0.5886791637928073,-0.15909078940251242
629,-0.29231307557720476,-0.041823679266676406
630,0.54410008196408,-0.13758824607130715
631,-0.43466889498749883,-0.09014362730816239
632,0.14628204801516942,-0.010642185728720222
633,0.33323246928038985,-0.05400873093530456
634,0.25858186652024284,-0.03287960808241852
635,0.13205412815657747,-0.008681244861079351
636,0.028826199138213937,-0.0004153885806426061
637,0.5811608761562232,-0.15538466657437244
638,-0.3935081834426306,-0.07450295997524792
639,0.1112878737062517,-0.006173361433359448
640,-0.39254953122895797,-0.07415418736540202
641,0.9506944336715117,-0.3635885259790823
642,-0.14275744869807983,-0.010138104005051218
643,0.40761953038506005,-0.07971957055887569
644,0.4538365392709871,-0.09785841391768257
645,0.29823125451136145,-0.043496604879893375
646,0.879893496006215,-0.3209810765044092
647,0.6409266744933826,-0.18567318509069164
648,0.9480858590578607,-0.36201046466795794
649,0.9349975019673038,-0.3540997276877528
650,-0.22490739111435532,-0.024974512488897704
651,-0.31115983973759076,-0.047257130072872355
652,-0.09465633396801332,-0.0044698909480686
653,0.17417098494851446,-0.015053314823155417
654,-0.37630464337067693,-0.0683542119824121
655,-0.22365225004583578,-0.02470000143477824
656,0.6053430557000621,-0.16741512264362746
657,0.5335098394641193,-0.13265319325399072
658,-0.3892262557399515,-0.07295070607846055
659,-0.03031808090882171,-0.0004594874183050379
660,0.05059953334437428,-0.0012793373366878358
661,0.6340527617342382,-0.1820969353967321
662,-0.24624603183331217,-0.02986355661836726
663,0.9859143201379621,-0.3849265105823637
664,0.115653542391712,-0.006665556897238689
665,0.6957681848467827,-0.21498047078045057
666,-0.5857789945972753,-0.15765744727252706
667,-0.3619394974324601,-0.06340104680739045
668,0.9491611046580186,-0.36266088428011745
669,0.1579834466012282,-0.012401840083632543
670,-0.16607103036643167,-0.013695149898554138
671,0.8249000551486605,-0.28839340151727877
672,0.5244445704592275,-0.12848399886910566
673,0.2466626813915842,-0.029963170060426036
674,-0.804591863499893,-0.2765211985972166
675,-0.37908665938763186,-0.06933262965121101
676,-0.4979916937291049,-0.1166182717844425
677,-0.10332541638361259,-0.0053238486528939255
678,0.15503688750625644,-0.011946287905468256
679,0.1730123870230611,-0.014855199501137784
680,-0.4196042798678892,-0.084270144921747
681,-0.915293505859361,-0.3422175996686043
682,0.07072683576903183,-0.0024980173977838804
683,0.8587068236535329,-0.3083593184223493
684,-0.8684621484581656,-0.31416160283408634
685,-0.6961372038286646,-0.21518205341707175
686,0.7758801451604245,-0.2599185267272033
687,-0.5095496206895296,-0.12174685597900858
688,-0.8848043461901205,-0.3239169568032987
689,-0.6243871424741891,-0.17710745500662162
690,-0.03652734514520262,-0.0006669009942912307
691,0.04741639129548103,-0.001123525453876062
692,0.5497369652632054,-0.14024289484071484
693,0.6814749490691161,-0.20721566330428942
694,-0.14310403591885779,-0.010187138538166773
695,-0.0772052572783144,-0.002975889113303043
696,0.4661139935935259,-0.10293874230629296
697,0.10423496804531585,-0.005417735131548862
698,0.5989338418422268,-0.16419577458873102
699,-0.39191611828215955,-0.0739241367027037
700,-0.5515220710692359,-0.14108756237512676
701,-0.5081525402098588,-0.12112227864552694
702,-0.9408308999711659,-0.35762394489853877
703,0.8239933663321539,-0.2878612648976927
704,0.4238924402814619,-0.08592476824740214
705,0.15222940978298038,-0.01152002703445032
706,-0.2119134087066692,-0.022203439461427887
707,-0.8685734988340879,-0.31422792691167
708,0.4422715214465318,-0.09317160673393754
709,0.5380523084233007,-0.13476154827030595
710,0.18096102215634757,-0.016240129513952928
711,0.5806623506885213,-0.1551400311995791
712,-0.5856589458956698,-0.157598216040422
713,0.659378741516542,-0.19538402283119805
714,0.6320523491446053,-0.18106051441178206
715,0.7111782445347941,-0.22344456473954444
716,0.036287673042876056,-0.0006581809112886639
717,0.5131140162448633,-0.1233460925583919
718,-0.7298261264552142,-0.23380845934738936
719,0.583270758026992,-0.1564215606280448
720,0.9389378714207282,-0.3564799940771668
721,0.8053546727681671,-0.2769653079296569
722,0.8259499338015919,-0.2890098098798358
723,-0.08548719140990335,-0.0036473621041200888
724,0.8400472915266566,-0.29731019274181636
725,-0.13754195713016704,-0.009414300354495864
726,0.9782815653479942,-0.3802985260639735
727,-0.6713788681254735,-0.20178300288055817
728,-0.3666652250463487,-0.06501210250154743
729,-0.9706304300828019,-0.37566095442457437
730,0.7430924261379857,-0.2412577697752396
731,0.6135419651655081,-0.17156497620492095
732,0.13180666902327176,-0.008648880370600631
733,-0.3385917715072393,-0.05571022402531589
734,0.18498765456432875,-0.016964667725965166
735,0.9428302332227207,-0.35883242215887945
736,-0.16772279847887428,-0.013967012014879931
737,-0.4486018565696497,-0.09572504661376124
738,0.9882156504023238,-0.3863221027825453
739,0.46377626432736374,-0.10196318214037026
740,0.21687555297973282,-0.02324312140258844
741,0.6208159340171799,-0.17527576733707595
742,-0.08767198005076571,-0.0038358124474694444
743,0.11908121485272027,-0.007065091924429945
744,0.7029762173355192,-0.2189278728248123
745,-0.8160747146633238,-0.2832218997942155
746,-0.01591231403253368,-0.00012659285538318965
747,0.7355787783443575,-0.2370311464568826
748,-0.8551037989567798,-0.3062206118317873
749,0.3480600767355131,-0.058774856804681974
750,-0.6719030412456399,-0.2020639706102264
751,-0.7707080136239213,-0.2569525853298684
752,0.8073255101386401,-0.2781134169811469
753,0.6241527688718143,-0.17698704681637578
754,-0.5863610616283852,-0.15794474830042204
755,-0.4482613452599866,-0.0955869568741845
756,0.201116728361743,-0.02002083643651531
757,-0.5125219722745835,-0.12307989055418778
758,0.21970837764061257,-0.023846944401103465
759,-0.8582627328291623,-0.30809558345281274
760,-0.9631744822597448,-0.371143722252934
761,0.46211634836386195,-0.10127281876223515
762,-0.7157259656433599,-0.22596007880258528
763,0.38590639888641265,-0.07175713675380613
764,-0.27672724648320934,-0.03756522800557838
765,-0.8816623748601509,-0.32203815715966566
766,0.4560990794522166,-0.09878658528089557
767,0.19616943802684172,-0.019057293426956834
768,0.681759769309894,-0.20736955826415826
769,0.7064297407030733,-0.22082646322497368
770,0.030618772600437882,-0.0004686447694974838
771,0.0815728395933244,-0.0033215355349377473
772,0.17276106343393138,-0.014812393524905043
773,-0.5501414017725836,-0.14043409686923425
774,-0.46428511076074175,-0.10217520188532281
775,0.1096983251084458,-0.005998796205865742
776,-0.7016844548050911,-0.21821892827017608
777,-0.9215651185427272,-0.34599555692629524
778,0.7235019297850929,-0.2302792722845064
779,-0.12826216965465842,-0.008191854467035409
780,-0.11852596990351238,-0.006999590718898663
781,-0.1408041597610472,-0.0098639348014945
782,0.22841143054732083,-0.025748593219998006
783,-0.19188023728635795,-0.018240601865014416
784,0.8502555448374192,-0.3033465859474389
785,0.09232946018767518,-0.00425329362576532
786,-0.6440967761757361,-0.18733014030361927
787,0.21309100370746337,-0.022448094161666043
788,0.6118518735380591,-0.17070667588045485
789,-0.04742964207196443,-0.0011241531394589055
790,-0.9916120594512103,-0.38838191673730216
791,0.310295744335656,-0.04700128573762885
792,-0.2677656455473423,-0.03521424753873781
793,0.038950412552326785,-0.0007582796795454483
794,-0.22304968964447802,-0.02456873433852813
795,0.9323029664013498,-0.3524727559756874
796,-0.6984614019543032,-0.2164529477072622
797,-0.24470425659401696,-0.02949632201594976
798,-0.86890772975368,-0.31442701876770596
799,0.6249619639783346,-0.17740288322770204
800,-0.41905563576250704,-0.08405944521074682
801,0.6701912795263039,-0.20114687654471208
802,-0.09062026626237696,-0.004097598169327421
803,-0.018236324879784993,-0.00016626794851282156
804,-0.6545549774009147,-0.19283010741523599
805,-0.6260083939081331,-0.17794111860312567
806,-0.3047299671838073,-0.04536878601667027
807,0.03822031924852043,-0.0007301297272075402
808,-0.5388187158249995,-0.13511852474181574
809,0.29433792425602356,-0.04239260930019206
810,-0.7121819331081649,-0.22399906423960014
811,0.6855893643194106,-0.20944210632513682
812,-0.9850353842964501,-0.3843935220936794
813,0.19147749362857236,-0.018164809620076494
814,0.8560507310014278,-0.30678246589658664
815,-0.716010097221732,-0.226117503064325
816,0.5591711157592509,-0.14472837321250298
817,0.4619447229940381,-0.10120155032085765
818,-0.6155110319984123,-0.17256681256952378
819,-0.7273218986948959,-0.23240925513688127
820,-0.6039351247655076,-0.16670604962670177
821,0.3294454650225762,-0.05282097301079258
822,0.09954076951934976,-0.004941930677404671
823,0.900908604517868,-0.3335686576164195
824,0.500694099268957,-0.11780952701168901
825,0.0009581259091304695,-4.590025235451378e-07
826,0.28082458037518165,-0.03866392996407242
827,0.08683955677913024,-0.0037634546968555727
828,0.6533161235462881,-0.19217592945510575
829,0.9861425759664806,-0.38506492759058775
830,0.4012722693784012,-0.07735406188977323
831,-0.8975794834441102,-0.33157057791442557
832,0.19037349198394793,-0.01795783456542599
833,-0.6640624031954208,-0.1978738888614947
834,-0.5411662790407124,-0.13621421140561762
835,-0.4683126203976793,-0.10385975535276448
836,-0.9796814846951312,-0.3811472422318605
837,0.33841692526169087,-0.05565433343420345
838,0.13078168931875744,-0.008515461437773486
839,-0.8933787496697041,-0.32905143230598566
840,-0.9596382825340697,-0.36900214552983757
841,-0.8256593266354562,-0.28883916260596953
842,-0.5297538844928222,-0.130919557596904
843,-0.7725994301582271,-0.2580362858255669
844,-0.7777033204245045,-0.2609659086010384
845,0.1281675183943336,-0.008179818111281767
846,0.5960245426281319,-0.16274167802830197
847,0.4895217648244463,-0.11291615896731799
848,0.766455487354623,-0.2545200255538117
849,0.21063490348798375,-0.021939286160508997
850,-0.9341392496678051,-0.35358144618544607
851,-0.3133894741107779,-0.047920254332678436
852,-0.8396408024448352,-0.29707026231825595
853,-0.09320097735910804,-0.004333792988926555
854,0.43190822149065333,-0.08905463483363962
855,0.30315491627883717,-0.0449116709551548
856,0.9066101241010365,-0.33699381402531936
857,-0.6721984062724513,-0.20222234541627393
858,0.516773095547409,-0.12499634556913397
859,0.6222468593580002,-0.1760089221559481
860,0.18987208176665815,-0.017864212506677246
861,0.1813294319469907,-0.016305779202506532
862,0.21637801595460804,-0.023137841023275874
863,0.7502266976513343,-0.24528874676786994
864,0.6140689367504144,-0.171832896833915
865,0.19186387469094512,-0.018237519602175123
866,-0.4290239352270695,-0.0879229141294231
867,-0.42956171146691124,-0.08813345511574944
868,0.9009234578684602,-0.33357757548884137
869,0.2201387552919838,-0.023939333098976445
870,0.28279844839860746,-0.03919853284956143
871,-0.3636312449793926,-0.06397569986853835
872,0.16143444245780914,-0.012946009679812853
873,-0.7137051312620217,-0.22484130836881078
874,-0.9495479355103169,-0.36289489748150905
875,0.42730783694692565,-0.08725249665237556
876,-0.6863409641638711,-0.20984959024206717
877,-0.1445249043917971,-0.010389377666515598
878,0.9241226161158045,-0.34753729911144116
879,0.39167330994900973,-0.07383603396928318
880,0.42587350676649516,-0.08669384123045476
881,0.9567243637120391,-0.3672378982261736
882,0.3841634139375445,-0.07113397456072112
883,-0.9456782668758601,-0.36055437709563287
884,-0.4874345113203875,-0.11201124682449459
885,0.702065609137416,-0.21842804448756026
886,-0.9720262430567346,-0.37650685517862004
887,0.08990099166602605,-0.004032939918003797
888,0.07912298386833672,-0.0031253292470100336
889,-0.4244169381183356,-0.08612809831632284
890,-0.22787221738476604,-0.02562873629012108
891,0.46312085554453875,-0.10169036359062822
892,-0.05621864019869083,-0.0015790197872693756
893,0.7722986141686403,-0.257863859382343
894,-0.08580127259082904,-0.003674162873910314
895,-0.8568560023199077,-0.3072603974876189
896,-0.7523058018028623,-0.246466655981193
897,-0.4111668766197134,-0.08105508650645676
898,-0.1546424453512365,-0.011885940393925987
899,-0.1672027209581517,-0.013881131095800026
900,0.6299408283236345,-0.17996866299519998
901,0.6799235058373478,-0.20637798831276777
902,0.9602795105476738,-0.3693904383400285
903,0.3844868095468059,-0.07124941526584916
904,-0.8242084973513211,-0.28798750855025
905,-0.6649463394239274,-0.1983449029402612
906,0.06574755481582883,-0.002159036402855863
907,-0.8640892821677388,-0.31155864597365246
908,0.2214599000128996,-0.024224016149150485
909,0.72797550836316,-0.23277423313643286
910,-0.5866480140782266,-0.158086453360056
911,0.5942670757888229,-0.16186549035946196
912,0.9997477472238283,-0.3933163412478662
913,-0.6391471993403528,-0.18474519563574243
914,0.1894963256395754,-0.01779420828195677
915,0.3983121254229576,-0.07626151715983531
916,0.4252191982383453,-0.0864395061286134
917,0.35414977409643167,-0.0607851617794114
918,0.9356375135673982,-0.35448625696624925
919,0.03242062639159715,-0.0005254104313844321
920,0.23268911281188975,-0.026708946591758043
921,0.15566411624285914,-0.012042559464182978
922,-0.8914912928475989,-0.32792031230609187
923,-0.7771306233561195,-0.2606367993174986
924,0.93891038665298,-0.3564633871137848
925,-0.9086832928732134,-0.3382402229014243
926,0.42026040935197684,-0.08452242120552189
927,0.6152674083682204,-0.1724427517097844
928,-0.02293736738918195,-0.00026302681375389714
929,0.4104498732877109,-0.08078437051957921
930,-0.7023078479175873,-0.21856097611443048
931,-0.12441670236528846,-0.00770988311170917
932,-0.8757179059687628,-0.31848766308338683
933,0.09198914536658043,-0.004222063356190131
934,-0.9467685986040408,-0.3612137513060072
935,0.9543713071285711,-0.3658135584531794
936,-0.10095603475545767,-0.005083097589814511
937,-0.8242106807322274,-0.2879887898607737
938,-0.12262005529620246,-0.007489650711474893
939,-0.46787945901544137,-0.10367803452395297
940,0.9129851115567524,-0.3408280856560988
941,-0.7812641060445147,-0.2630143086453226
942,0.6698714569774984,-0.2009756710549605
943,0.1352429450494841,-0.009103635779377894
944,-0.30025736599902264,-0.04407635935042731
945,0.1807536966882486,-0.01620324143103624
946,-0.8817147422713922,-0.3220694591199361
947,-0.23949232467272874,-0.028270967747082154
948,-0.6227420171105966,-0.17626286421554138
949,-0.942778479967584,-0.3588011367813534
950,-0.3094642375615395,-0.046755697482257386
951,0.42552380149074787,-0.08655786807548527
952,0.05769686751886782,-0.0016630798083375753
953,0.26936794576255507,-0.03562932929865559
954,-0.6852064160698115,-0.20923457984132543
955,-0.978022363868704,-0.3801413880019353
956,-0.28691033580106917,-0.040323250404982414
957,0.33228383295236474,-0.053710066073423435
958,0.4433518970249708,-0.09360533236223512
959,0.3127562339502823,-0.04773148552223172
960,0.24304659461069478,-0.029103903951817278
961,0.8159769103033705,-0.2831646908187091
962,0.5103085328759878,-0.1220866666283732
963,-0.8703610756936657,-0.3152929531588272
964,0.15246713500006037,-0.011555826191182894
965,0.7996084230933338,-0.27362350842665684
966,0.09735637195679181,-0.0047279196148792835
967,0.261172243290295,-0.03353043460473282
968,-0.7466305736594894,-0.2432547491068765
969,0.1605859662024931,-0.012811155730921397
970,-0.6928363217623363,-0.21338085816456476
971,0.9902629092313175,-0.3875636832976409
972,-0.5285213081304534,-0.1303525562854465
973,-0.30714457971996056,-0.04607373075348031
974,-0.05771542851919742,-0.00166414911029944
975,0.23113248087608507,-0.026357525334568366
976,-0.24089000008511285,-0.028597131451574498
977,-0.32057509545655205,-0.050086352524793654
978,-0.3103327681816346,-0.04701223470290927
979,0.5019944506187672,-0.11838446046630391
980,0.43640285565597803,-0.09083049333709259
981,0.9934113998419347,-0.3894732102061571
982,-0.4426625354597269,-0.09332848427628249
983,-0.4608760057448429,-0.1007582280362409
984,0.20300793705052111,-0.020395256127231254
985,-0.38612121812763256,-0.07183410642498844
986,0.292710527749491,-0.041935069844447725
987,0.4442707333516396,-0.09397487565306706
988,-0.9844852580425825,-0.38405993154542506
989,0.9635009262582475,-0.3713414512494414
990,0.17207642155053282,-0.014696090098287762
991,-0.5952032812018841,-0.16233202897649657
992,0.6712257705178504,-0.20170096208923138
993,-0.33701491726842625,-0.055207098380200104
994,-0.4113693065899693,-0.08113158823135691
995,0.7159652530974796,-0.22609265496982
996,-0.6058590849490215,-0.16767527131511795
997,0.9153809954904524,-0.3422702744305808
998,-0.5737780502391068,-0.15177608341395377
999,-0.29115954989860926,-0.04150117440345913
