,data,labels
0,-0.5182924603253254,-0.1256841089457713
1,0.05406819744840785,-0.00146061724645552
2,0.83054648051971,-0.2917114615677725
3,0.1310165146764537,-0.008545937645922375
4,-0.9425950814196984,-0.358690272002258
5,0.4115164860259235,-0.081187229480988
6,-0.5387193556849665,-0.13507222452312273
7,0.8841658366837457,-0.32353502962147895
8,0.8803724322644033,-0.3212672413963752
9,-0.10122802217187044,-0.0051104532097431266
10,0.023332343839451042,-0.00027216209169789174
11,0.1478175919564455,-0.010865558947839804
12,0.5043657999759716,-0.11943579075965804
13,-0.06945816190808096,-0.00240931106763409
14,0.8073944503293067,-0.2781535957460355
15,0.19821161280476574,-0.019452237092900115
16,0.9963340350762322,-0.3912458301336297
17,0.30750976254574236,-0.046180784468142666
18,0.826036665767381,-0.2890607434086766
19,-0.865631926070638,-0.3124765326635307
20,0.8711574802266422,-0.31576761689525557
21,0.0549935931212957,-0.0015110049230087075
22,0.2666418442906313,-0.03492449440421519
23,0.9560208773736434,-0.36681203575871857
24,0.806153081703594,-0.27743030181350414
25,-0.2196496388629141,-0.02383434835665965
26,-0.6668024138909863,-0.19933506643459187
27,-0.4857786726051294,-0.11129546863271489
28,0.0909956230139608,-0.0041315432977545585
29,-0.9167601909346248,-0.3431007519907944
30,-0.3360754828129122,-0.05490834339371431
31,0.10772784588731321,-0.0057858415647855654
32,0.49633241360720337,-0.11588924205385742
33,-0.5236218236207053,-0.12810816664585956
34,-0.9839210234039302,-0.3837177917905765
35,0.38364714098015584,-0.07094985514971319
36,0.8574383752216284,-0.3076061124603271
37,0.45204090587219614,-0.09712439297865172
38,0.8266966689819617,-0.2894483872689946
39,0.7980822443059652,-0.2727373840894831
40,-0.8303889071717445,-0.29161876916601737
41,0.35236137826243596,-0.060191615191124814
42,-0.7030542071274679,-0.21897069628134702
43,-0.6538540031392042,-0.19245987014927235
44,0.3223778818084235,-0.0506367187350224
45,-0.24273651441229083,-0.029030777322237356
46,-0.3746481177944645,-0.06777456088435907
47,0.7652720169944149,-0.25384403330759897
48,0.7084956723286189,-0.22196444773895552
49,-0.8155414225719604,-0.28290998760727193
50,0.11237427959739232,-0.0062940980133100455
51,-0.7116102219767555,-0.22368316842281666
52,0.7152866957199082,-0.22571675950146397
53,0.7253041929910655,-0.2312835370048686
54,0.143613516551089,-0.01025943036452126
55,-0.790588430958642,-0.2683953697748358
56,-0.28583572705615046,-0.04002787502947547
57,0.16892960223785236,-0.014167291150889327
58,-0.5033702805956239,-0.11899397979587933
59,-0.6644274104022214,-0.1980683441142762
60,0.3785326197163914,-0.06913728480975323
61,0.2546310209061846,-0.03189863221677214
62,-0.7534678557325192,-0.24712563030128676
63,-0.17317805965300992,-0.01488345023229376
64,-0.18444618621249487,-0.016866341220733494
65,-0.839991111089323,-0.29727703016791707
66,0.4345089019261241,-0.09008036169574463
67,-0.37410747016336976,-0.06758585332919087
68,-0.8157977510037275,-0.2830599006170178
69,-0.9713162307290559,-0.3760765597448975
70,0.3641877702268155,-0.06416524883480224
71,0.6446306536488862,-0.18760965981400612
72,-0.5571372313576997,-0.14375689952917747
73,0.7404782844989657,-0.239785041002329
74,0.11854447974616633,-0.007001769427288473
75,-0.6950093561459609,-0.2145661216113185
76,-0.8225993977010377,-0.28704351019696583
77,0.3372631553356309,-0.055286165491243655
78,-0.4390117941742193,-0.09186812824156776
79,-0.7179681802084161,-0.22720321315048286
80,-0.12722674784496468,-0.00806065992372218
81,0.3987143246722915,-0.07640956368776863
82,-0.20811515775109224,-0.021423152732519712
83,-0.37739285595563676,-0.06873619372044848
84,0.04414029179679524,-0.0009737083180569872
85,0.22556783842999284,-0.025119544131418148
86,0.5791162069050744,-0.1543821966549992
87,0.46655313478886384,-0.10312242933418292
88,-0.5900221128363885,-0.1597560787170924
89,-0.24821101022352465,-0.03033473318486335
90,0.5470795785699791,-0.13898902914537725
91,-0.8056782622009289,-0.27715374714628516
92,-0.5045268632069442,-0.11950733171937844
93,-0.0905813764187906,-0.004094089149064284
94,0.5724110943596148,-0.15111132869420485
95,0.5228168334008869,-0.1277408602797231
96,-0.1372673000712079,-0.009376915785594853
97,-0.007480835366866723,-2.7981057415971122e-05
98,-0.03901437693264209,-0.0007607712704030822
99,-0.03568671224021358,-0.0006365680198118229
100,0.43699418366383935,-0.09106523974600966
101,0.7837207910825903,-0.26442968302051717
102,0.2806854806034995,-0.03862638621127523
103,0.5912241665754281,-0.1603524072145628
104,-0.8650957204954912,-0.3121574388750208
105,0.563895719026491,-0.14699442091627035
106,-0.1075713311665869,-0.005769090162552115
107,0.11472916888344242,-0.006559781175730306
108,0.397682098024702,-0.07602986153815317
109,-0.570095652929512,-0.14998775757160798
110,-0.5024773396163134,-0.11859824763376392
111,-0.4209909342281317,-0.08480368366758406
112,-0.44680314388601605,-0.09499655141038721
113,-0.38461526981440386,-0.07129529397452028
114,0.6159367449067104,-0.17278367226346725
115,0.6964020838609288,-0.21532678241658798
116,0.3349411013154773,-0.05454857834496274
117,-0.7349405178871442,-0.23667301094343685
118,-0.04039500987559985,-0.000815545673131246
119,-0.7037476931406135,-0.2193515884695002
120,-0.9940216053602611,-0.38984330390698685
121,0.047938409260094295,-0.001148385641142169
122,0.14626682778261668,-0.01063998308833447
123,-0.04970099869255429,-0.0012343322200566442
124,0.4217373423139483,-0.08509147643567783
125,0.21185895524480958,-0.022192157642081045
126,0.835055655100966,-0.29436627099772184
127,-0.7421471755471694,-0.24072497473039534
128,0.22535456126182263,-0.025072665169609598
129,-0.12671207187201516,-0.007995836449993354
130,0.8470260447095264,-0.30143465920027956
131,-0.16811367124711363,-0.014031727836195995
132,0.5838361364122955,-0.15669983529411402
133,0.6207653087319243,-0.17524984774212504
134,-0.8345808410957543,-0.2940865140620462
135,0.5113228064591817,-0.12254140172013839
136,-0.5073529664405978,-0.12076539434573796
137,0.18125215114593596,-0.016291997257186774
138,0.6844435395697928,-0.20882134688599308
139,0.03859839128896425,-0.0007446405225853825
140,-0.17584709248991204,-0.015342190773536601
141,-0.9636959626254731,-0.3714595881862265
142,-0.7645934944991124,-0.2534566598724577
143,0.777520704933431,-0.2608609553525344
144,-0.2621277551193728,-0.03377203113919036
145,0.3844723445405507,-0.07124425000558532
146,0.154510460598567,-0.011865780947173499
147,0.40063118407082077,-0.07711687056337024
148,-0.1493003090257723,-0.011083412478899435
149,-0.5850682381530992,-0.15730688099152879
150,-0.34824330452431385,-0.05883489664342245
151,0.11298688329924533,-0.006362689714807579
152,-0.5052369981351645,-0.11982296195070541
153,-0.01729205385123933,-0.00014949638749828242
154,-0.11012258181008172,-0.006045145646328853
155,0.6699030237289301,-0.20099256717581848
156,-0.7257977126562118,-0.231558744849519
157,0.8103349725683802,-0.2798684561613456
158,-0.9746040620710348,-0.3780692574982729
159,0.2907949955833089,-0.041399494311086915
160,-0.8800010375936969,-0.3210453296536766
161,0.0661700754581962,-0.0021868448061986845
162,0.7989978147602297,-0.2732689057575577
163,-0.08672440344798171,-0.003753499022101092
164,-0.0666849975397652,-0.002220974426822675
165,0.2190018026297753,-0.02369563790824869
166,-0.4984788163190539,-0.11683264397025073
167,-0.4560768687609229,-0.0987774559164526
168,-0.4719163876145669,-0.10537669578353337
169,0.005931263449461266,-1.7589788351313196e-05
170,0.11244708881220755,-0.006302230999424396
171,0.062121233222194094,-0.0019276634741715037
172,0.03583356604370813,-0.0006418161755330498
173,0.5224873636726253,-0.12759064602830528
174,0.5520557172501159,-0.14134044052936567
175,-0.7574463247486038,-0.24938504426337427
176,0.5597040552116759,-0.14498333132594143
177,0.2846219699123995,-0.03969547653479777
178,-0.9793502960147247,-0.3809464509988514
179,0.37462620672707136,-0.06776690849388611
180,0.18169108276691093,-0.016370350050857074
181,-0.20291894232990715,-0.02037756168569227
182,-0.07350196584548696,-0.0026976243460546945
183,0.24048044703933869,-0.028501372281133475
184,-0.8971566998834661,-0.3313169327077803
185,-0.07782104907258658,-0.003023477896183513
186,-0.2918832458661449,-0.041703370312420995
187,0.8593918982926678,-0.3087662381565337
188,-0.4368477408717488,-0.09100708067129715
189,0.11019186995422303,-0.006052732067005295
190,0.9477581126368071,-0.36181222453783246
191,-0.10598878674785661,-0.005601066664967513
192,0.08724507362832368,-0.0037986183625393632
193,0.5473693144865148,-0.13912553210963774
194,0.7213090406065341,-0.22905894887784406
195,-0.28928955541657997,-0.04098083835357946
196,-0.516647075144087,-0.124939366964396
197,0.7531816248425949,-0.2469632744044027
198,-0.26821503266150226,-0.035330431046327715
199,0.9835430416688,-0.38348859527939616
200,-0.26159625055582936,-0.033637541350663325
201,-0.2814709796082102,-0.038838621259886685
202,0.6515117986722749,-0.19122442589966493
203,0.12011563406279113,-0.007187925176678656
204,0.650368468982838,-0.19062227938602194
205,-0.3783509836029859,-0.06907329631947334
206,-0.8428737996739206,-0.2989794808274159
207,0.700178215322903,-0.2173931110553563
208,-0.19719068676700613,-0.019254305072456956
209,-0.27435599037201586,-0.03693618713924596
210,0.5845970196038965,-0.15707461626267505
211,0.13511756033768774,-0.009086840402428464
212,-0.4114261338393379,-0.08115306983807091
213,-0.2165332536006146,-0.02317066505580634
214,-0.9766131273590877,-0.37928708601751426
215,0.5212563696233854,-0.12703001173473127
216,-0.39732213264091865,-0.075897643962482
217,-0.5731023310162326,-0.15144734605666255
218,-0.8018210274420667,-0.27490926484771483
219,-0.26669049698333014,-0.034937015238903246
220,0.33317130615745993,-0.05398945175084113
221,-0.8843868764845082,-0.3236672387257826
222,0.5999968887108671,-0.16472822933103626
223,0.41517568673311844,-0.08257589830847323
224,0.7320732553170253,-0.23506592518024783
225,-0.9087759892790699,-0.33829596453147104
226,-0.40969270489113896,-0.08049891616884775
227,0.834138607637505,-0.2938259967829002
228,0.5067527822778737,-0.12049778046343484
229,0.889595572601259,-0.3267847348354316
230,-0.3867784509167105,-0.0720698190269844
231,0.7047840004703874,-0.2199211258139574
232,-0.28436289559390326,-0.03962469498575094
233,0.14700583660698419,-0.010747189815387026
234,-0.08165474333445855,-0.003328197784799203
235,-0.6846599476235327,-0.208938545396677
236,0.12128357150815083,-0.007327871619249637
237,-0.2067710581005222,-0.021150263774999845
238,0.7997956515161988,-0.2737322584225623
239,0.5508416134040415,-0.14076536177183852
240,0.827761224801433,-0.29007384588332374
241,0.6634433204371257,-0.1975442131120403
242,0.46218297572527534,-0.10130049177508926
243,-0.47703604200698124,-0.10754723641740105
244,-0.7191672443994117,-0.22786877490429336
245,0.5992719219064613,-0.16436504519590145
246,0.8442068712985267,-0.2997673351267416
247,0.6429910058957529,-0.18675162910299647
248,0.29632267607720975,-0.04295375343627861
249,0.5971516615879773,-0.16330448284925825
250,-0.5069548128498294,-0.12058783684687546
251,0.5010214778511233,-0.11795416802422953
252,0.1152492576768791,-0.006619191695297344
253,0.10537121849347897,-0.005536165483832178
254,0.5867375159043906,-0.15813066114189
255,-0.25227349887148476,-0.03132000012262948
256,-0.26608020667449295,-0.03478010988073976
257,0.20273587944363514,-0.020341187461508925
258,-0.4086546902492889,-0.0801082950986145
259,-0.8267537748242364,-0.28948193221573604
260,-0.19355910577788027,-0.018558199702242706
261,0.5767362573679704,-0.1532183038583662
262,-0.612933638426759,-0.17125587173549295
263,0.4149413612975701,-0.0824866664300874
264,-0.6361107873816234,-0.18316524832501224
265,-0.4013679313979879,-0.07738948259430023
266,0.32637906473640377,-0.051868095794757485
267,-0.4159383537364496,-0.08286661295121345
268,-0.573778301417446,-0.15177620566052652
269,0.6685519568983536,-0.20026980107206138
270,0.6299347838415861,-0.17996554059877157
271,0.5213913156665271,-0.1270914235280456
272,0.45358012886767884,-0.09775345668687552
273,0.9557061061127299,-0.3666214945412192
274,-0.31117916000607937,-0.04726285782982398
275,0.1474338577715999,-0.010809523846947555
276,0.17982659191436423,-0.016038788170972818
277,-0.334673472628096,-0.05446385828736089
278,0.28928416109145383,-0.04097934179594387
279,-0.1217439171354886,-0.00738339847822167
280,0.6374810923600887,-0.18387771123045749
281,0.4134922546928199,-0.08193576895018617
282,0.351845586542322,-0.06002091915379848
283,-0.8501594011330451,-0.3032896377097286
284,0.3451070483176144,-0.05781104693161043
285,-0.9238032133511784,-0.34734471831167857
286,0.37220201433678834,-0.0669226432592438
287,0.7615187469577627,-0.2517030598584712
288,-0.9202628329605664,-0.3452107434637288
289,0.3087245689539595,-0.04653773477501877
290,-0.3069883146765171,-0.046027956694028926
291,-0.7176000668851437,-0.22699899324574158
292,0.561365949713811,-0.14577945126650715
293,-0.7722409638498615,-0.25783081755876947
294,0.8948121752291067,-0.3299107821345958
295,-0.8334471512849309,-0.2934187479234275
296,0.6830496430873159,-0.20806693724335212
297,-0.4508703434191814,-0.09664713594710739
298,0.5203096954290809,-0.1265995210692974
299,-0.2985005020696889,-0.04357344180913125
300,0.7397237563059997,-0.23936039782330332
301,0.9393232629383665,-0.35671286303020366
302,-0.6868790777568128,-0.21014147649546133
303,0.5916339321768826,-0.16055586886976136
304,0.5858263939036137,-0.1576808359713755
305,0.6365103982055398,-0.18337292388400006
306,0.914111374898996,-0.3415059561457745
307,0.6139990216011761,-0.1717973426273619
308,0.07664877836167538,-0.002933207328851717
309,0.22736280157684585,-0.025515749484378847
310,-0.6414582222396343,-0.1859506802482268
311,-0.4097876123022408,-0.08053467245953028
312,-0.7756058384463407,-0.2597610269154844
313,-0.9343615073369738,-0.35371565738644495
314,-0.6704382333838861,-0.20127910520168524
315,0.9297027056693201,-0.350903290618203
316,0.47836203823471246,-0.10811236120422607
317,-0.7392935744601414,-0.2391183822236086
318,-0.02655650605539317,-0.00035256184239707
319,-0.015983841946584754,-0.000127733443075706
320,-0.9303423074460528,-0.35128928711685126
321,-0.8298414546239412,-0.2912967730974776
322,0.8821158532931945,-0.3223092318887796
323,-0.9861812483764782,-0.38508837908077864
324,0.40399202502026377,-0.07836386252559069
325,-0.5009576585664599,-0.11792596610205375
326,-0.4571398731371976,-0.09921478219518953
327,-0.9448877747457913,-0.36007637995621333
328,0.5335688285021609,-0.13268049080624378
329,-0.3019714657634893,-0.04456962261363184
330,-0.559013917309225,-0.14465320138846582
331,0.5848017715785847,-0.15717552386335065
332,-0.5918234273656158,-0.16064999024312532
333,0.7024140701240944,-0.21861927423803973
334,0.6589916919317274,-0.19517870904089363
335,-0.08270573190112751,-0.003414277099457852
336,0.4965305793342927,-0.1159762127980426
337,-0.6860216693605143,-0.20967645396069745
338,-0.9922848689414823,-0.38878996978054314
339,0.47728284850811065,-0.10765233086860349
340,-0.8691884650747748,-0.3145942593177129
341,-0.6116618317274491,-0.17061025714813238
342,-0.43543193013211234,-0.09044561197038092
343,-0.7844564906134999,-0.26485387707850705
344,-0.9457845972298069,-0.3606186764875309
345,-0.6196488972181005,-0.17467858774974698
346,0.09330992706368302,-0.004343909059500439
347,0.04997421395486179,-0.0012479317149982627
348,-0.3836550789363289,-0.07095268448000847
349,-0.641404352053027,-0.18592255108321454
350,0.4682592384241169,-0.10383735333463828
351,-0.6843350162890167,-0.2087625821484863
352,0.39627159494577335,-0.07551235153839209
353,-0.9993456808756729,-0.39307247573387216
354,0.4436276098515557,-0.09371615573190928
355,0.16444186828893637,-0.013429571748022062
356,0.7648657030750807,-0.25361204860598574
357,-0.3420891580611152,-0.056833545511679184
358,-0.7863811341142481,-0.2659643220924146
359,-0.5656379303068029,-0.1478333171171886
360,0.10486423060316064,-0.005483165699327053
361,-0.724824061930325,-0.2310158803782002
362,0.19858220487683997,-0.01952432855163555
363,-0.36804466763032284,-0.06548578296865648
364,0.19194196675614417,-0.01825223227812056
365,0.6358424348088589,-0.18302583054151866
366,-0.9687587568954015,-0.37452678049415833
367,-0.8195928060351785,-0.2852812596742932
368,-0.6753285575704524,-0.2039030709080234
369,0.3684127553814651,-0.06561243888893775
370,0.7704788791491499,-0.25682137421750395
371,-0.5160583875919504,-0.12467333398043057
372,-0.9156242389209674,-0.34241672795388955
373,0.9217918114715322,-0.34613218902619136
374,0.7400948543198294,-0.23956922471745778
375,0.18877459228661486,-0.01766012276647433
376,0.16552009803474532,-0.013605054591354637
377,0.8209680356322531,-0.28608706065313994
378,-0.9185511128873627,-0.3441794461987746
379,0.19385062810709175,-0.01861361946302642
380,0.16359068706235336,-0.013291829426862356
381,-0.9638299211899124,-0.3715407302182093
382,-0.5737811519918319,-0.1517775930157501
383,0.5554581094103275,-0.14295671635380502
384,0.5451860703199976,-0.13809819113434418
385,-0.09461404057902367,-0.004465906387789875
386,0.801721515609626,-0.27485141064729535
387,-0.7692546864349492,-0.2561206239817232
388,-0.2392410895605115,-0.028212528808672754
389,-0.04964690626029622,-0.0012316485481739248
390,-0.537929684954674,-0.13470446632811228
391,0.08854509918438991,-0.0039124436654347505
392,0.007944543343662236,-3.1557386524827535e-05
393,0.023342215082292395,-0.0002723923969266684
394,0.45405089091180995,-0.09794619125323578
395,0.5276933182127233,-0.1299722045434062
396,-0.7589532770468361,-0.2502421853278052
397,0.32692672188239347,-0.05203769553511084
398,-0.9034131233389702,-0.3350727452813844
399,0.44622065787539245,-0.09476114122428891
