,data,labels
0,-0.8772341562107324,0.0008472488563359137
1,-0.349214338256546,5.690239106570516e-07
2,-0.21655945845742353,1.253869841288946e-08
3,-0.9621260494082386,0.00174795644266601
4,0.21404587890928406,1.1421865009353382e-08
5,0.4732157998543107,6.404563025030896e-06
6,-0.9937254933338406,0.0022505384910060933
7,-0.9586803871799698,0.0016995580710048586
8,0.33252126296326723,3.849814271816854e-07
9,-0.3299547140249828,3.6190319030460216e-07
10,0.39494495401006113,1.517826759167562e-06
11,-0.38119649432451586,1.1444047030018112e-06
12,0.3938983426799971,1.4860669106386837e-06
13,-0.6965808299851428,0.00013762711964360186
14,-0.544263264382032,1.9471622006550504e-05
15,0.7311551598625123,0.0002018067813640556
16,0.29075241511774297,1.3188467984370789e-07
17,-0.750620738401063,0.0002483224315826815
18,0.36736491514309866,8.523448666863942e-07
19,0.3363893508193938,4.221927603076381e-07
20,-0.7133030353990641,0.00016600980976944069
21,-0.6673341956093601,9.802991671981065e-05
22,0.43109430616407307,3.0494798954894264e-06
23,-0.5640903933001389,2.5869288810653757e-05
24,-0.5282705335173199,1.5364267915818353e-05
25,0.3332268068207107,3.915467375881221e-07
26,0.6831200250590328,0.00011794770571149638
27,-0.7703110035817458,0.0003045990950665267
28,0.9833782850101489,0.002073733096584207
29,-0.7714698353327911,0.00030823134134450036
30,0.16177762132393014,1.2186548437043143e-09
31,0.776016742967991,0.0003228495874620929
32,-0.6891663131592263,0.00012646094734580782
33,-0.11737179089005312,9.366574182934073e-11
34,0.7721362437399613,0.0003103371457274795
35,0.1040991240257898,3.587363739399052e-11
36,0.5377337942712317,1.769169775178714e-05
37,0.19564435231040989,5.568613570261505e-09
38,0.31815181749224486,2.706218629189294e-07
39,-0.8941923870784445,0.0009846815833635114
40,0.3036990260248753,1.86733663865013e-07
41,-0.5499821323795846,2.1156906998998082e-05
42,0.5737310119611883,2.9593423709783906e-05
43,0.7183317619285998,0.00017548480575135805
44,-0.41767803023004024,2.3706595525530005e-06
45,-0.8484459935070867,0.0006518297049166177
46,-0.35890436848418883,7.078291018869365e-07
47,0.600875364445129,4.270222306901328e-05
48,-0.2440365625866323,3.2563171936672575e-08
49,0.589484733450045,3.668858428096389e-05
50,0.6458556841434686,7.566340120246373e-05
51,-0.529503855916504,1.5651579827191675e-05
52,0.7240945325463934,0.00018691852609786785
53,-0.559994979452179,2.4415392255283663e-05
54,-0.9077926733695694,0.0011084924523843132
55,-0.5707222573931403,2.8383987806801514e-05
56,0.8798793295189147,0.000867520690683854
57,0.05171692584033227,1.333377852574813e-13
58,-0.45356852476692366,4.570234252598837e-06
59,0.9036930171926445,0.001069823822941629
60,0.6972971778345507,0.00013875004865504525
61,-0.5998070997206748,4.210391688663773e-05
62,0.13534842260295554,2.927516007389386e-10
63,-0.31703306172071066,2.631205117120672e-07
64,0.3547382001352051,6.448967027061769e-07
65,-0.1097330214348744,5.46819256541653e-11
66,0.25269105935253244,4.3015065176454925e-08
67,-0.4013319036175922,1.7248072766706812e-06
68,0.4264156566322541,2.7956624795155705e-06
69,-0.5113031018886098,1.1853336177480855e-05
70,0.900624896363369,0.0010416558579755542
71,0.7024995440022301,0.00014714723532849305
72,0.3491832047935175,5.686194225473784e-07
73,-0.9267946640522735,0.0013039936809864372
74,0.2888758016038335,1.2524026793414578e-07
75,0.8794380541311086,0.000864109910373112
76,-0.5196249086547902,1.3476180146798633e-05
77,-0.6423240860236563,7.244823983199034e-05
78,-0.8854002317271186,0.000911192150131912
79,-0.8186321020189677,0.0004919400195971813
80,-0.754809992639907,0.00025947099127421325
81,0.05181396268979244,1.3522516439934407e-13
82,0.9117764764403236,0.0011472243963652762
83,0.10683980682354188,4.4160897161305e-11
84,0.011645276180792807,-1.1102230246251565e-16
85,0.20447089342532299,7.923326439396305e-09
86,0.81790603489861,0.0004885158421691349
87,-0.44880935285097756,4.202177359080572e-06
88,0.3282656884418347,3.473838113832173e-07
89,0.42332063383002994,2.638079962147266e-06
90,0.9357764548821987,0.0014063652628251155
91,-0.5914431674506173,3.76666040192708e-05
92,-0.45515344160693494,4.698899311095239e-06
93,0.9063840396941427,0.0010950714539316175
94,0.7211929439538951,0.00018108308336428625
95,0.7433307584631896,0.00022991331206345667
96,0.6585000928416733,8.821701657979464e-05
97,0.7636008763499311,0.0002842896550391272
98,0.01917876466107482,0.0
99,-0.4172843693516761,2.3529201084171447e-06
100,0.49304065673498876,8.876839528881852e-06
101,0.11451553382465307,7.691558501221607e-11
102,0.31866352407307197,2.7411474123884005e-07
103,0.8349496769259495,0.0005745984144311933
104,0.19562563564284674,5.564357197229697e-09
105,-0.23970092239011254,2.821862732371727e-08
106,-0.4659135701113082,5.659160104198868e-06
107,0.9210314210475306,0.0012417666409376693
108,-0.9875477565484734,0.0021434732708315307
109,-0.8387659133789291,0.0005955844757324913
110,-0.5793746377196323,3.198364797152298e-05
111,0.06694512569165645,1.0501599589929356e-12
112,0.2617013164105495,5.690473858788181e-08
113,0.07869073180310715,3.826383654370602e-12
114,0.08663475829208833,8.25806090176684e-12
115,0.7667049724493733,0.00029353338528581574
116,0.37920445935055214,1.0975924009670734e-06
117,-0.8629336142791109,0.0007446184135714295
118,-0.9225349691967051,0.0012577470540814373
119,-0.9702099832725384,0.0018662202043618903
120,-0.8662561772789008,0.0007674462359135159
121,0.4305201613939609,3.0172872387268512e-06
122,-0.5279563475644575,1.529181553439063e-05
123,-0.47723542860614554,6.85036293013308e-06
124,0.4373312901204751,3.4190038847858872e-06
125,0.6211241964582028,5.5533441208788226e-05
126,-0.7327311926869953,0.00020526745710591765
127,0.005517554940708491,-1.1102230246251565e-16
128,-0.744859359678246,0.0002336717906575858
129,0.45238927713244825,4.476508104422905e-06
130,0.5089701580485884,1.1430187047301033e-05
131,-0.41988390163679523,2.472239943651644e-06
132,0.48717007665192025,8.070255636427603e-06
133,-0.9930556216193331,0.0022387095006617397
134,-0.6378844456103445,6.857573789831317e-05
135,-0.32129342567418506,2.9269524748354314e-07
136,0.6241948183554193,5.7746601105024276e-05
137,-0.545259875329005,1.9756592248065807e-05
138,-0.7973797791508541,0.00039990067405726304
139,0.6457503193939689,7.556570816780184e-05
140,-0.0008474077854425666,0.0
141,-0.4084773148058358,1.985208208932221e-06
142,-0.15893918521566164,1.0578410369888047e-09
143,-0.5829433402533144,3.3580470156335807e-05
144,0.2853983746057698,1.1369801833360782e-07
145,-0.3139570952804658,2.4342457494164194e-07
146,-0.358394801582649,6.998545829528524e-07
147,-0.975784518015218,0.0019517571846539017
148,0.535999396681434,1.724346793352538e-05
149,-0.5881154660355434,3.6018008259697254e-05
150,0.9569329629356371,0.0016754605753699359
151,0.35898150065692014,7.090430820255733e-07
152,0.5464962289662418,2.0115165122680523e-05
153,-0.9076819794545046,0.001107432654866014
154,0.07742761573078649,3.3618663408674365e-12
155,-0.8616490503292435,0.0007359521525114321
156,0.8389000164077776,0.0005963338791236117
157,-0.8726133132000822,0.0008128215741616263
158,0.569207807244601,2.779169872080267e-05
159,-0.6032229688911634,4.404315395623026e-05
160,-0.6153464105683153,5.156878045708968e-05
161,0.6312141126998474,6.309659699588188e-05
162,0.6737548225976433,0.00010574594723522512
163,0.20811782048834737,9.125666222686846e-09
164,0.05580069899303641,2.446931546273845e-13
165,0.7559224872555801,0.00026250375552550054
166,-0.3808865390664249,1.1370082236838996e-06
167,-0.3126679978767066,2.355615025262381e-07
168,0.2276434801749505,1.8683739666514043e-08
169,0.4771376175275812,6.839201818986673e-06
170,0.3086944877846587,2.1270337968726238e-07
171,0.040500080231122615,1.887379141862766e-14
172,0.8012416068910768,0.0004154141944764378
173,0.5023132848333867,1.029436428034991e-05
174,0.589385109086906,3.6639430414431295e-05
175,-0.01598770941197003,1.1102230246251565e-16
176,-0.3697119959665618,8.967426298189807e-07
177,-0.713994179806388,0.0001672850494432998
178,-0.5123247822506367,1.2042910542464647e-05
179,0.42425051280814086,2.6845879669279427e-06
180,-0.41095860689573604,2.083338519365263e-06
181,-0.03948107672288703,1.5432100042289676e-14
182,0.9273464245367355,0.0013100905901437532
183,0.5227100214053013,1.4125263983921776e-05
184,0.5359972562653745,1.7242920953619567e-05
185,0.3774988599643463,1.058849606438983e-06
186,0.284570341336865,1.1109087738603307e-07
187,-0.8359016702253634,0.0005797724814939897
188,-0.655967604172901,8.556679395355093e-05
189,0.633670800995068,6.506845331721856e-05
190,-0.47475348203828815,6.572014519035108e-06
191,0.8810445579815582,0.0008765834092352431
192,-0.31942339950518583,2.793743038020935e-07
193,-0.8931195637017411,0.0009754474604735108
194,-0.4589954927934434,5.024009256060502e-06
195,-0.7353924411138069,0.00021122836134768175
196,-0.3777626572989712,1.064762509050965e-06
197,0.16697244843772996,1.5689808341434741e-09
198,-0.9779737519088096,0.0019862667682538637
199,0.3344946317831281,4.035904515031774e-07
200,0.9601849987205135,0.0017205472711516734
201,-0.8034945358862497,0.0004247039987068657
202,0.8187390301280189,0.0004924460569931677
203,-0.7073324082912991,0.00015534092130831123
204,-0.36758817583400116,8.564837655766766e-07
205,0.7473438402675785,0.0002398946444090999
206,-0.5758037823570779,3.0452537162273252e-05
207,-0.9249596982113553,0.0012838941272405036
208,0.22596958877307527,1.7613874692123943e-08
209,-0.7837435401866688,0.000349076461569231
210,-0.7001567902798409,0.00014331257669530917
211,-0.36209939299753313,7.596641816709493e-07
212,0.8190710448051943,0.0004940202008549832
213,-0.40525086162406687,1.8636607969080288e-06
214,0.7023568147579382,0.00014691108494313543
215,-0.8625973452187379,0.0007423412687667108
216,0.7201781811063801,0.00017908003757172164
217,0.8568972583660535,0.0007046509419105229
218,-0.6008183440540344,4.267010128078397e-05
219,-0.21905509418376146,1.3740894200253706e-08
220,-0.5136073523636,1.2284634776427161e-05
221,-0.03336748999219341,4.107825191113079e-15
222,-0.38646094707191203,1.2766138811626249e-06
223,-0.26321122500839733,5.958022830654386e-08
224,0.7069322688570487,0.00015464776396567625
225,0.6980168719136652,0.00013988624730087995
226,-0.8178290004601381,0.0004881537613189435
227,-0.6941704368517394,0.00013390653615674708
228,0.18946037743232091,4.3078336453561406e-09
229,-0.09050799741659588,1.1716849712684052e-11
230,0.5467411301217606,2.0186862092597124e-05
231,0.8730482020109733,0.0008160090474453874
232,-0.00814825965454724,0.0
233,-0.9740703675853877,0.0019251003870809358
234,-0.71865337780099,0.00017610647951393776
235,-0.9263910493423637,0.0012995493720584506
236,0.3279638660194344,3.4484359634490147e-07
237,-0.22645101037932025,1.791594073097258e-08
238,0.9105233600480578,0.0011349165338632172
239,-0.9667200222470049,0.0018143397919937465
240,-0.8577754475301784,0.0007103470931246747
241,-0.3783118375805168,1.0771647623863956e-06
242,-0.05140370425935448,1.268984917146554e-13
243,-0.7989071723399193,0.0004059751396822131
244,0.8313578447823906,0.0005554363045425781
245,-0.9952868639387018,0.0022783205103711346
246,-0.5154344251009375,1.2636288501455262e-05
247,-0.725523524724424,0.00018985205782318104
248,-0.6112981912002844,4.894008406164385e-05
249,-0.5410488972663472,1.8576789217794598e-05
250,-0.52671321085377,1.5008058453003237e-05
251,-0.7358059510217139,0.00021216796743750432
252,-0.47475244980154785,6.571900840302014e-06
253,-0.742821865237034,0.0002286737858347987
254,0.02895130147976266,1.3322676295501878e-15
255,0.7984634930014429,0.00040420241038330307
256,0.6874878895125895,0.00012404571463919822
257,0.5704197114043397,2.8264792593546417e-05
258,0.6944167964419452,0.00013428274468774148
259,0.45288409348539127,4.515629526635756e-06
260,0.8050946936081735,0.0004314113269858755
261,-0.894833724794889,0.000990237930976523
262,0.15288736206528886,7.755808217879689e-10
263,-0.24782772563467237,3.683036164936482e-08
264,-0.46897671201119273,5.962065568798636e-06
265,-0.025136933631242586,3.3306690738754696e-16
266,-0.718269761249205,0.00017536518016314506
267,-0.08920542772868623,1.0433987007729684e-11
268,0.6404427518543259,7.078458365727958e-05
269,0.405142640640747,1.8596991702146681e-06
270,0.340737310152577,4.6773891948515e-07
271,-0.31255854535356264,2.3490422229599517e-07
272,0.7435108883574253,0.00023035345831257104
273,-0.8926425672451881,0.0009713660026909876
274,-0.8812891697563996,0.0008784963121767353
275,0.9653399566955738,0.0017941719194203287
276,0.24660478668600416,3.540340398622277e-08
277,0.5088174246205788,1.1402950018335467e-05
278,0.831791428896546,0.0005577195656507605
279,-0.061291597458671854,5.184741524999481e-13
280,0.4419071884056096,3.714421771272569e-06
281,0.8666460317320857,0.0007701641653868885
282,-0.8351018156183443,0.0005754225823413339
283,-0.37445524507809336,9.926746564747901e-07
284,-0.16048590685378072,1.14300036102577e-09
285,-0.1490528111333771,6.330324042735924e-10
286,-0.12303830082149037,1.365632051886223e-10
287,0.2363266711305736,2.5197046449321192e-08
288,-0.6496074824128988,7.921452775416782e-05
289,-0.28910472564793155,1.2603480359363317e-07
290,0.12091854061850116,1.188440457156048e-10
291,-0.2558809747048272,4.754834392883822e-08
292,-0.006409335834655527,0.0
293,0.07120642737666483,1.7201795543542175e-12
294,0.8471358074576689,0.000643956948513047
295,0.6862019502221501,0.00012222253429494678
296,-0.597409916148385,4.0787849430179435e-05
297,-0.736150633206232,0.00021295395540821271
298,-0.6284970894228719,6.097661064208282e-05
299,-0.033223780565054595,3.885780586188048e-15
300,0.3596346145469047,7.193955552375897e-07
301,0.4710702671452327,6.177145794761252e-06
302,0.9785473875537996,0.001995396118777304
303,-0.31315200088554573,2.3848733077258544e-07
304,0.5996459719139138,4.2014310812077404e-05
305,-0.9295924561378619,0.0013351649904524976
306,-0.10646620046221433,4.294087307954442e-11
307,0.2523897170122802,4.260704467018428e-08
308,-0.6730524379218386,0.00010487686965310328
309,0.8995730429842725,0.0010321482543552696
310,-0.690227067052166,0.0001280083860000225
311,0.729135804017244,0.0001974469264315326
312,0.41006366776826497,2.0474678411597225e-06
313,-0.7168311534709018,0.0001726093524636596
314,-0.5725396444236956,2.9109258838477814e-05
315,0.7736161584358359,0.00031505836785183927
316,-0.07846461224315604,3.739231146937527e-12
317,-0.19949973281582212,6.508503180846503e-09
318,0.3955357406185309,1.5360149304699533e-06
319,0.7914615336512758,0.00037710348008157535
320,0.039118252315327506,1.432187701766452e-14
321,-0.3053543257614233,1.950134319583796e-07
322,-0.9530240833040562,0.0016226258074567568
323,0.8880734484412272,0.0009330148284558692
324,0.09960911475265433,2.5213275911539768e-11
325,-0.47359165662179925,6.445145512068429e-06
326,-0.18697038067920024,3.875563314714725e-09
327,0.5691631206835059,2.7774387143519874e-05
328,0.977460930560905,0.0019781359380469654
329,-0.02426207589830809,3.3306690738754696e-16
330,-0.40630760339367367,1.9027338798993654e-06
331,-0.43290138107454257,3.1527699403399723e-06
332,0.11860828601610152,1.0185419174746357e-10
333,0.15059221480352059,6.872342694919098e-10
334,0.039695537672473025,1.5987211554602254e-14
335,-0.7799693100713656,0.00033604313274337994
336,0.7553609016156781,0.0002609689890450406
337,-0.1820756764215068,3.1350615437020224e-09
338,-0.7953617472485719,0.0003919961823832807
339,-0.19940450682643474,6.48371578648721e-09
340,0.7183291981769548,0.00017547985778043618
341,0.9415439578943943,0.0014757146622939032
342,0.5913559264901276,3.7622558093364233e-05
343,-0.02984931529407553,1.6653345369377348e-15
344,0.9684844559669872,0.0018404107203428
345,-0.8550622368071077,0.0006928764456641812
346,0.7493901573539881,0.00024512781174490517
347,-0.7639088167546548,0.0002851952171464278
348,-0.7911669286899996,0.00037599880921901363
349,-0.7590403613078278,0.0002711682746279198
350,0.6954709196855557,0.00013590287773657117
351,0.7246208743873304,0.00018799441382266746
352,0.8963284933151778,0.001003293869690225
353,-0.7188668665509561,0.00017652020449121508
354,0.2911155004367587,1.3320521230486548e-07
355,0.9745329037549024,0.0019322620252486544
356,0.12714799079644967,1.7760015680323704e-10
357,-0.43028713064994806,3.0043059797701943e-06
358,0.8122946616826989,0.0004627434925431606
359,0.3829790889593878,1.1877645399449577e-06
360,-0.6103746373271561,4.835701225991418e-05
361,0.5630462002988201,2.5491604004890256e-05
362,0.1092771515303701,5.2891357960049845e-11
363,0.4493899816038327,4.245647484801829e-06
364,0.7913765442100611,0.0003767845086745103
365,0.23918704014597503,2.773895180219199e-08
366,-0.7535066860470727,0.00025595686354673575
367,-0.33005090723155805,3.627458240451631e-07
368,-0.39982951745906825,1.6740238314438827e-06
369,0.7359798070249262,0.00021256409983094748
370,0.48304319973511545,7.542258647075251e-06
371,0.7832736180501412,0.00034743012185622923
372,-0.2756895769449992,8.624601777196261e-08
373,-0.8393373728431677,0.0005987836384722112
374,0.8787684018778983,0.0008589561597207584
375,-0.5672923064355655,2.7058018813974627e-05
376,-0.13258689225606135,2.48262188584647e-10
377,-0.7143269407071644,0.0001679020657828767
378,0.8126512313733769,0.00046434526619609784
379,-0.5445307095376533,1.9547740840675232e-05
380,0.6450927771787913,7.495852129968394e-05
381,-0.6762210129671733,0.00010884729739446541
382,-0.41232791757808673,2.1392853374324616e-06
383,0.6402038865370816,7.057575640267988e-05
384,0.06745921793039034,1.116329251260595e-12
385,0.28735420355460795,1.2006957783583516e-07
386,0.3114087919023134,2.2809602651108207e-07
387,-0.6570778189823079,8.671995780884512e-05
388,-0.6328570708177621,6.440945066321646e-05
389,-0.11552120087405426,8.248646210518018e-11
390,-0.8055628381212114,0.00043339095855632337
391,-0.8421126897280133,0.0006145337337916112
392,-0.5013975063260891,1.0146092846663457e-05
393,-0.29793412243746875,1.6024597004893337e-07
394,-0.3919990737735657,1.4299130310924113e-06
395,0.7630447885444451,0.00028266069884008704
396,-0.8476072919764028,0.0006467804775740493
397,-0.3180587436081057,2.699907453163064e-07
398,-0.23925761389434141,2.780440244709581e-08
399,-0.19603138383312269,5.6572689866030146e-09
400,0.9240684354263071,0.0012742289119253014
401,0.06204870423890574,5.718758799844181e-13
402,-0.5796133491564002,3.20883540484429e-05
403,-0.6985459063673891,0.00014072660422936867
404,0.15012991576783374,6.705459520972568e-10
405,0.7323984461351145,0.000204532538294111
406,0.38887140531451436,1.3414743426087838e-06
407,0.7725523734059081,0.00031165842242109054
408,0.1043213211618037,3.649058832877472e-11
409,-0.7606839317555363,0.0002758350539919796
410,-0.683050109791226,0.00011785225892357865
411,0.5186839140451602,1.3283454505352843e-05
412,0.5103355630261148,1.1676213844680206e-05
413,0.8771792028608483,0.0008468321089173392
414,-0.07644725554303355,3.0361269054424156e-12
415,0.9139830917529133,0.0011691790160226478
416,0.3464177924856797,5.336780093401217e-07
417,-0.41159278579665326,2.1090886322960856e-06
418,-0.5027336499697785,1.0363055350182115e-05
419,-0.8590507604868534,0.0007186902768222536
420,-0.8015281382297892,0.00041658579539349816
421,-0.7354801393000412,0.00021142733220080867
422,0.5846300162008784,3.4359059994826247e-05
423,-0.821570806642848,0.0005060131010807822
424,0.0470636628413994,6.250555628639631e-14
425,0.08056403945151347,4.618749827045576e-12
426,-0.8027618045004603,0.0004216630142872546
427,0.3492118087416751,5.689910376194263e-07
428,-0.34698364916486146,5.406708623034717e-07
429,-0.48360662178392166,7.612516792265822e-06
430,-0.2878100503244667,1.2159868167938015e-07
431,0.41443295250945633,2.2278518121421342e-06
432,0.7839748564354836,0.00034988935033297697
433,0.828467713122377,0.000540423244694721
434,0.8493437547919138,0.0006572723945634795
435,0.5716424730776906,2.8749227132474076e-05
436,-0.982985655754633,0.002067268312276105
437,-0.31461744821342896,2.475406499780064e-07
438,0.8568626895993956,0.0007044275342542594
439,-0.46210054273966095,5.300934311280869e-06
440,0.559450810010188,2.422767867793496e-05
441,0.17727799903828156,2.53246867920609e-09
442,0.07683912659026548,3.162803352552146e-12
443,-0.6201674211937978,5.4859123246431274e-05
444,-0.3865452683446211,1.2788356685833335e-06
445,0.4987569823164477,9.728954808663204e-06
446,-0.9379063940610468,0.0014316393955159379
447,0.4175391205971357,2.3643866112754708e-06
448,-0.26587992381186787,6.457884005328651e-08
449,0.050357876094810905,1.0769163338864018e-13
450,0.531558577870624,1.614065972799228e-05
451,-0.14971141984311798,6.557457910005837e-10
452,0.8968906644672452,0.0010082426244362175
453,0.8142607809210431,0.00047163576570530275
454,-0.3363435264014214,4.217341665890828e-07
455,0.9184266075624823,0.0012144981220050255
456,-0.640201535628484,7.057370379848216e-05
457,-0.5042685916126748,1.0617286120173652e-05
458,-0.4463449632523966,4.021970056555801e-06
459,-0.5402035525108426,1.8347501958837498e-05
460,0.16726507359802434,1.5910981421285442e-09
461,-0.6556254667689414,8.521412412665352e-05
462,-0.9169800974342592,0.001199580856733773
463,-0.04465881905723612,4.118927421359331e-14
464,0.5704582015604112,2.827993243481597e-05
465,-0.31653259947800994,2.5982414064706916e-07
466,-0.2940977437517984,1.44496309917308e-07
467,-0.19642917096969503,5.749672293831054e-09
468,0.4882783116703737,8.217424364298509e-06
469,-0.23133876741735948,2.1248878434576568e-08
470,0.16066263525143598,1.1531022803268343e-09
471,0.9783250405995714,0.0019918531840793507
472,-0.5532591714634185,2.2178830383356996e-05
473,0.7803441439663756,0.0003373183108197342
474,-0.44736119349657577,4.09544662638428e-06
475,-0.5705558187899655,2.8318361223633737e-05
476,-0.20447188239539038,7.9236327499288e-09
477,-0.553155891253083,2.2145977939480588e-05
478,0.6685175198199409,9.941394212531485e-05
479,0.4802082190696224,7.197259056845873e-06
480,-0.07238198135977258,1.9610979506978765e-12
481,-0.7088691196884103,0.00015802815145393723
482,-0.11736898402519658,9.364764519403934e-11
483,-0.9989237493977994,0.0023441876540989393
484,-0.34954776728025805,5.733716337275041e-07
485,-0.14454450401660046,4.951932197627684e-10
486,0.09719935071013786,2.0728307958961523e-11
487,0.8381088835351374,0.0005919246296124392
488,-0.534999999862459,1.6989714043513793e-05
489,-0.788963684719239,0.0003678261881669975
490,-0.0529556478185822,1.6109336087311021e-13
491,0.3624667248767446,7.65831042914833e-07
492,0.6649304072900051,9.527000586218026e-05
493,0.807269274685229,0.0004406739300714113
494,-0.20129970233121597,6.992884826750867e-09
495,-0.10239715679708206,3.1442515258106596e-11
496,0.45790985544060847,4.930212296527792e-06
497,0.12798638154326136,1.871836019518014e-10
498,0.4581878541933162,4.954084018016225e-06
499,-0.656578903701285,8.620007789594819e-05
