,data,labels
0,-0.7771809580964582,0.0003266880582251108
1,0.6664243392944096,9.697718367074337e-05
2,0.4482982272202263,4.164232886294528e-06
3,0.5109315283951619,1.1785038800171677e-05
4,-0.29701809113857336,1.5635504546640533e-07
5,-0.03958638250890112,1.5654144647214707e-14
6,-0.26376768549344365,6.05936261166562e-08
7,0.36534333480344516,8.15656308050805e-07
8,-0.2504514935511599,4.006261711264614e-08
9,-0.9704340914586813,0.0018695951984271098
10,-0.4967587450102069,9.423308912293038e-06
11,0.6544848673813395,8.40475420436082e-05
12,-0.6557174242944908,8.530878783907792e-05
13,-0.5208028236774791,1.3720864804001032e-05
14,-0.26247216504114235,5.825721716146148e-08
15,0.48851809264664037,8.24957265899151e-06
16,-0.763937969433286,0.00028528107644643086
17,-0.5643161709275966,2.595159123708335e-05
18,0.02258619252760119,2.220446049250313e-16
19,-0.630062402035195,6.219024870612877e-05
20,0.9098537309585522,0.0011283866628447603
21,0.5537915855870925,2.2348861459908775e-05
22,0.9318220126173493,0.0013604661063227885
23,0.7026952031017073,0.00014747149691596295
24,-0.23470861608655547,2.3851350672288163e-08
25,-0.10091552747015076,2.7982838268769683e-11
26,-0.34778389050873404,5.506968892010633e-07
27,-0.9258198302841587,0.0012932819856836808
28,0.6594385457176288,8.921709669862388e-05
29,-0.8313962668186394,0.0005556383071331217
30,-0.9247759304921275,0.0012818960878908658
31,0.5809796813544545,3.26934396587264e-05
32,-0.03747676034403025,1.0103029524088925e-14
33,0.07438224585871156,2.438715895891619e-12
34,-0.11222633221179179,6.544553787790619e-11
35,0.12854657029904626,1.9383650240456518e-10
36,0.41630130025095835,2.3091256341478683e-06
37,0.9458335207763289,0.0015291978698467323
38,0.6173600412673306,5.292154358882417e-05
39,-0.25935075278081365,5.294856919579871e-08
40,0.03395306048217006,4.551914400963142e-15
41,0.6850111470423421,0.00012055508847252927
42,0.8579054442252134,0.0007111936722283829
43,0.09907477055474878,2.4151791677695655e-11
44,0.8730957918323232,0.0008163585100733339
45,0.7316548162456262,0.00020289839512266372
46,-0.7536483683213164,0.00025633686713888437
47,0.021985343583319494,1.1102230246251565e-16
48,-0.6647711106370935,9.50895249358652e-05
49,-0.5335443707823131,1.662594854368038e-05
50,-0.7726187624647436,0.00031186966990126574
51,-0.09668024902239458,1.985922537528495e-11
52,-0.23779686969900404,2.647687002976795e-08
53,-0.6758425544326327,0.00010836628440180629
54,0.4333078054070514,3.1764169816650423e-06
55,-0.43709821906567203,3.404522580296998e-06
56,-0.4335522647641934,3.1907148648757655e-06
57,0.6716156900247621,0.00010311850153232882
58,-0.05805775556542514,3.360645095540349e-13
59,0.04911607515290317,8.815170815523743e-14
60,0.07023026775885355,1.5404344466674047e-12
61,0.10594653292130007,4.1292858021790835e-11
62,0.4768565185838076,6.807214248949478e-06
63,0.11110923162004016,6.041345201879267e-11
64,0.5117862815534282,1.1942663820430077e-05
65,-0.29690062568800557,1.5586212531726318e-07
66,-0.24472940383992592,3.330903719511724e-08
67,-0.8998539645513306,0.001034680077206085
68,0.3491757365482755,5.685224320206572e-07
69,-0.8344888632687943,0.0005721083422194351
70,-0.5614865970089082,2.493645090817509e-05
71,-0.6162580539920859,5.21774444692813e-05
72,-0.7374851168941061,0.00021602095791628528
73,0.0655735937461579,8.89843754237063e-13
74,-0.6740511050484577,0.00010611442126495785
75,0.8844576869187772,0.0009036041067558287
76,0.8261774948605085,0.0005287781317875329
77,-0.7870224141502888,0.00036075375534327936
78,0.9042954927804274,0.0010754320230306202
79,0.7622669340042838,0.00028039574056004657
80,0.9289823313942047,0.0013283128038762415
81,0.11203048167183538,6.453759748836774e-11
82,-0.06414919391497254,7.465139617579553e-13
83,0.9019789801047917,0.0010540071268337892
84,-0.6377481096229118,6.845973009539374e-05
85,-0.9666635403203689,0.0018135105417547148
86,0.18474951869879974,3.5225294903185045e-09
87,0.13800806436029012,3.420408400955921e-10
88,0.1822786783391117,3.1631105512630597e-09
89,0.13432470847622024,2.7550706160894833e-10
90,-0.6331647687961304,6.465795406995767e-05
91,-0.5471962931908323,2.0320707395660165e-05
92,-0.9104243286514353,0.0011339487707319185
93,-0.9038988248716993,0.0010717367420273183
94,-0.6873737695713553,0.0001238829656964313
95,-0.6139823061238661,5.066958615895789e-05
96,-0.010108666062650817,0.0
97,-0.5726078648077118,2.9136795569262297e-05
98,-0.5535341462610717,2.2266504551060606e-05
99,0.6210540675472274,5.548377147479577e-05
100,0.10229485079504608,3.119204894375116e-11
101,-0.3800773798954158,1.1178956935697926e-06
102,0.29020920760036817,1.299304164259496e-07
103,0.2966881907555312,1.549741335260535e-07
104,-0.424595961462257,2.702047137481678e-06
105,-0.8913880181283507,0.0009607020335957728
106,0.6668355997869782,9.745179941100801e-05
107,0.8095110442405193,0.0004504031915892881
108,-0.3090431608808317,2.1462840393837723e-07
109,0.38000361641163627,1.116167426040704e-06
110,0.948599245980331,0.0015645657586400574
111,-0.41283629574908565,2.1603880026033195e-06
112,-0.6348299042156598,6.601729981547955e-05
113,-0.954978807177064,0.0016488635632851967
114,0.9293944978716684,0.0013329384093538899
115,-0.042876034467781654,2.986499936241671e-14
116,-0.6775826864500742,0.00011059337105490119
117,0.7878768604016619,0.0003638519675276397
118,0.45393799343018815,4.599949801176173e-06
119,-0.43172218530128337,3.0850284672423456e-06
120,-0.7009277683649995,0.00014456480638669333
121,0.4041147933065994,1.8224380959885877e-06
122,-0.29192063939020363,1.3617479177607805e-07
123,-0.27366738138208,8.132209783351385e-08
124,-0.3310484392718611,3.7158562082861835e-07
125,-0.8468172787122807,0.0006420554749110297
126,-0.3366322459679958,4.246308498156992e-07
127,-0.4014940661582098,1.730368298424878e-06
128,0.17497114626581722,2.2807202793018178e-09
129,0.2699947124924258,7.300500626250539e-08
130,-0.8644436053595015,0.0007549187019137982
131,-0.8315570388520166,0.0005564842532955749
132,-0.08967319381394812,1.0879741552116684e-11
133,-0.6656397770734199,9.607733969752008e-05
134,-0.009857767771878745,-1.1102230246251565e-16
135,0.8147734072597024,0.0004739785106608885
136,-0.33157384785659416,3.7631686844452616e-07
137,0.4525167588759309,4.48655872364867e-06
138,-0.1553103375217697,8.794779349230453e-10
139,0.7446435730566972,0.0002331380022675411
140,-0.3753990827213469,1.0127979059859626e-06
141,-0.6622384765457163,9.22598216189785e-05
142,0.8027802331604406,0.00042173926431632314
143,0.7742278008319694,0.0003170277948549849
144,-0.0034465733068178572,0.0
145,0.9565753988897152,0.001670566339701085
146,0.5611429899967528,2.481556868949575e-05
147,-0.4461705673465335,4.009477107991266e-06
148,-0.020810834951791257,1.1102230246251565e-16
149,-0.17709983244421146,2.5121944524642004e-09
150,0.20650262702979916,8.574801535488064e-09
151,0.49918313800646663,9.795246405097657e-06
152,0.34977639789290293,5.763695968274973e-07
153,0.6328398537782034,6.439557043724786e-05
154,0.2680832866163396,6.897837123709394e-08
155,-0.31178956778207456,2.3033140816863806e-07
156,0.16941740017999485,1.7623312809078584e-09
157,-0.8376203378268243,0.0005892159687522769
158,0.7621759080962891,0.0002801317257498104
159,-0.4982148766103085,9.645192401319669e-06
160,0.04261366608813599,2.8310687127941492e-14
161,0.9808447870031296,0.0020323244429062415
162,-0.21985682466325196,1.4147917282159028e-08
163,-0.6936895710085225,0.00013317486280051138
164,-0.04519298779011871,4.529709940470639e-14
165,0.43860518797403225,3.4991088480040844e-06
166,0.4747700547954792,6.573839886558908e-06
167,0.9070585305597261,0.0011014800815272174
168,-0.7025793467301549,0.00014727941563186242
169,-0.35514411909386245,6.508053299603134e-07
170,0.8931573924026666,0.0009757717808036581
171,-0.5597920978509079,2.4345259620361936e-05
172,-0.1703670106437325,1.8428647496904205e-09
173,0.13920061739738743,3.664013537019173e-10
174,-0.6582094374656009,8.790926137502986e-05
175,-0.003404227845617669,0.0
176,-0.2913044276693808,1.338968970143739e-07
177,0.3027650758332543,1.8219904429628286e-07
178,-0.7558142297218751,0.00026220728740389276
179,0.4894248328590034,8.372137186518636e-06
180,0.5209810490374771,1.37582225768762e-05
181,-0.747437474677014,0.00024013196152050664
182,-0.367602324389362,8.567466480702279e-07
183,-0.28002317987812986,9.768414699351524e-08
184,-0.7002550642732452,0.00014347166724304472
185,-0.21691349624530099,1.2703434415506365e-08
186,0.6991167847763928,0.00014163835610458975
187,0.7178698430646708,0.0001745952724125921
188,0.8044227777151007,0.0004285837496882383
189,0.9006753132444634,0.0010421134737996773
190,0.6165599968807949,5.238041390753789e-05
191,0.2763718004577682,8.79649834084617e-08
192,-0.15069013906563322,6.908154048801407e-10
193,-0.031067616524406816,2.220446049250313e-15
194,0.6548280219423304,8.439704139562298e-05
195,0.19083903507962985,4.564852051913704e-09
196,-0.6477790380324502,7.746615406778457e-05
197,0.20674093972798824,8.654202465763206e-09
198,-0.5269639274005691,1.5064913980955552e-05
199,-0.5551551078376205,2.2789508635878697e-05
200,-0.5930037774098966,3.8462150598994604e-05
201,-0.013472084195843337,0.0
202,0.5685623860267532,2.7542573729610886e-05
203,0.7538358985825915,0.0002568405934416651
204,-0.08258467449775364,5.6307181139914064e-12
205,-0.965620851322776,0.0017982610046792802
206,-0.24582207073585027,3.451569796641962e-08
207,0.5893242593294894,3.6609435880907704e-05
208,-0.8707939663324631,0.0007996037697916014
209,-0.40052453284957834,1.6973519062490894e-06
210,-0.7234460605922897,0.00018560036477222042
211,-0.7564631888285771,0.0002639888603185314
212,0.4078134734296204,1.959649297722521e-06
213,0.1948221210653045,5.3842920122448845e-09
214,0.4898552919621024,8.430876783038777e-06
215,0.26924276014652815,7.139706637016019e-08
216,-0.5769307769245107,3.0928712812960946e-05
217,0.8069382609317148,0.00043925292546420636
218,0.45815425065549786,4.9511931347057114e-06
219,-0.3042245107882071,1.893281748044373e-07
220,-0.4441115869889434,3.864522114760405e-06
221,0.6326350147486364,6.423063087224179e-05
222,-0.8612919124161342,0.0007335583525220901
223,-0.6861010139541888,0.00012208042156980348
224,0.19794751667509058,6.114623918307416e-09
225,-0.17714227728094967,2.5170115991457465e-09
226,-0.4129677064454189,2.1658723141637637e-06
227,0.18717832296398185,3.910149759533965e-09
228,0.3421320077734973,4.83230779058097e-07
229,0.75360634355062,0.00025622410206327384
230,-0.4282507745558246,2.892927597031303e-06
231,-0.5214891251831699,1.3865207834751203e-05
232,-0.980655979336202,0.002029267381000066
233,0.09587706977630095,1.857758391565767e-11
234,0.3794140201625571,1.102436962163722e-06
235,-0.28294642258132496,1.0612917467067717e-07
236,-0.7216125496166406,0.00018191702613701288
237,-0.9319991383085637,0.0013624938485055083
238,0.9304112395533686,0.001344408748620629
239,-0.5591796652970107,2.413461688843821e-05
240,0.14271364406343245,4.472071601924199e-10
241,-0.44087024678874864,3.6455935946699825e-06
242,0.03689662547387762,8.992806499463768e-15
243,-0.21544727362438465,1.2033280150092196e-08
244,0.5998413998775465,4.212301331274482e-05
245,-0.8785909410127781,0.0008575948737790107
246,0.12841379814599785,1.922412229404813e-10
247,0.15565810358520582,8.9534668568092e-10
248,-0.48231115256685064,7.451818955228617e-06
249,0.41089894497262325,2.0809302078150793e-06
250,-0.07480996830920406,2.553290912032935e-12
251,-0.8424748808124771,0.0006166155006360752
252,0.3717160059359721,9.362366394372046e-07
253,0.9465666323747688,0.001538504635186344
254,-0.35248631563281685,6.129614656957827e-07
255,0.3776272470462303,1.061723753803534e-06
256,-0.7818610619057857,0.00034252190736672183
257,0.12062630051942147,1.1656631215828384e-10
258,-0.7675984532876254,0.00029624206981149204
259,0.2348833618006092,2.399358800531104e-08
260,0.416226891037083,2.305839975735857e-06
261,0.10443590391667468,3.681233096131109e-11
262,-0.9030035354367505,0.0010634368746382794
263,-0.25464859271887774,4.574976564253319e-08
264,-0.825816673916044,0.0005269634869874418
265,-0.6448097157987271,7.469844867313835e-05
266,0.8000547151423578,0.0004105915501270152
267,-0.5760772613069116,3.05674956052604e-05
268,-0.641011116295199,7.128364033925916e-05
269,-0.720767282347119,0.00018024050619902532
270,0.94148022972477,0.0014749324769604
271,0.7557217866772732,0.00026195435855380644
272,-0.9665883191423565,0.001812406677720646
273,0.41439558733689186,2.226252234671655e-06
274,-0.6438415297534266,7.381482689039487e-05
275,0.8255852896779872,0.0005258026564680662
276,-0.8229669883829829,0.0005128209247375892
277,0.21265274284332403,1.0841158748498003e-08
278,0.3002937489095878,1.7066110091779052e-07
279,-0.9079114759584652,0.0011096308623674833
280,0.07714097415090082,3.26361160318811e-12
281,0.0027776991095462833,0.0
282,0.8455044320117688,0.00063426974734071
283,0.47022194795517724,6.089191693314788e-06
284,0.1405833770456819,3.965361372593179e-10
285,-0.1040961092277155,3.586531072130583e-11
286,-0.49775883873260685,9.575216714075019e-06
287,-0.613152556231181,5.012933982839751e-05
288,-0.5197952590027772,1.3511329269078054e-05
289,-0.16112201488464062,1.1797266497026726e-09
290,0.5855424885090006,3.478679226964765e-05
291,-0.11584112991918749,8.43313197051998e-11
292,0.09201693714293224,1.3373413487727248e-11
293,-0.6405351400071062,7.086549797119535e-05
294,0.39960119216099454,1.6664214953499012e-06
295,0.734537416371613,0.00020929699102101296
296,-0.15077659789731723,6.93990975797476e-10
297,0.9204157747875177,0.0012352742713579445
298,0.8306750279503712,0.0005518570447549109
299,0.07665741146665561,3.1034064207347e-12
300,-0.5365624375559215,1.738787891147897e-05
301,0.10081846790347626,2.776823215810964e-11
302,0.8908696018260847,0.0009563251313038368
303,-0.2869288356678208,1.1865790217058247e-07
304,0.4999053388657151,9.908490331556052e-06
305,0.6890224917917851,0.00012625239835328816
306,-0.8864407204695606,0.0009196328758169781
307,-0.45181539225400646,4.431506237856375e-06
308,0.20933925624077965,9.562550862263208e-09
309,-0.5612311625590547,2.484653927514735e-05
310,0.670410306459621,0.00010166315175808016
311,-0.687962408630431,0.00012472443484157214
312,-0.1341067689389681,2.719529046402158e-10
313,0.5219136859007594,1.395516326929691e-05
314,0.2507670442390364,4.0467572737235e-08
315,-0.7012246385708221,0.00014504951952443168
316,0.15132216945415422,7.143244884488809e-10
317,-0.4114897445274459,2.1048859408789866e-06
318,0.8872889465740341,0.0009265640508259176
319,-0.789146695496987,0.000368499107878284
320,0.924611124277466,0.0012801065047961524
321,-0.406195746512952,1.8985643858160373e-06
322,0.7217409827643673,0.00018217294699962583
323,0.40329695114735853,1.7932575745449597e-06
324,0.5017759763470984,1.0207142469687014e-05
325,0.8242149416103757,0.0005189732021474436
326,0.4672139465115617,5.786068184021609e-06
327,0.21187039366966087,1.052650921984366e-08
328,0.42588111152004493,2.7678731283620195e-06
329,-0.4848584132789444,7.770661751171914e-06
330,-0.026346351042270122,6.661338147750939e-16
331,0.15513119927128605,8.714001742404776e-10
332,0.28887280018669803,1.2522987991037127e-07
333,0.560952161158945,2.4748655376383155e-05
334,0.9332008750978344,0.0013763207382866405
335,0.03276659076759447,3.4416913763379853e-15
336,-0.6468681191272856,7.660774257811642e-05
337,-0.21524104103968678,1.1941544975080376e-08
338,-0.10684340165993111,4.417277654766849e-11
339,-0.2709341259589704,7.505822585684996e-08
340,-0.04056618642091814,1.9095836023552692e-14
341,0.6190154011946822,5.405667780833401e-05
342,0.7716948138829132,0.0003089408641867575
343,0.19603819682240298,5.6588407293389764e-09
344,-0.5351716779776334,1.703307115175079e-05
345,0.5966001951216822,4.035148533410027e-05
346,-0.1397931062510338,3.7905878436106377e-10
347,-0.9947929680377954,0.002269500496715149
348,0.28025511199663167,9.833201863873597e-08
349,0.5553038278815141,2.2838025437565967e-05
350,0.8578064740779088,0.0007105490681458271
351,0.6869986602499596,0.00012334932327529025
352,-0.13206763923885068,2.4059298997514134e-10
353,-0.6387011179461073,6.927423406677402e-05
354,-0.48146010788204796,7.347869024898479e-06
355,0.6696187353541685,0.00010071718914939076
356,-0.1514979539873358,7.209860486412367e-10
357,-0.7592021110350149,0.00027162448166817565
358,-0.6534708279883943,8.302211019117767e-05
359,0.6305955667714496,6.26084068172661e-05
360,-0.49866770452389275,9.715116716546568e-06
361,0.9964167992283288,0.0022986107046002457
362,-0.6425334833902461,7.263549888303356e-05
363,-0.7037973672642912,0.0001493097369420493
364,-0.9847184411435741,0.002095931393146344
365,-0.13158683566775808,2.3367741075475124e-10
366,0.94801299414769,0.0015570101546203974
367,0.8804156689380391,0.0008716819865840497
368,-0.6389436903001968,6.948289551444997e-05
369,-0.30049181552844884,1.7156166531862027e-07
370,-0.538565210240892,1.7910145280963796e-05
371,0.3611072609707877,7.432243596117161e-07
372,-0.6006516434073514,4.2576313138531496e-05
373,-0.5895213641079786,3.670667200550426e-05
374,-0.0805156247257297,4.5964343442506106e-12
375,0.760024035895706,0.00027395301010635364
376,0.9168589565866738,0.0011983388263170358
377,0.7181559511109747,0.00017514577687471888
378,0.9320272334618647,0.0013628157237259853
379,-0.1305012705546722,2.1869939192953325e-10
380,0.2244745238610446,1.6704003069634155e-08
381,-0.5161193252135352,1.2770355439561953e-05
382,0.191855889298999,4.762919503242813e-09
383,0.9374071966200404,0.0014256807850538955
384,0.2824307730009983,1.0459473909207873e-07
385,0.8727145996265171,0.0008135629754041362
386,-0.5913717626533244,3.7630550065559376e-05
387,0.8990213260655806,0.0010271915162680667
388,0.08095900221451813,4.80293582683089e-12
389,-0.29886352170636554,1.6427991933465336e-07
390,0.010036649224905547,0.0
391,0.046025953790847174,5.2513549064769904e-14
392,-0.48511597000783047,7.803553480734138e-06
393,0.8859188547531205,0.0009153909153840623
394,0.12573817751215577,1.6245005340920216e-10
395,0.1924541433639595,4.882928061888947e-09
396,-0.31724517527442475,2.645286222291432e-07
397,0.8449106652791705,0.0006307754833465573
398,0.7025564645474347,0.00014724150443401474
399,-0.2912443055268783,1.3367644313699856e-07
400,0.8186914447077798,0.0004922208031061803
401,0.1834835700339994,3.3341548411058852e-09
402,0.059436955618373144,4.0545344859310717e-13
403,-0.026119674122530023,5.551115123125783e-16
404,0.5057608617511802,1.0869649989087016e-05
405,-0.35379831578985566,6.313951784742144e-07
406,-0.49258542736219324,8.811871462954812e-06
407,0.8470246698996131,0.0006432929523570996
408,-0.8100496719985542,0.00045276845593544834
409,0.9470384538494161,0.0015445202951572812
410,-0.6432719361213513,7.329924956889222e-05
411,0.28068111120788575,9.953178303767629e-08
412,0.09900537837713164,2.4016788557901236e-11
413,0.5944200284118009,3.9196745964864554e-05
414,0.5397863302660004,1.8235249346409965e-05
415,0.5596913201010298,2.4310487867329478e-05
416,-0.50901321215277,1.143787515700545e-05
417,0.1952300105285698,5.475051301218059e-09
418,-0.5355215896442114,1.712173989099064e-05
419,-0.8112816640665168,0.0004582191004005587
420,-0.11593349053227753,8.487044400595778e-11
421,0.08754720351613621,8.979927912378116e-12
422,0.8405735001434524,0.0006057548785428635
423,-0.847138808012343,0.0006439748837070436
424,-0.911655486860242,0.0011460310313258226
425,0.2621474659731009,5.7684134802116205e-08
426,-0.6168561978093099,5.2580191799544984e-05
427,-0.025224801277923925,4.440892098500626e-16
428,-0.6423916906893266,7.250865103536341e-05
429,0.2520182482220419,4.210873250087843e-08
430,-0.24200202150707328,3.045665752932081e-08
431,0.32359155873302736,3.0982361032272365e-07
432,-0.6454770526104028,7.531285012951638e-05
433,-0.5989278756793948,4.161698276750059e-05
434,-0.5307909473299108,1.595640504536977e-05
435,-0.43795295998382944,3.45789322786505e-06
436,0.019052460895584433,0.0
437,-0.8733576064243718,0.0008182833975612924
438,-0.892661160985402,0.0009715248234126728
439,-0.43825724647755226,3.4770686523355465e-06
440,-0.11963867542511752,1.0914913417536809e-10
441,0.5370625978896182,1.7517045767134753e-05
442,0.29340244998044196,1.4179167762140565e-07
443,-0.12603638615133828,1.6555667947670827e-10
444,0.10700503071149492,4.4710013469284604e-11
445,-0.08535361901164285,7.330469564692521e-12
446,-0.8888780567782801,0.0009396713957954272
447,0.15842712986321827,1.0308989217833187e-09
448,0.8731761163594058,0.0008169486456678365
449,0.039940142787259436,1.687538997430238e-14
450,0.23944658168439492,2.798031784045918e-08
451,0.27994752549892654,9.747362528234049e-08
452,0.5513827077230746,2.1588527049476447e-05
453,0.4494005077301426,4.246439157529203e-06
454,0.19380290051745996,5.163233951499535e-09
455,-0.03395230464246901,4.551914400963142e-15
456,0.5378659750439585,1.77262709576409e-05
457,0.0862886025393026,7.997824624794703e-12
458,-0.17096878329829823,1.8955494951455876e-09
459,0.3975702313886982,1.6001146418975765e-06
460,-0.052811065556678694,1.5754064719430971e-13
461,-0.9049405693209212,0.001081465042267693
462,-0.30781396094549707,2.0790901866796219e-07
463,-0.0468777306284911,6.084022174945858e-14
464,0.19579376213944366,5.6026931982700034e-09
465,-0.7634896896042087,0.00028396330260860303
466,0.7881255018299056,0.0003647578725332057
467,-0.25780913531853944,5.048647111483007e-08
468,-0.013418943831402741,1.1102230246251565e-16
469,-0.397203741664772,1.5883982349418346e-06
470,0.2763913728785141,8.801473772024337e-08
471,-0.2772373687792338,9.018897362267353e-08
472,-0.27996857970881917,9.753217244945489e-08
473,-0.8600556312987617,0.0007253240250746362
474,0.6836721510025021,0.00011870382360112952
475,-0.13748064687489836,3.317270902414293e-10
476,-0.3209687978355502,2.9034374604552937e-07
477,-0.2454708260977969,3.4123707748356935e-08
478,0.4582897564235857,4.962859591062241e-06
479,-0.5830049079177744,3.360861763301859e-05
480,-0.8313907362498016,0.0005556092264176193
481,-0.30653414320276373,2.0110904142001118e-07
482,0.8249919315109535,0.0005228359897212487
483,0.6848242172771444,0.00012029514345879289
484,0.35055888021242754,5.867339714082931e-07
485,0.3638715662438019,7.89821316349304e-07
486,-0.6115658467666181,4.911020545228517e-05
487,-0.7672683760472989,0.00029523888353977235
488,-0.3668851377790676,8.435096386927299e-07
489,0.7949156142379468,0.00039026716076473456
490,-0.8139619487621899,0.0004702747263712892
491,-0.7020444790701352,0.0001463954655623878
492,-0.37818066705914544,1.0741910962952517e-06
493,0.6897332179552575,0.00012728591505950515
494,-0.8092803942284339,0.0004493936318500369
495,0.7273549108647703,0.00019367017273108633
496,0.4342482148959368,3.231727651265004e-06
497,0.6061676103911542,4.5776893499827054e-05
498,-0.4742157251447865,6.5130241351241125e-06
499,-0.3722676236030613,9.473708391105617e-07
500,0.034021673345821624,4.6629367034256575e-15
501,-0.17157070878422132,1.9495608460928793e-09
502,-0.4745986300820564,6.5549800829511895e-06
503,-0.2206389872820229,1.4555128102777815e-08
504,0.5124522561939455,1.2066748151351447e-05
505,0.4815949458165172,7.364253784447605e-06
506,0.3866034893396275,1.2803717085452249e-06
507,0.7235015831270166,0.00018571290892333003
508,0.801849479526378,0.00041790314697232045
509,0.3065160633373254,2.0101438857889065e-07
510,-0.8755149696415034,0.0008342951478235161
511,-0.5952638764853073,3.9640231376147916e-05
512,0.5347574542920532,1.692862354785163e-05
513,0.8377014437248114,0.00058966490012613
514,-0.9950067260210473,0.0022733141580362215
515,0.31038373150692844,2.2217227679810492e-07
516,-0.10169774551660327,2.976530133480537e-11
517,-0.42235258909209517,2.590412177538859e-06
518,-0.29463001961513613,1.4659718849951986e-07
519,0.6240721273721195,5.7656719191223615e-05
520,-0.8101194126988913,0.0004530754947107418
521,0.4855269332160155,7.85628791699633e-06
522,0.2894242054410836,1.2715099984017542e-07
523,0.848795932134425,0.0006539465385806409
524,0.84875415122536,0.0006536934858218935
525,0.6927825411331157,0.00013180421917668994
526,0.9163323370084735,0.0011929524697130711
527,0.009982088338581274,0.0
528,-0.6425423419283496,7.264343015001007e-05
529,-0.38565477508387347,1.2555416448734036e-06
530,0.8969101838740057,0.0010084148323200592
531,-0.0878121734056776,9.199641048951435e-12
532,0.6340130267404693,6.534735634555755e-05
533,-0.52973427497478,1.570577420628716e-05
534,-0.5683159416721946,2.744796416542794e-05
535,-0.03112801696080303,2.220446049250313e-15
536,0.8988154416300134,0.0010253471083956356
537,0.9989149293802837,0.002344025941958483
538,0.392674321133063,1.449661260699564e-06
539,-0.1346782422112569,2.8135915819405e-10
540,0.6032632870850696,4.406650026833603e-05
541,0.7329999953140611,0.00020586282333423522
542,-0.9836297594060257,0.002077882911641571
543,-0.4536034144325032,4.573033166699325e-06
544,0.5164433049329566,1.283420462239171e-05
545,-0.6214597097516503,5.5771609520416376e-05
546,0.250151714513833,3.9681188224172104e-08
547,0.4515139884409467,4.408029892211118e-06
548,-0.762561675069491,0.00028125210363783015
549,-0.2850977608976324,1.1274538957994906e-07
550,0.5521636409549322,2.1832508895869296e-05
551,-0.3740531088209471,9.842075409105533e-07
552,0.6302098469826596,6.23056447784931e-05
553,-0.2928052700156054,1.3950413546570672e-07
554,0.20816929851240107,9.143720114401788e-09
555,-0.14309128671869975,4.5675752069485043e-10
556,-0.7088959568247761,0.00015807543846757532
557,-0.5178944441441264,1.3123622358279796e-05
558,-0.43764899868695517,3.4388305563126664e-06
559,-0.8654060922485294,0.0007615486036106622
560,0.4183163239219534,2.399671124919678e-06
561,0.8160021426362765,0.0004796351493963069
562,-0.1762807711258274,2.4208068882813905e-09
563,-0.8781529307077724,0.0008542429505912219
564,-0.32541958137681637,3.240673889237655e-07
565,-0.16457981338830718,1.3979962742993735e-09
566,0.8418091704972595,0.000612793899973596
567,-0.536741107752613,1.7433924931808953e-05
568,0.916638210063575,0.0011960784295060867
569,0.6948350464437103,0.0001349235495783363
570,-0.7555670178482288,0.0002615313782738937
571,-0.38969914390570626,1.3644015393055042e-06
572,-0.9900938823585677,0.002187052568403347
573,-0.9530552883926449,0.0016230418046888628
574,-0.10295057467084656,3.282762950362894e-11
575,-0.581602382706401,3.297248935840713e-05
576,0.3108769624356855,2.2500561791538587e-07
577,-0.021018882785747373,1.1102230246251565e-16
578,-0.019367000743734764,0.0
579,0.8178151290671867,0.00048808858713711434
580,-0.09874449249890604,2.3515300817678053e-11
581,-0.7387518097683854,0.00021896764059170515
582,-0.7675972717375985,0.00029623847350879196
583,0.6108670284248388,4.866711784090594e-05
584,-0.9070304371285636,0.0011012125057112687
585,0.29830776303052886,1.6185718187955445e-07
586,0.3220123183481116,2.979620107312897e-07
587,0.9791934305743921,0.002005721342938638
588,-0.5957991858672265,3.992382589890209e-05
589,-0.4295069423927087,2.9611989454947363e-06
590,0.5970263811947529,4.0580649809607294e-05
591,-0.5244289325822757,1.4498609445467991e-05
592,-0.6100403061814423,4.81474351061717e-05
593,-0.6447464605677597,7.46404382846455e-05
594,0.2291660557088444,1.9705810094805543e-08
595,0.3225103409633505,3.0165902464851513e-07
596,0.7873246663826079,0.0003618470862302159
597,-0.8697381838020295,0.0007920192682068228
598,-0.8961732980019179,0.0010019314146046954
599,-0.4356862330868243,3.3179318967846427e-06
