,data,labels
0,0.7008205566263586,0.00014439010393785257
1,0.6662197015964659,9.674177228957692e-05
2,-0.52522939245923,1.4675386533435919e-05
3,-0.7780512148856806,0.0003295831951788397
4,0.4649278836932671,5.564589437012657e-06
5,0.844505497714926,0.0006284007177494999
6,-0.8871811971151184,0.0009256810828904838
7,-0.8336076991631656,0.0005673729391921789
8,0.5017248068072082,1.019886980246909e-05
9,0.6112740830164101,4.892478619045182e-05
10,0.8532373684950989,0.0006813369343942055
11,0.3130105861162875,2.3762920320358205e-07
12,-0.32959366723150896,3.5875573145549566e-07
13,-0.5282344254785156,1.5355926072935233e-05
14,0.5279396738577526,1.5287978862410512e-05
15,0.44614749171428625,4.007826613028342e-06
16,-0.895961381619804,0.001000073600391782
17,0.8969105013039826,0.001008417633022951
18,0.20200860674777776,7.192136552980344e-09
19,-0.4416239029572884,3.6955066601285225e-06
20,-0.08576810240180133,7.6199047072123e-12
21,-0.8750947746005899,0.0008311553434601215
22,-0.21508909087713035,1.1874347505269611e-08
23,-0.41849035411810664,2.407634699608252e-06
24,0.9460163096227141,0.00153151377200067
25,-0.14322951298537534,4.6029746680886774e-10
26,0.4049436818126688,1.8524351081961044e-06
27,0.9694044330940534,0.00185413245424626
28,0.9106808805125808,0.0011364573454205606
29,0.8426737422851664,0.0006177611003130856
30,-0.8422092284172453,0.0006150880118447333
31,-0.879243207476645,0.0008626075776946296
32,0.25970160762469696,5.352335852304435e-08
33,-0.565079035126435,2.6231368856710624e-05
34,0.9380712466511838,0.0014336118767493966
35,0.10848528349523567,4.990285962236385e-11
36,-0.5420256110341741,1.8844817249119572e-05
37,0.8931651934656215,0.0009758386740230662
38,-0.3758968264455542,1.0235529690483247e-06
39,0.40396981909497875,1.8172353912770944e-06
40,0.5256190631995263,1.4762121577249765e-05
41,-0.8481370236200614,0.0006499656474996396
42,0.41915080449012265,2.4380671379553576e-06
43,-0.8290808782947097,0.0005435785754952516
44,-0.8732089981283542,0.0008171903312845785
45,0.2077978160928946,9.014134216833725e-09
46,0.42212005678080455,2.579074675601589e-06
47,0.12495580422175667,1.5454060253716762e-10
48,-0.05267463995429211,1.5420997812043424e-13
49,0.03776829253897129,1.0769163338864018e-14
50,0.942555700068431,0.0014881808376092653
51,-0.9357342417877241,0.0014058682934328104
52,-0.3885875147353217,1.333688864013638e-06
53,-0.8312807492516787,0.0005550311697803956
54,-0.6174210020718469,5.2962974954939845e-05
55,-0.13339916092788973,2.6068813774315913e-10
56,0.7081799438666547,0.0001568180347455428
57,0.3481930082548781,5.55885101727327e-07
58,0.10039639184156002,2.68519650958865e-11
59,-0.36875739124990403,8.784472509404395e-07
60,0.8296022571327559,0.0005462741561167439
61,-0.6910695496070545,0.0001292491293204412
62,-0.27234721550829244,7.824182024496196e-08
63,0.8752347581334898,0.0008322001945423319
64,-0.7936960576790353,0.0003855744678359363
65,0.5646615921690927,2.607794911801964e-05
66,0.7908675963497944,0.0003748792947126933
67,-0.21632852135547553,1.2432251339511424e-08
68,-0.43992437735609236,3.5837843740393893e-06
69,0.8813831815764905,0.0008792324629625092
70,-0.9880064892758122,0.0021512688655866974
71,0.481233794903265,7.3204402397664126e-06
72,-0.19144031343005063,4.681081744450921e-09
73,-0.1119143293469902,6.40045794142452e-11
74,-0.3843474466882726,1.2220154843589626e-06
75,-0.12853555454766963,1.9370360870851755e-10
76,0.8306858951636895,0.0005519138523193412
77,-0.9648083978483388,0.0017864558775759765
78,-0.3672426739201178,8.500861206073296e-07
79,-0.09630112927028511,1.9245049998062314e-11
80,-0.537210719789442,1.755545867154762e-05
81,0.6607102431791438,9.058805612427445e-05
82,-0.8739889961319967,0.0008229416573973802
83,-0.626073690036032,5.91383735267792e-05
84,0.03026649879452803,1.887379141862766e-15
85,0.4193992282733967,2.4496007284824373e-06
86,0.014710861899528194,0.0
87,-0.48627417843940224,7.952971134761455e-06
88,0.6810965145273609,0.00011521230628153134
89,-0.515410387836682,1.2631605679658264e-05
90,-0.7644552849861188,0.00028680839700234717
91,-0.6444794168428893,7.43959690192586e-05
92,0.04278299013296105,2.919886554764162e-14
93,-0.2148961358770196,1.1789492937452906e-08
94,0.046509724586557555,5.706546346573305e-14
95,0.6096777012102061,4.7921029710851215e-05
96,-0.1357210323735505,2.992586178862666e-10
97,-0.46728455247099143,5.793029396294891e-06
98,-0.9731995374190006,0.0019116793740781013
99,0.540783119029498,1.8504432930055437e-05
100,0.12694106338281008,1.7530177309765804e-10
101,0.07427956915471978,2.4119595209981526e-12
102,0.33319052474234856,3.9120675043857744e-07
103,-0.04503728636449589,4.4075854077618715e-14
104,-0.29921036823361735,1.658079525901357e-07
105,0.2749974293308366,8.453213129477888e-08
106,-0.8871075393177783,0.0009250779042028201
107,0.7656606353420035,0.0002903946880196129
108,-0.4834403009852224,7.591717582133839e-06
109,0.41557866352968187,2.27738874025718e-06
110,0.4687712306952134,5.941312260504539e-06
111,0.01280785928369399,-1.1102230246251565e-16
112,-0.154190391847721,8.300333753652467e-10
113,0.6303595369212862,6.242298868641694e-05
114,-0.22919804129916876,1.9727795397272985e-08
115,-0.022893669378912795,2.220446049250313e-16
116,0.010029036635582633,0.0
117,-0.4217312352082021,2.560213827718094e-06
118,-0.1779252518732981,2.607330462645052e-09
119,-0.5857511658810899,3.488526195927211e-05
120,0.9184233988561958,0.001214464854666475
121,0.8779484910141904,0.0008526823500339953
122,-0.14517275355035575,5.126665758581339e-10
123,0.02280543252698153,2.220446049250313e-16
124,-0.7710794617947347,0.00030700356880786206
125,0.27944137858985596,9.607535722544469e-08
126,0.6669203436154958,9.754984913123987e-05
127,-0.339428118052874,4.535935684835124e-07
128,-0.8637203475505577,0.0007499697203414701
129,-0.9304852157618186,0.0013452466397855245
130,0.814620025319166,0.0004732764845183368
131,-0.047152766217922304,6.361577931102147e-14
132,-0.39858489976467726,1.63294759691901e-06
133,-0.8898362210285351,0.0009476520799982513
134,-0.9285490227820687,0.0013234649465092563
135,0.2552050701440367,4.655440144496481e-08
136,-0.7210566909951286,0.00018081300479910745
137,-0.8884627010864683,0.0009362300072325302
138,0.5653565221882841,2.6333786608656595e-05
139,0.684549955752872,0.00011991463804228442
140,-0.9769800693512032,0.001970538059041349
141,0.5950781180293161,3.954223212854213e-05
142,-0.060303372064401284,4.553024623987767e-13
143,0.12274420722337509,1.339746091844063e-10
144,0.7088635961979659,0.000158018420596151
145,0.44265542757374243,3.764789192617357e-06
146,-0.4764725097588991,6.763727175784773e-06
147,0.2275119002683017,1.8597630324634906e-08
148,0.49572627576885786,9.268694140862621e-06
149,0.6477627831337038,7.745076301790554e-05
150,-0.0920002317816202,1.3354206629401233e-11
151,-0.2969878738275382,1.5622811466720066e-07
152,0.5814306745010627,3.289533557604418e-05
153,0.13426036508214323,2.74453682003184e-10
154,0.9143686039899162,0.0011730518219984498
155,0.9534152418743644,0.0016278470591791772
156,-0.5432687525779789,1.9190832748594566e-05
157,-0.5529856249504272,2.2091910520605218e-05
158,0.6302826858905912,6.23627201227217e-05
159,0.5871143998218245,3.553453873927914e-05
160,0.9053303703467297,0.001085124837601259
161,0.7784991749048054,0.00033108212998167463
162,0.13447639483073415,2.7800495239205247e-10
163,0.896786451986159,0.0010073236527513574
164,0.1442823187604747,4.880567061604779e-10
165,-0.33056174987163245,3.672495018092192e-07
166,-0.26763693492779916,6.80665498409283e-08
167,0.3546748315987489,6.439785422696076e-07
168,-0.2858587027991293,1.1517041242914416e-07
169,0.7729907127626505,0.0003130555063814988
170,-0.22701782709068974,1.8277386160114872e-08
171,-0.6722718122807527,0.00010391828703149031
172,-0.4823533594938001,7.457007512257086e-06
173,-0.8064210855955569,0.0004370407224059125
174,0.35672241723050946,6.742313064522776e-07
175,0.9492516024692192,0.0015730106699017865
176,-0.7878619812573213,0.00036379781865136795
177,0.7747969377475803,0.0003188699652103555
178,-0.8108708029740086,0.00045639504368866213
179,0.47203547763617015,6.2785662107156526e-06
180,0.154509577496301,8.438708620772672e-10
181,0.0690555715345964,1.3460343950555398e-12
182,0.9035041503236894,0.0010680709712637126
183,-0.4799652029829582,7.168337143315107e-06
184,-0.6532983412958131,8.284877467168439e-05
185,0.2223169700102241,1.5463461844333892e-08
186,-0.6412433312479353,7.148841882576029e-05
187,-0.9533110251470396,0.0016264545349582438
188,-0.17371023393533935,2.152597544657908e-09
189,0.38435988612752947,1.2223307679359863e-06
190,-0.5764479139241394,3.072390543901182e-05
191,-0.04019200562589087,1.765254609153999e-14
192,-0.8519100719925938,0.0006730490081106044
193,0.03987068008887906,1.6653345369377348e-14
194,0.5601982692420322,2.44858426602379e-05
195,-0.647267027651288,7.69826317142952e-05
196,-0.22249232990754075,1.5561189448121127e-08
197,0.7215319571244339,0.00018175659423946833
198,-0.5160345590248594,1.2753695728395797e-05
199,-0.20196611243075124,7.180054328870256e-09
