,data,labels
0,0.5335115554211911,1.6617826841702765e-05
1,0.27503108102718543,8.461476508347943e-08
2,-0.674112026283499,0.0001061903248825713
3,0.3566553237605181,6.732206768722548e-07
4,-0.5367237824977789,1.742945529825679e-05
5,0.6742350230755487,0.00010634371443285495
6,0.2686270361591858,7.010357583325799e-08
7,-0.11131867583092436,6.133027419252812e-11
8,-0.7152450810511894,0.00016961479639332477
9,-0.2815939975023527,1.0214597456759122e-07
10,-0.3330364860833064,3.897661770002614e-07
11,-0.7006984101651843,0.00014419128923692792
12,-0.37886620809089955,1.089812048937766e-06
13,-0.6498704225325509,7.94687589679155e-05
14,0.5395133886675214,1.816213966254754e-05
15,-0.8884341673582594,0.0009359939959590058
16,0.12629961908109855,1.6834200700088786e-10
17,-0.2862921477608624,1.1657202880765993e-07
18,-0.9202698825433422,0.0012337400708328783
19,-0.5923917365374558,3.8148424040262974e-05
20,-0.8338403952716811,0.0005686201341605912
21,-0.756386791062946,0.0002637785819227245
22,0.34813093896024294,5.550952342225912e-07
23,-0.361155972517498,7.440242011380604e-07
24,0.8532617490400127,0.0006814899970509769
25,-0.5344171794749724,1.684324080652999e-05
26,0.8461456059718062,0.0006380618682039207
27,0.10544825898145826,3.976508011760416e-11
28,0.9573783964062177,0.001681574927710705
29,-0.49550913496818594,9.236460068229313e-06
30,0.3526247487231686,6.148840050457238e-07
31,-0.7514946476414623,0.00025061305809714884
32,-0.740455778002445,0.00022298668025133583
33,-0.8343791918627137,0.000571517100181107
34,-0.801979181869884,0.00041843589180323715
35,0.49772899364610224,9.570652690027437e-06
36,0.6642866535063581,9.454247032902874e-05
37,-0.6360794189068681,6.705363924963681e-05
38,-0.3137852071152647,2.423630348635797e-07
39,0.21406771474117026,1.1431179336440778e-08
40,-0.4697887774344254,6.044703529051176e-06
41,-0.429507791769286,2.961245580190841e-06
42,-0.7022604028223736,0.0001467517548801034
43,0.7991746092634433,0.00040704695044235795
44,-0.248216243286131,3.729409747688095e-08
45,0.4441784897359742,3.869159213465423e-06
46,-0.583908619333751,3.402414949260635e-05
47,0.3277435023921851,3.429992276871019e-07
48,0.2597560385476656,5.361301735895552e-08
49,-0.4857837114182326,7.889395124860421e-06
50,0.17367082933561306,2.1486972201500976e-09
51,-0.07505491999035874,2.621125538837532e-12
52,0.5110385426420279,1.1804673345716665e-05
53,0.9108465096634797,0.0011380794306787845
54,0.5719225921852493,2.886121867085034e-05
55,0.7077516254935228,0.00015607002624751232
56,0.3021336450436045,1.7918806638483886e-07
57,-0.060578828814901176,4.721778523730791e-13
58,0.07451005621362028,2.4726887204451486e-12
59,0.4208973635280535,2.520170337860783e-06
60,-0.7682167702677292,0.0002981292682245895
61,0.02899229030219863,1.3322676295501878e-15
62,-0.49608553195084815,9.32224054051023e-06
63,0.6878185973548743,0.00012451839622806826
64,-0.22559031822945497,1.737904886667252e-08
65,0.621921597448519,5.610094230146245e-05
66,-0.878834246258023,0.0008594617228145918
67,-0.43027077522651513,3.0033967156617436e-06
68,-0.6863381519010614,0.0001224145271014887
69,-0.22036978293927412,1.4413832793991332e-08
70,0.4094730139168561,2.0240900220347413e-06
71,0.43841792621417097,3.4872317253853424e-06
72,-0.33404906431202197,3.993213975039822e-07
73,-0.749724628791753,0.0002459925496283155
74,0.4773473189353594,6.863150102454085e-06
75,-0.8210094770595746,0.0005032982575902123
76,-0.39495356589368513,1.5180905302836223e-06
77,0.37146784818776,9.312650696147173e-07
78,-0.8052127483923297,0.00043190979985208156
79,0.7694592315443327,0.00030195308859537473
80,-0.5936646814438447,3.8803447476754016e-05
81,-0.9203177026355347,0.001234242763946014
82,0.6882168725116318,0.00012508973299629744
83,0.30234375057211094,1.801850890714718e-07
84,-0.23572260914035015,2.4687095145914384e-08
85,0.253303870430895,4.385536933604328e-08
86,0.8831535638078358,0.0008931956258726448
87,0.20294052302038623,7.46161432640946e-09
88,-0.5035002719728345,1.0489358027943041e-05
89,0.7382969270217854,0.0002179054566400218
90,-0.8356042347430745,0.0005781515948970473
91,0.6124916811658849,4.970264569370553e-05
92,0.13479278618908075,2.832784007367195e-10
93,0.9025198627756541,0.001058976191216976
94,-0.3021057981096007,1.7905628579839572e-07
95,0.6032971524906563,4.4086118418440456e-05
96,-0.11103069287751866,6.007283559483767e-11
97,0.7665257875953946,0.00029299276771377336
98,0.6646839519548635,9.499090144404754e-05
99,-0.9846769759385203,0.0020952414908352868
100,-0.5856934820043391,3.485801809188782e-05
101,-0.8700986392656713,0.0007946016448113769
102,0.9075543615820059,0.001106211916454436
103,-0.8138029108726341,0.00046955177660323866
104,-0.6670563216336789,9.770735702685496e-05
105,0.9516341568312949,0.001604190109653958
106,0.11595755128028107,8.501155335238764e-11
107,-0.9011836581920982,0.001046737294172928
108,-0.24621850603494888,3.4962845729680225e-08
109,-0.489578719173684,8.39309505296093e-06
110,0.7935151559652227,0.00038488257694535566
111,0.6958513069367833,0.00013649167747442625
112,-0.5356531610230009,1.715518451761433e-05
113,0.5342310712522098,1.6796701113652723e-05
114,-0.5288898914679117,1.5507971604433735e-05
115,-0.8209708965971787,0.0005031121308023412
116,-0.5706590386148758,2.8359045099346503e-05
117,-0.5349281768186309,1.697160380209617e-05
118,0.37812983380351994,1.0730406242442925e-06
119,0.549911944742046,2.11354765374816e-05
120,0.3608732255834217,7.393919758680312e-07
121,-0.3013139880823503,1.7534446528078007e-07
122,0.5950289218911475,3.951631347920426e-05
123,-0.7399950271193174,0.00022189365686087203
124,0.3363672782221232,4.2197181160386066e-07
125,-0.8599169012119112,0.0007244050335701857
126,-0.8606139583888663,0.0007290328029636584
127,-0.03277005958795076,3.552713678800501e-15
128,-0.030744813213036792,2.1094237467877974e-15
129,0.021959086737762368,0.0
130,-0.7528649364660391,0.00025424176797561593
131,-0.04328225804175667,3.2085445411667024e-14
132,-0.929273599403593,0.001331580160785495
133,-0.5098444916948357,1.1587202840335209e-05
134,-0.6645221941453818,9.480810217854518e-05
135,0.02488001704432663,3.3306690738754696e-16
136,-0.40822566199846344,1.9754851303677157e-06
137,0.5395215452682822,1.8164320763847108e-05
138,0.5868786144520555,3.5421491903719904e-05
139,-0.9496098452329695,0.0015776649980865365
140,-0.5999234975351102,4.216875140361509e-05
141,0.03578393572945382,6.994405055138486e-15
142,0.7987717460685573,0.0004054333262166754
143,0.9269753449955274,0.0013059874749807854
144,0.8760564887850488,0.0008383567001259973
145,0.5273636274408331,1.5155943431821584e-05
146,0.5290235394655667,1.553913402296825e-05
147,-0.9055970708806445,0.0010876350448412175
148,0.29516319207531283,1.48728326987424e-07
149,-0.26684928946224007,6.648320682867137e-08
150,-0.39173193345954105,1.4221653921175914e-06
151,-0.7840819316746548,0.0003502661897770709
152,0.4265884511194382,2.8046974904771815e-06
153,0.6486751394263415,7.831876632991008e-05
154,-0.47184727594866094,6.258677441195459e-06
155,-0.2607606074830022,5.5291490164144363e-08
156,0.315911119880788,2.557809558600965e-07
157,-0.22522423466188313,1.71549894290024e-08
158,-0.8091885243347785,0.0004489920635225575
159,-0.8520333194686669,0.0006738148860986337
160,0.021732946615877102,1.1102230246251565e-16
161,-0.2097348633538756,9.707919912393947e-09
162,0.31663556633823875,2.6049938239847137e-07
163,0.6156471629074718,5.176889182578748e-05
164,-0.6228434314625295,5.6763293646455715e-05
165,0.8436433963952212,0.0006233736033089965
166,0.3675034330632727,8.549107060051853e-07
167,-0.6011284379202475,4.284504365381636e-05
168,0.9117357671730111,0.0011468227454844993
169,0.6188513475252166,5.3943241644205386e-05
170,-0.8369583418394944,0.0005855628260674761
171,0.8712476856770783,0.0008028825098992387
172,0.7827692212995152,0.0003456705190519882
173,-0.24946195818408046,3.881560139973317e-08
174,-0.8957188593446737,0.0009979511417573805
175,0.9148986731821831,0.0011783949986867714
176,0.4734525231680142,6.43009672662842e-06
177,-0.9682317853123921,0.0018366575045954958
178,0.32473164410986644,3.1864129068637226e-07
179,-0.9259263503338298,0.0012944487253929715
180,-0.3692066399377809,8.870162412355498e-07
181,0.23459336529793173,2.3757944278557375e-08
182,0.0791931966733066,4.02622379880313e-12
183,-0.4527462213009694,4.504699122165334e-06
184,0.4359136942839097,3.3317497131202245e-06
185,0.7957669318203895,0.00039357227180958354
186,-0.7990650871084384,0.00040660771991452016
187,0.014196258015694019,-1.1102230246251565e-16
188,0.2646449677060625,6.222190707116937e-08
189,-0.09825296588009436,2.2595147974868723e-11
190,0.9226458124167403,0.0012589321760865246
191,-0.22611314977299068,1.770348179164216e-08
192,0.4460700368070485,4.0022909529868755e-06
193,-0.05913031892662035,3.8902214782865485e-13
194,0.09433256232189358,1.631450530226175e-11
195,-0.15163698708485174,7.262933587881548e-10
196,-0.36381228723580006,7.887959053709537e-07
197,-0.7384083795022487,0.0002181652906750875
198,-0.1775324398382514,2.561669987244386e-09
199,-0.8117535671728793,0.0004603219738266162
200,-0.9692172434629114,0.001851333301842617
201,0.1939970784066336,5.204725983531944e-09
202,-0.07310044923016346,2.1223023338734492e-12
203,0.33259741215631755,3.856853566519547e-07
204,-0.08642881512591383,8.102407633714392e-12
205,-0.702633979734947,0.0001473699659542138
206,0.9252008496187216,0.0012865201766648626
207,-0.23911711160809102,2.767423235017219e-08
208,-0.4575438668271512,4.8989380676545125e-06
209,-0.2180194028424256,1.3230275874853703e-08
210,-0.5450773048592181,1.970411766627489e-05
211,0.5773269234195839,3.109762712794062e-05
212,0.3552191668203475,6.519029036589075e-07
213,-0.15817999855375175,1.0181120391195009e-09
214,0.12386968991336023,1.4411960513882605e-10
215,0.11298915579471736,6.908895677781857e-11
216,-0.49519093710954887,9.18940103489252e-06
217,-0.5244942275219739,1.4512959540247117e-05
218,-0.8875592075582919,0.0009287819593106761
219,-0.8870163850998223,0.0009243319208862566
220,0.6205799389191682,5.5148978085783895e-05
221,0.20454111404852515,7.94509857904302e-09
222,-0.768955888353094,0.0003003988823774284
223,0.17370976517313164,2.152551137335479e-09
224,0.8763765139779782,0.0008407650439262726
225,0.4556062499652389,4.736234651359084e-06
226,0.1670032826085568,1.571298646751984e-09
227,0.21460605214780437,1.1662922516642027e-08
228,-0.9203738090279989,0.0012348327906211987
229,0.24431389802311854,3.285996041935135e-08
230,-0.7658944362786584,0.0002910948161053417
231,0.7575961597092826,0.0002671244267546946
232,0.5340621255951215,1.6754550409503466e-05
233,-0.8684797724565683,0.000783060791339274
234,-0.26638562234697516,6.55662714121874e-08
235,0.22083637652575283,1.4659498615010591e-08
236,-0.9918413704644622,0.002217404806684531
237,0.7088651200694944,0.00015802110518292611
238,0.05618639959642047,2.5857094243519896e-13
239,-0.2145309132442048,1.1630332030776458e-08
240,0.8211263425210049,0.0005038624261056723
241,-0.5773244220742724,3.109655805222378e-05
242,0.6589907190207709,8.873863665948001e-05
243,-0.8866340170110325,0.000921208402308582
244,-0.684212194371653,0.0001194474744889984
245,-0.3154174092112594,2.5260830827100733e-07
246,-0.015000657932129124,0.0
247,-0.7483123331266683,0.00024235918458948014
248,-0.8985056479413536,0.0010225772495469077
249,-0.48546704953583086,7.848584389735791e-06
250,0.8186966423480759,0.000492245402686331
251,0.01379133077123229,-1.1102230246251565e-16
252,0.18207585612519006,3.1350863016754715e-09
253,-0.029435999729760853,1.4432899320127035e-15
254,0.4968060962555223,9.430453534187144e-06
255,-0.5314429272221566,1.611278185753573e-05
256,0.3110632149239836,2.2608372196586402e-07
257,-0.9761759164073254,0.0019578884936719554
258,0.7511476538402513,0.00024970135284607675
259,0.6438594277566434,7.383107863823124e-05
260,-0.49249292190289484,8.798720398606186e-06
261,-0.3538740406293581,6.324737474860953e-07
262,-0.46896339231321194,5.960718383657415e-06
263,-0.8415091771036556,0.0006110784831812044
264,0.7035490046825006,0.00014889377473992216
265,0.8258443180090529,0.0005271023233119898
266,-0.40021509483307827,1.6869308370193181e-06
267,0.24241625064509265,3.087560285219837e-08
268,0.2577797017716834,5.0440454146816194e-08
269,0.7825969899757752,0.000345071462353741
270,-0.46371891474242655,5.450482253976929e-06
271,-0.047270660726114855,6.494804694057166e-14
272,-0.9285750245524955,0.0013237554209039049
273,0.6143229062115994,5.0892813992176045e-05
274,-0.19224398126752318,4.840472023204256e-09
275,0.9117728458955827,0.001147188571272939
276,0.6719389936147955,0.00010351192251234487
277,-0.7304612947881057,0.00020029935193888182
278,-0.2507512090259325,4.044716594986397e-08
279,-0.7694314041146217,0.0003018669817356212
280,-0.8705514814453639,0.000797856257910623
281,0.751620000667006,0.0002509431268633566
282,0.46625991934157285,5.692721735339745e-06
283,0.4324438019049639,3.1263306544682123e-06
284,-0.34292979648471933,4.922924365935444e-07
285,-0.6215793740161295,5.5856769791140515e-05
286,-0.3382384004885306,4.4106480168171203e-07
287,-0.5806297668554656,3.253753875065435e-05
288,-0.3508663876621354,5.908514211228066e-07
289,0.8692731237085005,0.0007886982506675189
290,0.6963047711251693,0.00013719649354093644
291,-0.12105660647966898,1.1993361859197194e-10
292,0.6754856609209707,0.0001079143771143265
293,0.23811424614700538,2.676049104533007e-08
294,-0.869055893375519,0.0007871511454474733
295,-0.9172629709245745,0.001202485445970014
296,0.19022629444579575,4.449011381524315e-09
297,0.0187050328072762,0.0
298,-0.853765470196922,0.0006846590810970499
299,0.2822898539289016,1.0417879081625614e-07
300,-0.8247031508259894,0.0005213974161514257
301,0.8153017821640607,0.0004764038055291575
302,0.5648445952012935,2.61451102721022e-05
303,0.8265796221061164,0.0005308069100662394
304,0.6237321295989537,5.7408277717274636e-05
305,-0.5977051946987388,4.0947997446694195e-05
306,-0.37115508917773243,9.250321492126901e-07
307,0.15460587452513797,8.480851576564419e-10
308,0.7545233491035579,0.00025869453040738843
309,-0.5465323665981987,2.0125730742615033e-05
310,0.464950733480727,5.566766015152602e-06
311,0.8370236545255558,0.0005859223689451687
312,0.14646855132716485,5.504181554982779e-10
313,0.8101645239871669,0.00045327419698482085
314,0.1758727167051366,2.37637298727833e-09
315,0.8109927808065907,0.00045693591597717464
316,-0.25595482548788273,4.765806038697917e-08
317,-0.23868425408176575,2.727655001866225e-08
318,0.8129178170321054,0.0004655459617300961
319,-0.6708569463231575,0.00010220031344609914
320,-0.47873982376113533,7.024041890901778e-06
321,0.056808922326962996,2.824407374646398e-13
322,-0.49785638792291986,9.590147559856987e-06
323,-0.6526203408146789,8.217048889846978e-05
324,-0.662858282538866,9.294546067750709e-05
325,0.6867572559019994,0.00012300695332922995
326,0.8189103771554822,0.0004932579002296933
327,0.7407099859008157,0.00022359173173991387
328,0.047194005067079825,6.405986852087153e-14
329,0.14256475477105757,4.4349024452827734e-10
330,-0.33066226950245037,3.6814143133945265e-07
331,-0.8683202126208531,0.0007819312142045565
332,-0.03163300834361649,2.6645352591003757e-15
333,-0.18337235140440633,3.3180345138106304e-09
334,0.15690982200353476,9.545559898072042e-10
335,0.36669918200106055,8.401067943530904e-07
336,-0.7767422102816908,0.0003252368526073246
337,-0.3432941198911805,4.964797437612134e-07
338,0.42651352861896075,2.800776845557351e-06
339,-0.29357309166491086,1.4245132717860542e-07
340,-0.82151712049807,0.0005057529014819151
341,0.8536656566702991,0.0006840301048581798
342,0.6662153787733212,9.673680476751656e-05
343,0.7071930449117974,0.00015509919729306265
344,0.4715033358750005,6.222472615724506e-06
345,0.27807568012716244,9.23896342763797e-08
346,-0.23427911345392283,2.3504878265967477e-08
347,0.2707367731870256,7.462274409508751e-08
348,0.8742657269615626,0.0008249905647229605
349,-0.8456793463090038,0.0006353023030355454
350,0.886113186810539,0.0009169685451160259
351,-0.13945419271087145,3.717726126950538e-10
352,0.39031996032667293,1.381821213897183e-06
353,0.16394971713358664,1.3557758249405083e-09
354,0.31215040503436486,2.3246738523052812e-07
355,0.5031006685928077,1.0423355893407482e-05
356,-0.9316266586060655,0.0013582327214676226
357,0.45091185740635753,4.361454845835944e-06
358,-0.6354082159264918,6.649519968171536e-05
359,0.18082734445037008,2.9673111745509573e-09
360,0.024483331761913307,3.3306690738754696e-16
361,0.837451785411506,0.0005882839594906208
362,0.37180905894492966,9.381068237779289e-07
363,-0.7004048090002377,0.00014371437664550957
364,0.4491787239046616,4.229785962261978e-06
365,0.9905652565293857,0.0021952042273007955
366,-0.7703228690935247,0.0003046360968985695
367,-0.7391831008276157,0.00021997889390168446
368,-0.775520811051523,0.00032122642693854786
369,-0.1301381635829011,2.1388046889114776e-10
370,-0.6358458521290145,6.685885035795369e-05
371,0.4883199059748957,8.222993210127427e-06
372,-0.4125535212515592,2.1486277694826583e-06
373,0.8182672756989169,0.0004902168781129035
374,0.09666304989000518,1.9831136732761934e-11
375,0.33161177962927524,3.7666046848183754e-07
376,-0.5119528470448516,1.197359340221471e-05
377,0.07363714191517823,2.2502000263102673e-12
378,0.36667628728368284,8.396886692629835e-07
379,-0.3949160141760035,1.51694066130581e-06
380,-0.07432019286331726,2.422617662034554e-12
381,0.13120430591986887,2.2830015655728175e-10
382,0.31369561637648724,2.418113497215657e-07
383,-0.4189237423850307,2.427566822560401e-06
384,-0.43637353314099236,3.3598375732690755e-06
385,-0.6225653579616532,5.656277972354573e-05
386,-0.8448821942906144,0.0006306083550975394
387,0.9867015682445122,0.0021291575498343374
388,-0.47986124125179774,7.155995430219164e-06
389,-0.5692121702652149,2.779338945946286e-05
390,0.566580717866443,2.6789799767334976e-05
391,-0.5513124056183754,2.156668016650709e-05
392,0.034333020061863895,5.10702591327572e-15
393,-0.7054534537471653,0.0001521093343862523
394,0.6417216155151269,7.191180883414638e-05
395,-0.5650685216694598,2.6227495282582503e-05
396,-0.7922265003097559,0.0003799850364323287
397,-0.36273018296361137,7.702809392551302e-07
398,0.7038818413946215,0.00014945144612266148
399,0.8063687745993422,0.0004368175038176325
400,0.003769253832990982,1.1102230246251565e-16
401,0.1508818100184388,6.978723154915656e-10
402,-0.09815383727843674,2.2413515488040048e-11
403,0.9099083191562427,0.0011289177550481977
404,0.4741266504310051,6.503297651172524e-06
405,0.22289147631588913,1.5785648566080113e-08
406,0.26363948891708344,6.035883459709623e-08
407,0.31316597962554393,2.3857230302404275e-07
408,-0.2220156926611665,1.5296814037668582e-08
409,-0.4057905248874496,1.8835263921879175e-06
410,0.912137940406412,0.0011507960740073653
411,0.9863995336876112,0.0021240678639294908
412,-0.7823841143878825,0.0003443322839036256
413,0.10408097582206088,3.582367735788239e-11
414,0.5064180469367199,1.0982439081042017e-05
415,-0.44241801780212175,3.748743851117453e-06
416,0.07182332445825335,1.843192265482685e-12
417,-0.0462192052432735,5.4289905904170155e-14
418,-0.6061185090937953,4.574750318675491e-05
419,-0.8883998173888528,0.0009357099452653728
420,0.6933248036201809,0.00013262216594944753
421,0.3756368441893567,1.0179229865681094e-06
422,-0.9927798120751472,0.002233854770903765
423,-0.7917611499804087,0.00037822983480217953
424,0.8621489799676834,0.0007393144401509621
425,-0.5989624286736528,4.163602590978588e-05
426,0.5577215618604439,2.3639495643879016e-05
427,-0.015923202070261766,0.0
428,0.7493883874412066,0.0002451232428797301
429,0.4562113437920392,4.786530527600696e-06
430,0.19858741588380346,6.274398445249574e-09
431,0.901311606310933,0.001047903889396351
432,0.19463090198346555,5.342198905466944e-09
433,-0.6840555574131144,0.0001192313656530608
434,0.5510901973293572,2.1497754093324772e-05
435,-0.7129314708728398,0.0001653277349079607
436,0.8296440248832602,0.0005464906011438675
437,0.033205762411140594,3.885780586188048e-15
438,0.3398404650518694,4.580079350224864e-07
439,-0.2128068423120817,1.0904095959496374e-08
440,0.4989118551837395,9.753000968837355e-06
441,0.579826927565257,3.2182289222415505e-05
442,-0.6061909548522089,4.579087244627189e-05
443,0.3055292718377176,1.9590697497573473e-07
444,0.4599816512334096,5.110557956156114e-06
445,-0.30314108808382123,1.8401298951253864e-07
446,-0.4025490953176485,1.766932238189689e-06
447,0.6629481785546707,9.304527265596718e-05
448,0.5790887442458177,3.185863856858262e-05
449,-0.8855722817311671,0.0009125832077284679
450,0.4546930874242343,4.6612054691586025e-06
451,0.3164628611261422,2.593676760032082e-07
452,-0.762081434862536,0.00027985794087415083
453,-0.08905823207518515,1.0297096508793402e-11
454,-0.7285779418434424,0.0001962570304143707
455,-0.7380070788674196,0.00021723098124248885
456,-0.31309674370728025,2.381516993610333e-07
457,0.5404732884623877,1.8420394144458285e-05
458,0.8111898076907582,0.0004578107463542036
459,-0.8574648450436051,0.0007083278954042038
460,0.3595937030783547,7.187432141675387e-07
461,-0.12132544011376423,1.2208012378778221e-10
462,-0.922811840413805,0.0012607091390904879
463,0.5108334845865024,1.1767075134727634e-05
464,-0.12521517385086178,1.571245356046802e-10
465,0.7751687272361001,0.0003200783858883227
466,-0.7412864678620255,0.0002249691372050444
467,0.4890529523005691,8.321679011102923e-06
468,0.036459274364757155,7.993605777301127e-15
469,0.35084841031654146,5.906100158936667e-07
470,0.0690699258750116,1.3481438188023276e-12
471,0.5773060178450127,3.1088693063674455e-05
472,0.08941487394069192,1.0631717728415424e-11
473,0.9591958832154768,0.0017067240565656894
474,-0.5063487300414784,1.097049462184252e-05
475,-0.9098766259458435,0.0011286093832970634
476,-0.54831809008922,2.0653893096911347e-05
477,-0.5832035982587118,3.3699595155645135e-05
478,0.037780563296668346,1.0658141036401503e-14
479,-0.7424076442123018,0.0002276691517825169
480,-0.4937513790507466,8.97910617358999e-06
481,0.9973492244243232,0.0023154719262042933
482,-0.015399965997602738,-1.1102230246251565e-16
483,-0.19611682145088793,5.6770053102894735e-09
484,0.6920205603209739,0.00013066227359104232
485,-0.2591941615753952,5.269378000605229e-08
486,0.5665489719236134,2.677788799432257e-05
487,0.2937827152564845,1.4326534003572533e-07
488,-0.9314949334181548,0.0013567285688689257
489,-0.5558647467233198,2.3021825058755496e-05
490,-0.5285368972134352,1.5425926713108495e-05
491,-0.7120676588499713,0.00016375146874547664
492,0.47171507088700104,6.244739187644122e-06
493,-0.9325363973675829,0.0013686604553335702
494,0.5857574524496592,3.4888232202434644e-05
495,-0.8930236255013784,0.0009746253640388058
496,-0.5837946071837534,3.397148035544362e-05
497,-0.7585054489079326,0.0002696643238401242
498,0.1232469050017948,1.384259373793384e-10
499,-0.6344880039870993,6.573617346861127e-05
500,-0.8400273678389285,0.0006026662761374757
501,0.7999517333658182,0.0004101754129229862
502,-0.16665058221355822,1.5449642676301778e-09
503,-0.5358498419921147,1.7205285868682196e-05
504,-0.08374726296699064,6.296962951068963e-12
505,-0.8042463353451483,0.0004278439153457825
506,-0.9201709162376883,0.0012327002839818135
507,-0.7033287815881515,0.0001485257852519295
508,-0.260540912362454,5.492054167000049e-08
509,0.44069486949035075,3.634063519220021e-06
510,0.3126534069241089,2.3547378880106606e-07
511,-0.6474540878863613,7.715897829208007e-05
512,-0.07469074068768111,2.520983422016343e-12
513,-0.46216065259826067,5.3064241060107875e-06
514,-0.8828494296285261,0.0008907832885798328
515,-0.18980349547793218,4.370586670354726e-09
516,0.00620630087396723,0.0
517,0.06220574205612284,5.836442440454448e-13
518,0.9959845206041948,0.00229082988613849
519,0.08152183817551872,5.076605802400991e-12
520,0.5111866785633785,1.183189983400279e-05
521,-0.5552245238019056,2.2812142942751912e-05
522,0.03146994578393869,2.55351295663786e-15
523,0.7515554530715916,0.0002507731185097395
524,-0.49157480392963393,8.669121706827987e-06
525,0.09725218875699349,2.0818569090863548e-11
526,-0.16139108773645638,1.195569865330981e-09
527,0.2860400644689982,1.1575507252725714e-07
528,0.02971339165367337,1.4432899320127035e-15
529,-0.43891994291145586,3.5191518521493492e-06
530,-0.7128193303936485,0.0001651223602543439
531,0.5332465991573565,1.6552377662959472e-05
532,0.040221375960813655,1.787459069646502e-14
533,0.7390002771330892,0.0002195497299299909
534,-0.3933418817348886,1.469418470567696e-06
535,0.3250614490794703,3.2123263205008357e-07
536,0.3689856849598392,8.827926529786367e-07
537,0.7689634130335934,0.0003004220655068446
538,-0.5970877229956288,4.0613727124605425e-05
539,0.15817907427483036,1.018064521574047e-09
540,0.6537422774090669,8.32955352458864e-05
541,0.7163367776933427,0.0001716710579982017
542,0.6932476174986173,0.00013250546961018905
543,-0.008546993690189408,0.0
544,-0.8140541291278687,0.00047069419985157346
545,0.9701782743361287,0.0018657431051252171
546,-0.580222099397802,3.2356724436577444e-05
547,0.2661213342059443,6.504858596212415e-08
548,-0.15958062363624492,1.0924586790750368e-09
549,0.9712489346264737,0.0018819110900153424
550,-0.9656806544218268,0.0017991326223942838
551,-0.07518496426409693,2.6575408540452372e-12
552,0.153192483574772,7.880432972839913e-10
553,0.14708209246779114,5.691258575524216e-10
554,-0.4727088281622118,6.350177074398999e-06
555,0.9223645108382843,0.001255926422946363
556,0.2476968383780025,3.667527370687651e-08
557,0.32351408118993774,3.092321984032864e-07
558,0.7497282285304396,0.0002460018707587386
559,-0.5622634238161102,2.5211636052846487e-05
560,-0.8446644288099052,0.0006293313163402425
561,-0.8786809258504855,0.0008582849049205699
562,-0.5181167091810537,1.3168450404998921e-05
563,-0.2717952856412653,7.698458359683968e-08
564,-0.1701317138372307,1.822615836033492e-09
565,0.7666217634519557,0.00029328222811086935
566,0.46444158084972775,5.518442029450732e-06
567,0.07501004479525708,2.6083579740543428e-12
568,-0.949274917295805,0.0015733132159883034
569,0.17582776447485826,2.3715220898168354e-09
570,-0.1813776971795913,3.040273699461693e-09
571,0.8204587854260068,0.0005006471725909067
572,0.5594236751842279,2.4218351442284458e-05
573,0.08448464825873447,6.754374837214527e-12
574,0.45057186457049836,4.335346556971764e-06
575,-0.3483248576770457,5.575662216372734e-07
576,0.8627671138791315,0.0007434901501675029
577,0.05028256188635494,1.0647038806155251e-13
578,0.5728000682401113,2.9214499467578037e-05
579,-0.043367243056991356,3.2529534621517087e-14
580,-0.5325753800965165,1.6387579368171146e-05
581,0.14453062889178225,4.948133014437417e-10
582,-0.4698829774190689,6.0543539859292395e-06
583,0.14257705810261,4.437963330161665e-10
584,-0.03268379186455905,3.4416913763379853e-15
585,-0.8164712822781741,0.00048181031724292556
586,-0.8796640062330119,0.0008658549203058863
587,-0.0005796173667702575,0.0
588,-0.6532544853534787,8.280475320954217e-05
589,-0.9629406767634041,0.0017595718982653663
590,-0.09801809421700547,2.2166823931968338e-11
591,0.5802363644934867,3.236303666565021e-05
592,-0.10163688530888537,2.962308176535089e-11
593,-0.5651617810015661,2.626187313592432e-05
594,-0.3650699761742826,8.108027717002031e-07
595,0.3601270333866966,7.272879516406761e-07
596,-0.6566812152835757,8.63064668064073e-05
597,0.8533461648666885,0.0006820201958763761
598,0.7835011999959569,0.00034822659441846593
599,0.8270501084194568,0.0005331891504777309
600,-0.01627700090274109,0.0
601,0.6162954923845978,5.2202573696980004e-05
602,-0.6216680075204823,5.591991974296384e-05
603,0.6524951025495129,8.204572868353299e-05
604,-0.35980048259320774,7.220456565981692e-07
605,0.8054017026030873,0.0004327086793662893
606,-0.9396578781953044,0.0014527169463713907
607,-0.9006519349950068,0.0010419012561828644
608,0.7628393324184188,0.0002820609103365568
609,0.7917550097486592,0.0003782067223619956
610,0.174806647209377,2.263635945354281e-09
611,-0.4961192384571915,9.32727825142532e-06
612,-0.21264292386838668,1.0837159614141001e-08
613,0.8533136845862705,0.0006818161513810761
614,-0.602849623188005,4.382747919795538e-05
615,-0.6719616952104004,0.00010353959663167434
616,0.0674881688392237,1.120215031846783e-12
617,0.2993257123600057,1.6631884680595732e-07
618,0.8850539158519228,0.000908397699481367
619,0.39343092474832253,1.472071496810834e-06
620,0.8324908928241812,0.000561420144394642
621,-0.46099043995699285,5.200436804742026e-06
622,-0.0221031001460974,2.220446049250313e-16
623,0.9790177785451308,0.0020029094549295356
624,0.1585378326640361,1.0366720815113695e-09
625,0.4312891541603221,3.0604731046102174e-06
626,-0.4949164317051227,9.148972043959702e-06
627,-0.9282115905279267,0.0013197003901063153
628,0.7286030544879507,0.00019631046016199694
629,-0.823694357074011,0.0005163990232194271
630,-0.4872862408919627,8.08557302300894e-06
631,-0.12558955463998944,1.6092094323738593e-10
632,0.5655988478391472,2.6423511692352797e-05
633,-0.2354640257323799,2.4471571991036e-08
634,-0.771239552859696,0.00030750655936284677
635,0.5142976999256479,1.2416487840005708e-05
636,-0.6239306136087408,5.755319936640024e-05
637,0.03563183782744428,6.772360450213455e-15
638,-0.30334994160991924,1.8502733689640394e-07
639,0.9369050331545317,0.0014197084832364704
640,0.5557619603044464,2.2988048201555422e-05
641,-0.1688060771937352,1.7121311035595e-09
642,-0.17681428038825042,2.4799969855493487e-09
643,0.9498724801401912,0.0015810847603292544
644,0.9054182504356572,0.0010859514162572248
645,0.13431408991101734,2.7533308966098957e-10
646,0.891165859328481,0.0009588242596287877
647,-0.23480713614623472,2.3931451820224936e-08
648,-0.23004332534621819,2.0316628379646318e-08
649,-0.506773874743943,1.1043932984455829e-05
650,0.22080621797990885,1.4643509849143754e-08
651,-0.3146415317147786,2.476919087612828e-07
652,0.8646627904147772,0.0007564240911169806
653,-0.7470728088051719,0.000239208862828022
654,-0.23034217375267874,2.052845538003112e-08
655,-0.4242633039018111,2.6852326752146993e-06
656,-0.6520891129405924,8.16424225684731e-05
657,0.6568738079480019,8.650704502177753e-05
658,-0.4250188415005838,2.723554665906569e-06
659,-0.3015060058335226,1.762383652348376e-07
660,-0.15215455927125543,7.463524243078723e-10
661,-0.8269958278399152,0.0005329138353019625
662,-0.07269072553182054,2.0289325775024736e-12
663,-0.2668904018020828,6.656504780711003e-08
664,0.0002974370239030577,0.0
665,-0.8353233890235181,0.0005766247299731075
666,-0.4669659421768948,5.761674675697215e-06
667,-0.3657007578401896,8.220407097248028e-07
668,0.7110868817365634,0.00016197763939418408
669,-0.925543493354819,0.0012902594527837152
670,0.3378681101739207,4.3722754816677423e-07
671,0.7311265576180175,0.000201744448161012
672,0.8316253787038304,0.0005568441809549185
673,-0.6398962006317135,7.030755412174017e-05
674,0.8647801109553819,0.0007572309331584925
675,-0.9763455022477736,0.0019605502577009215
676,0.715332194035815,0.00016977808696527763
677,0.26217919502509957,5.7739917402876983e-08
678,-0.8044472093236854,0.00042868628061010217
679,0.35288172046240596,6.184667658004628e-07
680,0.5141430594267606,1.2386845417045045e-05
681,0.9444255855181001,0.0015114611271334066
682,-0.032147205120795164,2.886579864025407e-15
683,0.77858996106809,0.0003313866341172478
684,0.8927151280589027,0.0009719859174639467
685,-0.112627475115197,6.733980040252163e-11
686,0.3154421544229695,2.527665012852509e-07
687,-0.48218679271439835,7.436549539385773e-06
688,0.07656321639296948,3.0730973321624333e-12
689,0.43880116437722183,3.511576511683323e-06
690,0.5905260845066866,3.720582998723021e-05
691,-0.7142260258560704,0.0001677147371833554
692,0.2441177903386158,3.2649853487498603e-08
693,-0.9242330845794464,0.001276009665993616
694,-0.3213580567422778,2.931653961812941e-07
695,0.7027994791954071,0.00014764456539018145
696,-0.9510959963130443,0.0015971009882875808
697,-0.6895502609989566,0.0001270191629831885
698,0.9515137875593251,0.0016026021360618925
699,0.17318673236405036,2.1012823703259187e-09
700,0.8099212519948078,0.00045220355010100466
701,-0.895109933021186,0.0009926392824398667
702,0.5267163245707227,1.5008763407542425e-05
703,0.09692218987760426,2.026034895408202e-11
704,0.539685486846158,1.820820774833809e-05
705,-0.07155555820423376,1.7889023595785147e-12
706,-0.10922234931169394,5.267963842925383e-11
707,-0.29976237801080075,1.682654596768529e-07
708,0.6525626090964052,8.211295703253185e-05
709,0.35897464539841106,7.089351137246069e-07
710,-0.08752901315165462,8.965050923848139e-12
711,0.5175682063215805,1.3058065475246572e-05
712,0.15150308481653352,7.211813368712683e-10
713,-0.36841743436572183,8.72011059582789e-07
714,0.6305657598676084,6.258496494315757e-05
715,-0.32035206435133734,2.8592177192532375e-07
716,-0.4395491499088229,3.5595192960924393e-06
717,-0.5276454228573226,1.5220408839389243e-05
718,0.4952284058134935,9.194931478440083e-06
719,0.7745848282731254,0.000318182328553962
720,0.40748312306197354,1.9470377549124507e-06
721,0.5273604771084377,1.5155224089347108e-05
722,-0.9657920974403067,0.0018007578582841521
723,-0.11629197663357393,8.699208020601645e-11
724,0.6966870220935086,0.00013779308255357225
725,0.34358968189777306,4.998995842830922e-07
726,-0.8164348436613198,0.00048164106293380193
727,0.11425538697577897,7.552924952136664e-11
728,-0.6948107108325849,0.0001348861919412414
729,0.2525693209230133,4.284982069169274e-08
730,0.2054740953122618,8.239377402574632e-09
731,0.9484662938683883,0.0015628494924756486
732,0.43890593263028976,3.5182575767178648e-06
733,-0.30055458369291244,1.7184792344693278e-07
734,0.779946664518161,0.0003359662274383668
735,-0.3080082570102327,2.0895873498183448e-07
736,0.8295836563597991,0.0005461777888613462
737,0.7126795760953579,0.00016486672434867788
738,-0.034790872967996433,5.551115123125783e-15
739,0.05959550700856808,4.142242104876459e-13
740,-0.7010431563289374,0.00014475303763827885
741,0.5733647595189322,2.944383885516988e-05
742,0.15803065747003187,1.010452388428007e-09
743,0.36161983654568064,7.516785922589975e-07
744,0.9766582735026346,0.0019654676399515347
745,-0.577785192262928,3.129403300472511e-05
746,0.023906812937854793,2.220446049250313e-16
747,0.8971654988988009,0.0010106696736470466
748,-0.7484369983180457,0.0002426780166994158
749,0.14876300039823365,6.232578897424901e-10
750,0.4800846898573108,7.182544853212569e-06
751,0.012001517351566626,0.0
752,-0.9260392558056874,0.0012956864028472737
753,-0.9094132225144915,0.001124108854279715
754,0.8182543273989127,0.000490155817429172
755,0.07963040531445276,4.207523218724418e-12
756,-0.5478609899295988,2.0517558665500424e-05
757,0.837038403396716,0.0005860035872393698
758,-0.2510952045816166,4.0892503050393714e-08
759,0.7531727593073712,0.0002550631822978433
760,-0.09855044609007768,2.3148261085736976e-11
761,0.34697655623147794,5.405827147031417e-07
762,0.13976475706752445,3.7844460898384114e-10
763,-0.4070979508713879,1.9324228849315617e-06
764,-0.29497799407903935,1.4798502445678707e-07
765,-0.21079430452954684,1.0106781078711435e-08
766,-0.32803838098969007,3.454692193427533e-07
767,0.5338955302635624,1.671307648387632e-05
768,0.6680182395109893,9.882791842241723e-05
769,-0.7321731086969643,0.00020403614926334246
770,0.5145889071817356,1.2472476265235066e-05
771,0.7006462480969533,0.00014410645900353458
772,0.1841705946183767,3.435260631512449e-09
773,-0.020350105629182158,1.1102230246251565e-16
774,-0.551408406113703,2.1596517824740147e-05
775,-0.0312014570108492,2.3314683517128287e-15
776,-0.7048595457654077,0.00015110012900299008
777,-0.00817294290994619,0.0
778,0.010830255837017466,1.1102230246251565e-16
779,0.8250031466530712,0.0005228919279414157
780,-0.3230335041230574,3.0558578567596584e-07
781,-0.3614918737536228,7.495601898055426e-07
782,-0.8683224274229617,0.0007819468838367039
783,0.7628569673287862,0.00028211234850183953
784,-0.4947261845408828,9.121043711424193e-06
785,-0.06477859173854883,8.070211166000263e-13
786,-0.8932966263958073,0.0009769662949009605
787,0.13170049099167147,2.3529633796925964e-10
788,-0.9141741422561211,0.001171096895773216
789,0.9202236056451649,0.0012332537691654988
790,0.9256332979344155,0.0012912410493162163
791,0.2723193372543755,7.817788894026734e-08
792,-0.8387547602247629,0.0005955221858082727
793,-0.821005077141117,0.0005032770276920395
794,0.41664036694928264,2.324149495080974e-06
795,-0.22914564915526148,1.969179486138728e-08
796,-0.4058265816775821,1.8848602488796828e-06
797,-0.15321802999947098,7.890944564437063e-10
798,0.7254111687185583,0.0001896199634993101
799,0.1012717833457133,2.8782642935709646e-11
800,0.8089930081046186,0.00044813848939118106
801,-0.38125245857493906,1.1457446513762903e-06
802,0.9268927454006555,0.0013050756698231858
803,-0.26806730422874714,6.89455383895421e-08
804,0.0062459761978070905,0.0
805,0.6592440235254062,8.900899299202347e-05
806,0.7264424433868293,0.00019175957030936885
807,0.225697450300536,1.7445100697344174e-08
808,0.7231989134443033,0.0001851001174436595
809,0.3225373608597466,3.0186074517768446e-07
810,0.014638262819019587,1.1102230246251565e-16
811,-0.9077912988773396,0.0011084792874280769
812,0.5838528411803927,3.399837328710298e-05
813,0.5701300465085521,2.8151081437832737e-05
814,-0.40938119626576164,2.0204769392018207e-06
815,0.2765238948183255,8.835226561476617e-08
816,-0.985318408196888,0.0021059357581991733
817,-0.0870470383976365,8.577694110556422e-12
818,-0.21162041851000923,1.0427670837920289e-08
819,-0.08009373921842355,4.407474385459409e-12
820,-0.2762707696900104,8.770854675876905e-08
821,0.6636796904485256,9.386095070185174e-05
822,0.07412430930158287,2.371991492111647e-12
823,0.14390795651797172,4.780226214862182e-10
824,-0.34162246226711757,4.775197106621221e-07
825,0.0937560811322562,1.5533907493647803e-11
826,0.4512934643836024,4.390922131225494e-06
827,0.34339598333667376,4.976560524783125e-07
828,0.9122485084707299,0.0011518905382024158
829,-0.7675764717105511,0.0002961751703524085
830,0.07039921681978356,1.570410468332284e-12
831,0.26327915696449633,5.970314298497925e-08
832,0.13973548394323387,3.778112267482925e-10
833,0.9289108188324995,0.0013275116615886207
834,-0.19322814264839838,5.042109729735955e-09
835,-0.25963924280798545,5.342079212322659e-08
836,-0.025637940718632457,4.440892098500626e-16
837,0.27272537261076635,7.911355015544075e-08
838,-0.6007564100152578,4.2635235310672925e-05
839,-0.483254893207401,7.568589937112513e-06
840,-0.864362367258817,0.0007543614100896656
841,0.560180508803167,2.4479680691857908e-05
842,0.07122281989749313,1.723510223428093e-12
843,0.853819903914911,0.0006850023074961298
844,0.02589721004904022,5.551115123125783e-16
845,-0.7912078716284761,0.00037615216312947286
846,-0.27491678912311457,8.433440135124926e-08
847,-0.06152439227489093,5.343503417520878e-13
848,-0.8152692863083129,0.0004762543356003901
849,-0.8902904275769565,0.0009514557391102629
850,-0.27094728794144896,7.50873480059866e-08
851,0.6291031636302271,6.144404853347663e-05
852,-0.31683544206438286,2.6181451839857317e-07
853,0.41232225301382885,2.1390512204844114e-06
854,0.365474166170916,8.179882134973226e-07
855,-0.5889597621173499,3.643021286825476e-05
856,-0.739271015442432,0.00022018552617053544
857,0.15633802386879525,9.270967327168478e-10
858,0.4052210427628964,1.8625684878870175e-06
859,0.6345170241081897,6.575999458835469e-05
860,-0.11070659743968436,5.868472374714884e-11
861,0.0058509950950975664,1.1102230246251565e-16
862,0.9812348745142865,0.0020386531518881146
863,-0.8980212656684317,0.0010182594119254595
864,0.9097227677101496,0.0011271133965530256
865,-0.9068225422080489,0.001099234163490781
866,-0.2592364998854788,5.2762562541275315e-08
867,0.8293414432273525,0.0005449242740067639
868,-0.5105967513799874,1.1723799149154779e-05
869,-0.516473524763706,1.2840174455353015e-05
870,-0.23360069764493674,2.296657586331463e-08
871,0.661492757907933,9.144073818556642e-05
872,-0.8703895585595616,0.0007966911782411046
873,0.5312996719083456,1.607830806515942e-05
874,0.8164327029486831,0.00048163112111088147
875,-0.2649386302089638,6.277544006838554e-08
876,-0.5317209582599198,1.6179872930455197e-05
877,-0.2407806570482538,2.9250181166062816e-08
878,0.72632874916732,0.00019152266078725777
879,-0.25919165644254294,5.268971270400158e-08
880,0.3633258684778742,7.804256509924556e-07
881,0.7526923378751174,0.00025378220240301896
882,0.17500961002610338,2.2847312930451835e-09
883,0.09003655397770949,1.123745541065091e-11
884,0.3712608046195749,9.27134843675681e-07
885,-0.1556099584756443,8.931348993712618e-10
886,-0.38641227333966977,1.2753329090564591e-06
887,0.08904987504871076,1.0289435969923488e-11
888,0.7516849445146012,0.0002511142800613042
889,-0.22307050280080154,1.588724007905995e-08
890,-0.09079450011856416,1.201683197393777e-11
891,0.6607465196378051,9.062743180865418e-05
892,0.40567755830546215,1.879352731437578e-06
893,-0.9375196597258664,0.00142702130710759
894,0.7988987299879833,0.0004059413451319438
895,0.7299767535488197,0.0001992524999493428
896,0.8146250381546678,0.0004732994138764157
897,-0.25151522022830863,4.1442064779850796e-08
898,0.5467823460525782,2.0198950307137586e-05
899,-0.33100578022754923,3.712037728309525e-07
