,data,labels
0,0.8946309343951993,0.000988478084626876
1,-0.5438300109238039,1.9348860307188964e-05
2,-0.7210548096578624,0.00018080927809593916
3,0.6114023979007783,4.900625649140178e-05
4,-0.92591221341658,0.0012942938278125427
5,-0.09573557461647586,1.8359425091318826e-11
6,0.7310706775408784,0.00020162271639923013
7,0.08669065307752,8.300804488214908e-12
8,-0.36857768869242524,8.750399025370115e-07
9,-0.7846264441046278,0.00035218800637892844
10,-0.19955947418260367,6.524095930160456e-09
11,-0.2831573771570004,1.067625693407237e-07
12,0.3511527661626057,5.947086435531546e-07
13,0.05231220660384772,1.461053500406706e-13
14,-0.896018338693092,0.0010005726337793952
15,0.06715167598912353,1.0762502000716268e-12
16,0.18828582154848594,4.0989430738491706e-09
17,-0.3452366213065112,5.193353069810058e-07
18,-0.8351144157033239,0.0005754908857299457
19,-0.18276061096033946,3.23058058082637e-09
20,0.4113386052011865,2.0987347320033933e-06
21,0.5927889006246632,3.835175147814951e-05
22,-0.9720073475020128,0.0018934371897196822
23,-0.7568909179838537,0.0002651688442929512
24,0.2776691441226802,9.131663891714936e-08
25,0.641073542993674,7.133864095909548e-05
26,0.7144188532172349,0.00016807284174924497
27,0.2206483013632421,1.4560038175126522e-08
28,-0.9344265759012371,0.0013905485561427344
29,-0.44716025664949166,4.080826026209294e-06
30,-0.03849762535815593,1.2656542480726785e-14
31,0.04600881109920163,5.229150445984487e-14
32,-0.2157525972494141,1.2170223717689055e-08
33,0.20667114191340552,8.630881009885627e-09
34,-0.45856780611980197,4.986873631041e-06
35,-0.3847112965779964,1.231266845480583e-06
36,0.016182067764226593,-1.1102230246251565e-16
37,0.7848259488147886,0.0003528944349423524
38,-0.11381469134370059,7.323075479348518e-11
39,0.32801382248002,3.452629181444067e-07
40,0.26033699489061424,5.457818208487453e-08
41,0.10686522778224616,4.4244941044269126e-11
42,-0.6826053836229229,0.00011724670156409989
43,0.41011920638696986,2.049678116455844e-06
44,-0.30437873460451437,1.9009559071303528e-07
45,0.8448233247287738,0.0006302629054262265
46,-0.5477378438996408,2.0480963698887855e-05
47,0.11350231591521864,7.163858395387024e-11
48,0.23184613833250856,2.1624069979075955e-08
49,-0.038521695595049144,1.2545520178264269e-14
50,-0.860440923902946,0.0007278816364536533
51,-0.026123647639694214,5.551115123125783e-16
52,0.20969168273228833,9.691959568236541e-09
53,0.5105050836569147,1.1707079180633961e-05
54,-0.7732438951555554,0.00031386493311968966
55,-0.8970771467025749,0.0010098888873897316
56,0.1818553482633909,3.10486492072215e-09
57,-0.983423336972618,0.002074476012809301
58,0.5166460929936809,1.2874311214217116e-05
59,-0.28440305921109044,1.105705674797619e-07
60,0.07325329992519847,2.1580515152663793e-12
61,0.3234849070805099,3.090097584479423e-07
62,0.5496423310706025,2.1053331080267412e-05
63,0.24542297872689756,3.407061244242726e-08
64,0.2576458876602097,5.023170901452545e-08
65,0.3134078792990913,2.400469286678586e-07
66,-0.6938220410888534,0.00013337607772989646
67,-0.9417005259349129,0.0014776378711701676
68,-0.5841210247351367,3.41224623459091e-05
69,-0.9880176265650988,0.002151458435066478
70,-0.027082008529347057,6.661338147750939e-16
71,-0.9053354167481107,0.0010851722880409476
72,0.6057319542628934,4.5516698887304585e-05
73,0.4293252884625893,2.9512400646636294e-06
74,0.6030937271879744,4.396838900699862e-05
75,-0.7705560814253853,0.000305364148379228
76,-0.9679604724547339,0.0018326347625925443
77,0.41698146123966917,2.339349268631885e-06
78,0.05983903746850494,4.2799097599299785e-13
79,0.6350908464847209,6.623256303550651e-05
80,-0.7695802686136519,0.00030232786409378765
81,0.2289753455906478,1.9575169929453295e-08
82,-0.9576240257281108,0.0016849548867378106
83,-0.8667170980039187,0.0007706605142953071
84,0.9446787487604609,0.0015146371817943427
85,-0.3161286512355934,2.57189857189033e-07
86,0.9023607746293842,0.0010575125497943594
87,0.894220145530934,0.0009849215123682864
88,0.9686719295177106,0.0018431997809202905
89,0.11247879527748461,6.663225526892802e-11
90,-0.014252623618762339,1.1102230246251565e-16
91,0.8308589266464039,0.0005528190464948457
92,0.9859438705114132,0.0021164092805404655
93,0.4528417174196988,4.512267521294966e-06
94,-0.1793849461577881,2.7833044757841208e-09
95,0.54090286506515,1.8537002473006936e-05
96,0.49886584160346015,9.745851312747966e-06
97,0.1783668586231688,2.6595113888916444e-09
98,0.28238056304143266,1.0444636899809012e-07
99,-0.5904139662225623,3.714983644576009e-05
100,-0.3323029033054117,3.8296911530899536e-07
101,-0.14732718672814094,5.767530897315964e-10
102,-0.008176102217836823,-1.1102230246251565e-16
103,0.6329645556346613,6.4496162931027e-05
104,-0.8102549455196704,0.0004536727059398782
105,-0.6758338608498815,0.00010835525682273417
106,0.0670975996581864,1.0693668173189508e-12
107,0.09344830421798678,1.513078551340641e-11
108,0.8898102244794281,0.0009474347771643021
109,-0.8773491676107439,0.0008481216397929758
110,-0.08891671267406243,1.0166978370307334e-11
111,-0.2282227499383358,1.9066989098703857e-08
112,0.6889322139520933,0.00012612164349246058
113,0.2031019506418319,7.50917983349808e-09
114,-0.5936394856010008,3.879038787024669e-05
115,0.23139846231902017,2.1292724139421182e-08
116,0.6550578410712566,8.463181702900169e-05
117,-0.8220316780620456,0.0005082515875428628
118,-0.5455592537591742,1.984290373757691e-05
119,-0.9306393243896764,0.0013469936051712095
120,-0.5607871821913597,2.469093308832271e-05
121,0.6602249293442586,9.006271158185086e-05
122,0.2541310776875225,4.501240735699241e-08
123,0.5690378247198418,2.7725897614572226e-05
124,0.9270595892153084,0.0013069180040652384
125,-0.6536051506103626,8.315731254315839e-05
126,-0.737041093412079,0.00021499623391318945
127,0.46898644008379486,5.963049656720898e-06
128,0.7465835592489207,0.0002379752487476905
129,-0.840566103691466,0.0006057129568960429
130,0.6706196390950347,0.0001019146035126095
131,-0.5824479289306685,3.335472532040029e-05
132,-0.4637275207136837,5.451287243607439e-06
133,-0.6649466811079021,9.528846066109153e-05
134,0.4536272042083902,4.574942484847355e-06
135,-0.48452568133225427,7.7283488222335e-06
136,0.09581404749454503,1.848010633409558e-11
137,0.9575078003097885,0.001683354844496443
138,0.559188108418808,2.413751001140163e-05
139,-0.18805426291409777,4.0588237215644085e-09
140,0.02902824225876066,1.3322676295501878e-15
141,-0.3291866229794911,3.552359990610654e-07
142,-0.1779580785003918,2.6111781625814956e-09
143,-0.1195533742290924,1.085282974599977e-10
144,-0.5257139313260817,1.4783305414711734e-05
145,-0.35718754197456604,6.812740110939686e-07
146,0.49811054080303907,9.62914358393352e-06
147,-0.4135838018815483,2.1917469945620383e-06
148,-0.2805865431117882,9.926434640927795e-08
149,0.9650437279310402,0.0017898683438494212
150,-0.0486108790048847,8.126832540256146e-14
151,0.09557924263670059,1.8120949185629343e-11
152,0.9166853523668199,0.0011965608456409038
153,-0.9987043827233693,0.0023401685055285393
154,0.9241789217987564,0.0012754236332299662
155,-0.6579953359472606,8.768316241403173e-05
156,0.6979652061878925,0.00013980441234962004
157,-0.00866271927137685,0.0
158,0.8016182170288013,0.0004169547124319717
159,-0.09973288084517629,2.5465074493524753e-11
160,0.053404426745411016,1.723066134218243e-13
161,0.4942123589783667,9.045985504996246e-06
162,-0.858444981179556,0.0007147166776523273
163,-0.6529410131483202,8.249069080279448e-05
164,0.016146325938184658,0.0
165,-0.3443433020832938,5.087127803449221e-07
166,-0.449685910671205,4.2679535704470695e-06
167,0.5422556460551142,1.8908431611786014e-05
168,0.7633000103934005,0.0002834073131922077
169,0.7476553888544151,0.00024068505755592273
170,0.01229957839739404,0.0
171,0.8874885254969538,0.0009282014593715582
172,0.969704768629357,0.0018586312058881393
173,-0.4269249611599022,2.8223660089032876e-06
174,0.01672037708519647,-1.1102230246251565e-16
175,0.23641843022237574,2.527531017815221e-08
176,-0.45892230687445346,5.01763752369655e-06
177,0.6757549588593919,0.0001082552164181072
178,0.7914203288825776,0.0003769488063536386
179,0.5670933287277176,2.6982783339679628e-05
180,-0.6152037955520826,5.147412467931822e-05
181,-0.4757605897058885,6.683746984315064e-06
182,0.406180732004225,1.8980053242412254e-06
183,0.14956679173251808,6.506979399745205e-10
184,0.47152099699069994,6.224327248616213e-06
185,0.06464787615284129,7.941425295143745e-13
186,-0.37215246872690577,9.450369734542718e-07
187,-0.7606694678264485,0.0002757936821764506
188,0.9247626834721849,0.0012817521621609762
189,0.20695295442485495,8.725381195340276e-09
190,-0.46699407937866844,5.76443770561319e-06
191,-0.6597186165387539,8.951746636076674e-05
192,0.6496420216087249,7.924788249302761e-05
193,0.9180778274161552,0.0012108866509472627
194,0.7698247284782509,0.0003030860359927168
195,0.9465348048659432,0.001538099571254059
196,0.4710938831354341,6.179610093637322e-06
197,0.6493343602107469,7.895120220580143e-05
198,-0.9578620546355519,0.0016882358786204366
199,-0.011817598494894721,0.0
200,0.11025798844698165,5.680955705855695e-11
201,-0.2034347730925492,7.608085939025955e-09
202,-0.900471808541152,0.0010402674036088522
203,0.6546126556455514,8.41775454446525e-05
204,0.3544004886866414,6.400166931985751e-07
205,-0.9305046779270425,0.0013454671531480944
206,0.24843118705978662,3.755284239126411e-08
207,0.6548012356054187,8.436971431025064e-05
208,0.48166053372384043,7.372235186320353e-06
209,0.11659271637379454,8.880762791818597e-11
210,0.3257791999170394,3.2693588614129965e-07
211,0.5506105366330816,2.1349624360289532e-05
212,-0.38103129999371244,1.1404574471463036e-06
213,0.25766695105143844,5.026451699308154e-08
214,-0.5533952199300529,2.2222170965036092e-05
215,0.279082586085601,9.509481857516988e-08
216,-0.6631759863150994,9.329862687879054e-05
217,-0.9757957362099128,0.0019519326872812215
218,-0.3630863188087474,7.76332098051391e-07
219,-0.6472745108595508,7.698967958225111e-05
220,0.5009676567669468,1.0077142072573153e-05
221,-0.4239681242246085,2.670389156356201e-06
222,-0.00045760845908437986,0.0
223,0.684048243654588,0.000119221283333526
224,0.5381220056419975,1.7793406006050283e-05
225,-0.9437047542567956,0.0015024495627168344
226,0.049804117535607206,9.847678228425139e-14
227,-0.6670932664932345,9.775018974289562e-05
228,0.7369613529571908,0.00021481265639144986
229,0.5112389751544655,1.1841524709899076e-05
230,-0.6760400428762114,0.0001086170566716449
231,-0.11495067168788675,7.92843568575563e-11
232,-0.63197056037928,6.36981328854258e-05
233,0.3969760155931532,1.5811558113920654e-06
234,-0.6347891934692835,6.598377069078065e-05
235,-0.7755071281897226,0.000321181744395993
236,-0.29410599217004507,1.4452866425873623e-07
237,-0.01777048963769423,0.0
238,0.0336064216578571,4.218847493575595e-15
239,-0.3248976867199571,3.1994362659215625e-07
240,0.36251889902034584,7.667104938713365e-07
241,-0.14366381005248052,4.715764445606396e-10
242,-0.039555127586298866,1.5654144647214707e-14
243,0.07525785533010221,2.678191002303265e-12
244,-0.41985349993497856,2.4708145200946774e-06
245,0.6131198569286331,5.010815268857716e-05
246,0.287231143306913,1.1965967450233705e-07
247,0.7775615069172988,0.00032795132100393865
248,0.7657981983068889,0.0002908064493248874
249,-0.35196217244109174,6.05729749136863e-07
250,0.35934970220243745,7.148632976683444e-07
251,0.370913732877151,9.202471484837105e-07
252,-0.20102734395123534,6.917627026759021e-09
253,-0.09881623103111581,2.3652191316614335e-11
254,0.07928789879154308,4.064859560060086e-12
255,0.18615922659512973,3.743190868377155e-09
256,0.46955655985943934,6.020970987896668e-06
257,-0.02972192728048717,1.5543122344752192e-15
258,-0.05425789543801929,1.9551027463649007e-13
259,0.5714346511159487,2.866638501541896e-05
260,-0.5846569084761264,3.437160017905061e-05
261,0.3550403583417334,6.492904877086758e-07
262,0.7615487082749846,0.0002783184431539576
263,-0.28221361448209925,1.0395435967591737e-07
264,-0.5280159551146077,1.5305538287324616e-05
265,0.7642304299395886,0.0002861436642443982
266,0.620880225776703,5.536081263113335e-05
267,0.512579696968622,1.2090620703286703e-05
268,0.1711341168849363,1.9102529558168158e-09
269,-0.32333272502392196,3.078517025745242e-07
270,-0.20812485141752224,9.128130251667699e-09
271,0.0441166964694939,3.730349362740526e-14
272,0.27587923959881966,8.67209283272885e-08
273,0.43212347527977735,3.1079373403741783e-06
274,-0.3215524372363767,2.9458336725518564e-07
275,0.08710477624611546,8.623324276868516e-12
276,-0.547869654374344,2.0520135600943235e-05
277,0.9968549102656616,0.0023065198539246046
278,-0.8461965531491138,0.0006383640299197912
279,0.7993205620408375,0.0004076329243143384
280,0.20010462871106527,6.667901453205616e-09
281,-0.9736861607379486,0.0019191690564772657
282,-0.09031832700017683,1.1521894549559875e-11
283,0.8921636480191264,0.000967283012848208
284,-0.06915835874665177,1.3621326289126046e-12
285,-0.07682832420645935,3.159139616570883e-12
286,0.7987647179451778,0.00040540522526399947
287,0.3093170703277912,2.161513215082067e-07
288,-0.3646372721787332,8.031716082212981e-07
289,0.9658423561001943,0.0018014912247172887
290,0.5502074758726754,2.1225839515803813e-05
291,0.9020154659302309,0.0010543416828479035
292,-0.1878262992493518,4.019662935839108e-09
293,0.6418609484072402,7.203556021573299e-05
294,0.14578252561995497,5.30139598886592e-10
295,-0.8253850445950202,0.000524799842007484
296,0.471635755923844,6.236390098113276e-06
297,0.29102024248435776,1.3285764799420008e-07
298,0.45417390780136646,4.619011994000388e-06
299,0.8825783692778264,0.00088863805559658
300,-0.9121329851855557,0.0011507470456068036
301,0.25785622480723625,5.0560167719204685e-08
302,-0.31744069800568786,2.658324244064758e-07
303,-0.004504965388217874,1.1102230246251565e-16
304,-0.7241150518008497,0.0001869603686092125
305,0.4464267180384687,4.027838298670261e-06
306,0.660484649016817,9.034352296488635e-05
307,0.2936154978703991,1.4261567238271766e-07
308,0.8244552587610814,0.0005201652756576802
309,-0.5214005283663292,1.3846499980263438e-05
310,0.09660729490134479,1.9739765377835283e-11
311,-0.31089122270001623,2.250880027920843e-07
312,0.3213455613482241,2.9307444882054057e-07
313,-0.9080352619457004,0.0011108181041614706
314,0.0372131605190924,9.547918011776346e-15
315,-0.05279750819660989,1.5731860258938468e-13
316,-0.2957685651105102,1.511808471743592e-07
317,0.6433234959790624,7.334579033879685e-05
318,0.9788929919810085,0.00200091391201207
319,0.4196820290173302,2.4627883152827934e-06
320,-0.9498888492251198,0.0015812981143680238
321,-0.4802299212498249,7.199846831174028e-06
322,0.9627293380819182,0.0017565520930886702
323,-0.6281909476085765,6.074167736869196e-05
324,0.3842151517435124,1.2186667984748212e-06
325,0.24636443645230388,3.5128714492849156e-08
326,0.09351835274621823,1.522182380142567e-11
327,0.5163014709828804,1.280621811516891e-05
328,0.9530302840803655,0.0016227084630815458
329,0.143202796438749,4.5961146000195185e-10
330,0.6108984502003341,4.8686965825162076e-05
331,0.3252416868618684,3.226565634673051e-07
332,-0.5811494108103954,3.2769295216006356e-05
333,0.568236628496996,2.7417576315191816e-05
334,0.29393487909667204,1.438587688973314e-07
335,-0.8726591317936234,0.0008131568866065475
336,-0.04743405448118576,6.672440377997191e-14
337,0.20771311805915427,8.984814559021004e-09
338,-0.3889748966245865,1.3443223699782791e-06
339,0.6563035720887234,8.591434091576033e-05
340,-0.3993963631100925,1.6596271723567924e-06
341,-0.30103822917319367,1.7406765873140273e-07
342,0.04006332591569439,1.7319479184152442e-14
343,-0.6828524784726191,0.00011758282065477133
344,-0.7848411933366151,0.0003529484650790504
345,-0.10005570889578319,2.613176341981216e-11
346,-0.25457504494393235,4.5644334756289595e-08
347,0.7125613506831183,0.00016465073770666194
348,-0.040179275056383856,1.7763568394002505e-14
349,-0.6202651430913755,5.49276670847032e-05
350,0.5835248383391345,3.3847140738840764e-05
351,-0.9225751298807945,0.0012581763352987885
352,0.40424440003048234,1.827100316376118e-06
353,0.9924467838114996,0.0022280050495804282
354,-0.8629046722612435,0.0007444221859110867
355,0.7207117396160276,0.0001801308140323421
356,0.6969060772297839,0.00013813598455947318
357,-0.16137696096040166,1.1947334233042284e-09
358,-0.919575341886369,0.0012264589368883305
359,-0.3265131370796899,3.3285907852231844e-07
360,0.30595847445806634,1.9811431895000453e-07
361,-0.23693092532881121,2.571635238091119e-08
362,-0.5308069369085078,1.5960224235556097e-05
363,0.14794872270249892,5.964975180461352e-10
364,0.3440500600764369,5.052674624250741e-07
365,-0.22280570593852556,1.5737178227226423e-08
366,-0.6864515772968569,0.00012257461432219063
367,-0.5654283989767088,2.6360372420208833e-05
368,-0.2855834339785015,1.1428795443357842e-07
369,0.6466918412835132,7.644258627736988e-05
370,0.5900647160397805,3.697588627749049e-05
371,-0.5558468193395332,2.301593078968267e-05
372,0.1157434927972869,8.37644398288262e-11
373,0.1550869500508787,8.694147624055404e-10
374,-0.24851509742643207,3.765427714075287e-08
375,-0.6306587583541858,6.26581296402362e-05
376,-0.31397479345263735,2.4353410499333705e-07
377,0.45383044510409554,4.591282572241617e-06
378,0.4816285511823044,7.3683422835424395e-06
379,-0.7941798127737854,0.00038742999011331936
380,-0.385383547563793,1.2485207725454472e-06
381,0.06624236356270297,9.651168753066486e-13
382,0.14824576208518003,6.061405821711219e-10
383,-0.311350496238322,2.2775547559028553e-07
384,-0.8699766105638678,0.0007937265889307321
385,0.5357462844107377,1.717889033348019e-05
386,-0.28847552428550416,1.238615271459409e-07
387,0.211468707332495,1.036808217058649e-08
388,-0.8679725986779199,0.0007794752371217406
389,0.7393251754562562,0.00022031290653279356
390,-0.5158985248084225,1.272699957699519e-05
391,0.6258343882796593,5.89595023186007e-05
392,0.3781880523546981,1.0743583318539862e-06
393,0.5524810320695623,2.193235454261977e-05
394,-0.32919173132564605,3.552799835437881e-07
395,0.7675026643975569,0.0002959506388490185
396,0.7075470978553791,0.00015571393934665778
397,-0.8594433036627376,0.0007212753888188317
398,0.31360095556610323,2.412296369325162e-07
399,-0.5418566554616984,1.8798212917281454e-05
