,data,labels
0,-0.30229097411319783,1.799341916575159e-07
1,0.2246758409063283,1.6824074466903483e-08
2,-0.4808344033140164,7.272252572576576e-06
3,-0.295917751150818,1.5179063961312522e-07
4,0.6498711355818654,7.946944936543243e-05
5,-0.32646076096813736,3.324332944476538e-07
6,-0.8310860669025624,0.000554009262272559
7,0.9989097915052887,0.002343931745153016
8,-0.011881563832998543,-1.1102230246251565e-16
9,-0.6104048033080025,4.837596100337738e-05
10,0.9899137334830814,0.0021839441174592578
11,0.2944911987824561,1.4604670872664371e-07
12,-0.321970578404033,2.9765396547531964e-07
13,0.7508443092670518,0.00024890669835198054
14,0.9821922763491886,0.002054258310026147
15,0.7963284161114095,0.000395765441795759
16,-0.9313230616368622,0.001354768160137798
17,-0.42165397828372964,2.556480650284243e-06
18,-0.9709112389925019,0.001876798506756594
19,-0.7924956251294757,0.0003810033458206963
20,-0.6236567049582411,5.735329040956749e-05
21,-0.06818476454083111,1.216027278871934e-12
22,0.8159569254652184,0.0004794259514249166
23,0.9046690125343122,0.0010789217625370995
24,-0.8216881609795976,0.0005065822851690882
25,0.3317154552427013,3.7760099969030847e-07
26,-0.45274741291064924,4.504793493009807e-06
27,-0.30926192217993886,2.1584394438445287e-07
28,-0.5255516157028324,1.4747076816923332e-05
29,0.2634293346553813,5.997565855064835e-08
30,0.2756888832833113,8.624428504688808e-08
31,0.3071289962502366,2.0424506064209424e-07
32,0.956084639029471,0.0016638691401884564
33,-0.5434819860567133,1.9250737514298066e-05
34,0.9650222365048542,0.0017895564674561548
35,0.23346573494115885,2.2860782378231193e-08
36,-0.05357422421109992,1.766364832178624e-13
37,-0.6000049698080256,4.221418387384546e-05
38,-0.47597326392063577,6.707552792306615e-06
39,-0.9334097771487095,0.0013787366890102293
40,0.17654133119871784,2.4495584449724106e-09
41,-0.9512902554518079,0.001599656800423066
42,0.8285331867538364,0.000540759409461522
43,0.05758852667201442,3.148592497836944e-13
44,0.9203008322444788,0.0012340653991836925
45,0.0408274265779105,2.0095036745715333e-14
46,-0.9373160732772776,0.0014245954268004013
47,0.548824689388868,2.0805913650723262e-05
48,-0.06783969980766158,1.1677325773007396e-12
49,-0.05318003511041547,1.6653345369377348e-13
50,0.17047677800534577,1.852378139766131e-09
51,-0.8128412960967422,0.0004652010374562865
52,-0.21380586055440842,1.13199197793179e-08
53,0.5470686145578572,2.0283084319117073e-05
54,0.5815421313169833,3.294539860554391e-05
55,-0.18206172204276516,3.1331413019586307e-09
56,-0.09155216972454272,1.284261585965396e-11
57,0.09422419799375015,1.6165402350054592e-11
58,-0.9174952287881275,0.001204874865701977
59,0.7774318810315008,0.00032752054115103846
60,0.300170021316559,1.7010063868561076e-07
61,-0.422465457247573,2.5959309269962816e-06
62,0.7526591366269237,0.0002536938828032742
63,0.5036745202275605,1.0518252456237498e-05
64,0.37952928074853043,1.1051094751524104e-06
65,-0.9194565422385506,0.0012252172559477081
66,-0.3374179335620511,4.326017677414029e-07
67,0.7636316699260262,0.00028438009720332946
68,0.8509150444986293,0.000666893402808677
69,0.03439224611422009,5.10702591327572e-15
70,-0.052990307368111056,1.617594946878853e-13
71,0.9916605787204398,0.0022142477908118074
72,0.714567305754179,0.00016834898993667302
73,-0.3840911903997515,1.2155363330323965e-06
74,0.09404425147413664,1.591993203930997e-11
75,0.7766284662063137,0.0003248615481256101
76,0.5720049143891013,2.8894203306206734e-05
77,-0.0001943700078779198,0.0
78,-0.09213509424583921,1.3511414209688155e-11
79,0.962943899739438,0.001759617985984785
80,-0.7100314574964106,0.00016008750905738278
81,0.7107303316597235,0.0001613369426718414
82,0.35551479167204536,6.562421712708044e-07
83,0.028277193659828948,1.1102230246251565e-15
84,-0.49126234258356494,8.625397250883182e-06
85,-0.2837044686390655,1.0842064446237032e-07
86,-0.726346322328965,0.00019155926208735963
87,0.9519152757181577,0.001607904089941714
88,-0.6640405582982738,9.426562820258333e-05
89,0.17470852902585676,2.253499054027941e-09
90,-0.9509163113499393,0.001594740077289103
91,0.9655203186759558,0.0017967965871300562
92,-0.3412509070787455,4.7339253328448905e-07
93,0.5416188200639769,1.873277931074835e-05
94,-0.4794602532815859,7.108566104419012e-06
95,-0.9920947447624433,0.0022218358336301147
96,-0.01908664932834614,0.0
97,0.896017487666048,0.0010005651758563383
98,0.7825682251620749,0.0003449715003156495
99,-0.3369084205897743,4.274179271623879e-07
100,-0.4356655711751094,3.3166792096084308e-06
101,0.24542953889292463,3.407788784492993e-08
102,-0.19775623446506607,6.067559343847506e-09
103,0.8981440967600649,0.0010193528417298259
104,-0.09791733301724004,2.19850804228372e-11
105,-0.8425146410925286,0.000616844403639627
106,0.40682157453328216,1.9219952678284358e-06
107,0.7734991824446822,0.00031468293136016623
108,-0.9954329504797188,0.0022809350140475804
109,0.540526835744745,1.8434894525354295e-05
110,-0.9627708997820092,0.001757145610473576
111,0.6308746107649765,6.282823451919661e-05
112,-0.32009641025609814,2.841060640079718e-07
113,-0.8609017311677187,0.0007309508035203693
114,-0.490891921475306,8.573811606682469e-06
115,0.044076203760808674,3.708144902248023e-14
116,0.4166424344707962,2.3242413670354622e-06
117,-0.3754718414941527,1.0143638623505424e-06
118,0.9003483658411611,0.001039148990357286
119,-0.9194602218454309,0.0012252556984242435
120,0.9948517686810043,0.0022705490073560153
121,0.6419911222640291,7.215134441740378e-05
122,0.2756156631161506,8.606155610380029e-08
123,0.972995091892173,0.0019085402919423178
124,-0.5099281200720314,1.1602319254677695e-05
125,0.49427561240956885,9.05519619653905e-06
126,0.38994880465053905,1.3713836443107752e-06
127,-0.01345775244459202,0.0
128,0.7886551822315226,0.0003666942611567636
129,0.5499064856914995,2.1133810514051277e-05
130,-0.7742747271294825,0.0003171793340169815
131,0.1888819098797203,4.2038201808480835e-09
132,0.7813954632448399,0.0003409173569419721
133,0.7748125496339717,0.0003189206283272794
134,-0.8028332045828577,0.00042195850448145666
135,0.282226322002636,1.0399173844266585e-07
136,0.21594894581404622,1.2259008363990631e-08
137,-0.38702547610253046,1.2915532137114383e-06
138,-0.07647248516947158,3.0441205112197167e-12
139,0.8510910768715036,0.0006679788298207257
140,-0.279170141961953,9.533328804156582e-08
141,0.6873634609683417,0.00012386827353239038
142,0.5006782473491418,1.0030949515349441e-05
143,0.8031552813315839,0.0004232936617520888
144,-0.6479838119466634,7.76602738368215e-05
145,-0.6105114463848609,4.844300068096441e-05
146,-0.11151500500503864,6.220080006613671e-11
147,0.353848082472646,6.321038373835464e-07
148,-0.7751910847988215,0.00032015118103900786
149,-0.02873993385971718,1.2212453270876722e-15
150,0.3744332571520068,9.922100537851364e-07
151,-0.482900575448026,7.524563576999377e-06
152,-0.6692371305295655,0.00010026389964701288
153,-0.954949987382693,0.00164847406728863
154,0.3191222604895212,2.772794798211464e-07
155,0.931662435776218,0.001358641505955327
156,-0.4526865907169899,4.499978814576089e-06
157,-0.7663836027678128,0.0002925643991155136
158,0.6191996115274614,5.418429917447565e-05
159,0.6948299011902199,0.00013491565034040587
160,-0.8205281825341357,0.0005009805875730855
161,0.6569954530041033,8.663394302099725e-05
162,-0.4354893825724846,3.3060140395280158e-06
163,0.07289367306294747,2.074895810721955e-12
164,-0.2654676028351277,6.378338601731315e-08
165,-0.8177116944257907,0.0004876028420083278
166,-0.8407233817305411,0.000606604921330911
167,-0.9913677552335485,0.002209142719363122
168,-0.20426788668890428,7.860676998205918e-09
169,0.3954208439965019,1.532462843401028e-06
170,0.2925507833767125,1.3853915226125224e-07
171,-0.4468411423943086,4.05770023670371e-06
172,0.274712161245104,8.383446703508213e-08
173,0.5903505479857998,3.7118196975161055e-05
174,-0.632252770317334,6.392382591202672e-05
175,0.8191550693969187,0.0004944192698510541
176,0.9089502837770858,0.001119628395247152
177,-0.9564715671990418,0.001669147445136021
178,0.5602331401163154,2.4497945014689826e-05
179,0.0933908697869299,1.5056511593058985e-11
180,0.18223660090110316,3.1572786607370062e-09
181,0.6621320238463284,9.21425063732384e-05
182,-0.15019283258056726,6.72796152123567e-10
183,0.5897935591362085,3.6841321934377724e-05
184,0.7230773221907196,0.00018485443711624416
185,0.6447302094526819,7.462554097847907e-05
186,0.44586786953620283,3.9878736104448365e-06
187,0.7268134682328795,0.00019253446568912036
188,0.582254921650297,3.3267136231862615e-05
189,0.4279353043711003,2.8759996659744047e-06
190,0.7655723194245767,0.00029013060313654027
191,-0.21758806226026994,1.3022560585440601e-08
192,-0.803614254954353,0.0004252026646086593
193,0.4102129754159445,2.0534145807049597e-06
194,-0.17900402975259389,2.7364097654469788e-09
195,0.809881618449033,0.0004520293301286671
196,-0.5650588120703963,2.6223918324630446e-05
197,-0.6612184070691078,9.114099417695254e-05
198,-0.11934418342664244,1.070189492580198e-10
199,0.31708777090097895,2.6348306880752403e-07
200,0.06289554662277075,6.374900607397649e-13
201,0.6414531284107783,7.167386872175552e-05
202,0.23248735944704646,2.2106519947939773e-08
203,-0.049971623434683865,1.0114131754335176e-13
204,-0.8296229535291859,0.0005463813977830689
205,-0.5744038530029116,2.9869953093952795e-05
206,0.7494180507157975,0.0002451998256481902
207,0.2154276900551213,1.2024542694888396e-08
208,-0.4230331044700699,2.6238423189717253e-06
209,-0.6912999259427905,0.00012959022747915938
210,0.7813169744257391,0.00034064751281126515
211,0.48701755284260684,8.050182348506851e-06
212,-0.21024901750952996,9.899736252982905e-09
213,-0.7037487892714052,0.00014922829814323357
214,0.4375729580929568,3.434076110586659e-06
215,-0.7649348620472105,0.00028823064602878645
216,-0.13393377800595685,2.6916047168867863e-10
217,-0.8265944780539038,0.0005308819893986572
218,-0.15859621732504392,1.03972841447586e-09
219,-0.29469745746691745,1.468652603975329e-07
220,0.48878661533099654,8.285704706345598e-06
221,-0.17269934482049454,2.0544723700055556e-09
222,0.2766994515165757,8.880114354958835e-08
223,-0.5554529624689477,2.2886767912844164e-05
224,-0.10103424986165499,2.824707134863047e-11
225,-0.9574123655016085,0.001682042005706319
226,0.42664859173318215,2.8078480761584146e-06
227,0.6651562130204594,9.552635185616776e-05
228,-0.9945388717371524,0.0022649743698863745
229,0.36869836854260885,8.773268423967195e-07
230,0.0287883284043029,1.2212453270876722e-15
231,-0.21764515088985337,1.3049887059857213e-08
232,-0.29371790917551643,1.430132512414417e-07
233,-0.3425456567113512,4.879108304045587e-07
234,-0.3456974686454872,5.248906831401001e-07
235,-0.6296855858951547,6.189618369245586e-05
236,-0.04057649549035891,1.9095836023552692e-14
237,-0.38920887235669976,1.350780739706181e-06
238,-0.5501335175878015,2.1203194131458325e-05
239,-0.20704738920475707,8.757249925217536e-09
240,-0.9074637307161217,0.0011053456892675673
241,0.9593128827475392,0.0017083541263605007
242,-0.6251550830392492,5.845430728845802e-05
243,0.720161781312709,0.0001790478249253935
244,-0.8400050894004483,0.0006025405733819378
245,-0.7025777693606472,0.0001472768019734616
246,0.6950491623208654,0.00013525262770186508
247,-0.19992515652324871,6.620255788014617e-09
248,-0.33231407938429824,3.8307188554576044e-07
249,-0.7106389455845301,0.0001611730835738845
250,0.5740948888311361,2.974269412614472e-05
251,0.40151960921229146,1.7312456697116119e-06
252,0.7325330919891726,0.00020482964684609417
253,0.3852378112092878,1.2447624926359424e-06
254,-0.33977618093738715,4.5731728326448007e-07
255,0.7040308357849678,0.0001497016763459813
256,0.989293011819881,0.0021732629252922964
257,0.5184450263376335,1.3234912253690112e-05
258,-0.41385825671905474,2.2033601572157835e-06
259,-0.2521401886822259,4.227174643656184e-08
260,0.5535049536372012,2.225718232751195e-05
261,-0.5587297624446472,2.3980889767183378e-05
262,-0.5265154904729468,1.4963353099695098e-05
263,-0.40705978366287887,1.9309799104139103e-06
264,-0.016139779001222987,1.1102230246251565e-16
265,-0.37882767223071623,1.088928723858018e-06
266,-0.27072584221121687,7.459868833770145e-08
267,-0.04838940264501446,7.827072323607354e-14
268,0.7975812202967003,0.00040069725756897157
269,-0.8023237167295425,0.0004198539165538584
270,0.9207517128419065,0.0012388132853823342
271,-0.8038668355214951,0.000426256408403769
272,-0.13793460838642857,3.4058766917866024e-10
273,-0.19101717730459677,4.599021607987197e-09
274,0.19468887464742046,5.354929943912623e-09
275,-0.0934875920295215,1.5181744750236703e-11
276,0.27809472430499205,9.244016785370235e-08
277,-0.9541587518980879,0.0016378117281274918
278,0.9743088804874329,0.001928790502499944
279,0.7991108921973284,0.0004067913676979451
280,-0.6398053501693044,7.022853200411294e-05
281,0.9924002779387489,0.002227189219800918
282,-0.26386042870524995,6.076398240129066e-08
283,-0.41000465912798023,2.0451217501715746e-06
284,0.10106110941220536,2.8307245436565154e-11
285,-0.4863939861008937,7.968568797145359e-06
286,0.7804263897235957,0.0003375986715967727
287,-0.7456160794520958,0.00023555208947712014
288,-0.3533155113221087,6.245561801065946e-07
289,-0.7999613136937287,0.00041021411042418965
290,-0.03423028209965806,4.884981308350689e-15
291,0.5090859307490794,1.1450870660123513e-05
292,0.3719447823394817,9.408404523236769e-07
293,0.8234426384620228,0.0005151583130920123
294,0.6858656952550726,0.00012174966435396506
295,0.3892806899543324,1.3527685305270154e-06
296,-0.6075929680658976,4.663726734221996e-05
297,0.78025156052252,0.0003370029529951024
298,0.6368051421337944,6.766203309471752e-05
299,0.04015830786953978,1.765254609153999e-14
300,-0.9702285196522618,0.001866499155551149
301,-0.20695967515858338,8.727645939288209e-09
302,0.5761077932842698,3.0580353347131606e-05
303,0.8832020693519331,0.0008935808869515727
304,0.21647711441774597,1.2500652069036278e-08
305,0.4317283340647262,3.0853783727913253e-06
306,-0.2500982274211614,3.9613468061361345e-08
307,-0.690642149943848,0.00012861838581423868
308,-0.6924301588738646,0.00013127504466181605
309,0.09127900695514324,1.253941395162883e-11
310,0.9459785661386921,0.0015310353197774962
311,0.744924233020704,0.00023383247468578006
312,-0.3192876295587914,2.7842813632439345e-07
313,-0.522711679067237,1.41256199459594e-05
314,0.23767995135106434,2.6373051298378414e-08
315,0.700350798658127,0.0001436267943684122
316,-0.9267958148721878,0.0013040063717956185
317,0.21601030667196053,1.2286870298972019e-08
318,0.6168885108064655,5.260202598489361e-05
319,0.06603320628505749,9.410250356722827e-13
320,-0.0490571096084822,8.72635297355373e-14
321,0.2956640552140086,1.507549434176525e-07
322,0.5197309826586178,1.3498057468419589e-05
323,-0.45756065080582164,4.900368482996242e-06
324,0.9592447750222919,0.001707405066645018
325,0.9351490191610616,0.0013989942176318992
326,0.5738592971013121,2.964597441024175e-05
327,0.42767702843484123,2.862205208398194e-06
328,0.3095054159152679,2.1720398257762952e-07
329,-0.146707456954132,5.576378248051128e-10
330,0.566722503416279,2.6843057236103363e-05
331,-0.723921682616069,0.00018656637683878152
332,-0.9371462960220425,0.0014225751432859202
333,0.7461917084351124,0.00023699121515019517
334,-0.8925684442934598,0.0009707330963233396
335,-0.7631363521902852,0.0002829283579326436
336,0.6263949342533461,5.937923777976639e-05
337,0.9158866166252768,0.0011884099893469946
338,0.6803261130351737,0.00011418548630437453
339,-0.46184119662185297,5.277305203388316e-06
340,0.23309574163879065,2.2572937408149585e-08
341,-0.07838336412525204,3.708366946852948e-12
342,-0.8269981967548408,0.0005329258480381016
343,-0.6109590414782056,4.8725259035320434e-05
344,0.31639454716212634,2.589212142467545e-07
345,0.7249481683242855,0.00018866614465840037
346,0.47849508799136586,6.995528651687621e-06
347,0.3678384142053761,8.611436499439407e-07
348,-0.4341394475505693,3.225287731112303e-06
349,-0.7461084247165568,0.00023678252604308891
350,0.4404342792507019,3.616989980526064e-06
351,-0.7762936292934137,0.0003237589215440151
352,0.7692073964422406,0.0003011746087164813
353,0.17274223237212616,2.0585544380224974e-09
354,0.21587924930814584,1.2227428514144378e-08
355,0.24855822875981337,3.77065095813478e-08
356,0.15630558538000594,9.255598509838592e-10
357,-0.4348205111829724,3.265797611673449e-06
358,-0.002614442368702452,0.0
359,0.37671126985469283,1.0413664508490683e-06
360,-0.04385322730396535,3.5638159090467525e-14
361,-0.5415132007351511,1.8703784939066992e-05
362,0.3310916193266986,3.7197248203835187e-07
363,0.9636633780168311,0.001769932566056731
364,0.8890300695217082,0.0009409336240675525
365,0.9607756330227715,0.0017288477751256082
366,0.4538016431260823,4.5889638670137956e-06
367,-0.45292077660028074,4.518541633746764e-06
368,0.12790962240582782,1.8628787401553382e-10
369,-0.5352061143839955,1.704177963901543e-05
370,-0.967297430087843,0.001822835988862903
371,-0.6083656218472331,4.710952085507092e-05
372,-0.2053146032779416,8.188405398179555e-09
373,0.5973875647012259,4.077574910388293e-05
374,-0.8527851938953819,0.0006785035596256206
375,0.6978299318318868,0.00013959034447830199
376,0.9942868004537901,0.002260492043075435
377,-0.6598695941589892,8.967975157414543e-05
378,-0.711292965187152,0.00016234896663425147
379,0.8442226511926572,0.0006267475062130545
380,-0.11787575449130472,9.693079672246085e-11
381,0.5745611893447922,2.9934940473097527e-05
382,-0.7814632171196063,0.0003411504438457502
383,-0.01991520967996241,0.0
384,0.8027936344997639,0.0004217947209377293
385,0.85536134653141,0.0006947839581160631
386,0.17186778507479228,1.9767103509593653e-09
387,-0.35560547226427697,6.575782556250687e-07
388,0.9152647271308227,0.0011820971915386114
389,0.4034532417926395,1.7988022483761412e-06
390,0.23778555657466205,2.646680885565189e-08
391,-0.10641773014238587,4.278477572228212e-11
392,-0.9302474625117165,0.001342555339023388
393,0.43329930878430667,3.1759210408210947e-06
394,0.9082063301928844,0.0011124606481741628
395,-0.7058033345672212,0.00015270661596289425
396,0.6709009752441386,0.0001022533994360364
397,-0.9298364059448776,0.0013379133088513573
398,0.1665574833218295,1.5380777762530329e-09
399,0.1113326155999772,6.139178054809236e-11
400,-0.6260603256259809,5.912837156041295e-05
401,0.8006086817591407,0.0004128363666729973
402,-0.6630236978549784,9.312919424231403e-05
403,0.571619991547687,2.8740255472947673e-05
404,-0.29908766575419143,1.6526597235166918e-07
405,0.6993256825571228,0.00014197327029175089
406,-0.017212873078230828,1.1102230246251565e-16
407,0.38808135764447593,1.3199057883328535e-06
408,-0.09698278741460498,2.036182333853276e-11
409,0.8172493934954637,0.00048543693622293826
410,-0.8508025351823991,0.0006662004658112286
411,-0.4750592332554726,6.605762082445565e-06
412,-0.1749329358887015,2.2767420171376784e-09
413,-0.6942690153361695,0.00013405696220325503
414,0.07355277115987491,2.229660900354702e-12
415,0.09885052002668404,2.3717805497369682e-11
416,0.0888821204981165,1.0135337014105517e-11
417,0.27996948825313517,9.753469965012584e-08
418,0.10801340990054986,4.8193005142138645e-11
419,-0.26443247415096605,6.182403755605748e-08
420,0.008341661948905399,0.0
421,0.6357608768328609,6.67881054908781e-05
422,0.8001886329854246,0.000411133245210471
423,-0.31236829570278246,2.3376555635667984e-07
424,-0.0010868078297130435,0.0
425,-0.2346604484397159,2.381227359737892e-08
426,-0.4331365122982349,3.1664317965418576e-06
427,-0.049729139314089954,9.747758156208874e-14
428,0.9914349961321769,0.002210314091269816
429,-0.5446330470363059,1.957693618848122e-05
430,0.6974407024892348,0.00013897599095435975
431,0.11794409071846856,9.738099215894636e-11
432,0.5385411726376454,1.7903796728391264e-05
433,0.3590510936089073,7.101399636111339e-07
434,-0.21322369566080535,1.1075950379080268e-08
435,-0.04430810695513343,3.8746783559417963e-14
436,0.7040849091667745,0.00014979258062297607
437,0.1387559968513996,3.571473117247592e-10
438,-0.9745778302623889,0.0019329588695795596
439,0.752322780878397,0.0002528006395654536
440,-0.4526744273868357,4.499016506009923e-06
441,-0.2822626609565375,1.0409869266592153e-07
442,0.9357169909444101,0.001405665245292509
443,0.29868055536082894,1.6347883124989693e-07
444,-0.7957884915640454,0.00039365628916798734
445,0.4466575902211116,4.044450359841356e-06
446,0.05635148995932182,2.6478819137309983e-13
447,0.7765571139293934,0.0003246263098517499
448,-0.8668009283999407,0.0007712463688641646
449,0.12139473315669136,1.226387880137736e-10
450,-0.5029546035838515,1.0399321077381174e-05
451,-0.8907137125715512,0.0009550123738440996
452,0.7931862606292481,0.00038362742273501116
453,0.4357970611828348,3.324658219616694e-06
454,-0.515191020487727,1.2588939527491405e-05
455,-0.8560573194266199,0.000699240047839722
456,0.6870458647589146,0.0001234163676223643
457,0.579454480904738,3.201863640778235e-05
458,0.10826352625461677,4.9092840903597335e-11
459,-0.7866841217415246,0.00035953346446304657
460,0.6827661146817889,0.00011746524614475451
461,0.6998151149492886,0.00014276065118645764
462,-0.47671860035400493,6.791567698005707e-06
463,0.9693064434947782,0.0018526667031780741
464,0.5067317938653324,1.1036644967266085e-05
465,0.9168107848430052,0.001197845242170259
466,0.22166758570971035,1.510622060774125e-08
467,-0.9892136441817003,0.0021719004600257996
468,0.42327987165434977,2.6360574386652402e-06
469,-0.5688666863512539,2.7659786362543848e-05
470,-0.8666633365042831,0.0007702850017153873
471,-0.5808969343091464,3.2656513863194014e-05
472,-0.99747418990822,0.0023177398226943424
473,0.3822183997933628,1.1690891109639168e-06
474,-0.5601410954575745,2.4466011096957452e-05
475,0.3344417018865542,4.0308124293897407e-07
476,0.6925829916770363,0.0001315043269858318
477,-0.9201220966072139,0.0012321876419045807
478,-0.010487434282169472,1.1102230246251565e-16
479,-0.014239066444532877,1.1102230246251565e-16
480,-0.5393169972237792,1.8109692881074224e-05
481,-0.4333770030924087,3.1804585115535744e-06
482,0.7886584547474711,0.00036670625243984123
483,0.8296396959104779,0.0005464681644754554
484,-0.9632377264965222,0.0017638240310718922
485,0.3294579954430361,3.5757919936152405e-07
486,-0.25175056598075973,4.1752812762752e-08
487,0.9682150035850652,0.0018364084608982756
488,0.7884928810913019,0.00036609997841985376
489,0.33723714044307274,4.307561047856012e-07
490,-0.2652315055675174,6.33317728260252e-08
491,-0.16816878484665043,1.6611345632355778e-09
492,-0.4120451256786033,2.127624818992757e-06
493,-0.40401017974129516,1.818682513254899e-06
494,-0.37155467113876295,9.330018430064868e-07
495,-0.5097229225006572,1.1565259008028406e-05
496,0.412923938251615,2.1640443375048335e-06
497,0.0055623551290886475,1.1102230246251565e-16
498,-0.7506949154380009,0.00024851614903131924
499,0.928934048280412,0.0013277718509180358
500,-0.7975113591271297,0.0004004208408575627
501,-0.7552576553688033,0.0002606876767774491
502,-0.9581649600219553,0.0016924191361651353
503,-0.7472575111369488,0.0002396760233889239
504,-0.5429097922190549,1.9090355411033322e-05
505,-0.18050378571769943,2.9251344679792624e-09
506,0.27091386417021823,7.50134135918401e-08
507,0.7821486966813251,0.00034351643487162686
508,0.27164277380647417,7.664030832188473e-08
509,0.5240083865611245,1.4406480868589533e-05
510,0.24042877716163402,2.8910440152962735e-08
511,-0.8449443949278541,0.0006309735303752229
512,0.0020475250210947316,-1.1102230246251565e-16
513,-0.7157910309971196,0.0001706404228274394
514,-0.9149481413399918,0.0011788947206282652
515,0.8995842419240299,0.0010322490824943298
516,0.46442898308052216,5.517251025155545e-06
517,-0.4609030151148781,5.192593379721444e-06
518,0.5048927064294679,1.0722203647950401e-05
519,0.42266070274841017,2.6055018089721216e-06
520,-0.35854248733425376,7.021576858834422e-07
521,-0.9014608428315252,0.0010492660117010777
522,0.404245919632511,1.8271550413784254e-06
523,0.7002327571372913,0.00014343554192364216
524,0.35623117534722093,6.668623047101363e-07
525,0.7855921335496969,0.00035561889169810623
526,0.8930705182125329,0.0009750271134935096
527,-0.8424115078234502,0.0006162508099726294
528,0.08635845209678816,8.049894084649623e-12
529,-0.5328102587377512,1.6445083419913686e-05
530,0.7530059074878206,0.00025461765808165726
531,0.9457479972672498,0.0015281153454203
532,-0.7644252450644744,0.00028671951315661914
533,-0.4509407455924346,4.363679504071349e-06
534,0.06818952983693793,1.216915457291634e-12
535,0.40891171654846015,2.0020905152629e-06
536,-0.25223374038503676,4.2397183208642275e-08
537,-0.12061815751022809,1.165033625127876e-10
538,-0.9828666683929337,0.002065312593335422
539,0.8114183056404496,0.00045882713592726443
540,-0.851302420332535,0.0006692840139784773
541,0.019222482967493626,1.1102230246251565e-16
542,0.957213795220041,0.0016793132393496668
543,-0.044203782151113424,3.808064974464287e-14
544,-0.8280130664077576,0.0005380939316980138
545,-0.9808427094147814,0.0020322907821226366
546,0.35751369936014177,6.8625079840956e-07
547,0.3598445089459057,7.227505037787907e-07
548,0.8271671996313148,0.0005337834667670238
549,-0.6646151276394736,9.491308697595624e-05
550,0.08559588587990596,7.498446308318307e-12
551,0.7757505632912565,0.0003219775101547251
552,-0.5629659076459999,2.5462762283989804e-05
553,-0.3243520110582716,3.15681076168417e-07
554,-0.43407942609415273,3.2217387685440357e-06
555,0.9671261099360213,0.0018203115288981664
556,-0.5704390562720005,2.8272400882212168e-05
557,0.42013870008895604,2.4842147634540623e-06
558,0.14282430669597002,4.4998760273529115e-10
559,0.9783448172766205,0.0019921680898001837
560,0.4950301495901843,9.165701472246823e-06
561,0.6488468144783179,7.848303949997693e-05
562,0.7818634077747508,0.00034253000831829805
563,-0.6709061382044827,0.0001022596260277231
564,0.7828800674445495,0.00034605654329589175
565,-0.7605185765476767,0.000275362402930579
566,0.6505602543018394,8.013912420057334e-05
567,-0.42403920897608716,2.673957185117537e-06
568,0.10928742786599965,5.293121496663389e-11
569,-0.017317266017707444,1.1102230246251565e-16
570,-0.21513784194755248,1.1895870621891902e-08
571,0.09248606005656912,1.3928636022342289e-11
572,0.38860904868023183,1.334278029063718e-06
573,0.9926999896177484,0.0022324514592045874
574,0.6477433969296986,7.74324105554669e-05
575,-0.4371748717443862,3.4092792861040166e-06
576,0.7347460985962058,0.0002097669491113452
577,-0.6185662619679784,5.37466104887363e-05
578,-0.10892040623683319,5.152622772897075e-11
579,-0.2523433997033939,4.2544631595475835e-08
580,0.4419942563038186,3.7202522970014584e-06
581,-0.3510577953115217,5.934270528307195e-07
582,0.21652248393325668,1.252160219955556e-08
583,0.7504995969317616,0.00024800634635002705
584,-0.6510864712603608,8.065379869959255e-05
585,-0.2901386690359409,1.2967851092948735e-07
586,0.9778046151803104,0.001983581894722808
587,0.48745239806238794,8.10752656787983e-06
588,0.15863869608220726,1.0419569651531901e-09
589,0.6576914798873701,8.736314903134978e-05
590,-0.9984082802896685,0.0023347529028352465
591,0.7896844894757626,0.00037048274201367803
592,-0.23507685909279186,2.4151953548212646e-08
593,-0.5537746887588935,2.2343447893979906e-05
594,-0.6882562618120978,0.0001251463618767712
595,-0.9614089971006794,0.001737787334712415
596,0.8868154567722104,0.0009226894175354827
597,0.7022895786886534,0.00014679995494459863
598,-0.7324585256457121,0.00020466506293503883
599,0.580798195532465,3.2612499360484826e-05
600,0.05662430195724788,2.751132655021138e-13
601,-0.15632209400633967,9.263418920824051e-10
602,0.2593750922124898,5.298826832866865e-08
603,0.8288902303425776,0.0005425957962520433
604,-0.589400481664281,3.664701137340298e-05
605,0.5890925703435399,3.649542579320375e-05
606,-0.9218523206445763,0.0012504695718601466
607,-0.8222379628605534,0.0005092563124783345
608,0.286379353292195,1.1685581724485417e-07
609,0.39124557218933753,1.408153997628503e-06
610,0.5055627704591439,1.0835851543378183e-05
611,-0.4573232568067249,4.8801704262135814e-06
612,0.2018753693972133,7.154313030888204e-09
613,-0.7938925820049236,0.0003863273353462704
614,-0.6478895739807096,7.757088638926657e-05
615,-0.5840879928783309,3.410715714913248e-05
616,-0.7546361991949893,0.00025899997750200576
617,0.44765000280536915,4.116541125198658e-06
618,-0.8005088799743949,0.00041243115786804285
619,0.7560055645190542,0.0002627314640403222
620,0.6844331095663776,0.00011975284641552175
621,-0.18661796895969784,3.817558602570159e-09
622,0.9822784054407474,0.0020556672311274893
623,0.5166680936157246,1.2878668975702112e-05
624,-0.9548707619655095,0.001647403756482979
625,-0.33048320844544765,3.665539038966159e-07
626,0.40684276847907275,1.9227931670195986e-06
627,0.22123054629669237,1.4869877995593583e-08
628,-0.671413978174527,0.00010287370310602117
629,0.3673128968999997,8.513830449530246e-07
630,-0.5605703498460537,2.4615247099957216e-05
631,-0.4572888308218799,4.8772474230407425e-06
632,-0.9969355314387207,0.00230797786071546
633,-0.17213037614289917,2.0009830459244426e-09
634,0.23474215713658864,2.3878594546111742e-08
635,-0.7733780099945298,0.00031429443656216804
636,-0.3885968644394471,1.3339446424120993e-06
637,0.6769798956543287,0.00010981742682181217
638,-0.7358742112492391,0.00021232342229349221
639,0.1622844119774911,1.249512160406141e-09
640,0.3037821885602212,1.8714218597004617e-07
641,-0.6431928266899585,7.322789105868033e-05
642,-0.33523629274993016,4.1078491552770657e-07
643,0.5217046586942633,1.3910811395234646e-05
644,0.9053628425644695,0.001085430199733728
645,0.6337188272042145,6.510753046551354e-05
646,-0.08102270029945213,4.8332449154031565e-12
647,0.6765815455241881,0.0001093072550949481
648,-0.7554596553374981,0.00026123830769086975
649,0.2639879136401597,6.099883764765224e-08
650,0.8645141996218282,0.0007554032674883526
651,0.5015092022897212,1.016407688314569e-05
652,0.13013531580191295,2.1384294335291543e-10
653,-0.6771971326632704,0.00011009651759441574
654,-0.08663985539075014,8.261946682353027e-12
655,-0.5090175116676139,1.1438643162997586e-05
656,0.4528308001598762,4.511401728857223e-06
657,0.24800358648505627,3.7039641243019616e-08
658,-0.8193159326863884,0.0004951840605380564
659,-0.6422264476575732,7.236106806041143e-05
660,0.8233459995678329,0.0005146826727551179
661,-0.8438407585805934,0.0006245213743446554
662,-0.8119042554472218,0.0004609952284706509
663,-0.7449910234882267,0.00023399800764323242
664,-0.6941402098157943,0.0001338604405966004
665,0.6717886399363608,0.00010332879815044826
666,-0.35997208753701293,7.247963911272137e-07
667,0.9892619542689722,0.0021727296874006763
668,0.9348851893775254,0.0013959047957122772
669,-0.7718677046494582,0.0003094870806801264
670,-0.34597986940876657,5.283205406492186e-07
671,-0.7049385065557696,0.00015123396722138693
672,0.3018223236707158,1.777196071417464e-07
673,-0.5405836450133752,1.8450289123062014e-05
674,-0.5461140866191052,2.0003733267159873e-05
675,-0.31971979694706776,2.814496385949994e-07
676,-0.733399866865978,0.00020675127197677945
677,0.5788553455419063,3.1756899045332077e-05
678,0.8033114655629994,0.00042394243878773885
679,0.9030967780430856,0.0010642986790093678
680,0.5711018328889499,2.8534150393944024e-05
681,0.8284523070665484,0.0005403441709527224
682,0.6813566702145264,0.00011556086284025824
683,-0.8928818983006419,0.0009734120010816971
684,0.3016876148461307,1.770874723527882e-07
685,-0.7594702511115576,0.0002723822281214261
686,-0.7465004497925551,0.00023776624401716795
687,-0.571582796385139,2.8725417434150025e-05
688,-0.634201630380584,6.550150703577007e-05
689,0.42084608840978266,2.517725999795495e-06
690,0.6307373293748331,6.272000189000426e-05
691,0.12699627378665634,1.7591239576120188e-10
692,-0.1862328783019087,3.755044719611078e-09
693,0.7383193087940829,0.00021795761462584107
694,0.572691785705751,2.9170700869940447e-05
695,-0.7979807106286809,0.0004022810924751985
696,0.7629958261053522,0.0002825176621005232
697,0.349615928789077,5.742639854755538e-07
698,-0.2957436082797529,1.5107904649536152e-07
699,-0.24224601515900468,3.070282306172345e-08
