,data,labels
0,0.10743666956714026,4.6173065371135635e-11
1,0.4132394569350981,2.1772521724416904e-06
2,-0.6006758507745455,4.258992138306272e-05
3,0.24027938322880904,2.876724669587105e-08
4,0.6254677753841997,5.868638408079718e-05
5,0.2970169974000898,1.563504495871726e-07
6,0.9777595760481568,0.0019828674748040287
7,0.7090270423454379,0.00015830658810500609
8,-0.43036920094021913,3.0088722294818737e-06
9,0.47024053322940995,6.0911068452407235e-06
10,-0.26497548650142777,6.284521480992566e-08
11,-0.7435430755927048,0.00023043218476903604
12,0.11270364229442498,6.770506377762331e-11
13,-0.5019857926546369,1.0241125098509052e-05
14,-0.7180989934924795,0.00017503606365487645
15,0.0061992996886932605,0.0
16,-0.6642839770533049,9.453945567761135e-05
17,0.9875207266534489,0.0021430146958554275
18,-0.2760307406856113,8.710192422878293e-08
19,-0.8391507694805378,0.0005977373521048879
20,0.3284968799983097,3.4934062520530773e-07
21,-0.08341169303434959,6.097899962753672e-12
22,-0.4760724489881456,6.718680413575484e-06
23,-0.7617671865386668,0.00027894891832180857
24,-0.8296851847897135,0.0005467039691472442
25,-0.8870839967108999,0.0009248851873595587
26,0.31219582752479713,2.3273748672725247e-07
27,0.5697661335953943,2.8008788955480313e-05
28,0.8583721224012508,0.0007142400495681045
29,-0.04488415104885246,4.285460875053104e-14
30,0.8599447461876824,0.0007245894062493097
31,-0.6149467635824502,5.130391094632092e-05
32,0.8875206156128939,0.0009284649710771253
33,-0.49318148043633636,8.897021662956917e-06
34,0.8797429999703588,0.0008664657038851553
35,-0.30094982073906973,1.7366003823848786e-07
36,0.36160980792888675,7.51512381547137e-07
37,-0.6869499628169764,0.00012328019176988114
38,-0.30414601218051085,1.8893860775914817e-07
39,-0.8510004729294331,0.000667419968568117
40,0.4236214957542703,2.653049988587952e-06
41,-0.9851644714632979,0.0021033649470243443
42,-0.7624372516112361,0.0002808903172190069
43,-0.11034401307572694,5.716505047104192e-11
44,0.7832950627960324,0.00034750510475578533
45,0.29246914885882225,1.3823084243913542e-07
46,-0.9517984843851364,0.0016063602060835125
47,-0.2632836505007914,5.971128136383896e-08
48,-0.7836128601104178,0.0003486179535076017
49,-0.4864517416923968,7.976097484263533e-06
50,-0.2927590635169335,1.3932849063369446e-07
51,-0.8714837536248539,0.0008045930343066887
52,-0.11963091807148873,1.0909240177880974e-10
53,0.8315163763251388,0.0005562701906074441
54,-0.6348697450920218,6.605012689242518e-05
55,-0.5620835566789149,2.514768495642805e-05
56,0.782636156828215,0.000345207613529519
57,-0.6125614577416219,4.974754697417705e-05
58,0.5788698053307131,3.1763193888978414e-05
59,-0.9359033211979124,0.001407859760982011
60,0.7820308499424822,0.0003431086641706438
61,0.3868894485712908,1.2879395726583809e-06
62,0.6034787681634406,4.419145789891221e-05
63,-0.18141896801320478,3.045807828172542e-09
64,-0.5360299705730025,1.725128269558507e-05
65,-0.7141195470360697,0.00016751727742858602
66,0.6411068524437149,7.136800314877512e-05
67,-0.5204512202489695,1.364742474685432e-05
68,0.1414637459730188,4.168323464170953e-10
69,0.6292242943794788,6.153784471463197e-05
70,-0.9270770924258513,0.0013071114099030279
71,0.28308548068456685,1.065463287597268e-07
72,-0.7699270225294774,0.00030340378285853564
73,0.7199162843121847,0.00017856621955569807
74,-0.46995168547648336,6.061401364720886e-06
75,-0.780499754558359,0.0003378489298889731
76,-0.5116226494262994,1.1912346844278332e-05
77,-0.7673510428836521,0.0002954898507473436
78,-0.9214826338990345,0.001246543737428163
79,-0.6075938300301793,4.663779187530359e-05
80,-0.749535733081576,0.00024550385567578825
81,0.5760061261086171,3.053755716497797e-05
82,-0.4112709793951792,2.0959875223214297e-06
83,-0.27692019332077833,8.936838313822193e-08
84,-0.8782493105155089,0.0008549795302836838
85,0.3992264783954369,1.654010347906798e-06
86,0.9249650710967459,0.001283952585285797
87,0.1315005063851773,2.324542780485217e-10
88,0.5300382601824403,1.5777521699344987e-05
89,-0.21308119857728958,1.1016939138741577e-08
90,0.23851831767599663,2.712542856997402e-08
91,0.8408990770348694,0.0006076026839100246
92,-0.09729284383240833,2.088840211911247e-11
93,-0.7035391499421326,0.00014887729066925814
94,0.24190705807071433,3.03613162389027e-08
95,0.009940833589691556,-1.1102230246251565e-16
96,0.2693746035925262,7.167673476971004e-08
97,-0.04091548657998323,2.0539125955565396e-14
98,-0.9310009428358239,0.0013511006163431372
99,0.9781028822156181,0.0019883187000824254
100,-0.7182200811257595,0.00017526937737466497
101,-0.36582457127090295,8.242624632837092e-07
102,0.9893905568309551,0.002174938446916297
103,-0.6592049623007967,8.89672555334231e-05
104,0.9199687013412521,0.0012305780819730217
105,0.7993361396474274,0.0004076955088595513
106,0.8449634746686798,0.0006310855829112505
107,-0.024489166917037508,4.440892098500626e-16
108,-0.12418455879865631,1.470753518972856e-10
109,-0.11393755768535363,7.386535827436091e-11
110,-0.4650537690643852,5.576590001554749e-06
111,-0.8638506298130477,0.0007508591068091652
112,-0.6874656496503657,0.0001240139832886511
113,0.018815310455553735,0.0
114,-0.18525589947250176,3.6004464964989324e-09
115,0.9217238081584478,0.001249103637839366
116,-0.5418909475527118,1.8807663831443833e-05
117,-0.3564190944277077,6.696728791499851e-07
118,-0.1533876393786442,7.961056258665167e-10
119,-0.20774239303486808,8.994939237894073e-09
120,-0.48806857832556383,8.189394368973701e-06
121,0.6348739077795613,6.605355757893783e-05
122,0.23998408693731,2.848602997929106e-08
123,-0.12217191768885405,1.290599849212981e-10
124,0.679139578037744,0.00011261961577313517
125,0.7323030886047828,0.00020432234996914378
126,-0.3979780040443308,1.6132394979884168e-06
127,0.5988782127474572,4.158962540568023e-05
128,0.09276889972350943,1.4273027204581012e-11
129,-0.3167132207003276,2.6100964267694593e-07
130,-0.5876369198495413,3.578618148059043e-05
131,-0.04124925927061662,2.1760371282653068e-14
132,-0.24038494740437644,2.8868365031797794e-08
133,0.5156440445964365,1.267718978825716e-05
134,-0.7092755515201734,0.000158745604423971
135,-0.62164897118303,5.590635141350386e-05
136,0.7367961846876201,0.00021443284175748367
137,-0.9440900240794894,0.0015072602489837328
138,-0.18839653913995114,4.118248075890563e-09
139,0.7732913179065497,0.0003140167463471233
140,0.5986719687907156,4.1476181360522446e-05
141,0.7658529390845419,0.0002909704437215055
142,-0.596800589980018,4.045909872618658e-05
143,0.43433921417470933,3.237124180044404e-06
144,-0.9573245548867921,0.0016808348325252354
145,0.41345812070597265,2.186446846796919e-06
146,-0.3056307774976501,1.9642705761935275e-07
147,-0.6833928512525527,0.00011832080616525076
148,0.13345902736248716,2.616250549536403e-10
149,-0.9104105378753653,0.0011338140601391267
150,0.1438361033062039,4.76117367753659e-10
151,0.8824002953636105,0.0008872311805280253
152,-0.22499344459348447,1.7015037490075713e-08
153,-0.7279573119811675,0.00019494059085656268
154,-0.1637214914736227,1.340760502621663e-09
155,-0.5151583233191948,1.25825908277033e-05
156,0.9399892175761939,0.0014567344449275543
157,-0.2780690672328203,9.237209264156832e-08
158,0.8177589896142958,0.000487824895400224
159,-0.40062419530346416,1.7007202295360457e-06
160,-0.20559137261753158,8.277034724279986e-09
161,0.9546127158538382,0.0016439218094901342
162,-0.37925687979352984,1.0988024926605888e-06
163,-0.7325565145411987,0.0002048813692054896
164,-0.7805383390081417,0.000337980611864408
165,-0.1495509699100992,6.501478244658188e-10
166,-0.7405210953061487,0.00022314200870976464
167,0.7609922317501592,0.0002767181828224885
168,-0.5369094783465833,1.747741390301094e-05
169,0.5901134081838497,3.700009557117134e-05
170,0.15605183043221849,9.136144063504048e-10
171,-0.6122568327590632,4.955177996468496e-05
172,0.27957326295004337,9.643799736558378e-08
173,-0.7095613418746936,0.00015925179149578472
174,-0.8653015140177829,0.0007608257973419352
175,-0.2058123225422661,8.348390312384879e-09
176,-0.2409623835167194,2.942700161323586e-08
177,-0.47441018192888773,6.534301910665619e-06
178,-0.4837866265098514,7.635083271395615e-06
179,-0.8684375421214896,0.0007827616909671375
180,-0.4385825199223319,3.4976692446786473e-06
181,-0.5758365127258229,3.0466275670937293e-05
182,-0.6844553745347863,0.00011978366104248295
183,-0.8257227207081352,0.0005264918653260509
184,0.6569656232144616,8.660281010886006e-05
185,0.5845417689929759,3.4317937301353574e-05
186,0.8980560723277684,0.0010185691538405761
187,-0.3342542413760099,4.0128230427427525e-07
188,0.5439790882626898,1.9391024734471962e-05
189,-0.13489569601763818,2.8501245807888154e-10
190,-0.7010621476297438,0.00014478403839979226
191,-0.05051678038008456,1.1035616864774056e-13
192,0.43075632106008244,3.030492745303981e-06
193,-0.665749542446368,9.620279451871827e-05
194,0.7455401461936186,0.00023536281811131765
195,0.10599947944066357,4.145828125245998e-11
196,-0.493086390150272,8.883389422953414e-06
197,0.8188874672948563,0.0004931492858609721
198,0.4476036720568397,4.113150773532581e-06
199,0.24678455038098956,3.561007677621575e-08
200,0.5558777533426875,2.3026102274448235e-05
201,-0.7423400637376665,0.0002275056098716144
202,0.0609076030176352,4.929390229335695e-13
203,-0.8419531139862024,0.0006136184790728194
204,0.7583633895242656,0.0002692661334323665
205,0.005118637885507038,-1.1102230246251565e-16
206,0.16348380194980505,1.3252776653871479e-09
207,-0.10684259631815363,4.417011201240939e-11
208,0.6697800625765062,0.0001009093578865361
209,-0.09037805806637311,1.1582956815914258e-11
210,0.6454752995131086,7.531123034376641e-05
211,-0.1263019341525351,1.68366764974337e-10
212,0.6128592618250357,4.993958182120117e-05
213,-0.8191178827992989,0.0004942426201319794
214,0.5250193781934902,1.4628825061202555e-05
215,-0.7156286905325298,0.00017033488621664983
216,0.28050671001352145,9.903906939001672e-08
217,-0.7825437361925047,0.0003448864173200006
218,0.02732737531824969,6.661338147750939e-16
219,-0.228841629502472,1.9484024060822946e-08
220,-0.1352176122866564,2.904967377759249e-10
221,-0.5900232726172812,3.695529186298341e-05
222,0.05986792615235603,4.2954528822747307e-13
223,-0.5659387335280006,2.654980916139138e-05
224,0.28807626542541764,1.2249953151854953e-07
225,0.4209703851084672,2.523654929809105e-06
226,-0.20590973237230026,8.380019123066518e-09
227,0.5206401307074107,1.3686840073745543e-05
228,0.19215532085647036,4.822658272729541e-09
229,0.1805177168547012,2.9269395795950004e-09
230,-0.8869012148561253,0.0009233901431172642
231,0.08622313787432878,7.949418900921046e-12
232,-0.1701492326359455,1.8241167465404828e-09
233,0.6635400506044971,9.370476500236702e-05
234,0.6638786015788785,9.408382223297096e-05
235,0.7952002746157576,0.00039136961584684826
236,-0.22577735521855158,1.7494508508519857e-08
237,-0.6851367703363882,0.00012073005522184044
238,0.8155146726598057,0.00047738403849373334
239,-0.22305159185139956,1.5876481684884425e-08
240,-0.8239935372307639,0.0005178770455644965
241,0.22689346944145328,1.819754480436586e-08
242,0.18621559185633663,3.7522596141315034e-09
243,-0.7518755476421144,0.00025161718257549204
244,0.6939963740196182,0.00013364128342197024
245,-0.10906159517466918,5.206279851677209e-11
246,0.0722966910378553,1.9427792707915614e-12
247,-0.8462622496093504,0.0006387538513681346
248,-0.13627102322105866,3.090943057060258e-10
249,0.8632363028617831,0.0007466733432281991
250,0.37621874099506725,1.0305617960115754e-06
251,0.03110406052955761,2.3314683517128287e-15
252,-0.9086049614395098,0.001116296360891278
253,-0.035929300877857395,7.216449660063518e-15
254,-0.5291910314275108,1.5578264889959392e-05
255,-0.481784453303594,7.3873355891374e-06
256,-0.19371299286289978,5.144120573952193e-09
257,-0.9736423748804603,0.0019184941030973013
258,0.5553360044402953,2.2848534212194238e-05
259,-0.9310156690901534,0.001351268096816849
260,0.638194295124237,6.884002490892271e-05
261,0.3847403660504398,1.232008607465751e-06
262,-0.8626915321320257,0.0007429784726205035
263,-0.6830491847069824,0.00011785099646988151
264,-0.8941352021891642,0.0009841874680917018
265,0.8867098581398196,0.0009218272098411306
266,-0.9267905737409925,0.001303948575438918
267,0.8223655137871244,0.0005098784215571417
268,-0.5294401189918414,1.5636617789471785e-05
269,0.18176236114872557,3.092197276011177e-09
270,-0.8129131795070994,0.0004655250513878606
271,0.34097211343599,4.7031624128557326e-07
272,-0.0665990738785931,1.0075273948473296e-12
273,0.7688441861225612,0.00030005491684292895
274,0.5087267968193694,1.1386815104930115e-05
275,-0.11434022545700007,7.597900086864229e-11
276,-0.9854039915429162,0.002107366215027051
277,-0.906316642554009,0.0010944328664185266
278,-0.9680573780642459,0.0018340706995287892
279,0.564396020626968,2.5980753354803987e-05
280,0.358532074254849,7.01995081286988e-07
281,-0.022529274161555923,2.220446049250313e-16
282,-0.3633831859995107,7.814079149293107e-07
283,-0.48394354673738316,7.654803353518425e-06
284,-0.18223217981255058,3.156666483761228e-09
285,-0.6905658657385068,0.00012850609020409465
286,0.5447838331235642,1.9620022495669964e-05
287,0.885248463803533,0.0009099666053865585
288,-0.8596192333590793,0.0007224366003646399
289,-0.7493891768238699,0.0002451252805886206
290,-0.5785704703507557,3.163310468778935e-05
291,0.4673677995704557,5.801246319991904e-06
292,-0.505349287654165,1.0799529698957144e-05
293,0.6489778172834364,7.860859587749403e-05
294,0.9881170425681589,0.0021531512511999695
295,-0.9911487168758966,0.0022053306845457588
296,0.3984716574309437,1.6292543303375595e-06
297,-0.3061462392441896,1.9908678883240327e-07
298,-0.5652690773479938,2.630147401117e-05
299,0.6227761706439692,5.671473634205615e-05
