,data,labels
0,-0.13308353309450638,2.557964950966607e-10
1,0.47638225015207425,6.753540998105656e-06
2,-0.39798916132759254,1.6135999318933614e-06
3,0.24657126996197887,3.536498627276785e-08
4,-0.10625052213585873,4.2250092313622645e-11
5,0.9774612777805607,0.0019781414334734126
6,0.3520567654536211,6.070293282478545e-07
7,-0.8791016123407585,0.0008615172551130756
8,0.7400046343495339,0.00022191640008550895
9,-0.09037202472045092,1.1576739566976357e-11
10,0.8148666839541034,0.0004744058786386729
11,0.5613251076783361,2.487957455621359e-05
12,-0.34796647358854704,5.530070579240487e-07
13,0.8599358256530261,0.0007245303353990984
14,0.14356378922373758,4.689575394678513e-10
15,-0.8202471901163817,0.0004996317633482183
16,-0.2426403127586696,3.1104309461404966e-08
17,0.45644521189675813,4.806094406006878e-06
18,-0.4456200673045829,3.97026373299969e-06
19,0.5099831172634177,1.1612269758987104e-05
20,-0.9723892489193564,0.0018992643230949513
21,0.8973441344166768,0.0010122499125010398
22,0.9579534818824174,0.0016894975838255277
23,0.41471552603282147,2.2399811261397673e-06
24,0.3875105414474036,1.3045114352072673e-06
25,0.7980277152584285,0.0004024678062040099
26,-0.7932367069446675,0.00038381970826251166
27,-0.7709690787419654,0.0003066571728840284
28,-0.6984125712511469,0.00014051439182838354
29,-0.37460880957418974,9.959247606605715e-07
30,-0.3455416335722439,5.230063552241759e-07
31,0.11001199876667278,5.580391704285148e-11
32,0.2779088388843485,9.194795391742616e-08
33,0.27363353031820803,8.124180983504203e-08
34,-0.16746499667883974,1.6063652630293745e-09
35,-0.33857909470750513,4.446213196507287e-07
36,-0.051670582769531403,1.3233858453531866e-13
37,0.2507133677391038,4.039843637393403e-08
38,0.6596015813482059,8.939184178480275e-05
39,0.46851862632731023,5.91588603005011e-06
40,0.6813367658883442,0.00011553416262533034
41,-0.1881717006496919,4.079127591261056e-09
42,0.07627525174723204,2.981948021840708e-12
43,0.1439328752003639,4.786848695204071e-10
44,-0.8324730153425712,0.0005613252969390858
45,-0.17031836681099977,1.8386626665645167e-09
46,0.38008141761659187,1.1179903642855038e-06
47,-0.869017280097784,0.0007868764193259548
48,-0.7102250006662796,0.00016043267560084118
49,0.3265335731533081,3.330253396383043e-07
50,0.20630155482246426,8.50830472742814e-09
51,-0.08361503758146815,6.217804049413189e-12
52,0.8218307818667263,0.0005072747642259623
53,-0.6767046566580321,0.00010946470414863185
54,0.9858769920468367,0.0021152872332792505
55,-0.15491713265232976,8.618326052811653e-10
56,-0.5521576535508468,2.1830629180596972e-05
57,0.9820724313722651,0.002052299248381906
58,0.5029300504222982,1.039528563695491e-05
59,0.911724143159522,0.0011467080815794617
60,0.7107039537478059,0.00016128963107997496
61,-0.8007517440295719,0.0004134178224948215
62,0.7912592263000977,0.0003763445916038499
63,-0.39643645145119977,1.5641109619712878e-06
64,-0.6677524659358884,9.851719899456324e-05
65,0.2098830988654834,9.762885944120114e-09
66,0.29807512854389984,1.6085236109741885e-07
67,0.5584883092482154,2.3898740406869123e-05
68,0.0017936600891068633,-1.1102230246251565e-16
69,-0.9778368149919563,0.00198409279145495
70,-0.22438593898957526,1.665140636486484e-08
71,-0.1703499846801999,1.8413930380489774e-09
72,0.1052218670852818,3.90872889610705e-11
73,0.42936471799049913,2.9533992352837046e-06
74,0.6559005737378252,8.54976000712604e-05
75,0.07225682939763178,1.9341195311994852e-12
76,0.06688707851653963,1.0428324870304095e-12
77,0.918431128774178,0.0012145449985254686
78,-0.2778966947962862,9.191587690970948e-08
79,-0.32227785635784834,2.9992824235325344e-07
80,0.6570665684686323,8.670820451317507e-05
81,-0.5445250044891696,1.954611439447529e-05
82,-0.5088436880065468,1.140762954510155e-05
83,-0.6238926513666487,5.752545688209043e-05
84,-0.5239884516046736,1.4402126447210506e-05
85,0.6929945857849662,0.00013212354208702592
86,0.9784905254152707,0.0019944895432131293
87,0.46161361147144087,5.256645652318426e-06
88,-0.16320157448138684,1.3070969862027937e-09
89,0.3815587973194303,1.1531036149259322e-06
90,0.2844713975491151,1.107828673241329e-07
91,0.29339452518986686,1.417611077414449e-07
92,0.6157476866912064,5.1835927999066556e-05
93,0.8047121506547519,0.00042979951673316474
94,-0.48777033508832024,8.149679109226149e-06
95,0.20989653140857523,9.767880171374088e-09
96,0.9528490446165065,0.001620294067573469
97,-0.6450114458607228,7.488371464015042e-05
98,-0.08889707251249823,1.0149103779610869e-11
99,-0.25381665894484295,4.4569514967562895e-08
