,data,labels
0,-0.6019767271216732,0.015466497936035939
1,-0.9275920715601214,0.08058373481060022
2,-0.6143164061328665,0.01673355982160052
3,0.6564357269712695,0.021629340256910767
4,-0.8360493520502421,0.054537353902042174
5,-0.6822022608949789,0.025091247437667663
6,-0.9266080933503567,0.0802650570339386
7,-0.06964285152453109,2.938090710169483e-06
8,0.33911133944707395,0.0016217926163071272
9,0.7463663637388473,0.03542589468061719
10,-0.07372629196898184,3.6898289157427655e-06
11,0.364177225318953,0.0021508707515514036
12,0.6917290125139384,0.026466885814232954
13,0.4848933765223167,0.006647252903330569
14,-0.43774978840596157,0.0044468634342228475
15,0.47632533998227156,0.006198072858474735
16,-0.7024686014353523,0.02808186351095332
17,0.5330322932017786,0.009629427600689078
18,0.4556492503299785,0.005206361089746703
19,0.12599667883750776,3.1419413998201584e-05
20,0.38200556729236146,0.0025983051748946773
21,0.5706998594493258,0.012568511134690596
22,0.5073400398023513,0.007937329937368287
23,0.9158808964244654,0.07684764349353879
24,0.9385671639855004,0.08419815214565063
25,0.6135526762850676,0.01665302280960268
26,-0.45136912751748737,0.005016666909649081
27,0.2857751886946833,0.0008224639750119556
28,-0.8460604153949736,0.05704572762347171
29,-0.4308949580448713,0.004178880234740889
30,0.4969599526613251,0.00731985188555917
31,0.9615375240932815,0.09212492384752757
32,-0.7805826279319283,0.042032625904994125
33,-0.3862775761279478,0.002715030540158203
34,-0.9551855791338195,0.08988333060814246
35,0.7791835096767297,0.04174650539703273
36,-0.8710956506863174,0.06367305410292834
37,0.036938203823771776,2.3265605042510629e-07
38,0.829077994875973,0.052837322603790815
39,-0.20312059763445078,0.00021132197105722117
40,-0.4718022178279302,0.005970167102914203
41,0.5143219904071892,0.008373616450234378
42,0.11872268544704512,2.4775659437592523e-05
43,-0.9619001982867212,0.09225406779592993
44,0.6645521839833839,0.022679972488114597
45,0.4917574444880528,0.007024012834823012
46,-0.3981278644890438,0.0030591641617642162
47,0.026130476940515512,5.8270660185932854e-08
48,-0.6208242254837584,0.017431346872241793
49,-0.6786570586960248,0.024592748406268017
50,-0.37690240245003426,0.0024637917095094997
51,-0.026444175088687905,6.111945793918494e-08
52,-0.9200490467066584,0.07816320135545929
53,0.4239850884852405,0.003921007802847765
54,0.46413859155987924,0.005598182685158437
55,-0.293770519022452,0.0009177377392456387
56,0.5164240843392007,0.008508348116324727
57,0.9529628595017254,0.08910795266012184
58,0.036328854618193906,2.176813946874745e-07
59,-0.6452612405115448,0.020241046979403543
60,-0.07229562387762911,3.411770554406779e-06
61,0.9318118968171227,0.08196039387924325
62,0.41847340941374944,0.003723899932427055
63,0.5790637000846841,0.013300900114314285
64,-0.18464154275777966,0.00014446528516742774
65,0.18311395128055907,0.00013975652809783412
66,-0.6320710312953315,0.018686709686679293
67,-0.19559815039738004,0.00018180429804615095
68,-0.7556947233126541,0.03714759501496978
69,-0.7499519468927736,0.036080767223080845
70,-0.48484891420961285,0.0066448619812146115
71,0.7720932816516952,0.04031783856646398
72,-0.2813050394851839,0.0007725224552090904
73,-0.7258580753893695,0.03184256100948535
74,0.7248188696505471,0.03166821058114899
75,-0.3083836659638195,0.0011128050720737859
76,-0.21004807498829825,0.00024154451218594275
77,-0.16680578261522028,9.632583325347444e-05
78,-0.7775557079274733,0.0414153678561574
79,-0.25773356939085335,0.0005455055049526925
80,0.18957526480244624,0.00016048677676094858
81,0.7225657678549846,0.03129255459660174
82,0.7984146680826332,0.04580264856164118
83,0.270564068375849,0.0006617712306163925
84,0.9380279654098973,0.0840179944041951
85,-0.7336435097234506,0.03317071447413367
86,0.9941419899057724,0.10424282978464705
87,-0.9365234105079827,0.08351670843449543
88,0.38968755741499606,0.0028109540743535
89,0.5084846487852497,0.00800768343366176
90,0.5585747326832975,0.01155960434133052
91,-0.6531347715310152,0.021212288974736593
92,0.49399154961463054,0.007149956473660568
93,0.5428987362070026,0.010344551805347435
94,-0.1787083895121384,0.00012681808665016003
95,-0.4522370574049923,0.005054714607212851
96,-0.5974759293215355,0.01502221669139947
97,-0.9763340307347799,0.0974961700092184
98,0.8447064067731584,0.0567018006079667
99,-0.10133677736142177,1.3159378599469918e-05
100,-0.18470925731185295,0.0001446767224386747
101,0.5922432448384642,0.014517449172253616
102,-0.12272432159946778,2.8284147077117794e-05
103,0.0961053547963,1.0647118173334746e-05
104,0.957516471374156,0.09070145626497816
105,-0.40186005763101296,0.003173939229477951
106,0.6859243252985303,0.0256224119887849
107,0.6258667894934586,0.017986367343145737
108,-0.4512796980955691,0.005012758601220746
109,-0.11853468116102484,2.4619279829662943e-05
110,0.03258434719342618,1.4088646216325884e-07
111,0.8641994666611945,0.0617961660786287
112,-0.9978513594414993,0.10568754185111373
113,-0.006861116924311794,2.7700386429074797e-10
114,0.015890448935121926,7.96959775950512e-09
115,0.3510744358418807,0.0018605063700540825
116,0.1556044613928207,7.298731401428338e-05
117,0.9063661263424945,0.07390262410200432
118,0.584244124871188,0.013769844427527156
119,-0.37652278259540384,0.0024539960743685807
120,0.9264507688415222,0.08021418641013689
121,-0.2639638294304034,0.0005998724692167778
122,0.7700781053759436,0.039918230142906075
123,-0.10394138723409085,1.456405780475567e-05
124,0.9054329606706486,0.07361810591278317
125,-0.46230241496018865,0.005511653911125847
126,0.4702860328265106,0.005895170763752233
127,0.8618682637993127,0.06117060130640384
128,-0.14682026745221521,5.787555491054697e-05
129,0.04045642012432871,3.3476600813653334e-07
130,-0.6827755857930189,0.02517254286628512
131,0.9308347841809568,0.0816401790045187
132,-0.0792740836002146,4.931512914807534e-06
133,0.9381078015587874,0.08404465244062742
134,0.2657649893375198,0.0006163163147977491
135,0.010805007293664293,1.70373404273505e-09
136,0.931036536217456,0.08170622477529821
137,0.4714698340757981,0.005953666363900489
138,0.5852562637067222,0.013862853518066154
139,0.5786078004210835,0.013260196270900249
140,0.4711986415279683,0.005940228268481396
141,0.5949555462528844,0.014777521796098259
142,-0.4400008283367358,0.004537569113652551
143,-0.2792445865106663,0.0007502796501821507
144,-0.32673230437127265,0.0013995405720033105
145,-0.229620613528434,0.000344465293631524
146,-0.6602601905951715,0.02211991041964012
147,-0.6449523978817298,0.020203618595160067
148,0.1571402507494155,7.59056799661817e-05
149,-0.04419213850386394,4.7659418345169513e-07
150,-0.562987311955228,0.011919645023568792
151,0.272223964934865,0.0006780598137000604
152,-0.4057268438806889,0.0032961823544399582
153,0.9228619017539288,0.07905982431573377
154,-0.9243094292035794,0.07952401969922351
155,0.7606293608391257,0.03808213763431911
156,-0.08572074185249545,6.740963725881954e-06
157,-0.5350022077389511,0.009769222045700632
158,-0.4725208706933457,0.006005958694894953
159,-0.42336026158394313,0.0038982841448794714
160,0.5182395642834319,0.008625983065911558
161,-0.7324997399956867,0.032973150893109815
162,-0.6266698288473946,0.018075924458152648
163,-0.33586702811857827,0.001561178504037919
164,-0.5465464371912874,0.010618520807772147
165,-0.6945765772423775,0.02688839820506228
166,-0.48607742730382353,0.006711157239820409
167,0.7358153903992148,0.03354819582663915
168,0.8623419491541982,0.06129734957699062
169,0.26815248194158836,0.0006386282911514662
170,0.11073280890009518,1.875548059937504e-05
171,-0.021430474286323165,2.6363550675867486e-08
172,-0.40648158539701673,0.003320442761417519
173,0.05028613717729047,7.989509219763491e-07
174,0.2724092759077974,0.0006798966357723923
175,0.9847273984720297,0.10063726249015648
176,0.7095499956122322,0.029184755594033107
177,-0.5619177690447075,0.011831635176081767
178,-0.8946350083996701,0.07038134483322167
179,-0.5081673983240524,0.007988137949791585
180,-0.9150951310305011,0.07660138198265642
181,0.6901918795981188,0.026241339283168963
182,0.540436759173123,0.010162586639474669
183,0.9198916161672646,0.07811322951782063
184,0.14859898156475304,6.072625389896835e-05
185,0.21193526966377618,0.0002503098095294476
186,0.415801043410712,0.003631013649506576
187,-0.22812005743692354,0.0003355871854536785
188,-0.983728903593549,0.10025998199765851
189,0.7105956064554839,0.029350201171738588
190,0.8479075263761311,0.05751727553469477
191,0.15895167246391284,7.94590845033527e-05
192,-0.27284238308147923,0.0006842041023561451
193,-0.7791320108334454,0.04173600039616976
194,0.1877684064620342,0.00015447274224544838
195,-0.2735415799113532,0.0006912008451716023
196,0.3551830334163357,0.001948207999206697
197,0.2863655236421738,0.0008292346590605959
198,0.2588474898187618,0.0005549445556155552
199,0.9374063459915063,0.08381063097329777
200,0.4959821267346587,0.007263562451548133
201,0.07532743932327457,4.020797612191984e-06
202,-0.6592376196324401,0.02198796395461511
203,-0.597744878170039,0.015048500919817132
204,-0.8713818184879201,0.06375179351157478
205,0.8654159768415919,0.06212439031481065
206,0.6171096938770251,0.017030529402583983
207,-0.9823233558201261,0.09973055249562512
208,0.027001684906013512,6.643863503796865e-08
209,0.668917974363981,0.02326010219320407
210,-0.6172533730671081,0.017045907469178556
211,-0.4243927275384496,0.0039358854390781906
212,0.24988598418657793,0.00048235809543584196
213,-0.3792226853448897,0.0025242950712418555
214,0.9760335334127108,0.09738498604800694
215,-0.24449025282893566,0.0004422219341514433
216,0.6847840005623789,0.025458827007498575
217,0.23200043370032342,0.000358903754295925
218,-0.7488745077112693,0.03588308126004791
219,-0.5087582544930012,0.008024568173718438
220,0.92087710389684,0.07842641162676256
221,-0.8175860443403165,0.05011725355241159
222,0.40513078284438486,0.003277115437137379
223,0.021271120118343978,2.558813905206847e-08
224,-0.7933574238580896,0.044710004004479664
225,-0.47484870906999377,0.006122978593761097
226,-0.12643746955142499,3.1860811192219174e-05
227,0.6949792533750931,0.026948392133389287
228,0.956951883947897,0.09050281853070696
229,-0.3506574748883218,0.0018517728037676928
230,0.2657624505218077,0.0006162929025970154
231,0.41576409079102383,0.0036297413786524624
232,0.359533121265295,0.0020443697054949306
233,-0.250785939123638,0.0004893079467195305
234,0.9395655940645833,0.08453245783409868
235,-0.7728829076593808,0.04047519578546488
236,0.036229709033490654,2.1531505367544668e-07
237,-0.8808225404245575,0.06638796046376783
238,-0.06246044848167709,1.9012886947056273e-06
239,0.613231979320483,0.016619288697109935
240,-0.4380982933129667,0.004460818109071507
241,0.14381777970920062,5.329230393136264e-05
242,-0.08352741937096964,6.077450290908892e-06
243,-0.14234536941908416,5.114674483197579e-05
244,-0.23707392979209319,0.0003911889136770652
245,0.4964957569538413,0.007293090239019806
246,-0.6057732858575986,0.015848629711458506
247,0.29684024529116404,0.0009564154799418523
248,0.8878849977891985,0.06840938821812703
249,-0.8640388252482487,0.061752915122141205
250,-0.2884113236859198,0.0008530200215549621
251,0.7800537860175127,0.041924313800282054
252,0.6407346980050554,0.019697479773767346
253,0.7597088923813387,0.03790655593963321
254,-0.1852777463130446,0.0001464609577219722
255,0.9334231906164998,0.08249034765280538
256,0.0714049162102921,3.2467847198569544e-06
257,0.7595167933395655,0.037869985598354305
258,0.9366641686806716,0.08356351764932102
259,0.483038768470224,0.006548058771316589
260,-0.6438853426835915,0.02007468865869222
261,-0.8183525158640621,0.05029551465791482
262,-0.478512507775795,0.006310543953394143
263,0.07136549674556925,3.2396240728926884e-06
264,0.7314492003061754,0.032792435134246456
265,-0.46958565719703693,0.005860762702476596
266,0.0348312448007988,1.839493189992325e-07
267,-0.07517374291395318,3.988097499130205e-06
268,-0.42715160304090793,0.004037675229668469
269,0.4478188481661183,0.004863226998542358
270,0.6071075017998009,0.015984536923905557
271,0.33092231514425086,0.0014720539983544834
272,0.8612463766718117,0.06100447755535243
273,-0.9595626233360013,0.0914238822702681
274,0.7839971764181632,0.04273676135960769
275,-0.38977022677700845,0.0028133102934384535
276,0.5901520176341679,0.01431921669416436
277,0.8493150217991856,0.057878434857306926
278,-0.9777844159807474,0.09803404577688768
279,0.4208460143279784,0.0038078284070942603
280,-0.41040802779441354,0.00344879141753629
281,-0.008048251783549842,5.244590317587949e-10
282,-0.14880606450742007,6.106484141077395e-05
283,0.7289566413735111,0.03236650205703007
284,0.5393032016978649,0.010079597569751075
285,0.725275910219118,0.03174480497359078
286,-0.6232513141981022,0.017696913694144722
287,-0.04365657689052971,4.5391108560721705e-07
288,-0.6107752510219704,0.016362510073802627
289,0.24441880488534662,0.0004417077934092406
290,0.36067188750608015,0.002070113996243017
291,0.829398167171788,0.05291456742325307
292,0.09786406926849112,1.1447486406246377e-05
293,-0.9810094819384902,0.09923740183291929
294,0.008211880330006194,5.684281934037472e-10
295,0.6373560384237926,0.01929870571564196
296,-0.30307089110823293,0.0010386371261909
297,-0.501580963819761,0.007590210022563548
298,0.43582087239377243,0.004370208491985994
299,-0.5784493526278562,0.013246070953184197
300,-0.46699426567292757,0.005734737231783638
301,-0.6764079042745148,0.02428021770756028
302,-0.6605600056325824,0.0221587050198091
303,0.09771044156060094,1.1375831028725969e-05
304,0.8253922569492065,0.05195383529760378
305,0.8667839909872648,0.06249495429616969
306,0.6064716216186183,0.01591965903648651
307,0.8384042651937575,0.055120249450665404
308,0.5738107478693146,0.012837389783364905
309,-0.0606940250566117,1.6952243140355705e-06
310,-0.679284058951904,0.02468038774142467
311,-0.021835546533674588,2.841396029573673e-08
312,-0.936098995322727,0.08337567932062595
313,-0.1479223698364096,5.9629762352075844e-05
314,-0.24042087732015416,0.00041364228100471134
315,-0.711136169190514,0.029435997408443604
316,-0.7514882973689132,0.036363998195034775
317,0.4267136727017522,0.004021389259947883
318,0.9174004144014805,0.07732543197103237
319,0.9439015076433259,0.0859949668717962
320,0.44024232918334505,0.004547380829020287
321,-0.6645691152482507,0.022682201922733736
322,0.49782401936122644,0.00736985876786056
323,0.12498351752264414,3.042222994920074e-05
324,-0.6130554417192196,0.016600739909438222
325,-0.4532051669268711,0.005097404428747843
326,-0.97663481820494,0.09760754912859859
327,-0.7234631938504392,0.03144179569475081
328,-0.06344604990845015,2.024123689214896e-06
329,0.3492573039645057,0.0018226677100831035
330,0.9167053248092305,0.07710661554577547
331,-0.05745703022348203,1.361581959957725e-06
332,-0.557163220186558,0.011446129397215232
333,0.9889293067951961,0.10223568641163583
334,-0.9239778338161009,0.07941751587067769
335,0.42333165787221616,0.0038972462217369275
336,0.6622997388340359,0.022384789288927065
337,0.6603548659744549,0.022132155643004525
338,0.9356818821066346,0.0832372380779961
339,-0.07848871935835056,4.73907071807389e-06
340,0.027800797210289163,7.465915519144772e-08
341,-0.10491331718483599,1.51159746498708e-05
342,-0.24221165675770795,0.00042604367175447244
343,-0.4452565808935709,0.004754658769240305
344,-0.051662801173178785,8.900791806931707e-07
345,0.9627788320921349,0.09256745857980375
346,-0.9983455683101752,0.10588105922327584
347,0.46963195862855867,0.005863032824052539
348,-0.868541770755799,0.06297337539934433
349,0.5960742595519886,0.01488577269186564
350,0.76707537253205,0.03932804071767404
351,-0.3784002042508703,0.0025027236522470186
352,-0.10215325125713459,1.3588258007679599e-05
353,-0.930559938884044,0.08155026516456987
354,0.5811936938915052,0.013492279206257507
355,-0.6238329599595989,0.017760989751653744
356,0.31910634321361964,0.0012744193147297134
357,0.5949281350855415,0.014774876602642983
358,-0.19590608065253168,0.00018294819852948674
359,0.06655463048024912,2.450770019923887e-06
360,0.24041114990075663,0.00041357566211452923
361,-0.3620098845114812,0.002100668750934065
362,-0.4933986689725509,0.007116373478603832
363,0.8910909817391717,0.06934109317334003
364,-0.29398699901075154,0.0009204264817931351
365,0.018640719022925634,1.5091607519224226e-08
366,0.8520988182162978,0.05859745311793563
367,-0.3495865685860089,0.0018294813115505848
368,0.10682335385861408,1.6246105520201226e-05
369,-0.22979407869121604,0.0003455027996936977
370,-0.2405452803779331,0.0004144949701739842
371,0.8768513654810324,0.06526993088928046
372,-0.5053152115982036,0.007813986209762036
373,0.07753970489821693,4.514103421726645e-06
374,-0.9996740401655626,0.10640245762952139
375,-0.022652356225059123,3.290988781490256e-08
376,-0.16207986192795465,8.588688423138979e-05
377,0.12346862048276619,2.8975681757636984e-05
378,0.3100202181051126,0.0011364256458100686
379,0.7660202066178452,0.03912213326156355
380,0.6835834797291658,0.025287421436365642
381,-0.44691088380300714,0.004824547877693375
382,0.9008673966762701,0.07223711640387354
383,-0.22852455936967409,0.0003379634140083798
384,0.6162038032135935,0.016933803319728158
385,-0.1219751092485708,2.7600607626521168e-05
386,-0.6393284835605146,0.019530790013431165
387,0.00889985394646553,7.842162474958059e-10
388,-0.6806972937027662,0.024878749185868188
389,-0.17445216644645245,0.0001151901698371871
390,0.3980599418995654,0.003057104253770593
391,0.8460609246717248,0.057045857259260146
392,-0.7607372659830891,0.03810275876775071
393,0.09118308628382477,8.629101139412398e-06
394,-0.31119607940466687,0.0011536258384473586
395,-0.1156198668869961,2.22880876609155e-05
396,-0.08019628354814712,5.164896048626133e-06
397,0.06966422946789508,2.9416984803631863e-06
398,0.8048101608299496,0.04721142081238183
399,0.6036333154948346,0.015632403216616186
400,-0.7311594774859076,0.03274272161728786
401,-0.9877626948989533,0.10179015954002313
402,0.18844348481465545,0.0001566996233812734
403,-0.5079302924822948,0.007973552974218978
404,0.4982884359665163,0.0073968397971820865
405,-0.2363415604748731,0.00038639964371289803
406,-0.3778263147120635,0.0024877532317562068
407,-0.13356520296904417,3.9663680249102384e-05
408,0.7199195363121611,0.030855447794553847
409,0.9240072527666447,0.07942696080729494
410,0.6963799732995581,0.027157833364424677
411,0.32375870647672356,0.001349714129137869
412,0.6598570732492379,0.022067826416347636
413,0.32603335135257727,0.0013877078187580771
414,-0.43429960170517723,0.0043104448037804
415,0.6382617332106235,0.019405023118134412
416,0.07118105625157267,3.206277150891168e-06
417,-0.870065171536428,0.06339008274971336
418,0.41133497361042104,0.0034796192455102126
419,0.8472839750568668,0.057357783262087736
420,0.54807157147018,0.010734628100474763
421,-0.5322075375391491,0.009571336294131427
422,0.10247010964085201,1.3757487432153326e-05
423,-0.9633026622477276,0.09275464851745951
424,-0.625208871908288,0.017913234882071416
425,-0.30716279978190464,0.0010954235322828687
426,0.5860862846332606,0.013939468058405069
427,0.49900258905807005,0.007438471135807312
428,-0.8055328040622782,0.04737251151086852
429,-0.03199682874711174,1.3099769646807147e-07
430,0.23771068811683382,0.00039538883364220734
431,-0.5456098707871047,0.010547677527315447
432,-0.7346401788932537,0.033343559595971906
433,-0.3108228577894594,0.0011481456169711857
434,0.6045213298397492,0.01572186766024275
435,-0.8212508568110706,0.05097365354109551
436,0.1765214130176529,0.00012073886749786045
437,-0.6999861106961334,0.027702425641932593
438,-0.7420071692255799,0.03464123421351195
439,0.206760317908125,0.00022682449295863272
440,0.813765114669067,0.04923527754159118
441,0.21350442064320774,0.00025777706225205144
442,0.42345429068877327,0.0039016975532479847
443,0.7122415563407622,0.0296120013612452
444,0.3281648008821789,0.0014240258602254974
445,0.4802090006117652,0.006398811430018969
446,-0.6206591436316267,0.017413389700975057
447,-0.9899640881345215,0.10263199098270359
448,0.4745541198206118,0.006108077708500637
449,0.2667807432573439,0.000625736631500784
450,-0.09407446885173809,9.775900310704522e-06
451,0.6163983465867273,0.01695454187491352
452,-0.26881118336285503,0.0006448886782852714
453,-0.12290263081078545,2.8448677221737384e-05
454,0.3332371906964122,0.0015132933313303232
455,0.879605441106972,0.06604388567078956
456,0.8549413105184038,0.059338104737840736
457,-0.13428358593624745,4.0522619211391664e-05
458,0.5201096015836668,0.008748395402244702
459,-0.47795117518156216,0.00628153640274387
460,-0.7035007671824127,0.028240720291961008
461,0.7358581330393137,0.03355565539097338
462,0.5667492314881237,0.012233004075097309
463,0.1537493576339084,6.957510960503566e-05
464,0.19693668248051965,0.00018681585537982937
465,0.5493786281594311,0.010834869714133055
466,-0.8136185416406243,0.049201665160735764
467,0.12055808442039484,2.6341710995692047e-05
468,-0.2874047466583285,0.0008412545065282773
469,0.8497392981717269,0.05798761588681167
470,-0.56158772162393,0.011804572531390112
471,0.3770552712020572,0.0024677444771441515
472,0.5314174862499548,0.009515930438661613
473,-0.5828886327345009,0.013645996687957407
474,0.9848473608818715,0.10068265600091553
475,0.013630470659790284,4.3145943484645954e-09
476,-0.9229479647243248,0.07908737017645251
477,0.26017444644344057,0.0005663471884035376
478,-0.7967467864661553,0.045440221054819485
479,-0.49142550556494036,0.0070054404666057835
480,0.4231485703328184,0.003890607485670383
481,-0.17953695967506955,0.0001291800565035306
482,0.7628206953828192,0.03850247578971233
483,0.6009120080686132,0.015360546077878179
484,0.3093624729015212,0.0011268879422957623
485,0.4855584071013328,0.006683089884674143
486,-0.1889669739529385,0.000158442913909429
487,-0.7254518680124347,0.03177432873307251
488,-0.9439478946574176,0.08601070762525698
489,0.47396574327908336,0.006078396403294106
490,-0.25545043863682926,0.000526533658716799
491,0.5569991038798359,0.011432988709238812
492,-0.530942905639127,0.009482761507796589
493,0.9561186893821372,0.0902102284632913
494,0.5683325098221734,0.012366668796837565
495,0.18034418553139586,0.00013151267538646927
496,-0.8236191278828302,0.05153255520943478
497,-0.6802431805664388,0.02481488503744611
498,0.2900373513033607,0.0008722844038264732
499,-0.7841071962478399,0.04275958788571199
