,data,labels
0,0.1706078826619748,0.00010539065428261107
1,-0.7651548977039562,0.03895384986500039
2,-0.5217615858566986,0.00885758920653279
3,0.7975602419530436,0.045616727870374074
4,-0.06723752494137725,2.552875971617574e-06
5,-0.9788524730172583,0.09843144309266849
6,0.7421040021440233,0.0346585278964634
7,0.4344956143465739,0.004318111168478023
8,-0.5076795670711041,0.007958151493980603
9,0.29782660316373843,0.0009690970645181984
10,0.2602892108029893,0.0005673415088683909
11,-0.8972886277252241,0.07116736158735393
12,0.46399623407686374,0.005591438630690004
13,0.7080021525185416,0.028941074334767225
14,-0.09912997513639543,1.2050886861736387e-05
15,-0.9299113533525478,0.08133835802955436
16,-0.4715325323479156,0.00595677636208114
17,-0.9783229869148022,0.09823429576077569
18,-0.6639212907493754,0.022597012037067876
19,-0.6935477410639024,0.02673555065897204
20,-0.676011261494152,0.024225401029387972
21,-0.0983649664767432,1.1683467109668833e-05
22,-0.7807888275431225,0.04207491158377674
23,-0.3035895851314845,0.001045711323825138
24,0.6296966434157998,0.01841639251553473
25,-0.6945653660458795,0.026886729247930452
26,0.8255153893709113,0.05198318068313501
27,-0.2930886673891837,0.0009093071597302549
28,-0.1247554405681337,3.0201058610734854e-05
29,0.9748010835545982,0.0969298962887265
30,0.860803952221777,0.060886486888513836
31,-0.7851128645843157,0.04296864274222356
32,0.2508969344170109,0.0004901702474036096
33,0.9881074256834848,0.1019216719373296
34,0.20155093780059286,0.0002048867641138985
35,-0.3372597452754331,0.001586988899238695
36,-0.6021909226038513,0.015487876919482502
37,0.24865698595623442,0.00047298651761595867
38,-0.08984791108297596,8.13500510110643e-06
39,0.29651340641696367,0.0009522407016782086
40,-0.08206068322893212,5.661913679899655e-06
41,0.8198658457955985,0.050648793358849975
42,0.07368035336219769,3.6806451793047756e-06
43,0.5334980682683457,0.009662348106295293
44,-0.7308937001979652,0.032697164435166015
45,-0.7988855853666812,0.04590534857365247
46,0.8445924040241461,0.05667291011349207
47,0.7015497692193078,0.027940991088696965
48,0.8033300329171993,0.04688268682252372
49,0.597620639726842,0.015036355007108204
50,0.7255991711352587,0.0317990596969584
51,0.13912416352077206,4.6678877822059484e-05
52,-0.09210146620545756,8.981779913708188e-06
53,-0.09591869371572193,1.0564704250648482e-05
54,-0.623968270631085,0.017775920137626522
55,-0.9400385764948818,0.0846911488437938
56,0.9511029429883631,0.08846271145397977
57,0.0697473791851404,2.9557625278453514e-06
58,0.9712094928337345,0.09561206558173219
59,-0.5523513429058067,0.011065401580752532
60,-0.4031434696608782,0.0032141339900809696
61,-0.41560944649739184,0.0036244205832944854
62,0.8863993277068036,0.06798062157482376
63,0.690222039392312,0.026245751325288835
64,-0.1323268157477706,3.8215094793181414e-05
65,-0.7028407767997125,0.02813906934680699
66,0.9299503740963451,0.08135109611102487
67,-0.7323704660975736,0.032950874548571485
68,0.2016192748050849,0.00020516383869995103
69,0.5428229138584215,0.010338912454094573
70,-0.8088495259995889,0.0481168771876892
71,0.6041741710841924,0.015686848383039242
72,-0.8029571345847804,0.0468001236418758
73,-0.7464321102623548,0.03543782554485553
74,0.2401436086816806,0.00041174652496855924
75,-0.6539390592246281,0.02131336402009898
76,-0.29694180893647015,0.0009577155432961559
77,0.490648552365059,0.006962110154122403
78,-0.9980689777985561,0.10577272464784848
79,0.3644035982638494,0.0021561650561041645
80,0.18754724903042308,0.00015374838320580952
81,-0.33298744352145593,0.0015088032864913892
82,-0.9963104023120171,0.10508571254588683
83,-0.49744808485133185,0.007348071247289867
84,-0.6115298821093329,0.01644107552830132
85,0.5792912295180732,0.01332124854190142
86,0.20715952423377892,0.0002285750827546451
87,0.8782756805351764,0.06566939447397224
88,-0.7259308818249584,0.03185480169282273
89,-0.8439060659981068,0.05649919829366856
90,0.23819632615373854,0.00039861455113365807
91,0.606554362566005,0.01592809011519747
92,-0.848324369340947,0.057624070118611814
93,0.7890622335962469,0.043796663901154775
94,-0.3587540589632585,0.002026894672077284
95,-0.2786657974147366,0.0007441183443442911
96,0.08993858690730527,8.167872534547982e-06
97,0.6395501611909351,0.01955699911295905
98,0.6554090209195735,0.021498993976214242
99,-0.8599755821135873,0.060666000076832094
100,0.12367234713811026,2.9167153886122676e-05
101,0.9916437728399183,0.10327753557818276
102,-0.16004442611527647,8.166203264881045e-05
103,-0.5472510971082787,0.010672051271643057
104,0.014379934554124452,5.344692022291042e-09
105,-0.6619379035956912,0.022337630896204552
106,0.42250188157752744,0.00386722547370677
107,-0.7146031906711552,0.029990560833378477
108,-0.9138738263583501,0.0762197152794718
109,-0.6048152152082902,0.015751557443876907
110,-0.4490270724723493,0.0049150511710243094
111,0.867126720271802,0.06258803483316566
112,0.29329534730693885,0.0009118564834552645
113,0.11849252482176365,2.4584316447362475e-05
114,0.9685351207372062,0.09463886704410585
115,0.8200382393352224,0.05068914887817433
116,-0.2600592925470757,0.0005653507997994689
117,0.844723441592591,0.05670611845188811
118,0.8677289738060847,0.06275183468810197
119,0.11830859345815825,2.4432203513224948e-05
120,-0.7599244742351106,0.037947626779569865
121,-0.8440445422163285,0.05653421625702537
122,0.6430526872469635,0.01997449539641427
123,-0.014084775632482449,4.919210261356e-09
124,-0.8430374512652119,0.05627989145821277
125,-0.2819250497269439,0.0007793106567541841
126,0.16952892840399003,0.0001027560721906795
127,0.34152686674628696,0.0016680447790753394
128,0.2709858919306316,0.0006658826377182736
129,0.9638539423339922,0.09295193056938278
130,0.21997590403451794,0.0002903454139301376
131,0.5856307776412977,0.013897384694320225
132,-0.19156711825063777,0.00016731760874033608
133,-0.6827635375158423,0.02517083251285357
134,-0.4346141855286487,0.004322753558275605
135,0.8449978614841545,0.05677570809420762
136,0.09681364667848613,1.096423062518781e-05
137,-0.9000497042177962,0.0719917093286293
138,-0.290730247444015,0.0008805911860386706
139,-0.17903287510923294,0.00012773920144182327
140,0.02756985758844821,7.220929221229966e-08
141,-0.22222928766934547,0.0003023763845332317
142,-0.571598755030085,0.012645777728246599
143,-0.7081997011934129,0.02897209326448935
144,-0.27859271094134197,0.0007433430164873744
145,-0.8079131071501715,0.047905883978507924
146,-0.6123345870497094,0.016525155853450713
147,-0.6813154873515836,0.024965879161417237
148,-0.947633707214379,0.08726784281003142
149,0.689059691561906,0.026076098918103474
150,-0.873757642138939,0.06440814866373701
151,0.44989978513789386,0.00495273678361996
152,-0.7159277153092483,0.03020439088029203
153,-0.8386067145019835,0.055170564845757
154,-0.41956190372718116,0.003762232715247449
155,-0.7713810496926368,0.040176279011208016
156,0.8950786855098902,0.0705123391256185
157,-0.9213951066976926,0.07859138041638503
158,0.3144394645980546,0.001202073481932242
159,-0.45807662222427914,0.005316262176024322
160,0.4567984548996977,0.005258181321701416
161,-0.270788023512448,0.0006639517008111273
162,0.28187441152031867,0.0007787545824774478
163,-0.4032262990039961,0.0032167409657196666
164,0.9065762938346591,0.07396680914984421
165,-0.19525374618807256,0.00018053124793393494
166,0.06733036572556061,2.566999783515378e-06
167,-0.4314082208270815,0.00419852167233703
168,-0.5175615313123991,0.008581910962724315
169,-0.49443969155354583,0.007175418087010721
170,0.028991561652263798,8.829489928086076e-08
171,0.08980389943799683,8.119087900548827e-06
172,-0.26334614749032337,0.0005943093555093037
173,0.20100283344517655,0.00020267456301326092
174,0.02696094122366799,6.603856061992985e-08
175,0.6161830073708703,0.016931587548669524
176,-0.565677414761024,0.01214311900673104
177,-0.5382476912444749,0.01000276935091049
178,0.3195512645981282,0.0012814815707290483
179,-0.6417294506090303,0.019816016365332367
180,0.18771033803960435,0.0001542823036574381
181,-0.7995853691966595,0.046058262910003256
182,0.4755004041963691,0.00615603760576422
183,0.49597163673815436,0.007262960314970424
184,0.5391346746927823,0.010067301997064293
185,0.43180220767864297,0.004213644862390842
186,-0.6137216641583145,0.016670818642676943
187,-0.00816789587334088,5.563473015612885e-10
188,-0.23303299562928892,0.00036530690933034293
189,0.7392044062105356,0.03414335195335161
190,-0.7065106567157078,0.028707650812903163
191,-0.4958493527866463,0.0072559437954917705
192,-0.585540103660144,0.013889018570034217
193,0.13721402307826747,4.417151345581516e-05
194,0.14585217300369702,5.636677819154112e-05
195,0.2618772852362061,0.0005812346963228743
196,0.4997492620818309,0.007482181969343915
197,-0.268789794922609,0.0006446846839747167
198,0.9841272691750134,0.10041038688875648
199,0.4955192860968749,0.007237029790456817
200,0.8817779356968793,0.06665893119615929
201,-0.45751160902471266,0.0052905295755883985
202,0.997352801315585,0.10549256827010944
203,-0.8650420273432355,0.06202336550229859
204,-0.25427691088999227,0.0005169759005247965
205,0.24598084691601318,0.0004530504825914772
206,-0.9430967649976689,0.0857222076866454
207,-0.22208958749405405,0.0003016198762499922
208,-0.24692441782747276,0.0004600066258083624
209,0.7936202745818959,0.044766333125501157
210,0.38529947039314183,0.0026879694523352926
211,0.6768777567402775,0.024345267806242243
212,-0.34973434757938193,0.0018325454997746293
213,0.9851694629381269,0.10080460858957407
214,-0.09312550027538125,9.387652148196146e-06
215,0.47983881091297853,0.006379473708405081
216,-0.6156998253135992,0.016880164367282458
217,0.13797273274243382,4.515504342017529e-05
218,-0.7135815108541108,0.02982636614491152
219,-0.8403859434656196,0.055614158637848465
220,0.9672476914728803,0.09417282708551811
221,0.3588824992536337,0.00202976803873256
222,0.18178127621219264,0.00013574319294329396
223,0.48020963134515227,0.006398844414596372
224,-0.003785027510970318,2.5655810809155355e-11
225,-0.2795812249010483,0.0007538806594739045
226,-0.2819169640840904,0.0007792218458937406
227,0.4481987858341083,0.004879479953189381
228,-0.28767277141559155,0.0008443754679713367
229,-0.6043500946880356,0.015704587395892866
230,-0.49547367072904347,0.007234418718026769
231,0.9891954244842494,0.1023375042455904
232,0.4605984901365232,0.005432242524271658
233,0.08975698040125901,8.102144934518662e-06
234,0.4085639365827294,0.0033880628258960988
235,-0.892483601580305,0.06974856459851164
236,-0.16042972369512531,8.244957004222009e-05
237,-0.6356467232807901,0.01909920419507316
238,0.632301374309147,0.018713085750478364
239,-0.4236624949939225,0.0039092635631787775
240,0.8081736448547463,0.04796452211113378
241,-0.5652584758206818,0.012108117209510993
242,-0.9791888071452075,0.09855681459114662
243,0.7606291443783135,0.03808209627574399
244,0.9764396376552749,0.09753526537220791
245,0.5947255283491539,0.014755335623025667
246,0.4665905742006127,0.005715285954031035
247,-0.2967255719086608,0.0009549491853774184
248,-0.42200383269114305,0.0038492886596113163
249,-0.8771502581833956,0.06535361652328298
250,-0.37390882310324236,0.002387327527484495
251,-0.6546894025086769,0.021407973527950763
252,0.07147664612868132,3.259845075986867e-06
253,-0.13771405128664416,4.4817886419967756e-05
254,0.0888841233854798,7.791752094310489e-06
255,0.5783308137349603,0.013235510613884505
256,0.30669848563732605,0.0010888663883635852
257,0.0059484835911436384,1.5650658546917384e-10
258,0.5435871664823075,0.010395857415562593
259,-0.8141548524832478,0.04932473206285304
260,-0.6850926629086216,0.025503031562834733
261,-0.2507175783174693,0.0004887774284887403
262,0.5065991523436928,0.007892033755350192
263,0.11550921788602087,2.2202985184072155e-05
264,0.7591271789154193,0.03779589117031357
265,-0.12127662188920962,2.697456368938589e-05
266,0.4284081220888103,0.004084673721069354
267,0.28283137536718805,0.0007893134264836954
268,-0.9321893574932236,0.0820843273293389
269,0.588756935854214,0.014188074522451966
270,-0.037772358412291096,2.5439182749220635e-07
271,0.43645868880335414,0.004395446439377726
272,0.5407513602612781,0.010185707319027903
273,-0.04757081680116637,6.398949193853198e-07
274,0.5558052681862247,0.011337730510764032
275,0.38755905556577575,0.0027507897478410426
276,-0.24132085978362006,0.00041984060497624043
277,-0.4584192875218931,0.005331913163875379
278,0.0396812960374191,3.0984139542944433e-07
279,0.30391392744634427,0.0010501530428064232
280,-0.20370726192382982,0.00021376550220386648
281,0.7066801739568895,0.02873411235392187
282,-0.7372044614040383,0.033791228942043006
283,0.6748441392456095,0.024064620762697664
284,-0.19520232881323873,0.00018034176291681359
285,0.6762950710971234,0.02426461488057119
286,0.1445308811614716,5.435530303021796e-05
287,0.9930209909063021,0.10380891804854653
288,-0.8228507299833887,0.05135074369448844
289,0.8525932481037761,0.05872581308047753
290,0.9619134076031006,0.09225877384109671
291,-0.8948849935141283,0.0704551311854984
292,0.9804795224207379,0.0990389637035336
293,-0.14401349550500586,5.358248777864727e-05
294,-0.3613932299664897,0.0020865454463395716
295,0.6786178761555814,0.024587279106059956
296,-0.07649316745492496,4.275404113629477e-06
297,0.5893528237736594,0.014243982399053001
298,0.2642581342143775,0.0006025367214324007
299,0.790068985453481,0.0440095403931845
300,-0.09453708022494967,9.969470519122225e-06
301,0.12906409480910197,3.4588115126243935e-05
302,-0.40246782877014353,0.0031929271664159486
303,-0.8641405757918366,0.06178030787771205
304,-0.1499810640133965,6.301284182141931e-05
305,-0.998236312942772,0.10583825711611716
306,-0.6248953789071494,0.017878463797092237
307,-0.6976418437831731,0.02734751413781522
308,0.6750322713478243,0.024090485230304326
309,-0.5779487624848219,0.013201516378151257
310,-0.8097331198381303,0.0483165715093522
311,0.2277705678670039,0.00033354419047737505
312,0.2802288468356895,0.00076084444865121
313,-0.19034205674843396,0.00016309121860658138
314,0.6187115968830224,0.017202553089205375
315,-0.3932644668738481,0.0029142465428110276
316,0.036662990738464574,2.258001782218244e-07
317,0.17130527318289368,0.00010712021551928519
318,0.10277194312645355,1.3920156329838562e-05
319,-0.4394703780161857,0.004516072785096914
320,-0.5257737180171989,0.009126942185248121
321,0.5848720903813267,0.01382749671865835
322,-0.9048381213414323,0.07343714214117125
323,-0.8889850109413409,0.0687280726323578
324,0.9689979537108937,0.09480679839374928
325,0.5497420020320907,0.010862858971036227
326,-0.6806540469384725,0.024872662081693586
327,0.8995159244264488,0.07183182559828805
328,-0.292015620604406,0.000896156710773921
329,-0.6214407251961995,0.01749852695379639
330,-0.1949195292493653,0.00017930223708739756
331,0.0445791087633125,4.935051696186576e-07
332,0.8862649215242617,0.06794192493376716
333,0.4653684532790774,0.0056566959882538015
334,0.7539603809701156,0.03682306515244982
335,-0.8439574560637648,0.05651219206280855
336,-0.04098340337498141,3.525498445400288e-07
337,0.6490729705776845,0.020707131041865945
338,-0.2034523194775708,0.00021270105463155886
339,-0.36880929534808304,0.002261140761051328
340,0.728526773743607,0.03229344853080318
341,-0.43259664397389574,0.004244261581644371
342,0.022979777446220595,3.4854195640754426e-08
343,-0.4493201004590499,0.004927681086123958
344,0.3668179251930779,0.002213233368469014
345,-0.25157924362302597,0.000495495905058041
346,-0.7622720688971238,0.03839692996164423
347,-0.19492725996848748,0.00017933059426855635
348,0.405157514314356,0.0032779687768745847
349,0.23348865934031737,0.0003681595437623475
350,0.9673704219300063,0.09421718598210249
351,0.6426527940059141,0.019926505276285256
352,-0.14629054302676758,5.704628288438762e-05
353,-0.6699345497360125,0.02339670853872733
354,0.2769947776771087,0.0007265415247674767
355,-0.8805372979134851,0.06630720961222536
356,0.01888488759801632,1.589797526957426e-08
357,0.16736170717572962,9.761337739944143e-05
358,0.011219928898068332,1.98089444847227e-09
359,0.6638824449736669,0.022591911117561314
360,0.1485547125387865,6.0654055290321196e-05
361,0.37873568922036593,0.002511505936593217
362,-0.7583078634640776,0.03764041672974905
363,-0.35680027570866013,0.0019835572111808197
364,0.5890192031560766,0.014212661446729391
365,0.9550573997332867,0.08983848959856333
366,-0.8865169791548706,0.06801450707272483
367,-0.4504577105549097,0.004976940576308708
368,-0.7944814283149986,0.044951232411889364
369,-0.8534510421217043,0.05894897669730603
370,-0.6458473860643212,0.020312219491008254
371,-0.5399087420317621,0.010123867928031438
372,-0.7688334962540779,0.03967284033785212
373,-0.18548291611480217,0.00014710891839953
374,-0.5307527242643757,0.00946949332925251
375,-0.6174437526487184,0.017066299435950172
376,-0.27998616548393906,0.0007582293392165429
377,-0.578170713550753,0.013221257427017963
378,0.776925165848912,0.0412876033056746
379,-0.1392504912169028,4.68483763945704e-05
380,-0.8224134135582941,0.05124747274480146
381,0.8336963894825986,0.05395930438763197
382,-0.9082966273826754,0.07449366370105714
383,-0.23825630702400313,0.000399014316167845
384,-0.30057644658453686,0.0010051129960667593
385,-0.17684212477603833,0.00012161642499364245
386,0.9379642995686546,0.08399673999940283
387,0.46060341870358057,0.0054324709970836604
388,0.8717053933792147,0.06384090793216757
389,0.5474368013947468,0.010686191349039587
390,-0.22911133838978426,0.00034143272538667
391,0.03553668458667425,1.9930869232798187e-07
392,0.1298148616983006,3.539881696479341e-05
393,0.7500811405550998,0.03610452353198934
394,0.39982749470732637,0.0031110445924393826
395,-0.2265376164661439,0.00032641089001395063
396,-0.762392852012669,0.03842014870115651
397,0.6524185945258218,0.021122579071141567
398,0.05185501037261453,9.033962938831408e-07
399,0.1843646335727649,0.0001436030459543991
400,0.9246362295414385,0.07962908078421882
401,0.2673053138425301,0.0006306434328990917
402,-0.8217644063705791,0.0510944827930494
403,0.6241660578117514,0.017797760661472872
404,0.9710237700964486,0.09554425881661921
405,-0.6485279308687097,0.02064001447385888
406,0.9898971390499114,0.10260631857580849
407,-0.7986173189922106,0.045846823666501946
408,0.7573444536356062,0.03745818367867482
409,-0.9778044660247649,0.0980414956720943
410,-0.7850769936780257,0.04296117353932227
411,-0.8702627156509817,0.06344426008011128
412,0.7667090803621779,0.03925647424889189
413,-0.14477482192772317,5.4722556433239866e-05
414,0.4395231640984736,0.004518208550147063
415,0.2040227559293939,0.00021508827371863326
416,-0.7381127480114225,0.03395082370909297
417,-0.49546812996215595,0.007234101605751442
418,-0.0789883521947794,4.860833448971924e-06
419,-0.0031089439367724125,1.1677769862217247e-11
420,0.7212805492035703,0.031079709993421356
421,0.8646508765074352,0.06191781736607971
422,-0.09410738689880427,9.789580322605573e-06
423,-0.6079224395473282,0.01606796454363446
424,0.3666138140485773,0.0022083658608446077
425,0.907007491925611,0.07409861879372259
426,-0.7908734694739801,0.044180175693285695
427,-0.5068545399145499,0.007907626087527375
428,0.801117163959937,0.04639424743150433
429,0.11919128571431359,2.516867392954314e-05
430,0.34201203853451556,0.0016774516483457624
431,0.7020505338846075,0.028017703545428208
432,0.49427246981718787,0.007165909445796759
433,-0.09500791139783638,1.0169415270433468e-05
434,-0.13226125644079723,3.813952880860061e-05
435,0.1426012424856702,5.15148682083133e-05
436,-0.8212100733917118,0.050964066593723434
437,-0.19678613728985894,0.0001862471100898544
438,-0.2033882352407288,0.00021243411137861212
439,0.04551777472068497,5.363942915392883e-07
440,0.36231650656015835,0.002107717685340571
441,0.6112748309094314,0.01641449127479333
442,0.12902600858271818,3.4547362533499104e-05
443,-0.007132901138179104,3.2357216905865016e-10
444,-0.878831454966376,0.06582573152844773
445,0.7790946401412433,0.04172837850762989
446,-0.9297586306458041,0.0812885159983836
447,0.02585603361421951,5.586106854860162e-08
448,-0.8826678456110582,0.066912026094476
449,0.2814452271995771,0.0007740534351339257
450,-0.353573845576884,0.001913501011134744
451,0.3384378772882015,0.0016090688717268486
452,0.7229541825344494,0.03135708506777535
453,-0.11300307959509781,2.0339830054338925e-05
454,-0.2781004064940935,0.0007381361448108859
455,-0.33254527264876277,0.0015008780670848765
456,0.056391188022453465,1.2633533801320596e-06
457,0.08594352541744743,6.811271601181446e-06
458,-0.3756870631472269,0.002432533080317212
459,0.4213392621969543,0.003825450535735131
460,0.15668673723991366,7.50349741098777e-05
461,-0.48940341581900726,0.006893080698751164
462,-0.8986407028553782,0.07157020735462749
463,0.45952799774950526,0.005382785398922008
464,0.5570181366580869,0.011434512086352266
465,-0.6976338300978768,0.02734630654417447
466,0.7850941479393045,0.04296474536217387
467,-0.5394483560401906,0.010090196701156406
468,0.5478250667051752,0.010715799287499106
469,0.795116354425454,0.045087905257940486
470,-0.5954051038257555,0.014820953566160311
471,0.6138404701193796,0.01668333816978662
472,-0.3456317002573033,0.0017488812213867222
473,0.857858910684667,0.060105161030347465
474,0.9476662457861116,0.08727899733713229
475,0.4089913607948561,0.0034020675450336935
476,-0.28238465821002356,0.0007843713017329224
477,0.09627031770242933,1.0720352204396377e-05
478,-0.2258097006524129,0.00032225335298641244
479,-0.45309970438511504,0.005092741093235209
480,-0.38525107422876204,0.002686635692349504
481,0.616751921115704,0.016992280560009787
482,0.2925443695875849,0.0009026188303886684
483,-0.6931094392787314,0.02667062540787113
484,0.05400947347852747,1.0631111461156806e-06
485,0.07433547246417227,3.8132436995796937e-06
486,-0.13925119620617998,4.6849323595998804e-05
487,-0.3243374678873643,0.001359306968163998
488,0.10063870407924025,1.2800807463797526e-05
489,0.5926896759073967,0.014560024882407707
490,-0.9933161425029391,0.10392304321887169
491,0.35118433754637146,0.0018628134279802255
492,0.36195164716738226,0.002099331911310842
493,-0.9556483022561215,0.09004533421423477
494,0.16725707072340423,9.737005712529001e-05
495,0.06709396154931824,2.531150561813078e-06
496,-0.7953570947248791,0.045139803628420405
497,0.8597129942775448,0.0605962247174161
498,-0.6606382807859803,0.02216884153215093
499,-0.5758872412471538,0.013019183400238443
500,0.8235547300973802,0.05151730050949965
501,-0.8933217927346269,0.06999462078595131
502,-0.2636995742142634,0.0005974877402297185
503,-0.6097258794984741,0.016253712831880263
504,0.022003465576582837,2.929809084228907e-08
505,-0.6958759688712841,0.02708233816341754
506,-0.045746914766289004,5.472752218071975e-07
507,0.2410428234275379,0.00041791837531013343
508,-0.016430706695240715,9.1099385812754e-09
509,0.3351124534099077,0.0015473253878396376
510,0.42818955339540166,0.0040764695603542345
511,-0.598985455227123,0.015170175265758035
512,-0.7804840106609867,0.042012413006911054
513,0.13425018065340866,4.0482371977734743e-05
514,-0.31043632062922555,0.0011424903169271472
515,0.4053036746518446,0.0032826375110108774
516,-0.14143807929919783,4.9857285452703515e-05
517,0.4440691778292458,0.004704957142163346
518,0.5772483006901639,0.013139355964684185
519,-0.8397069989830488,0.05544458953923337
520,0.21857972162788664,0.00028307280128681
521,-0.4761428525762401,0.00618875593199264
522,0.47657912879618336,0.006211047243127821
523,-0.05568270797701236,1.2010663705819269e-06
524,0.8902922924142855,0.06910815606315746
525,0.44963083353808764,0.0049411002424495365
526,0.8303802700643914,0.05315200790409358
527,0.43252985810011246,0.004241681422236687
528,0.49708557926699637,0.0073271068518271365
529,-0.4802347054204332,0.006400155779585748
530,0.3973986874215021,0.003037103802354224
531,0.018534136190571093,1.4749406584968483e-08
532,0.34034221426683664,0.0016452405118924096
533,0.04601256616831906,5.600961683338568e-07
534,-0.04343276773753235,4.446758083975766e-07
535,0.22120337991764294,0.00029685373739096743
536,-0.6531291805070962,0.02121158756527619
537,0.9575921205499507,0.09072809471082577
538,0.5154870153758042,0.008448092729014256
539,-0.2568089901081092,0.0005377622613244037
540,0.2214283273341211,0.0002980581673197591
541,-0.8756266368321466,0.06492781038648254
542,-0.31820883221184193,0.001260261208082425
543,-0.9147582671474728,0.07649597660730045
544,0.8064398828752302,0.04757526793764599
545,0.15978547006401222,8.11359064102346e-05
546,-0.693728650596307,0.02676238177509871
547,0.423646629831433,0.003908686652235982
548,-0.4565875324883377,0.005248641999037851
549,-0.7289432849445101,0.03236423042727676
550,-0.39804852643430877,0.003056758154447059
551,-0.9234801414524201,0.07925785065623714
552,0.8179893214000458,0.050210989293247965
553,0.5253579204601619,0.009098752625353423
554,0.8005679853343253,0.04627359091683281
555,0.6650337856322459,0.022743449498351276
556,-0.029058091187713853,8.910810878060005e-08
557,-0.9744254220867119,0.09679147377360342
558,-0.264215632042188,0.0006021514180974963
559,0.6853623358704477,0.0255416975741366
560,0.20350132833413137,0.00021290537042184532
561,0.39052299975691196,0.0028348329692191587
562,0.8045658694468658,0.0471570517283022
563,0.8976111050757305,0.07126329801425813
564,-0.7112981904835542,0.029461747923710813
565,0.9471526349949784,0.08710304222445409
566,-0.16121897160366805,8.408050349972829e-05
567,0.19311841765422644,0.00017278637744766456
568,0.5669282563176041,0.012248064715049578
569,-0.4794697635800047,0.006360238486003644
570,-0.8664216362157025,0.06239664967256142
571,0.8112697276656387,0.04866524725625854
572,-0.7486822753692715,0.03584789252456955
573,-0.6370897751440032,0.019267530143890155
574,0.664267281037543,0.022642481459333896
575,0.9248001346547872,0.07968181006598563
576,-0.19788479913800638,0.00019042764305543525
577,0.699322872599689,0.027601680211525093
578,0.938768907998565,0.0842656281218721
579,-0.7659482619344011,0.039108121883239866
580,-0.5165285490239144,0.008515084872284695
581,-0.4611630777862401,0.005458461104778767
582,0.5097166093807877,0.008083916192358487
583,-0.5950974528646644,0.014791221377995156
584,0.062000580197842714,1.845928303434441e-06
585,-0.5770775809539008,0.013124238351862272
586,-0.2230786259157238,0.0003070062894978687
587,0.45862120932171613,0.005341151677961009
588,-0.08816524050551422,7.542879069788455e-06
589,-0.36739032996790155,0.0022269261439005206
590,-0.9022438134701358,0.07265152939553932
591,-0.43412426868597653,0.004303595769632462
592,0.0795783005694648,5.007608856133494e-06
593,0.21851365479649965,0.0002827320710012682
594,0.6260769625127305,0.01800977523176983
595,-0.8940680671670391,0.07021420532738343
596,-0.41952757014316067,0.00376101917763505
597,-0.6275838278149768,0.018178249241603717
598,-0.8692789700534027,0.06317478583651304
599,-0.20687219156857628,0.00022731406448606162
