,data,labels
0,-0.38376729761199035,0.002645981369557515
1,-0.7419794436836056,0.034636283762846554
2,-0.9961461306247414,0.10502169484307944
3,-0.9306945697895714,0.0815943001645244
4,0.278180979654866,0.0007389864632308951
5,0.6819677674635931,0.025058051710912133
6,0.5047386835366112,0.007779125474931314
7,0.6875442293390137,0.025856095390458744
8,0.9159367330067405,0.07686516386494346
9,-0.814828113044807,0.04947953337804445
10,0.5291364438167803,0.00935728018089843
11,0.4796361360406156,0.00636890474364149
12,-0.8533330754845432,0.05891825112381899
13,0.06691224969418608,2.50385126132624e-06
14,-0.747898736493031,0.03570471850023382
15,0.593163948612278,0.014605355336667292
16,0.7725350993223017,0.040405830454138925
17,-0.23874788743611153,0.0004023019257992644
18,0.08059120344107318,5.26733068761942e-06
19,-0.30854191456160773,0.0011150729961044714
20,0.29259219149589333,0.0009032049932291564
21,0.44486425699840937,0.004738194475390256
22,-0.5627556176404849,0.011900539086736717
23,-0.19845770123851803,0.00019263522251233844
24,-0.47497520838812934,0.006129385373171092
25,-0.3387294510781751,0.001614568448323861
26,-0.5588391527482064,0.011580952760662622
27,-0.9914027015629514,0.10318471438918786
28,0.514342662481365,0.00837493373673004
29,-0.1512471452609656,6.516352016827653e-05
30,-0.2691135436172931,0.0006477776198142715
31,0.1641769515254179,9.040864314668884e-05
32,0.663148911674156,0.02249574543456645
33,-0.8460983192077915,0.057055376561636395
34,-0.11243497405675895,1.9934307796565243e-05
35,0.3137939814213522,0.0011923132599294117
36,-0.06658356486129602,2.4550330773864815e-06
37,-0.6241094677813168,0.017791509755654134
38,-0.5927485315031082,0.014565644659717103
39,-0.9667214231215875,0.09398277993503901
40,-0.5030153855513888,0.007675603925121677
41,-0.24858808160718393,0.0004724651499219412
42,0.13672947157631987,4.355183143645025e-05
43,0.15289510612257673,6.804464015386369e-05
44,-0.8865006318287174,0.068009798073144
45,0.9028761714936107,0.07284247671340494
46,-0.1623944537254136,8.655417354341832e-05
47,0.9144190125210641,0.07638992553253499
48,-0.3035652231512296,0.0010453782632092734
49,0.7991361233407748,0.04596005375956502
50,-0.2685863603858636,0.000642746811347239
51,-0.29575697771780596,0.0009426307312527804
52,0.8859801235286882,0.06785998030091467
53,-0.7779537045118528,0.04149615735918466
54,0.5585024122761586,0.011553770436208755
55,0.1245326413868264,2.998617030725015e-05
56,-0.7867839508717196,0.043317629226026
57,0.33419218099946346,0.001530554114887006
58,0.30620313992668313,0.0010819032578898158
59,-0.006896158908782812,2.827064138344326e-10
60,-0.4608558602431079,0.005444182860957603
61,0.44793673839879133,0.0048682658223221376
62,-0.7568080806805764,0.03735700000733411
63,0.9037079556698782,0.07309417701880594
64,-0.9352793333615181,0.0831037825509593
65,0.8561846708269294,0.0596641438949439
66,-0.22122240017153083,0.00029695543608387887
67,-0.24638808912791865,0.00045604303210777797
68,-0.6565475964458518,0.021643577175917805
69,0.6708365867223498,0.023518407533399843
70,0.016656794298624433,9.62178436925143e-09
71,-0.22411695178548796,0.0003127380961257531
72,-0.6570627193630321,0.021709221058652917
73,0.8555874146048852,0.059507371777729356
74,-0.27947629251560335,0.0007527568229864778
75,-0.2032045776591822,0.00021167047167680586
76,0.8417421652812092,0.05595397616070874
77,0.6965905902504501,0.027189426665866212
78,0.2181165597051058,0.0002806905599388454
79,0.6026647978742299,0.015535251073169998
80,-0.47319967841230137,0.00603991065839693
81,-0.3422563594086703,0.0016822036097416948
82,-0.18099508799125807,0.00013341639781372372
83,-0.7957268941774369,0.04521960700994998
84,-0.09296764152776893,9.324206705740856e-06
85,-0.7463324241953926,0.035419736877447816
86,-0.664046106969941,0.022613407546614228
87,0.1992590102787255,0.00019575495151802347
88,-0.8074113144871704,0.04779309091871464
89,-0.14029596003120548,4.826887112718836e-05
90,0.5036324573743773,0.0077125555362762555
91,-0.7880878562066609,0.04359133134774762
92,-0.07827887691974222,4.688618982839898e-06
93,-0.25695241702314875,0.0005389580386550019
94,-0.6846920905977174,0.025445674954789
95,-0.799840148449066,0.04611402610820936
96,-0.16309699644444597,8.805835758418645e-05
97,0.2337406677273377,0.000369744339884015
98,0.8000999362476973,0.04617093487227408
99,0.35435452435936177,0.001930280880996782
100,-0.08662780542292725,7.030662449780678e-06
101,-0.8835261854508385,0.06715678032423555
102,0.46376961685168894,0.005580715196353503
103,-0.7035243463186627,0.0282443568013534
104,-0.14799517890205394,5.974703668198966e-05
105,0.8283538793257932,0.05266291656939648
106,-0.17094849674955603,0.00010623276177168517
107,-0.40809473992611855,0.003372738556963517
108,-0.3616031612682695,0.002091345591705318
109,0.20188082081871772,0.00020622687339821866
110,-0.3666162633558516,0.002208424223200778
111,-0.06929775561036,2.880309557751204e-06
112,-0.20047766784639953,0.00020057174068899286
113,0.8098851555856894,0.048350991121309805
114,-0.7902956331529443,0.04405756606160227
115,0.6156063982993942,0.016870234397874495
116,-0.02203344311176325,2.9458073980137556e-08
117,0.6766768116375659,0.02431743200635006
118,0.25226316065050347,0.0005008773143553302
119,0.9432211737148763,0.08576433539582085
120,0.6367750168478745,0.01923072359906619
121,-0.16605795318747796,9.461392611398445e-05
122,-0.4684062077490645,0.0058031531544642245
123,0.3990730222155954,0.003087934962327621
124,-0.0486414888273099,6.994653595215894e-07
125,0.9829320609626226,0.09995959677433475
126,-0.638957478661436,0.01948698279450156
127,0.6649057198912998,0.02272655741435925
128,0.7085836700033235,0.02903245207609051
129,-0.5527428729214432,0.01109602941011123
130,0.9188430074113914,0.07778094694215076
131,0.10254898078321606,1.379985569949227e-05
132,-0.8640237918510962,0.06174886863333806
133,-0.38550428267655,0.0026936193472566483
134,0.8392593994286079,0.055332999649133185
135,0.2938336058855955,0.0009185206912377675
136,-0.40950499471691937,0.00341895354019639
137,-0.8404838490359887,0.05563864111686512
138,-0.43859618573932324,0.004480810523889378
139,0.7066719098184928,0.02873282192040716
140,-0.5092963878775756,0.008057853638149814
141,-0.06889424195259375,2.8138324100757117e-06
142,-0.2183286665029771,0.00028177965003906014
143,-0.6884385714527468,0.025985766892798745
144,0.6605072858015089,0.022151879770752614
145,-0.9740313480335816,0.09664641355040193
146,0.753805397591718,0.03679416365105337
147,0.6810214296875243,0.02492440644443672
148,0.6612930775723775,0.022253768041503474
149,-0.9212824378125402,0.07855547808911267
150,0.9827484171491692,0.09989045686434483
151,0.6650459834716065,0.022745058886580516
152,-0.45896795899098786,0.00535704400359438
153,-0.1392946801021402,4.6907774923776735e-05
154,0.6155028351483081,0.016859232059680873
155,0.9084221346093009,0.07453220279817863
156,0.153140071926821,6.848091492861474e-05
157,-0.5631597444509884,0.011933878652901742
158,0.9689042227573732,0.09477277302151166
159,0.9142819703913971,0.07634711525027205
160,-0.507392881404712,0.007940567825838074
161,0.5654195169679224,0.012121563258716939
162,0.8550727278111669,0.05937250606388289
163,0.48718627314341667,0.006771411192658894
164,0.18657389619868625,0.0001505904980807493
165,0.7426631644916777,0.034758511263210945
166,-0.12027241249142251,2.609322078306331e-05
167,-0.9061142654780168,0.07382575721396467
168,-0.044589401439737664,4.93961025083145e-07
169,-0.6810639436078425,0.02493039936359387
170,-0.17097619844773826,0.0001063014699257403
171,-0.3884182147136874,0.0027749587925124386
172,-0.34029404611260494,0.0016443182137355628
173,-0.2926212657217957,0.0009035615004430175
174,-0.2005510110911357,0.0002008644310684815
175,0.21113508558392513,0.00024656473967332726
176,0.09906891234480808,1.2021245747950715e-05
177,-0.4156800402021086,0.00362684876192354
178,0.37079337544199964,0.0023096332349036297
179,-0.30021445532959223,0.0010003157972262589
180,0.5610830350561771,0.01176327758853657
181,-0.22348558936681706,0.00030924339181803706
182,-0.4673666369542475,0.005752722573573621
183,0.3805135050932589,0.0025584271123157976
184,-0.10692554720704872,1.630830329724109e-05
185,-0.8748612549702939,0.06471464627903534
186,0.0742737129679849,3.8005927979201104e-06
187,-0.0432635194624833,4.377860590709659e-07
188,-0.4308901017730662,0.004178694720549214
189,0.8907557554642451,0.06924325780819451
190,0.7724924411814793,0.040397328744190886
191,0.14397204577583977,5.352093260457824e-05
192,-0.45963781469573206,0.005387843648369195
193,-0.025680238661942578,5.435737837622412e-08
194,0.2613497688767583,0.000576591926174097
195,-0.942144316177874,0.0854001624788504
196,-0.5028109908755791,0.007663393032763199
197,0.05039851882838997,8.061155014615906e-07
198,-0.4430926900116203,0.004664371944687606
199,0.1608173654351548,8.324762095412996e-05
200,-0.9823445344367423,0.09973851552156165
201,-0.3913363072412237,0.0028582231634772803
202,-0.5268337310929785,0.009199096708510268
203,0.9062644991966042,0.0738716011907864
204,-0.9832604280007402,0.10008330572714397
205,-0.533905861647678,0.009691238119306833
206,0.16867887185863606,0.00010071536683420312
207,-0.012351769660978729,2.9094822107111895e-09
208,0.6274970421631425,0.018168515330282964
209,-0.4018689267987081,0.0031742157170725482
210,0.05768452265357116,1.3832682418390974e-06
211,-0.7552078577931156,0.03705628735084998
212,-0.8985906760330991,0.07155527368545456
213,-0.6961391709406071,0.027121744527235148
214,-0.4589969423518201,0.005358373952911499
215,0.6733703214025173,0.02386269261916585
216,-0.26867125224489463,0.0006435549437755483
217,-0.7033373763178303,0.028215530467218364
218,0.6970335844236406,0.027255963707271347
219,-0.047175040460536,6.188680572449812e-07
220,-0.6547239917580305,0.021412342137934748
221,0.8766526117007658,0.065214324379686
222,0.15920509973769015,7.996597307158293e-05
223,-0.5967655339030009,0.014952950799120845
224,0.4657019814718304,0.005672641640266485
225,0.48022703280908763,0.006399754483822573
226,-0.9101594326095201,0.07506710133340311
227,-0.8097049119156519,0.048310187385049885
228,-0.7609911375665861,0.03815130615082696
229,-0.1293669036527365,3.491340565986434e-05
230,0.3795880745047555,0.002533922292275781
231,0.5132328148725729,0.008304425612035593
232,0.050773188062935404,8.30349965896815e-07
233,0.6250779597163945,0.017898708791199813
234,0.019433855444441983,1.782865366450892e-08
235,0.41195311044138627,0.0035002898106157865
236,-0.7144285177714296,0.029962443169860298
237,-0.7827620219102409,0.04248109075502715
238,0.947677633700923,0.08728290145481499
239,0.16054154741489368,8.267919501003806e-05
240,-0.48836600767340244,0.0068359528519700286
241,0.6539081096712411,0.021309468149927402
242,-0.027891030242997328,7.563310577829441e-08
243,-0.6640642321355767,0.022615789132119035
244,0.31785618017914863,0.0012547303095329365
245,-0.7250405895987184,0.03170535155041376
246,-0.11666317899302037,2.3102588962764514e-05
247,-0.36338419137398614,0.002132399673953622
248,0.24882488670596103,0.0004742587432063905
249,-0.23749077336493052,0.00039393453779423826
250,-0.1808046632202438,0.00013285733556445134
251,-0.34079032644637985,0.0016538391511898842
252,0.7701532512583986,0.03993308062410372
253,-0.11677173102262817,2.3188596639966974e-05
254,-0.26015508043198965,0.0005661795291765914
255,0.6288807037584561,0.01832415841335233
256,0.03591770476191458,2.0799406552640676e-07
257,0.35349037590652554,0.001911713347092614
258,-0.4424213533316441,0.0046366197895924
259,0.11638704589226534,2.288488101631625e-05
260,-0.7810790626773219,0.04213448186996105
261,-0.7211986034803892,0.031066174320136253
262,-0.841211762491652,0.055820903396864185
263,-0.19767544772017698,0.0001896256810174357
264,0.821208477756213,0.0509636915340711
265,-0.3542464589509884,0.0019279516415301456
266,0.1596471641119841,8.085594889972736e-05
267,-0.1343928243942356,4.065444073686475e-05
268,0.7818732608591041,0.04229779670977274
269,-0.9984373520774119,0.1059170258279325
270,-0.5943830468670639,0.014722346815542187
271,0.042904729936802166,4.234454504814522e-07
272,-0.015316237998591387,6.87862222736868e-09
273,-0.6685450775402428,0.02321013739490807
274,0.5069257902022481,0.007911980205446367
275,0.23143030710551127,0.00035540438340209146
276,0.2717984833077218,0.0006738563922408236
277,0.07060928571965297,3.1045344676128295e-06
278,-0.7116103268557117,0.029511402282222265
279,-0.49018420491868553,0.0069363079474485945
280,0.5096188418491723,0.008077847039781205
281,-0.7816057152031692,0.042242729747243635
282,0.42898247822735747,0.0041062907883235855
283,-0.9925252529114881,0.10361742723713896
284,-0.8637303348689145,0.06166991716716985
285,-0.5816578373543049,0.013534247183743853
286,0.7718017222455613,0.04025984680745098
287,-0.3334235941883543,0.001516651025567639
288,-0.2014077843367441,0.00020430725050635257
289,-0.1428910250416957,5.193416861226652e-05
290,0.34040846528414037,0.0016465096787020572
291,0.26733054426764324,0.0006308801574976819
292,-0.7294444360119552,0.03244954335296668
293,-0.08140055105890642,5.4820111652365e-06
294,-0.8583594065043136,0.060237442776187256
295,0.9820261627591638,0.09961885606414922
296,-0.167021117728819,9.682304076175097e-05
297,0.47458035992342973,0.006109403899052346
298,-0.14482079121953428,5.479197080027198e-05
299,0.7780098876343255,0.041507571030975465
300,-0.2910964813909329,0.0008850055032330051
301,-0.7215863016131607,0.03113025107775258
302,0.04649806149304636,5.841076864410155e-07
303,-0.8071546439672246,0.047735469356760984
304,0.1326489492958398,3.858802766854019e-05
305,-0.9719302285175937,0.09587551899037483
306,0.7718981865731371,0.04027902717153775
307,-0.9334051984765346,0.08248441691643116
308,0.5274790147819257,0.009243224945254647
309,-0.0030880860413800004,1.1367573549136978e-11
310,-0.6650919595249283,0.022751125726510724
311,-0.6502796915588784,0.020856289281374396
312,-0.34567030803046017,0.0017496550610903716
313,-0.966994312706374,0.09408129323879344
314,-0.7584258555669054,0.03766277887191283
315,0.6140398531805475,0.01670436409357312
316,-0.7375424434323214,0.0338505527605828
317,-0.8023122941186132,0.04665759357631438
318,0.8879278727387885,0.06842179006467253
319,0.9282309068144741,0.08079110350191421
320,0.27103658477218384,0.0006663780063852487
321,0.46336145801260065,0.005561439508372179
322,-0.32135417459513116,0.0013103975201327334
323,0.6021463237308617,0.015483423707667199
324,-0.3479506410758699,0.0017958139933045292
325,0.04826345603837501,6.779772090403924e-07
326,-0.3774395075065955,0.0024777005286922282
327,-0.9390143774143609,0.08434777933808746
328,-0.1463623162698664,5.715811802464721e-05
329,0.5281678546722883,0.009290502736683082
330,0.19511153376927837,0.00018000752515479057
331,0.21212438003370448,0.00025120106936116215
332,-0.32437277350046934,0.0013598937862457916
333,-0.8272373838442988,0.05239480282882425
334,-0.2746088864096523,0.0007019838521502564
335,-0.06112934718261709,1.7443699966701587e-06
336,0.21474223709886942,0.0002637840021608717
337,0.2588656844085513,0.0005550997353785947
338,-0.41500874494852114,0.003603807122578462
339,-0.5921070838496605,0.014504481686762216
340,-0.6177824889678174,0.017102626006397115
341,0.6267812797036705,0.018088379272783617
342,-0.19585126887058846,0.00018274419096875327
343,-0.8498408096940595,0.05801375983637491
344,0.4814066597025488,0.006461669422828997
345,-0.9336702281250826,0.08257180846569756
346,-0.6063380729612133,0.015906057635121096
347,-0.2380313493616637,0.0003975165433276473
348,-0.839699109393131,0.055442621231252986
349,0.4965206409880234,0.007294523018486543
350,0.8635669587301387,0.06162599335550445
351,0.34013184215013914,0.0016412152424708504
352,0.9577304972375835,0.09077683551090077
353,-0.5057359582650485,0.007839499644670123
354,0.8606223326098081,0.060838097095059385
355,-0.8661306568430265,0.06231778753076722
356,0.0033530285351679456,1.5800027952650453e-11
357,-0.926800379889313,0.08032726309264315
358,-0.469261015200654,0.005844863939657996
359,-0.9234782823490439,0.07925725465515177
360,-0.7117607818457385,0.02953535798142759
361,-0.18347995666334205,0.0001408741140130898
362,0.694091547493308,0.026816262305549676
363,-0.10343332453746612,1.4281634491575268e-05
364,0.622373766763576,0.017600557847317844
365,0.70277599020914,0.028129105196232684
366,-0.31367286548874707,0.0011904884789966097
367,0.2141760465431657,0.00026102353219592533
368,0.38583375550546806,0.0027027265439838466
369,0.5450118766342453,0.010502625576902402
370,-0.9958123744198335,0.10489171067985603
371,0.1800551400407031,0.00013067383839293623
372,0.5420608657903547,0.010282359308568467
373,0.7698422444639719,0.03987164441040425
374,0.6017766113955367,0.015446543664806467
375,0.9159089122898993,0.07685643394761488
376,-0.8207852149296739,0.05086427113906333
377,-0.7394362374111423,0.03418433883008176
378,-0.8078358323866162,0.04788850185305793
379,0.1556008576034893,7.298056633719963e-05
380,0.7602330437271287,0.03800646811459829
381,-0.9414757456513196,0.08517460604070692
382,-0.5726700074103923,0.012738311579798767
383,0.7602810519303913,0.038015628685376
384,-0.5062931643135016,0.007873381811971392
385,-0.6783496502676654,0.024549862315512372
386,0.12106573149543864,2.6787653941373613e-05
387,0.1587400146399296,7.903758658167614e-05
388,-0.8514679968391685,0.05843397155065222
389,0.2611758494947931,0.000575067308878241
390,0.8016787973126875,0.04651787116447248
391,0.12733659396384311,3.277555612335448e-05
392,-0.9365206640354271,0.08351579527485165
393,-0.4796049897813486,0.006367281690213056
394,0.5669797011034627,0.012252395060552979
395,0.21709923093787453,0.00027551059978148107
396,0.07284802252240352,3.517199845370911e-06
397,-0.23259312400080878,0.00036256882551155556
398,-0.6687667242247415,0.023239826691033083
399,0.24439545758943937,0.00044153988257200627
400,0.2681385944610446,0.0006384967923129814
401,0.6910003268627731,0.02635979101812591
402,0.38716323830072463,0.0027397076102296802
403,-0.06493577258838545,2.220960849896869e-06
404,-0.17797457225183533,0.00012475333341577244
405,0.4056258264903607,0.0032929452301081463
406,0.6201711938483976,0.017360390313735152
407,-0.730808016861807,0.032682487047582476
408,-0.6736850602780777,0.023905711990472756
409,-0.5423585684438013,0.01030442542233756
410,-0.5201636833305068,0.008751954421972852
411,-0.8190360095404556,0.05045485570510688
412,-0.5875130166283715,0.01407188182583563
413,0.8779351135140729,0.0655737232936352
414,0.8486609770159339,0.05771041053081072
415,-0.9279273943734216,0.08069253575918389
416,0.1995662027446019,0.00019696089881415801
417,0.75745245590278,0.03747858133617343
418,0.8232229160627293,0.05143875027390621
419,-0.6666679381985614,0.022959794051977456
420,-0.7938869071412773,0.044823524215092725
421,0.2686795804801645,0.0006436342656206406
422,-0.7864808723718568,0.04325418572312256
423,-0.6632565087841462,0.02250983279197427
424,0.16156958645985897,8.481272109861493e-05
425,-0.87314977985201,0.06423976818931776
426,-0.17785277425470536,0.0001244130772515284
427,-0.2943951642707072,0.0009255119596067729
428,0.5904537120850379,0.014347692622934005
429,-0.43290011174055376,0.004256000143764704
430,0.7724382937086391,0.04038653906250189
431,0.6749725820572097,0.02408227695420173
432,-0.9484192698942422,0.08753741767563217
433,0.552738352898593,0.011095675473646982
434,-0.017414182145727874,1.1494772911291307e-08
435,0.3888562732905756,0.002787342193275699
436,-0.5280953264901802,0.009285516516502779
437,0.4354072508265998,0.004353899056162569
438,-0.7393584912319286,0.03417058967704367
439,0.7818448734182448,0.04229195150857645
440,0.3672137008756431,0.002222694230384459
441,0.03222232711202433,1.347294297238122e-07
442,-0.2384913315259356,0.00040058360953743044
443,-0.4933928269381451,0.007116043141547457
444,0.9430666627363431,0.08571201651586113
445,0.04070808785364877,3.4317282138207617e-07
446,-0.010243517523060408,1.3762548878304415e-09
447,0.8356541344493595,0.05443995698412685
448,-0.016616986115019383,9.530135014479413e-09
449,-0.4678643159104736,0.005776825020528009
450,0.15884789801722654,7.925221717741682e-05
451,0.6709320037607096,0.02353130746565746
452,0.7545217714833241,0.036927889796558144
453,-0.7081431220674594,0.0289632068162885
454,0.598338647837122,0.015106648196569594
455,0.33913552842049244,0.001622251005321096
456,0.3655914460366454,0.0021841044749408844
457,-0.7542065696964748,0.03686900809133431
458,0.6039185916919374,0.015661103356508055
459,-0.9550123079576776,0.08982271882836934
460,0.0667482362344558,2.4794009475526124e-06
461,-0.16735861379123995,9.760617756304768e-05
462,0.9951253231999129,0.10462448163745097
463,-0.6044891510302874,0.01571861926819995
464,-0.7161237918108874,0.030236138052060824
465,-0.015137961591291216,6.563916077340082e-09
466,0.1350712430688603,4.148031456274737e-05
467,0.78148598160439,0.042218102397720614
468,-0.6274076543476201,0.018158493512721696
469,-0.045549156446746064,5.378748104689635e-07
470,0.5983137375012908,0.015104205471832555
471,-0.5020015678089271,0.00761517673115264
472,-0.041629606311361034,3.753131634365303e-07
473,-0.5177303870023755,0.008592871096945065
474,-0.6493412396537594,0.02074022382017715
475,-0.5506137746144406,0.01093022368757468
476,-0.027905152497601504,7.578639538152743e-08
477,-0.6796984276165372,0.024738429844354592
478,-0.1954305289655569,0.0001811838695084944
479,0.07570945202406221,4.102944412442966e-06
480,-0.09940120513262207,1.218320985196808e-05
481,-0.3415581061462649,0.0016686492886763826
482,0.8663808269900615,0.06238558519880344
483,0.615156050994941,0.016822428361862207
484,0.920234431866306,0.07822207517270008
485,-0.4306400306704996,0.004169149983528686
486,-0.39552310195619467,0.0029809012328463336
487,0.3635171201793277,0.0021354875669638007
488,0.5416833597998276,0.01025442780662722
489,-0.864361701738501,0.061839867738646026
490,0.38957116877243947,0.002807639275094309
491,-0.505891117062909,0.007848923651198825
492,0.5132552103414136,0.00830584406619661
493,-0.7140570875191345,0.029902715777206046
494,0.9814765818819269,0.09941253025574004
495,0.10737425153688829,1.6583511586065747e-05
496,0.9895875589298089,0.10248766402944143
497,-0.49118089602545867,0.006991777394144694
498,-0.8459113116165504,0.05700778237194759
499,0.5480240324566501,0.01073099503894881
500,-0.6513114272501235,0.020984433465768948
501,0.4533696345776441,0.005104683129381948
502,0.03212479549250569,1.3310574598079938e-07
503,0.8941184989836131,0.07022906181664479
504,0.07182303609636165,3.3234698524342576e-06
505,0.10244631702405416,1.374472559256823e-05
506,0.12477199868618216,3.0217074717953096e-05
507,0.09731317283417718,1.1192094367062921e-05
508,0.3397139195482475,0.0016332403985235278
509,-0.0033709453597636774,1.6140422332000526e-11
510,0.10625755356947097,1.5904953446832515e-05
511,0.998652231613341,0.10600126191935177
512,-0.9234656905740026,0.0792532180002794
513,-0.9704831111206205,0.09534705532371945
514,0.40608964698994643,0.0033078278708372766
515,-0.8136460124380054,0.04920796357270296
516,-0.0005947618212929218,1.5654144647214707e-14
517,-0.007732135025387166,4.4678993837976577e-10
518,0.7251708094151765,0.03172717961708171
519,-0.03901345237523546,2.8950587716014553e-07
520,-0.7388249116466101,0.03407633470826121
521,0.6943769847373571,0.026858696978010466
522,-0.7268121853097897,0.0320032398465675
523,0.217870277085918,0.00027942993840135433
524,0.8481925068244245,0.05759027201764444
525,0.24651429895677213,0.00045697345012829516
526,0.11111143544636226,1.9013054382011063e-05
527,-0.11285250099934019,2.023174838106101e-05
528,0.25848617683195263,0.0005518696501409792
529,-0.9816201796404491,0.09946641179292592
530,-0.10637488122353278,1.5975251359101605e-05
531,0.7979305608642684,0.04569724225532357
532,0.06080732946452727,1.707914556337009e-06
533,0.38701337345640496,0.0027355203194766586
534,-0.8033333444828212,0.0468834204969637
535,0.5995168615600297,0.01522251333119351
536,0.4201438641282087,0.0037828464479693347
537,0.31047766784335584,0.0011430942626633467
538,0.26738247780491564,0.0006313676327053264
539,0.8155208632112521,0.04963917496399417
540,-0.7238846664491112,0.0315120621051177
541,-0.5529301168008642,0.01111069863238956
542,-0.11691132984713581,2.3299555562794616e-05
543,-0.6207510600570965,0.017423386470993396
544,-0.15510780666988588,7.206177860619167e-05
545,-0.2327535785235768,0.00036356583059715675
546,0.760340287450531,0.03802693374227295
547,-0.34726989764507543,0.001781940736355958
548,-0.6998938647420982,0.027688397728712233
549,0.24945103273068736,0.0004790257338352921
550,0.9573504795170495,0.09064302432937232
551,-0.9636247486697049,0.09286987567399918
552,0.2272487496857385,0.0003305111265634597
553,0.35009814472818435,0.0018401050444926126
554,0.23859410910438617,0.0004012713165153503
555,0.950185096065518,0.08814549042705888
556,-0.4257100975965644,0.003984250854323745
557,-0.6503994756949858,0.020871137642185733
558,-0.16717062429566742,9.716937829018502e-05
559,-0.6335431228143322,0.01885574082202479
560,-0.6957349764142382,0.027061245866619954
561,0.8344585546617596,0.054146068118365864
562,0.49368112478771264,0.0071323583517085565
563,0.8624168695886629,0.06131741362927434
564,-0.72106604166704,0.03104428691307959
565,0.9153278458810283,0.0766742581016766
566,-0.9522149962556916,0.08884811324102393
567,-0.3643443778262654,0.002154779103711091
568,0.18876798580327603,0.00015777855658549722
569,-0.00889241737248514,7.815984526260422e-10
570,-0.5678079618512044,0.012322267537893783
571,0.22035885033937297,0.000292364313802862
572,0.15896154474253055,7.947878525116359e-05
573,-0.25738608773778515,0.0005425856995507905
574,0.4313200237563748,0.004195141724336993
575,0.8688207879874583,0.06304955259772194
576,-0.04385924937270924,4.6239759399213654e-07
577,-0.5366479950233343,0.009887149294353637
578,-0.08356742112574289,6.089093979033677e-06
579,-0.8452342729663889,0.05683570755138978
580,0.48093445813697855,0.006436832395785519
581,-0.6914699466394698,0.02642877512055264
582,0.6590190314213442,0.021959832616726405
583,-0.3512649758220363,0.0018645075378190823
584,-0.5804575795658784,0.013425914180252518
585,0.6456695284469263,0.020290604077739305
586,0.6185419983125366,0.017184280936408447
587,-0.768563431031134,0.039619736089116286
588,0.7639062852903853,0.03871193369520887
589,0.11087089358221958,1.884911263039246e-05
590,0.44550322003540654,0.00476503082519697
591,0.9098941814030677,0.07498525993714211
592,-0.938022909572463,0.08401630641081981
593,0.8761404506957053,0.06507118742434759
594,0.6028062408692447,0.015549411781764944
595,-0.22583896959942673,0.00032241975715496807
596,-0.7530225924599805,0.03664843279269747
597,-0.6503424855582061,0.020864072229636044
598,-0.8902092953195615,0.06908398152131723
599,-0.5994246599330859,0.015213423012673921
600,0.25801779527675284,0.0005479024871281046
601,0.7448936462196596,0.035159396486522776
602,0.12654467451101592,3.1968862134856835e-05
603,0.7342040742199387,0.0332678499237975
604,0.7145943685461753,0.02998914025309729
605,0.6299594953353307,0.018446176959196592
606,-0.3910138854328331,0.002848933493577732
607,0.48591404357625056,0.006702312514925257
608,0.27179045837072136,0.0006737772993226088
609,-0.007527818412087939,4.0140468726690415e-10
610,-0.2513369946654378,0.0004936001516070432
611,-0.15451636841091676,7.097110194387302e-05
612,0.8196108991893918,0.05058915474452452
613,0.8827395388734021,0.06693244532238762
614,0.5212745855247805,0.008825295931777943
615,0.2029549869977827,0.00021063597635606612
616,0.6520685263059203,0.02107882877592393
617,-0.062292964808603024,1.8809843859157738e-06
618,0.7295812733865934,0.03247286570934971
619,-0.307099596351571,0.0010945292368551574
620,0.22554970475462133,0.00032077799952723307
621,0.48939514759301694,0.00689262400279711
622,0.6330353466739234,0.018797311338249578
623,-0.03057612455357206,1.0923758764214142e-07
624,0.9114833041116486,0.07547650566868214
625,0.607449913197734,0.016019552148448968
626,0.4756049399667026,0.006161352666060549
627,-0.759081007110753,0.03778711737241458
628,-0.568023789749649,0.012340522546479549
629,0.545917229986284,0.010570888407444134
630,0.8364207424512455,0.0546289910165666
631,0.30522496317356884,0.001068250301494822
632,-0.0991279191990615,1.204988797809392e-05
633,-0.8361726365999071,0.054567761162459094
634,-0.5264404457453187,0.009172277401852114
635,0.27729716009005223,0.0007296989968291756
636,-0.3512320832175533,0.001863816367081328
637,-0.20655100853209185,0.00022591064872778954
638,0.22833421628649098,0.0003368436924179319
639,-0.1945780089227216,0.00017805284233085583
640,-0.37761068886107396,0.002482145627160537
641,-0.9526319677262647,0.08899292188910035
642,0.18174690440746666,0.00013564083666928184
643,-0.6319897195373456,0.01867740529956985
644,0.681004608365839,0.0249220355356764
645,0.6095335768701087,0.016233832340985632
646,0.8504086946203975,0.05816016999677198
647,0.11666173738894758,2.3101448365037136e-05
648,-0.18458284018842197,0.00014428217471162963
649,-0.503870170598252,0.007726825110086599
650,0.1448819348112771,5.4884400733090644e-05
651,-0.7660358651321497,0.039125183264640984
652,0.3494639592676938,0.0018269419033579704
653,-0.3271256396815567,0.001406232332172408
654,-0.487955967364202,0.006813469063984834
655,0.6856518831490146,0.025583260203174918
656,0.21360950219250396,0.0002582829980789514
657,-0.6074119325237366,0.01601566547177624
658,-0.12044117038458735,2.6239800639982214e-05
659,0.7104675297105814,0.029329899635197387
660,-0.1531369205000157,6.847528909792455e-05
661,0.8010868295077527,0.04638757702129115
662,-0.7844484312428301,0.042830441311640044
663,-0.8199817358141837,0.050675919489006405
664,0.13574688735917184,4.231523437414619e-05
665,-0.09420917320876909,9.831971240048532e-06
666,0.114492420611926,2.1432293829448668e-05
667,0.9443700803122272,0.08615406216544652
668,0.22844016905556952,0.0003374666329769571
669,0.06436258399350869,2.143601754878155e-06
670,0.3761447372491533,0.0024442697822136816
671,0.4900375649606923,0.006928174286652933
672,-0.3306024555118001,0.00146642211484449
673,0.784572430624684,0.042856209007413826
674,-0.6448469149525045,0.020190846693947884
675,0.24165203767642773,0.0004221388359424427
676,0.3389480726695904,0.0016187011729194012
677,-0.38167246000243615,0.0025893626298914008
678,-0.19807114223147848,0.00019114359748595433
679,0.11664129509413423,2.3085278952894583e-05
680,-0.2951225561300588,0.0009346266232034273
681,0.36369789997065194,0.002139692343818722
682,-0.027589302785437697,7.241321364759301e-08
683,-0.14796825073845588,5.9703643102815285e-05
684,-0.8538784815799967,0.05906040210089836
685,-0.2645506923392842,0.0006051938964246606
686,0.8157018849619599,0.04968095079646828
687,-0.5957278752920281,0.014852193775366285
688,-0.11333752449240597,2.0581433502475655e-05
689,-0.384038535587927,0.0026533788070914888
690,-0.8992988753116835,0.07176688372152629
691,0.21654929750846064,0.0002727404063120886
692,-0.7113405528680936,0.02946848336876795
693,-0.4440840092881908,0.004705575574642906
694,-0.6782368669507399,0.024534141618167582
695,-0.8735194315160173,0.06434212639303183
696,0.24986790202512554,0.0004822192161851868
697,0.2524195878559896,0.0005021142654052513
698,0.8460391814352333,0.057040322729373094
699,0.3298061234227003,0.0014524703735271371
700,0.8871853304771817,0.06820722770466692
701,0.03414956341835307,1.6996763396726067e-07
702,-0.8253740479532681,0.051949496655817384
703,-0.9738204007397386,0.09656882479720375
704,0.23101777001213808,0.0003528882110765963
705,-0.6820010251672834,0.025062757861990193
706,0.5166223594323249,0.008521137884290542
707,0.5369959521892695,0.0099122146458549
708,-0.3311589404107129,0.0014762306767590605
709,0.00042465507504507727,3.9968028886505635e-15
710,-0.9940413551988716,0.10420382556074814
711,0.5375003954916291,0.009948635145521356
712,-0.9909474020309244,0.10300956440309283
713,-0.9429892536675424,0.08568581341250381
714,0.38728528095191606,0.0027431210418960017
715,-0.8130668514360921,0.0490752964227027
716,0.585104506905634,0.013848878953510835
717,-0.33778971196394414,0.001596893233812291
718,-0.6760547551065923,0.024231407554428097
719,-0.37061212632626606,0.002305171656445726
720,0.026083271691191623,5.78507548532059e-08
721,0.17398694437251816,0.00011396940932351107
722,0.9061495270251068,0.07383651552545245
723,0.005045990058982763,8.10389533256739e-11
724,-0.771728266935138,0.040245245780035965
725,0.5670000257120702,0.012254106184768854
726,-0.35953582960281993,0.002044430650094742
727,-0.775732860085006,0.04104677841398696
728,0.8730334780513602,0.06420758737458576
729,0.8877560371384647,0.06837209504404695
730,-0.12593189917622571,3.135493334538442e-05
731,0.8987994074199137,0.07161759720505134
732,-0.2550568947891856,0.0005233138913097735
733,-0.3753411484075406,0.0024236901171642566
734,0.31682677474397103,0.001238688625363804
735,0.23654444373043804,0.0003877219741069693
736,0.7343866732001814,0.03329953489913373
737,0.12087732046225286,2.6621489472300475e-05
738,-0.034557253483292305,1.7822985454163387e-07
739,0.4696053038936807,0.005861725885001667
740,-0.13715722190336121,4.409853218956261e-05
741,0.009994359750123305,1.2471615962184046e-09
742,0.8250132545097391,0.05186358357031018
743,-0.38248669767625154,0.002611261889742922
744,-0.6969282619517057,0.02724013382753876
745,0.7950561797427624,0.04507493953270503
746,-0.45211833358063025,0.005049497557961025
747,-0.21529668098675758,0.0002665082809413244
748,-0.21761897206637748,0.00027814797379699385
749,0.02347027101651733,3.792648195499737e-08
750,0.8122970818727344,0.0488993596866385
751,0.049034052865740474,7.223158792202256e-07
752,0.9115799390973371,0.07550645075759244
753,-0.47604663539468217,0.006183847698305378
754,0.15553138170224234,7.285057202477407e-05
755,0.18449020894413426,0.00014399358393302197
756,0.865253242266959,0.06208041232949635
757,0.18750246131664272,0.00015360199942426878
758,-0.25274820063525727,0.000504720197891162
759,0.7487897037994737,0.035867554593766005
760,0.6051753087550644,0.015787991469167872
761,0.5173542349111047,0.008568469728661432
762,0.03932622558812149,2.9890084418671137e-07
763,0.45741355115233695,0.005286073055331686
764,-0.32417977724433467,0.0013566882742594988
765,0.20782374245430213,0.00023151014713218565
766,0.0748569113837414,3.921318559307885e-06
767,-0.1203371933855375,2.6149415489395977e-05
768,0.5295275012879255,0.009384340233053678
769,0.4078915001118042,0.0033661165491276623
770,0.367093372952902,0.0022198146720857626
771,0.797569857383245,0.04561881717272398
772,-0.6879060394636938,0.025908498291191795
773,0.1409285755031906,4.9143928836037354e-05
774,0.9036561361401099,0.07307847854040017
775,-0.2293752919419032,0.0003430019834707032
776,0.16611115724071124,9.473496112577529e-05
777,-0.557422581611791,0.011466918795601022
778,-0.16459255405380957,9.132550278834195e-05
779,0.5558133159988665,0.011338370711140633
780,-0.22080306770116587,0.00029471935212577183
781,-0.5702845939082628,0.012532932628597226
782,0.7632271568711315,0.03858080506208461
783,-0.3831407794309789,0.0026289528317071653
784,-0.17506401758406565,0.00011681055144741048
785,0.3271956637405029,0.0014074261312280179
786,0.45367101135146304,0.005118040776136312
787,-0.7247302713454333,0.031653377945245476
788,-0.16786686850891996,9.879447946070652e-05
789,0.1897618951953688,0.00016111779028116224
790,0.3873719800599684,0.002745547856856212
791,0.4946689040141592,0.007188466731996579
792,-0.18724999035440115,0.00015277877420405428
793,0.36685849954770666,0.0022142019060362728
794,0.3804410887011487,0.0025565032654757402
795,-0.492198105528616,0.007048724203186585
796,0.692907422572802,0.026640739108136913
797,-0.022871764529000194,3.4203522458753355e-08
798,0.026609777170416793,6.266480800931618e-08
799,0.07258075153417165,3.465888856468702e-06
800,0.4767374738349883,0.006219152395723682
801,-0.9203555712956248,0.07826056281224425
802,0.35028502312372645,0.0018439972829898954
803,0.9963404221236667,0.10509741435709496
804,0.7823740855431045,0.042401015126897756
805,0.13225094304468277,3.8127651416752784e-05
806,-0.9138958205405638,0.07622657685919276
807,0.6797587987615461,0.02474689445519851
808,-0.17062344249187023,0.00010542901394972048
809,-0.44966469636902495,0.00494256425144135
810,0.2151344279823335,0.00026570888009858074
811,-0.36133854745565985,0.0020852964563997656
812,0.8694082784514261,0.0632101608480442
813,0.28042475318929716,0.0007629604128603917
814,-0.05984310991205799,1.60216579236927e-06
815,0.5540640526337226,0.011199837452042671
816,0.6105786598209937,0.01634208763064382
817,-0.47230032214443196,0.005994957804278833
818,-0.7005872834328708,0.027793971717682497
819,-0.6028853100345626,0.015557331960955323
820,0.6052866161323986,0.015799265863097323
821,-0.5664668605272687,0.012209276821929627
822,-0.07342453252945336,3.629816212602499e-06
823,0.9511151009956651,0.08846691874344748
824,-0.14799790740998287,5.975143487235712e-05
825,0.5720840734670296,0.012687638135869705
826,0.44162501515133346,0.004603858417118523
827,-0.7627875580482362,0.038496094895820954
828,-0.9243548566335962,0.07953861810705554
829,-0.2036070721149712,0.00021334671131068017
830,0.8645827419559404,0.061899444871242326
831,0.4429454285630894,0.004658273890700837
832,0.7992919686008753,0.045994106058032114
833,0.6398536479069181,0.019592921865872914
834,0.2891667389830086,0.000861929967947872
835,-0.6249976516089688,0.017889801989251608
836,0.431132930206672,0.004187978450219898
837,-0.545020540044534,0.01050327725816369
838,-0.6279309642589594,0.018217222028388824
839,-0.47599284565216404,0.006181105022979749
840,0.39664572753657135,0.00301444771555881
841,-0.6224788366959604,0.017612074547301737
842,0.18226428226984193,0.00013718766195180976
843,-0.4594790647584561,0.005380532636576452
844,0.5693262736009874,0.012451107630765512
845,-0.9668539486424708,0.09403061280657077
846,-0.9332584945667859,0.08243607008434295
847,0.7753081521941831,0.04096123713985689
848,-0.8289974197927665,0.05281789561376038
849,-0.8640942119446331,0.061767824982315034
850,-0.8229981493617675,0.05138558950852945
851,0.41123523213288204,0.0034762923561020287
852,0.42313471693283766,0.0038901055030031717
853,-0.5002857143506032,0.007513702551020129
854,-0.2360277100426862,0.00038436069951086616
855,0.8774386150979083,0.06543442366740737
856,-0.6948587627170106,0.026930430373471426
857,0.6276974608175021,0.018191000080714392
858,-0.17293467703047827,0.00011124393936690069
859,0.7860663648845225,0.04316752383699962
860,0.9717751192582309,0.09581877894301416
861,0.2031869311409331,0.00021159720646801716
862,0.4247747631461538,0.0039498664414888696
863,0.23209220948435405,0.0003594694581077196
864,0.05176580062248104,8.971970002491503e-07
865,0.8826603385457139,0.0669098882317457
866,0.7410538490216916,0.034471307422314634
867,0.3533134975333212,0.0019079292521382296
868,0.2659749786167751,0.0006182550700946088
869,0.15595668361950477,7.364906567675078e-05
870,0.49983029870878215,0.0074869372387149635
871,0.5739736537005622,0.01285158458254132
872,0.768030495750023,0.03951509117518748
873,0.511665230146948,0.00820558078123923
874,-0.6116478957067917,0.016453386790316382
875,0.6521897952971445,0.021093977119089447
876,0.8791556352731189,0.0659170426595983
877,-0.5000757015087562,0.00750135113441841
878,0.4850840699261336,0.006657514450089108
879,-0.31076108436606775,0.0011472404348805698
880,0.9135743459346959,0.07612632853269707
881,0.21069195822279174,0.000244508889709838
882,0.1381762232089947,4.542159807485735e-05
883,-0.9618359548391822,0.09223118233836236
884,-0.8694766229705015,0.06322886354200441
885,-0.33230048031298054,0.0014965038744773063
886,0.23245077864091157,0.00036168605408348764
887,0.8790356872587197,0.06588324681834001
888,0.03621114449825358,2.1487412082965562e-07
889,-0.9280396279959549,0.08072897463016748
890,0.7987428500772538,0.04587420288667432
891,0.7415305439093507,0.034556202260110025
892,0.088350574223514,7.606461971287892e-06
893,-0.07864152581956052,4.776064736922159e-06
894,0.9660700866628853,0.09374793568039352
895,-0.03673578861521243,2.2759871542987753e-07
896,0.39521348469987205,0.0029716980199643306
897,0.3622961926861994,0.0021072501477563677
898,0.3622326130364011,0.0021057873162002583
899,0.7916303891286447,0.0443411513785269
900,0.6190167268661919,0.017235462595707074
901,-0.486349265970353,0.0067258921507242775
902,-0.9542186739064533,0.08954546086063642
903,0.5879109876905042,0.014108980030549834
904,0.7471219527214756,0.035563182947552674
905,-0.4379510556230668,0.004454918547810105
906,0.8126136342842607,0.04897165594310582
907,0.20298262228668862,0.00021075033177253566
908,0.5598193206312165,0.011660339657485586
909,0.13961348775269,4.733798764033903e-05
910,0.22678549740109988,0.0003278357781791863
911,-0.7924643100244726,0.04451898540123367
912,0.5297590842093152,0.009400392102867361
913,-0.02151776540168493,2.6795703989002106e-08
914,0.42031809763592887,0.0037890342087357753
915,-0.2204045081211985,0.00029260572018052766
916,-0.3480237193452933,0.0017973080483664194
917,-0.6581933711749346,0.02185380849862595
918,-0.4165340122121761,0.0036563177911542732
919,-0.8747174724462952,0.06467465677847895
920,0.1993686411835176,0.00019618469495641389
921,0.8505410526524164,0.058194331491589146
922,-0.9586969559203791,0.09111776004830308
923,-0.13395603208710982,4.012926793883764e-05
924,0.9672642134003628,0.09417879782128824
925,0.9303357580905112,0.08147697695904643
926,-0.19494995619414301,0.00017941386604869436
927,0.20877660633369843,0.00023576975483874385
928,0.36453659481640055,0.0021592800211757135
929,0.21381960599294803,0.0002592968085367575
930,0.8146945619243324,0.049448798927358095
931,0.23009229846435342,0.00034729192271754084
932,-0.9503601392299723,0.08820592682875172
933,0.252798108497738,0.000505116853007026
934,0.2570557900500048,0.0005398211081277804
935,0.5328506118455512,0.009616608841964802
936,0.7351541048502241,0.033432937719184985
937,-0.009270006366469685,9.230471942345275e-10
938,0.6151428126051399,0.016821024548301144
939,0.5555121383587491,0.011314430143609444
940,0.16225175218562016,8.62510064139066e-05
941,-0.9889969744965381,0.10226156975627898
942,-0.23154498902349885,0.000356106231863218
943,-0.24880673523928243,0.00047412108209521353
944,0.46986887462764293,0.005874658755400941
945,-0.8551048556887486,0.059380918369523084
946,0.28825994171821456,0.0008512427906260944
947,-0.5919238581007851,0.0144870452348409
948,-0.7588698818868924,0.03774701682795589
949,0.6756327953578314,0.024173179693397273
950,-0.2107353116707149,0.0002447094568549524
951,0.9042237200840342,0.07325055394169544
952,-0.8561613411535627,0.05965801470000265
953,0.09775607210574488,1.1397078934938243e-05
954,0.5168779156651739,0.00853764337146612
955,0.038160075438934626,2.6499734029350464e-07
956,-0.5721042465429844,0.012689380319446109
957,0.9640333775876901,0.09301620620509532
958,-0.7169015548632864,0.03036230339957169
959,0.36512166331018214,0.002173022796732371
960,0.003566288897804304,2.021971479138074e-11
961,0.20933256447720372,0.00023828196229946919
962,0.8251006125627038,0.05188437626818809
963,-0.9053044447095497,0.073578982036961
964,-0.5490686334999699,0.010811033757787136
965,0.766505081409852,0.039216657068301575
966,-0.48510962654459866,0.006658890581171861
967,-0.589141224983631,0.014224111268927309
968,0.14091236398132634,4.912135726931055e-05
969,0.9238247128703918,0.07936836912262346
970,0.723596255906293,0.031463967172995044
971,-0.7669177707047901,0.039297236944079605
972,0.44458126318270486,0.0047263444715368585
973,0.4780124824562848,0.006284699749758094
974,-0.2363146702866361,0.0003862246347899889
975,-0.3206745879602728,0.0012994416150420296
976,-0.653278258607431,0.021230295567682633
977,-0.7409797355504011,0.034458121938391595
978,0.4819659645187442,0.006491179047314333
979,0.9419178690831873,0.08532371932075489
980,0.3951871496523809,0.002970916196094686
981,0.7204584901202158,0.030944115055071664
982,-0.9594496178964118,0.09138388026225153
983,0.8144400584106142,0.049390266864492216
984,0.6703863854056411,0.023457611306637483
985,-0.4574343417156068,0.005287017710718378
986,-0.9474323358362418,0.08719883283242402
987,0.7602261753857342,0.038005157677303836
988,-0.2908049479445589,0.0008814902372722422
989,0.8208552758134093,0.0508807182786285
990,0.8322994275005962,0.053618170524770026
991,-0.14539857287075786,5.5670063592971886e-05
992,-0.24603464629696337,0.00045344497563648556
993,0.947109648590944,0.08708832692670065
994,0.5841512730098888,0.013761334767920408
995,-0.833842043645725,0.05399496076939769
996,-0.6940572735780386,0.026811170204534496
997,0.4330049239728766,0.004260059992362009
998,0.08960396300732887,8.04707280732675e-06
999,0.4815432535884525,0.006468867162449765
