,data,labels
0,0.5293250968497236,0.00937032728221232
1,-0.2883530925219908,0.0008523360583994055
2,-0.6900408076179769,0.02621924717407631
3,-0.11950512659429036,2.543449068015402e-05
4,0.7963385623123842,0.045351826057180356
5,-0.19150344990850265,0.0001670959612031231
6,-0.9075017208240579,0.07424989765705292
7,-0.30611013785701235,0.00108059962110707
8,-0.25910944709429407,0.0005571818847834864
9,0.033364100165443444,1.5486280058318869e-07
10,0.057345919310394455,1.3510831858853933e-06
11,-0.34876911599725924,0.001812600141106624
12,0.3475787504138297,0.0017882251233585222
13,-0.13911509174201742,4.666672357644952e-05
14,0.19477434795054216,0.00017877031749402583
15,0.8364747408646593,0.054642323672751236
16,0.3960753704456752,0.0029973694851750388
17,-0.9969005546817205,0.10531592026415881
18,0.35392986209026733,0.0019211397263922958
19,-0.301918722153953,0.0010230507739192873
20,0.5856218538597737,0.013896561169967625
21,0.2581830740397977,0.0005492999512343166
22,0.47547203016358486,0.006154595526986606
23,-0.12130624205236673,2.700089372908998e-05
24,0.7636487696312675,0.03866217424054974
25,0.2893681779335384,0.000864317553535443
26,-0.6679034703449704,0.02312434930995777
27,-0.03687352362142993,2.3103095103671478e-07
28,0.575651239061586,0.012998427803869839
29,-0.5958344787314995,0.014862522165099867
30,-0.7525798253811762,0.03656618798655831
31,-0.9947606478391182,0.10448283156394067
32,0.022128413689442405,2.996923775810956e-08
33,0.34751858258049606,0.0017869995688087892
34,0.7981780828050173,0.04575111449432945
35,0.24484118470888405,0.00044475373337271584
36,-0.3147849876497286,0.0012073224212609812
37,0.4462291367697997,0.004795655067753146
38,0.4432188492128166,0.004669600842783339
39,0.4275802153093302,0.004053661794858443
40,-0.2897617748931478,0.0008689969318997903
41,-0.9173543256684662,0.0773109096946133
42,0.15479401342003207,7.148155924996402e-05
43,-0.6783301190648694,0.024547139370420856
44,0.8466940953393534,0.05720719090885762
45,0.8601970395124483,0.06072489012764637
46,0.11739417401569452,2.3686409492795768e-05
47,-0.8195033333854436,0.05056400724141652
48,-0.0024189407002939145,4.279576693022591e-12
49,0.09124114633033531,8.651084902888684e-06
50,0.4879050553050919,0.00681068119610051
51,-0.7563210522733772,0.03726529415976465
52,0.7372830029449071,0.033805008189348174
53,-0.3828840439663499,0.0026219983587764117
54,0.37854553018033243,0.0025065251779071707
55,0.7828702058448456,0.04250344065220801
56,0.33959579443929,0.0016309915495376082
57,0.5884335038774429,0.014157796235378384
58,0.4285990397358932,0.004091849948508974
59,-0.5799485743210773,0.013380163747213514
60,0.5020260491075046,0.00761663177553662
61,-0.8894245731381085,0.06885570851312828
62,0.5828826475069855,0.013645451640497797
63,-0.4270512718050663,0.004033939768132155
64,-0.8937170775683043,0.07011086978995018
65,-0.6867489493382908,0.025741179200422515
66,0.18374701367842783,0.0001416937719389555
67,-0.7023384672809312,0.02806188077516225
68,0.7832580416342416,0.04258363307845936
69,-0.39101839242995395,0.002849063195635826
70,-0.27071162122810266,0.0006632072325840621
71,-0.22356913043710125,0.0003097041240428533
72,-0.862856451617694,0.061435228932808617
73,-0.8634667450694293,0.061599061724080695
74,0.19626382727972103,0.00018428390436864284
75,0.49613745939044596,0.007272482998383345
76,0.8500033289906808,0.05805563343446973
77,0.16953163375731983,0.00010276261582642388
78,0.10538060456833831,1.5386835688580014e-05
79,0.8565313762043838,0.05975528296253352
80,-0.7659181968132238,0.03910226769851122
81,-0.4607393760791614,0.005438776343623664
82,-0.7757716736277251,0.041054602270360174
83,0.15446984608513925,7.088583712278052e-05
84,0.7584673059120923,0.037670636890781095
85,0.15468160981797152,7.12745724880115e-05
86,0.7901575464675996,0.044028301655835045
87,-0.0810762107962344,5.395207109515354e-06
88,0.1004041264663893,1.268197466897103e-05
89,-0.8052542911130762,0.04731037964232365
90,0.9977218803272891,0.10563688199083043
91,-0.7543367708535287,0.036893322359644154
92,0.8905109095983377,0.0691718610035773
93,-0.36871184755430697,0.0022587786799886933
94,-0.9718637171074871,0.09585118580890784
95,-0.057918643356586585,1.4058557386009696e-06
96,-0.4923056375830883,0.007054764064799324
97,-0.04774172060887394,6.491384244577958e-07
98,-0.7673476246102069,0.03938129381558275
99,0.8251160529910568,0.0518880519653061
100,0.7350335169035689,0.03341195058263424
101,0.20190944484511908,0.00020634346309034157
102,-0.18311541444791035,0.00013976098258816627
103,-0.21911234491014286,0.00028583094702627765
104,0.52724868088402,0.009227455620411384
105,-0.23291852116577227,0.00036459285534096164
106,-0.49669809871051496,0.0073047467219603535
107,-0.7992961782676622,0.04599502612164419
108,0.6566938057570242,0.02166219452236251
109,-0.2637349782334717,0.0005978068273327919
110,-0.44428026541544163,0.004713764582127022
111,0.26361748726908396,0.0005967484007999291
112,0.8759363068150685,0.0650141955608623
113,0.4387859544510102,0.00448844788938807
114,0.6234341650748665,0.01771703905193789
115,-0.809363164183059,0.04823288925976277
116,0.9232135250574154,0.07917240927647407
117,-0.8161694877254422,0.049788978497877445
118,-0.6335557666826441,0.018857197422009198
119,-0.19454224421527067,0.00017792238070679645
120,-0.3199769309426277,0.0012882653911792108
121,-0.5999888833573541,0.015269112694714648
122,0.31818445287279995,0.0012598782668733488
123,0.09032396143622656,8.308671610168794e-06
124,0.27384698979582645,0.0006942737046444769
125,-0.07013986369020575,3.0228295815337702e-06
126,-0.2864677519196195,0.0008304113419808079
127,0.9396001064089796,0.08454403012243095
128,-0.3679671977167984,0.0022407891371033495
129,0.8171946229479432,0.05002639210021009
130,-0.2243887642518263,0.0003142516742256074
131,-0.6377047679594812,0.019339592159289487
132,0.16410717691624033,9.02553915053117e-05
133,-0.29942735028671263,0.0009899437204003991
134,-0.012706041703222759,3.2579126063581043e-09
135,-0.4735761291404348,0.006058800395417174
136,-0.4107126607990568,0.0034589003521869888
137,0.9834847939897675,0.10016789407412108
138,0.053323654059035386,1.0101452669886157e-06
139,-0.5018620077708578,0.0076068858871714
140,-0.792272717333597,0.04447808338782466
141,0.004314488453830423,4.331379699351601e-11
142,-0.16380030507809007,8.958369030365176e-05
143,-0.6583837773492425,0.02187822590195143
144,0.6038460104188796,0.015653797704430095
145,0.12457050196253916,3.00226055477415e-05
146,-0.09963265907908636,1.2296986016124833e-05
147,-0.4585669016602638,0.005338665784645702
148,-0.10691489376262675,1.6301810991325993e-05
149,0.28944186477795264,0.0008651921672396812
150,0.9434765848606153,0.08585086867716496
151,0.10990898322096654,1.8204084186956848e-05
152,0.29763260197525687,0.0009665929640143567
153,-0.11064807185600367,1.86981951771914e-05
154,0.18779933942942728,0.00015457426034604094
155,-0.7271411576590412,0.032058775647447746
156,-0.8433900608893081,0.05636884534761
157,-0.19898528530575232,0.0001946850457259508
158,-0.44565856526659964,0.004771572206614616
159,0.4797208510977684,0.0063733208443923495
160,0.8054185274825731,0.04734701119867868
161,0.460478724409503,0.0054266927390916875
162,-0.9018361909057107,0.07252862911539548
163,0.240041277742848,0.0004110485034224398
164,-0.7291480389864871,0.03239906706520268
165,0.4998192230606846,0.0074862871832966915
166,-0.8513978639982118,0.058415816039096735
167,-0.17519766610630993,0.00011716675344275451
168,-0.9089276068227317,0.07468755756138756
169,-0.3597174257196032,0.002048520108610674
170,0.8794786332948887,0.06600810917108413
171,-0.8500474084283658,0.05806699431026008
172,-0.36431595722063403,0.002154114203060331
173,-0.7603726566429234,0.0380331123937282
174,-0.36954004941321705,0.002278912252095755
175,0.386001988439745,0.0027073855782515643
176,0.862191584324266,0.06125709509620403
177,0.6925562329244317,0.02658884161181696
178,0.1329064111116598,3.8888044575302594e-05
179,0.3116007011901769,0.0011595890854140256
180,-0.769980481285518,0.039898943354479965
181,-0.02193221939604273,2.892048167613126e-08
182,-0.15654633214313973,7.476693057106854e-05
183,-0.09431185558715316,9.874874584148152e-06
184,0.29732328271911546,0.000962610344783954
185,-0.014412046399735035,5.392592261621587e-09
186,-0.906115292441027,0.0738260705252789
187,0.7173347048204963,0.030432730735117985
188,0.7397459973885143,0.034239158179378726
189,0.715615936897499,0.030153959459642166
190,-0.535446487689093,0.009800954450891353
191,0.45178070001394355,0.005034682712999783
192,-0.3689565462016031,0.0022647135152193965
193,0.04849023285526366,6.908072952560573e-07
194,0.2783367616036778,0.0007406325575133321
195,0.27299071242090034,0.0006856839767821477
196,-0.35663452240788174,0.001979912504040282
197,-0.7227482307422306,0.031322856753417616
198,-0.29492626176654557,0.0009321603804902656
199,0.19271940264615495,0.0001713671581935472
200,-0.7449120951705885,0.03516272604957382
201,0.24308796938777344,0.00043221236693924414
202,-0.10895400104799369,1.7580204428879753e-05
203,0.030617097979767305,1.0982425346917069e-07
204,0.5512127461782084,0.010976684837325057
205,-0.46092197736247864,0.0054472533940348455
206,-0.5885579665490863,0.014169442309729496
207,0.24812437353528982,0.0004689676276373733
208,-0.9818528114226663,0.09955374394254468
209,0.6311437722264934,0.01858080392867445
210,-0.3723450074555561,0.0023480902639242407
211,0.2719390035507707,0.0006752424665634749
212,-0.0003774407329637519,2.4424906541753444e-15
213,-0.346423709179021,0.0017648069018563195
214,-0.20568810933036064,0.00022217225596954382
215,-0.10027578389783565,1.2617309570472912e-05
216,0.07960088832214196,5.013293775779637e-06
217,-0.677043823119881,0.024368289394184228
218,-0.029511902248439137,9.480599227895681e-08
219,-0.8576356521994228,0.06004621953511291
220,-0.5013459801959292,0.007576287785303837
221,0.9928221568300992,0.10373208431099146
222,-0.8285255920973513,0.052704237370247875
223,0.35110141325359856,0.0018610724836876091
224,-0.5715950570105834,0.012645459148532878
225,0.8538645477446216,0.05905676747456712
226,0.3030407377293216,0.0010382269784691145
227,0.14143694120326766,4.985568341575597e-05
228,0.9134250147191145,0.07607979255805186
229,-0.06763690857978011,2.6140503142091376e-06
230,0.05888253808714028,1.50177605340307e-06
231,0.7755543336088904,0.04101080554436731
232,0.3086892665943468,0.0011171878474272035
233,-0.9666212877785962,0.09394664892793625
234,-0.08383276215553925,6.166753174885464e-06
235,0.5637788055816875,0.0119850820100732
236,-0.30307809886527415,0.0010387351843068604
237,0.09442940653679033,9.924162484020727e-06
238,-0.24384109919864283,0.00043756698082653145
239,0.8054084347471031,0.04734475951773398
240,0.10509996912334563,1.5223734393554622e-05
241,-0.5580148191573322,0.011514493645930268
242,0.05531637477968099,1.1697778665720193e-06
243,0.35449712091298324,0.0019333575993163432
244,0.8547954685752188,0.05929994388984583
245,-0.9709883270974402,0.09553132247331053
246,0.8165429246820315,0.04987537104280437
247,-0.5681098913409146,0.012347810637650558
248,0.6192791211809758,0.01726379942395495
249,-0.6382691494098007,0.01940589543624316
250,0.40383268211871837,0.0032358739806992443
251,-0.8476373522158447,0.05744813189882547
252,0.48202823949286766,0.006494470874519154
253,-0.7999701739336769,0.046142503084619646
254,-0.9367368191290582,0.08358768473822076
255,0.7245281371756045,0.03161955641946401
256,-0.673976039256148,0.02394553356019613
257,0.30954068788314126,0.0011294662622319818
258,-0.7956619213425784,0.045205578502278465
259,-0.13908006213698276,4.661981362952261e-05
260,0.6453774313775233,0.0202551410422388
261,0.06442148733365549,2.151456939158969e-06
262,0.49400133484892716,0.007150511721119246
263,-0.8595965974976889,0.06056531361597872
264,0.22090069335168772,0.0002952388123451666
265,-0.9913295944710585,0.10315657687092938
266,0.9193212965018145,0.07793238437714856
267,-0.37737971608700405,0.002476149304712183
268,-0.08355279180446362,6.084833746866636e-06
269,-0.04585664707893766,5.525441770792838e-07
270,0.5779753367692078,0.013203878848010109
271,-0.9074970312322601,0.07424846120322592
272,-0.17677279768665732,0.00012142632370248929
273,-0.5125822497469863,0.008263298492212967
274,0.977122875651558,0.09778845977306827
275,0.8052772131055319,0.0473154909940966
276,0.7503488748614509,0.03615379048302225
277,-0.03563801845067838,2.0159152980259165e-07
278,0.5310139622263477,0.009487722328135662
279,-0.37778378946276736,0.002486646570039497
280,-0.9224617642350685,0.07893184159649413
281,0.7238978881210967,0.03151426819575642
282,0.16815999008091254,9.948470151543987e-05
283,0.44273031826143305,0.004649376808606331
284,-0.22038923848676983,0.00029252496848208853
285,-0.15417123979183733,7.03403839241723e-05
286,-0.14905277036725617,6.147005621282009e-05
287,0.20582100541769965,0.00022274497588348208
288,0.958676811435673,0.09111064491076681
289,0.4364316449810659,0.004394374155691105
290,0.43243004040468813,0.004237827293297913
291,-0.19191001444360833,0.00016851511001281239
292,0.9571386741359558,0.09056850315680498
293,-0.7450581240729905,0.03518908848543112
294,0.4645431075945319,0.005617378960096064
295,0.10567363680031594,1.555853556511888e-05
296,0.6035108849431703,0.015620097859808224
297,-0.48983766713663224,0.006917097872608968
298,0.0801067528301922,5.141882682413446e-06
299,-0.3873561112246575,0.0027451035497457754
300,0.9440415325384395,0.08604248836640171
301,-0.4433419485516543,0.004674707086379293
302,-0.2191508885325737,0.0002860313178739693
303,0.05680831012193899,1.3011397207440822e-06
304,-0.71972134280197,0.03082288742510464
305,0.857050812815608,0.059892011652780686
306,-0.6905543699272638,0.026294402971227093
307,-0.48345521156241844,0.0065702369026406915
308,0.6867831699709408,0.025746116413871478
309,0.2692734223497504,0.0006493090962415016
310,0.4071112490809645,0.0033407835131467056
311,0.7729341095198963,0.04048541441690645
312,-0.0933887849835855,9.494188765724054e-06
313,0.24738908589406972,0.00046346136400887694
314,0.7951894824949388,0.045103665592276077
315,-0.5459737866061445,0.01057516346620102
316,0.5159509422606952,0.008477884891500476
317,-0.0758115919529303,4.125119819509138e-06
318,-0.0369810031042519,2.337360914816955e-07
319,0.23893621245845886,0.000403566754027862
320,0.4205266090099491,0.003796449147650427
321,0.5689619432158375,0.012420102252567955
322,-0.36583164903245,0.002189786775943059
323,-0.9826271031580955,0.09984480156640585
324,-0.09552241465170042,1.0391326174752358e-05
325,0.6051361789711558,0.015784029379024567
326,-0.467474038202603,0.0057579177071626075
327,0.7856446503282717,0.04307948201135137
328,-0.30987525129469784,0.0011343183992508221
329,-0.29574356688910175,0.0009424610089372454
330,0.5151087817992233,0.008423860441892805
331,-0.48547223070519374,0.006678438042578283
332,0.2270778882961637,0.0003295224871567859
333,0.19714944848571725,0.00018762187790211104
334,0.677416205257309,0.024419969380946593
335,-0.6279156479483219,0.01821550119902493
336,0.7311256505153272,0.032736920773459355
337,0.9152238899286389,0.07664169766366169
338,0.3274034425977932,0.0014109728650895104
339,0.3010731865944065,0.0010117237657123468
340,-0.8109947722938746,0.04860272576540492
341,-0.03346676021918604,1.5677746412201543e-07
342,0.7136681400916904,0.02984026326228817
343,-0.5272901561181942,0.00923029367876227
344,0.6357654288278332,0.01911301031574164
345,0.052723772680912884,9.654610189091528e-07
346,0.6138237211862339,0.016681572788309396
347,-0.8583892683098446,0.060245341768187965
348,0.9255963641845311,0.07993830826788162
349,0.16889505010552153,0.00010123143772722276
350,0.5070201059233053,0.007917746562109085
351,0.06813639866606147,2.6920972157062906e-06
352,-0.38160587440067406,0.002587577821750342
353,-0.12126736570513286,2.6966339601641742e-05
354,0.9912845986396468,0.10313926146699093
355,-0.6628297708780542,0.022453998784838003
356,0.31089628863817387,0.0011492223094341503
357,0.14551169447564893,5.584320769413953e-05
358,0.2664890037165064,0.0006230200659345098
359,-0.19070130335686453,0.00016432222743190117
360,0.4758426242981031,0.0061734501544619125
361,0.5915304463367044,0.014449658263616105
362,-0.5834023593564641,0.013692838591823131
363,-0.45179420852943153,0.005035274829847447
364,0.4917313771440026,0.0070225530289202975
365,-0.1834600225922851,0.0001408130744354752
366,-0.3709471623665601,0.0023134238295177134
367,-0.9403749213803485,0.08480412231631229
368,0.8668288094122638,0.06250712082418075
369,-0.9001904302172508,0.07203390260448583
370,0.3983964785166487,0.0030673205625010302
371,0.8255000219452018,0.051979517619589855
372,-0.20331876422344042,0.0002121450123996338
373,-0.97107460642188,0.09556281568639147
374,-0.8029494152085732,0.04679841559097053
375,-0.01326550388062131,3.870724629706501e-09
376,0.13547068146652919,4.197240995607032e-05
377,0.8894511920827588,0.06886344319922
378,0.7895202495398672,0.04389341981978778
379,-0.21700598641399926,0.00027503942360096456
380,0.7783573466082239,0.04157820744093088
381,-0.3688427579836191,0.002261952299281278
382,-0.03539811849129748,1.962185379733583e-07
383,-0.04224678463166098,3.9806636054073863e-07
384,0.8308010104225139,0.053253959350121005
385,-0.04520813177576133,5.219493163233224e-07
386,0.32996249386467214,0.0014552021669850257
387,-0.6013518427388782,0.015404250496342864
388,-0.9629202141052942,0.09261795543418505
389,-0.9811275788624068,0.0992816594351198
390,0.18690133126312758,0.00015164734082062648
391,-0.3962338957055116,0.0030021090094096703
392,-0.9166185535419198,0.07707933004627077
393,0.43248936298010476,0.004240117525768028
394,-0.7499865555647307,0.03608713001721087
395,-0.6626558214990759,0.022431268139259775
396,0.007376672351328661,3.701247086596027e-10
397,-0.11879642806177504,2.4837200342520127e-05
398,0.1807464992073906,0.00013268692349799327
399,0.7567092358766527,0.03733837483146629
