,data,labels
0,0.5113522179228118,0.008185947504505298
1,-0.7397607704665672,0.03424177419598651
2,-0.7861276386355045,0.04318032667093086
3,0.491914175163658,0.0070327946627427584
4,0.43801279508996815,0.0044573916406837055
5,0.5512424482551144,0.010978992524711573
6,-0.24064085584936912,0.0004151509585932356
7,-0.7943620858730249,0.04492557592356938
8,-0.5961554707146461,0.014893653390930628
9,-0.3443457277872497,0.0017232505669683151
10,-0.20316197440635575,0.00021149362289984985
11,-0.6167969974562995,0.01699709615214562
12,0.332079925414422,0.0014925708996316178
13,0.12097669108634879,2.6709030421567803e-05
14,-0.07536900260161983,4.029674946615103e-06
15,-0.03569713567760413,2.029323392660487e-07
16,0.19257865384970385,0.00017086862751714005
17,0.6036095395655423,0.015630012973328555
18,-0.6936198975488677,0.026746250033071295
19,0.4206654946898538,0.003801394051306861
20,0.5462223652591018,0.010593968273946541
21,0.38766686709256803,0.0027538140117115972
22,0.3494293637256598,0.0018262258555143962
23,-0.6037356762620978,0.015642696791965283
24,0.1899229009258383,0.00016166365360570367
25,0.665163172720292,0.022760525079390637
26,0.38218056400700773,0.0026030122658656785
27,0.8289510372324487,0.05280671487547939
28,-0.3794469584322553,0.0025302009674621484
29,-0.3469571299269314,0.0017755934155212483
30,-0.6314751747123009,0.01861860454381037
31,0.9109953784773419,0.07532543474274822
32,0.5255183649767885,0.00910962260864756
33,0.9484489098823727,0.08754760028138497
34,0.30281010310918033,0.0010350938609499094
35,-0.6120671004076907,0.016497172685923656
36,-0.28103711465592585,0.0007696027450218024
37,-0.7580595365806446,0.03759338421345426
38,0.7371103075399914,0.033774715986271575
39,0.3162785201604479,0.0012302074474364044
40,-0.3311520465423199,0.001476108868517123
41,-0.3299890128479668,0.001455665832359565
42,0.005869324439145673,1.4834056205614843e-10
43,-0.8255456354401587,0.05199039083497914
44,-0.9770184612555284,0.09774973651543795
45,-0.12311726604688378,2.8647675913595627e-05
46,-0.8708008392296347,0.06359200788770125
47,0.12759354304577442,3.3040545353801853e-05
48,0.5383240241450316,0.010008311025702321
49,0.2600067702321267,0.0005648967759500634
50,-0.8094439376867935,0.04825115107266853
51,-0.019015371661712965,1.6341921260654146e-08
52,-0.477169175731458,0.006241289303211994
53,-0.03987948658157503,3.160771780974514e-07
54,-0.8637762796734854,0.06168227343367627
55,-0.8344711074945632,0.05414914792855252
56,-0.9694140044859412,0.09495793143788511
57,-0.9954631195359334,0.10475580909022508
58,-0.3380584959638253,0.0016019339433056556
59,0.10392677593099142,1.4555877667521422e-05
60,0.41351185546796865,0.0035528175116396055
61,-0.26613328426364524,0.0006197196523717308
62,-0.6738020142028895,0.02392171182698355
63,-0.1856503603343409,0.0001476393221481187
64,0.47720141115340975,0.006242944601289824
65,0.9769618776726958,0.0977287562815069
66,0.3586040208087915,0.0020235419578579217
67,-0.5445675925806119,0.010469245159416385
68,-0.663316879887432,0.022517739785157587
69,-0.4051923556352812,0.003279081251386873
70,0.8428169170002777,0.05622430700446135
71,-0.029485967830149118,9.447320170608009e-08
72,0.5079123794964513,0.007972451896079313
73,-0.6058593827241172,0.01585737434278922
74,-0.07591247992536543,4.147111497876388e-06
75,0.007279988900368073,3.5109859464199644e-10
76,0.9223246292806373,0.07888801267040191
77,0.7712945032402174,0.04015910166393055
78,-0.09144625469353729,8.729083022962492e-06
79,0.5965502158842746,0.01493200256412297
80,-0.6061244991192591,0.015884323548571833
81,0.41078584389859163,0.0034613321189750357
82,-0.4213356721876351,0.003825322059197833
83,0.8195166989767286,0.050567131463175485
84,-0.7103464848974288,0.029310722011295587
85,-0.37498751903467764,0.002414674590110466
86,-0.7132800572886786,0.029778043004836996
87,-0.8211945097172628,0.050960408381554134
88,0.48879817759570576,0.006859709060753283
89,-0.8617412162995688,0.061136637456085
90,0.671864699441229,0.0236576726536869
91,-0.3416996709043134,0.001671390729633515
92,0.7683421134848789,0.0395762551470451
93,-0.3229375425868086,0.0013361900037183183
94,-0.1667385357716189,9.617095290137545e-05
95,0.3899547523260112,0.0028185748644589115
96,0.0955351131803901,1.0396848671101466e-05
97,0.2374279535475321,0.0003935198446768373
98,-0.14486942223307753,5.4865476146415126e-05
99,0.9131928434547341,0.07600748065255958
