,data,labels
0,0.14918894955039597,6.169459113625209e-05
1,0.6117292303309319,0.016461875574307894
2,-0.6648049359577721,0.022713270220582116
3,-0.9588686562595472,0.09117842113709096
4,-0.05368326238824195,1.0376646972787285e-06
5,-0.3393659560331559,0.001626622511121667
6,0.18502128902139825,0.00014565402674038275
7,0.6028156790417394,0.015550357027954598
8,-0.6796676640826205,0.02473411730642383
9,-0.7561781582269393,0.03723841822351792
10,-0.42637217347965484,0.004008723128656078
11,-0.17833100031221938,0.0001257530543300467
12,-0.352022081163305,0.0018804692092322384
13,-0.4105478500541846,0.0034534285597815906
14,0.5322239160493587,0.009572487403392893
15,-0.29726199861112024,0.0009618227376543276
16,0.5980718494762429,0.015080500708232525
17,0.8449177745004559,0.056755392758088385
18,0.49190007135792,0.007032004077581089
19,-0.20670663645255316,0.0002265898569364655
20,-0.7638628859308461,0.03870354448652369
21,-0.1292638336353522,3.4802427250735235e-05
22,-0.6244616860827656,0.01783044152233637
23,-0.3131879291525277,0.0011832030378747804
24,0.5867374135489785,0.013999785646282792
25,-0.7188866312794646,0.03068602680582344
26,0.7721448288297261,0.040328097596211254
27,0.8677584767766946,0.06275986659100397
28,-0.09641559593769378,1.0785159415327428e-05
29,0.7344953868264075,0.03331840938963171
30,0.658307260635407,0.021868411143687427
31,0.49764732415071156,0.0073596123845084405
32,0.2139507974599102,0.00025993135058866024
33,-0.3150771410171649,0.0012117738916578302
34,-0.8013761612230512,0.04645122750469832
35,0.7745260828593701,0.04080405141776999
36,0.8315884556544522,0.05344514008807122
37,-0.14719888615278975,5.847378092960209e-05
38,0.02503082382165922,4.906425821182836e-08
39,-0.16030251220302816,8.218892765821106e-05
40,-0.1945189241892833,0.00017783735298793069
41,-0.8484552135075147,0.05765762102771277
42,0.5969099103430402,0.014967009119386643
43,-0.1783944582175283,0.00012593166959629087
44,0.5187417051606349,0.008658728985586506
45,-0.8350185473091771,0.054283581553110305
46,-0.7114975274277091,0.029493451323800546
47,0.5094227229174146,0.008065682570886135
48,-0.9876267272610391,0.1017383210260302
49,0.6521939375553307,0.02109449468926128
50,0.10309629722657987,1.4096564486365537e-05
51,0.5969692865522223,0.014972793530192652
52,0.16133816692918912,8.432889586884595e-05
53,0.11913174754797007,2.5118482128827502e-05
54,0.9377718724386825,0.08393252225103276
55,0.09185002053888791,8.884164875655465e-06
56,-0.21678697186728124,0.00027393508349271567
57,0.9270285213470271,0.08040111202863964
58,0.04416382030277899,4.753739544227642e-07
59,-0.32066446273901983,0.001299278898795997
60,0.6314485676747388,0.01861556762010408
61,-0.2551790124738833,0.0005243114174581232
62,-0.6901541664326278,0.026235823018630144
63,0.8883302997403648,0.06853827141766389
64,-0.9030032021045613,0.07288087726695691
65,-0.9955367343729611,0.10478444390499875
66,0.9293737189527778,0.08116299196518173
67,-0.08190983309779831,5.620418869312083e-06
68,0.4775457996374386,0.0062606492140028225
69,0.7630392517465294,0.03854457970719527
70,-0.6083661199941106,0.016113518281369865
71,0.6992990107179691,0.027598060527540658
72,0.9477148540716909,0.08729566255654231
73,0.2205225990745936,0.0002932307930211264
74,0.07052028527816123,3.088917888804943e-06
75,0.2774225943290749,0.0007310117751624379
76,0.9723547763636076,0.09603094036225257
77,-0.8386558234534156,0.05518277494254231
78,-0.6806708762603324,0.02487503072859809
79,-0.950190751848687,0.0881474427256097
80,-0.11437435934894702,2.1344125047839668e-05
81,0.8625388804954524,0.06135009862805574
82,-0.7809548431318909,0.042108978665850394
83,-0.4095338413815035,0.003419903724544704
84,0.5112869982323056,0.008181861028619397
85,-0.8931675231996679,0.06994928842994619
86,0.7507152005773436,0.036221277511293115
87,-0.2878144597222603,0.0008460288097369428
88,0.8029691235017977,0.046802776493256704
89,0.11942725786908248,2.5368342253417886e-05
90,0.39314802503060053,0.002910840408631654
91,-0.9395907763098854,0.08454090155068017
92,0.5477081779569433,0.010706879401767955
93,0.18175084652562412,0.00013565257302605715
94,0.5052184751062876,0.007808128885182342
95,-0.46286472168187287,0.005538046876110592
96,-0.04025504078962738,3.2815106021377716e-07
97,-0.6316918013290336,0.018643343647880006
98,-0.009835597952590591,1.1697850466063642e-09
99,0.658229231056024,0.021858405609592624
100,-0.3910164430017131,0.002849007094585354
101,-0.8833925475824098,0.0671186324880042
102,0.9735430246516124,0.09646686834163554
103,-0.03315253795605466,1.5097240924077937e-07
104,0.006581679004726837,2.3455992703702577e-10
105,0.29786537542627145,0.0009695981019972599
106,-0.8318486975397492,0.05350842972909364
107,-0.4011124352341706,0.003150696823091992
108,-0.7020231867535398,0.02801351031508692
109,-0.7960489342005372,0.045289185444567726
110,-0.19048721021094495,0.00016358777404557046
111,0.11445340151547634,2.1403124030872078e-05
112,-0.7687243862872808,0.039651379402548814
113,-0.32851506978996037,0.0014300610426499771
114,0.09338320031735314,9.491919601423149e-06
115,0.7478774471299956,0.035700834066275555
116,-0.550453415357077,0.010917809344541674
117,-0.6053485047467473,0.015805537131440728
118,0.7784063585923633,0.0415881781810703
119,0.2377827156093213,0.0003958660214131715
120,0.5355859422029225,0.009810930440012133
121,0.09264919101876257,9.197195962817872e-06
122,0.8479593522865689,0.057530545655385845
123,-0.700549104415287,0.027788151386470172
124,0.8263780614664125,0.05218910499143381
125,0.8037189790120294,0.046968913232806275
126,-0.4693511853966512,0.00584927667521995
127,0.3350048102878598,0.001545356654903185
128,-0.2697833003083754,0.000654211245301406
129,0.6592111290751463,0.02198455335035754
130,-0.4173251115181018,0.003683774769269066
131,-0.3323034332105075,0.0014965565832664174
132,-0.18294763157676397,0.00013925087333843678
133,0.3245192977278186,0.0013623311928349091
134,-0.5547992423613832,0.011257909358893703
135,-0.5628212449727299,0.011905948564807867
136,0.8167711782056162,0.04992822848261824
137,-0.1929943854465066,0.00017234428122492318
138,0.2711398759913177,0.0006673882145957766
139,-0.5598737127377555,0.011664756654682362
140,-0.5699311323967011,0.012502707222802334
141,0.7182609806221745,0.030583730539655685
142,-0.3321536799870817,0.0014938852486428011
143,-0.7615158913242728,0.038251793770270326
144,-0.15774798210115293,7.70843003138344e-05
145,0.6069310249590705,0.015966512025889612
146,-0.16659003306249764,9.582958731702007e-05
147,0.22770553828050466,0.0003331650773216177
148,-0.27999557609044934,0.0007583306219510755
149,-0.6237240383512797,0.017748977788326625
150,0.965436102438626,0.09351973829938887
151,-0.2131582677972974,0.0002561156769854689
152,-0.09169545187028527,8.824554932673756e-06
153,-0.022700342000216756,3.318962282783389e-08
154,0.9256812384328299,0.0799656836352427
155,-0.13161035249584785,3.7395330024780904e-05
156,0.11859396904530217,2.466851468929665e-05
157,-0.7989712581264001,0.045924050089357404
158,0.33196235833092413,0.0014904775633033385
159,-0.8065967352627941,0.047610390985578066
160,-0.36237517376948514,0.002109068382971313
161,0.39744290316849695,0.003038438131921062
162,-0.05162682684477393,8.876031651894323e-07
163,-0.16372192766235005,8.941273408713535e-05
164,0.9280519289842828,0.08073296908676919
165,-0.9919509482734672,0.10339589261522586
166,0.32509102086163866,0.0013718727850156043
167,0.15762142932378254,7.683774541189514e-05
168,0.8568041320109163,0.059827051658893016
169,-0.2592833676085369,0.0005586710193203892
170,0.25178053189762983,0.0004970752423162361
171,-0.4584019666340331,0.005331121231232805
172,0.12484052307798965,3.0283423695043332e-05
173,-0.3599415947676965,0.002053576655574041
174,-0.7446900401225232,0.03512266578083523
175,-0.2126264875925279,0.0002535789626625373
176,-0.7278152777280829,0.03217279374586013
177,-0.5649492732003913,0.012082331021805004
178,-0.07138782676066047,3.243678922126847e-06
179,0.2124198358008682,0.00025259826877988
180,-0.028357996486947812,8.082653923935368e-08
181,0.6347748930260264,0.018998026836591242
182,0.8032129923151994,0.046856761814152104
183,0.8998609470144296,0.07193514221874275
184,-0.9636861074215182,0.092891838142659
185,0.956714187011988,0.09041928034573421
186,0.09074921501967448,8.466143516017155e-06
187,-0.23058868635466268,0.00035028525352909234
188,-0.26783135086150067,0.0006355927006177486
189,-0.35648593422558306,0.0019766494626725084
190,0.18590743186855052,0.0001484564150395773
191,-0.24460540726715818,0.00044305152744172904
192,-0.6243366467883,0.017816613476066778
193,0.8451132663613117,0.056804991398393456
194,0.29362872320907507,0.0009159797680570181
195,-0.6516286358842471,0.02102394581416922
196,0.3614840895172604,0.0020886219742770606
197,0.7549905951116147,0.037015593293047044
198,0.3455304378919024,0.001746852763993001
199,0.5147122667989867,0.00839851169378003
200,0.6795072513006588,0.02471163887518224
201,0.16552964638278556,9.341833923359744e-05
202,-0.5993324406571687,0.015204334905436045
203,0.8059337625921013,0.04746206071743486
204,0.2857039759358442,0.0008216500123691128
205,-0.6580083731739095,0.021830103507771814
206,0.1384296150939417,4.5755164245431246e-05
207,-0.265746725709874,0.0006161479078472532
208,-0.37338276469593734,0.0023740745169411603
209,0.052454668383766334,9.459048654347768e-07
210,-0.5586933117510733,0.011569174472498944
211,-0.7584902521968113,0.037674987474743404
212,-0.16834224724102165,9.991568307221588e-05
213,0.8362347600775015,0.05458308801553824
214,-0.5447661623019553,0.010484154702668946
215,0.1785229468435683,0.00012629390819673958
216,-0.7368107879669281,0.03372222387697721
217,-0.20546018739137906,0.0002211925822821481
218,0.7012439094759442,0.027894210629975436
219,-0.2832775765756612,0.0007942729644934143
220,-0.6233463152379783,0.01770736784725646
221,0.7721819284594087,0.04033548239549278
222,0.42002910806833027,0.003778775061076156
223,0.9679856936867501,0.09443978375049034
224,0.9532412071211636,0.08920479689351857
225,0.3007923503675993,0.0010079823472840532
226,0.15912477364641542,7.980504892124429e-05
227,-0.9204567964546204,0.07829273354538058
228,-0.8829980799969583,0.06700611770262499
229,-0.15342775177072077,6.89959312561994e-05
230,0.009567828325270478,1.0475068590309888e-09
231,0.47117085835435035,0.005938852822563234
232,-0.18225647004102918,0.00013716420778286942
233,-0.04875742888461909,7.061567913746458e-07
234,0.5056971500867944,0.007837143819763748
235,0.20079761379011885,0.00020185088861157663
236,-0.2276352923578937,0.0003327559153112336
237,0.22718137996913268,0.0003301210473006799
238,-0.7086945206070279,0.029049894276005683
239,-0.9940451260214238,0.1042052868832416
240,0.4979384609255608,0.007376500711374523
241,-0.3827475671459377,0.0026183070157399513
242,0.01908584551337955,1.65855265077397e-08
243,-0.26466402758920404,0.0006062256143162248
244,0.9370705326841351,0.08369875662711923
245,0.17969027201111087,0.00012962067929722654
246,0.6191137923213652,0.017245941075822335
247,0.5644575217837733,0.012041403655215444
248,0.30791192848161186,0.0011060647754995712
249,0.21105673225113053,0.00024620028986632736
250,0.8139613780063524,0.04928031047309511
251,0.2525354396482258,0.0005030318334197093
252,0.5278424003827171,0.009268143506860671
253,-0.48527748696761264,0.006667934454417712
254,0.1128278575981867,2.0214101001281293e-05
255,-0.8192188614693197,0.05049754402970186
256,-0.24201935205777603,0.00042469880659801174
257,-0.36552833921960604,0.0021826134202937997
258,-0.08144341914074205,5.493561898384236e-06
259,-0.2651338266738372,0.0006105162990441837
260,0.12883923598951674,3.434803458857161e-05
261,0.6442008998102426,0.020112754506217967
262,0.7034525336066471,0.028233282482627242
263,-0.8403803014525284,0.05561274801567451
264,-0.6218447853270503,0.01754265928627652
265,-0.5733076128999066,0.012793621322348958
266,-0.5183071887784416,0.008630387736396239
267,0.42244532049136385,0.0038651853714576356
268,-0.5801000369795437,0.013393765624400311
269,-0.8645093472386958,0.06187965826300246
270,0.9144886714495954,0.07641169255093538
271,0.744084763974485,0.03501363558756754
272,0.36945926984795774,0.0022769426685079752
273,-0.3586801440980141,0.0020252424747480013
274,0.5936078991690883,0.014647880656352918
275,0.6767747900463037,0.024331001536712193
276,-0.383868655458921,0.002648743898511996
277,0.7332285438122594,0.03309893957146892
278,-0.35432964423864255,0.0019297444304525735
279,-0.2486490399775949,0.0004729263721429122
280,0.11743586660763827,2.3720037715779796e-05
281,-0.3779936229552825,0.002492110744148679
282,0.5383872513786019,0.010012902946378133
283,-0.33957868646377687,0.001630666041122164
284,-0.08927147129747848,7.928374033294716e-06
285,0.07544702381479795,4.04637885387249e-06
286,0.24321846828355653,0.0004331366681100679
287,0.016010969907842343,8.214138591533526e-09
288,-0.2425848662265302,0.00042866274458763787
289,-0.6775243447857531,0.02443499201732302
290,0.854509901110655,0.05922527269188893
291,0.07215993332133364,3.386239632696686e-06
292,0.797064304601909,0.0455090595644605
293,0.7455376250786645,0.03527575171490793
294,-0.26945165537063476,0.0006510195681138642
295,0.7071894349216248,0.02881371314913006
296,-0.6308755437901394,0.018550249881605807
297,0.10222640914109027,1.3627191280396467e-05
298,-0.04783617047760069,6.542895981676011e-07
299,-0.25576573532187497,0.0005291238923486041
300,-0.49125530272987095,0.006995931429860325
301,0.314159619935215,0.0011978347383433396
302,0.6620382162920624,0.02235069756245467
303,-0.5575950177950528,0.011480755865034387
304,0.909063913440056,0.07472948952944558
305,0.2659484978126949,0.0006180103321709041
306,-0.3436397247446963,0.0017092984374188491
307,-0.44451691189772524,0.004723652897530961
308,-0.47943283670869463,0.006358316160883115
309,0.5464589261815311,0.01061188664848467
310,0.779342267398182,0.04177890147002572
311,-0.1052275080986087,1.5297696782545778e-05
312,0.5572879661699093,0.01145612510751537
313,0.5122710123800249,0.00824367576597862
314,0.804880821583619,0.047227155243229846
315,0.9030085115897606,0.07288248259906294
316,0.03067796840776782,1.1070016736614008e-07
317,0.948874917830937,0.08769404311638218
318,-0.6154102698002235,0.01684940251760214
319,0.7876117632707864,0.04349125275461496
320,0.8722319503635565,0.0639861118946129
321,0.021151654296433398,2.5018138338772644e-08
322,-0.7151222859723585,0.03007423312454538
323,0.7602619778270197,0.03801198891712165
324,-0.5329487231967611,0.009623529659902874
325,0.18995780526669126,0.00016178217316087373
326,-0.9531063961718977,0.08915788361473342
327,0.6695318741514356,0.023342528322589984
328,0.035175321901619094,1.9132546635880487e-07
329,0.41343026920525894,0.0035500537979192837
330,-0.7955325442428953,0.04517765345933045
331,0.29835763361954193,0.0009759761265702993
332,0.5055424480761388,0.007827757900338517
333,0.3148195509964833,0.001207848419255586
334,-0.27794929765501686,0.0007365434033520524
335,-0.10152821695887071,1.3259014747024622e-05
336,-0.6195050980607906,0.01728823051013173
337,-0.5999576634414809,0.015266027372966673
338,0.35689115337896515,0.001985557608964128
339,0.21560578932099594,0.0002680361908401485
340,0.3425830004197783,0.0016885722799395708
341,-0.4927000208043302,0.007076948342914502
342,0.8123111105127194,0.048902562033493524
343,0.7472639989876706,0.03558903475867825
344,-0.4488216416331259,0.004906211059944154
345,-0.8975631103956128,0.07124901395361105
346,0.7025553083919844,0.028095183468095697
347,0.4494356488290605,0.004932667955035996
348,-0.8740436025058265,0.06448746806114514
349,0.6154259178757577,0.016851063898986274
350,0.004026003837342529,3.2840175023807205e-11
351,0.9314210782236034,0.08183221187761425
352,-0.3355485657756234,0.0015553207152807502
353,0.5258939380375349,0.009135104577172592
354,0.2704660187969097,0.0006608182830641907
355,0.5614131169897252,0.011790273907437476
356,0.13204188008439632,3.7887481346032814e-05
357,-0.7063307034444377,0.028679579387612897
358,0.7508538949197907,0.03624685221839086
359,0.7315782760725922,0.03281460064382358
360,-0.45339057672798866,0.005105610497356139
361,0.3381068462287917,0.0016028419451806775
362,-0.6302721284343091,0.018481647706455773
363,0.24150829256656148,0.0004211401570113349
364,0.7567400994096241,0.03734418968758313
365,-0.5165112020446867,0.008513965923332423
366,0.8990826053727903,0.07170221585277847
367,0.6045406091602559,0.015723814106274103
368,-0.5812077277484742,0.013493546758859498
369,0.5807663786505837,0.013453725187382415
370,-0.8545110628611596,0.059225576336264574
371,0.11769474310968042,2.3929642351872005e-05
372,0.6955325473127629,0.027030983403279918
373,0.9302205384373075,0.08143932770144702
374,-0.19795775914295577,0.00019070772566642802
375,0.5206005491051571,0.008780742681090192
376,0.6149695911648441,0.016802663794565187
377,-0.8394685994159152,0.05538513499813946
378,0.8769985762656831,0.06531113837005886
379,0.1461161798998758,5.677527736291932e-05
380,0.850293987417786,0.058130575603953516
381,0.2670218814192802,0.0006279886747972974
382,0.6105406078995415,0.016338136831546946
383,-0.6283250063964885,0.01826153429523758
384,0.7323673097448498,0.032950330784037196
385,-0.6894253288532364,0.026129380691641724
386,0.24335882051805569,0.0004341324043906081
387,0.1044358921105022,1.484294338094383e-05
388,0.7756913977402209,0.041038421797874536
389,-0.5192653758327519,0.008692975912467094
390,-0.7249336764168828,0.031687438306594706
391,0.20673481667889182,0.00022671300712640008
392,-0.9485043488857929,0.08756664816146176
393,0.25618356331441317,0.0005325710729379152
394,0.10087837196722882,1.2923078680060485e-05
395,-0.4099775495610394,0.0034345437082051733
396,0.714510549734277,0.02997564576223055
397,-0.9408706106957581,0.0849708082177133
398,0.14748816613705773,5.89339601096972e-05
399,0.22643826784316912,0.00032584110691880053
400,0.8814963669898443,0.06657899172409021
401,0.8947977211592781,0.07042936546532097
402,-0.04867222375682556,7.012345613066628e-07
403,0.675208699338794,0.024114758832990746
404,-0.9515203989896863,0.08860725196035879
405,0.6785545438369489,0.024578440710924743
406,0.2659598508886498,0.0006181152494515452
407,0.8251545619789777,0.05189722009002007
408,0.9886971359729919,0.10214691386655961
409,-0.6458797447715943,0.020316153904959555
410,-0.17648251087366318,0.00012063274336338026
411,0.7914276510192866,0.044297993819407244
412,-0.07149302815973724,3.2628333803685905e-06
413,0.7711687006500829,0.04013414227449563
414,-0.69991788435426,0.027692049917390937
415,-0.10482413519662548,1.5064689488641925e-05
416,0.1441051779239404,5.3718829588156325e-05
417,0.6505922733169369,0.02089505276756365
418,0.18283125651179644,0.0001388978777041583
419,0.24829636353341655,0.000470262601878324
420,-0.9567630762273764,0.09043645800903044
421,0.9455499073119233,0.08655555624582867
422,-0.19301002380189458,0.00017239997540552388
423,-0.2740170965346487,0.000695989629700855
424,0.6961968716518037,0.02713038893539166
425,0.9449400230950407,0.08634785129547795
426,0.37875335938963817,0.002511969136307246
427,0.3380837884265231,0.0016024088796572356
428,-0.5450491003146345,0.010505425835570681
429,0.41155394097531084,0.003486931186163944
430,0.6435192388252451,0.020030590733371545
431,-0.7371431528096184,0.03378047582075949
432,-0.5950484565382836,0.01478649025665757
433,0.3807740657186758,0.002565358159219766
434,0.27415604400409754,0.0006973935842480294
435,-0.8521523573117336,0.058611342956301105
436,-0.5143671068746278,0.008376491602824165
437,0.3844255042285414,0.0026639590576367222
438,-0.26274275210178444,0.0005889121474711434
439,0.9738703210863195,0.09658718216365669
440,-0.9640236158483577,0.09301270865385636
441,-0.029562783753700694,9.546145784966598e-08
442,0.8300142735330249,0.053063433986577646
443,0.9387818443889542,0.08426995615258115
444,0.8264212835202189,0.05219943747788658
445,0.4343380787159985,0.0043119489073586426
446,-0.13446992428460525,4.0747672752528e-05
447,0.4155111931780213,0.0036210430103252866
448,0.17391423431858155,0.0001137794935499592
449,0.6455863782140236,0.020280504368539343
450,0.8327446780395509,0.05372673334467282
451,0.19102368949537007,0.00016543283159697886
452,-0.07082331082496207,3.1423309542200073e-06
453,0.06771529497689621,2.626184752441141e-06
454,-0.5665048993957384,0.012212471217416754
455,-0.687414440917899,0.02583731606226536
456,-0.7909582884406448,0.04419819361398791
457,-0.5727955084109402,0.012749184477487407
458,-0.5711941132496154,0.012610953070326003
459,0.9614651506716634,0.09209916753330194
460,0.9939813314134367,0.10418056619505556
461,0.8900705764180441,0.06904359013395345
462,-0.912840661360121,0.07589788188608992
463,0.7510864024288295,0.036289754670322805
464,0.5064867530763975,0.00788517853099946
465,0.6716331443558732,0.023626255084858716
466,0.4897492061228723,0.006912200371150479
467,-0.7240708264200182,0.031543133868532025
468,-0.08548052990165811,6.665766622560021e-06
469,0.13173628228864254,3.753845349208085e-05
470,-0.12103312614192885,2.6758843016061462e-05
471,-0.8558397166288612,0.05957356238513101
472,-0.5394340525793253,0.010089151904148608
473,-0.11610809065008998,2.266651231097594e-05
474,-0.7899698975955869,0.04398855580460026
475,0.531241616606829,0.009503628834006461
476,-0.950104690458067,0.0881177387631843
477,0.689712933200586,0.02617134633977669
478,0.6535329812336437,0.021262288652994732
479,-0.8433972254691033,0.05637065380558115
480,0.3151282443344052,0.0012125537932324848
481,-0.989360187486469,0.10240057834439509
482,0.5129259027460478,0.008285004722037193
483,0.641034478285448,0.019733147934457573
484,0.20887462055463257,0.0002362112076909062
485,-0.34640818753284885,0.0017644937627597779
486,0.38320281298137426,0.002630635249748492
487,-0.37254309740431024,0.0023530338477580903
488,-0.04940246163721218,7.44265233665331e-07
489,0.8299545898151295,0.05304899998199164
490,-0.8695364945615813,0.06324525078886589
491,-0.9449228895252568,0.08634202121360746
492,-0.518950626856304,0.008672380128936008
493,0.015785744387139422,7.761617570878343e-09
494,-0.922872421765673,0.07906319105861104
495,0.5051287661092432,0.007802699951198866
496,-0.3535009424847533,0.0019119395821997065
497,0.7926110468723704,0.044550329477180406
498,-0.29326221073513037,0.0009114473977672732
499,0.8947419200984237,0.07041289458315281
500,-0.38885609737302107,0.002787337212094676
501,-0.5065934727296566,0.00789168725114664
502,0.2559025885705726,0.0005302511258004072
503,-0.7200334052632731,0.030874166002139436
504,0.8125888748145016,0.04896599848784278
505,-0.27724258178906513,0.000729128336329099
506,-0.6645348230523336,0.02267768664133185
507,0.8045810353480021,0.04716042573171486
508,-0.4263657599674171,0.004008485535166861
509,-0.05141046498302937,8.728203276797686e-07
510,0.9710501341883335,0.09555388223452244
511,-0.8075662006136084,0.04782788613135214
512,-0.7947285714378212,0.04500439686675983
513,-0.7371310889818767,0.033778360193874146
514,-0.40967659401312795,0.0034246087483015275
515,0.6233391246520761,0.01770657642037754
516,-0.37765637202566893,0.002483332888875145
517,0.3846256402969599,0.002669443295589824
518,-0.17710272736024812,0.000122333013373499
519,-0.9927704162706896,0.10371209707894813
520,-0.9851433788751769,0.10079472898850761
521,0.16431306460435868,9.070815970479984e-05
522,-0.15925529212895584,8.006665100557253e-05
523,0.1285483677131951,3.4039330175539284e-05
524,-0.48754982278475345,0.00679125252856716
525,-0.3576471161047632,0.002002255920646401
526,-0.8960914867294243,0.07081200504749174
527,-0.6159360495233359,0.01690529059443735
528,0.44277427482769793,0.004651193856682445
529,0.28232733605791993,0.0007837388079269259
530,0.20933834141898888,0.00023830817110326308
531,0.3120230958261847,0.0011658386987838387
532,-0.8456935841081701,0.05695240513625277
533,-0.33326066096722795,0.001513715798092341
534,-0.17139567374953724,0.00010734595794348323
535,0.40119742924920443,0.003153332788287
536,-0.5403340119161824,0.010155043859207735
537,-0.36159841791021985,0.0020912370429602145
538,-0.6842734465815028,0.025385830142454657
539,-0.28562856942331405,0.0008207887693318927
540,-0.41379351353651894,0.0035623708323447856
541,0.36127764540490626,0.0020839060603923265
542,0.2260757913433098,0.0003237685326492601
543,-0.9201250308370605,0.0781873283279989
544,0.9469145171064877,0.0870215503485573
545,0.48377460912031367,0.006587284161398643
546,0.32053567115990655,0.001297210489730194
547,-0.5282950533951474,0.009299252223142984
548,-0.3584715854020788,0.0020205860106566886
549,-0.8185605130676263,0.05034396670278163
550,-0.6295262122437109,0.018397099159520258
551,-0.7852088175120935,0.04298862703834949
552,-0.6009053472579431,0.015359884916867905
553,-0.25253008513258424,0.0005029893970973642
554,0.7927417698565309,0.044578266083809104
555,0.9869454611331974,0.10147885815652169
556,0.6337406176333147,0.018878501951992033
557,-0.2659489827463366,0.0006180148133209107
558,-0.5545492528760056,0.011238138307482881
559,0.19135584485049306,0.00016658295068860962
560,-0.38931022900685464,0.002800218117360642
561,0.056564959571723916,1.2789936072454822e-06
562,-0.5811830906813675,0.013491321570818227
563,-0.27709255995923465,0.0007275614495715343
564,0.8064614074298504,0.04758008671799574
565,-0.5983452010096602,0.015107290852949817
566,0.8805379521152945,0.06630739473485969
567,0.0472060835545387,6.204983242774631e-07
568,-0.8719170265767631,0.0638992402848515
569,-0.43673514561359283,0.004406418993447625
570,-0.5419227983316113,0.010272137310053053
571,0.48800862157288494,0.006816353211731796
572,-0.9399099862701392,0.08464798487292657
573,0.3860316769158145,0.002708208386498434
574,0.16464530739495653,9.144237744784789e-05
575,0.38640639022215373,0.0027186093958155855
576,0.7465805856157759,0.035464779585505424
577,-0.0617032863342073,1.8107882038265188e-06
578,-0.37831166363822866,0.002500409647623547
579,-0.4943951609765993,0.007172885063273737
580,-0.5060201979235421,0.007856770075080122
581,-0.9827568892938559,0.09989364580877047
582,-0.382445472264753,0.0026101498292530056
583,-0.5011804623091789,0.007566492494973209
584,-0.6071646644835849,0.015990378546376194
585,-0.6486599639296962,0.020656258644696446
586,-0.7966694073005278,0.04542345632883593
587,0.8400943981340256,0.05554129923181794
588,-0.28111405125378175,0.0007704403184514153
589,0.31447701359478053,0.0012026430758190765
590,0.6987951759639766,0.027521711960301842
591,-0.28103136642247195,0.000769540193891749
592,-0.01867615594586125,1.5206691350577728e-08
593,0.6955534207506855,0.02703410278435603
594,-0.4713580041695715,0.005948122275595824
595,-0.8686436250341678,0.0630011761188829
596,0.05090991285015001,8.393282591168116e-07
597,0.84195096458373,0.05600642319868454
598,-0.14595330915132632,5.6523005731112796e-05
599,-0.09236793760228124,9.08610318950398e-06
600,-0.41199135453628366,0.0035015716726798374
601,0.6349328410776962,0.019016328086766565
602,0.723177116312665,0.031394165951227904
603,0.14899954074841948,6.138245667597353e-05
604,0.017528012168581464,1.1798272914198549e-08
605,0.051354598808139196,8.69033470296543e-07
606,-0.6126075297029172,0.01655374533755183
607,-0.5953753659133609,0.014818077719472078
608,-0.2775660588331934,0.0007325154126237576
609,-0.9080280671731313,0.07441124457035575
610,0.786511683154669,0.04326063233176447
611,0.949106884080587,0.08777385439210617
612,0.10678232391033582,1.6221183600895195e-05
613,0.543549185929832,0.01039302205454562
614,0.3649906131286347,0.002169938914531988
615,0.27523268072485507,0.0007083438118420382
616,0.6299321294768072,0.01844307443359383
617,0.6059859913939021,0.01587024002284987
618,-0.6622402142789672,0.022377026447243376
619,-0.035056937234253516,1.8876303209403034e-07
620,-0.39297852419411705,0.0029058874720807593
621,-0.219800338512532,0.00028942331914527664
622,0.639402471047781,0.01953953477417425
623,-0.30306978914685256,0.00103862213513628
624,-0.4002881710120276,0.0031252179718670448
625,-0.796509459583681,0.045388816491868655
626,-0.7030869562169588,0.028176954788568076
627,-0.2541785529559748,0.0005161807492087833
628,-0.8532648144094457,0.05890047700966006
629,-0.9119738994072997,0.07562861639369844
630,0.3819255145674887,0.0025961540068616396
631,0.05480393000971007,1.1270403215135616e-06
632,-0.4455216336124632,0.004765805850717397
633,-0.28270746559440507,0.0007879402686969961
634,0.9720271203328301,0.0959109744779656
635,0.4983758093609796,0.007401923992175541
636,0.9339061595588718,0.08264965928944967
637,0.9730839126743738,0.09629827391264523
638,0.58380282140242,0.013729434151587117
639,-0.08038394001148652,5.213382519797527e-06
640,-0.8210512853058813,0.050926752482670534
641,-0.10255539303797323,1.3803304548698492e-05
642,0.3600344943918474,0.0020556748897968546
643,-0.06249872049962302,1.9059514436703395e-06
644,-0.782733140034956,0.042475125415995296
645,0.08994722292000557,8.171008028634574e-06
646,0.7044139245905183,0.028381798816925374
647,-0.48107636123663533,0.006444288872213932
648,-0.37294768187825844,0.0023631547301589118
649,-0.021054982495353425,2.456390812977105e-08
650,0.38791179822725796,0.0027606938233967204
651,-0.19074444290420267,0.00016447051697676685
652,0.4928411287523351,0.007084898182088573
653,0.4622694422714786,0.005510109155089538
654,0.21748872802236607,0.00027748530028082197
655,-0.9420943544618383,0.08538329250035215
656,-0.8452968886429688,0.05685160643011966
657,-0.6333430740050301,0.018832705635206226
658,-0.8014791094955607,0.04647389018737347
659,0.32686065604187964,0.0014017215939232663
660,-0.8771780469942978,0.0653614008144765
661,0.13955256068390076,4.725554261564291e-05
662,0.7045843639617191,0.02840818690952629
663,-0.8709497186245525,0.06363292705083379
664,0.5602310128260131,0.011693802163493361
665,0.6398771875133893,0.019595710170037584
666,-0.37072756035116106,0.0023080124090799625
667,-0.7307167306131246,0.03266685508803746
668,-0.440167286338935,0.0045443303076231345
669,0.046770672055241214,5.979242023723685e-07
670,-0.2662091505547981,0.0006204224539332337
671,0.34570963245013386,0.0017504435263292484
672,0.5928259498662836,0.014573039292045564
673,0.7376718480051729,0.03387328604692563
674,-0.6361907813812062,0.01916254060238609
675,0.6712467438961662,0.023573895058210725
676,0.5547852462699514,0.011256801771354574
677,-0.821434202695825,0.05101676838245117
678,-0.20180627123754058,0.00020592345356906794
679,0.9825666898105869,0.0998220709847597
680,-0.7882017302954567,0.04361529285897803
681,0.46025058041962996,0.005416132408009755
682,0.22491355455749318,0.000317189421213282
683,0.7742184756072241,0.04074234433068158
684,0.7225371489543337,0.03128780367912032
685,0.9428094650317229,0.08562497612681363
686,-0.8125657172548715,0.04896070748298109
687,-0.29201860019674597,0.0008961930291265796
688,0.8608427061184842,0.0608968157833244
689,-0.31154167200065563,0.0011587176978320457
690,-0.003820179044482286,2.662214892978909e-11
691,0.3259283449497099,0.0013859365856540018
692,-0.926250016272633,0.08014930601998049
693,-0.16571913786755887,9.38458605841408e-05
694,-0.24915854519428238,0.0004767945328720824
695,0.6018641853223494,0.015455273675684778
696,-0.2324291877766702,0.000361552296106904
697,-0.6061832550153035,0.015890300617706576
698,0.4450237181116772,0.004744881351136265
699,0.5864028574801778,0.013968770212015258
700,0.8832710437980458,0.0670839616044554
701,0.8510931623915194,0.05833698313093316
702,-0.6765359105328013,0.024297927465029123
703,-0.0863522129675256,6.941675909533096e-06
704,0.08649293303234296,6.9870071104372045e-06
705,-0.6022366151553766,0.01549244030152952
706,0.09538034109922555,1.0329689208554704e-05
707,0.27248840865262447,0.0006806821369242932
708,-0.34000980150988114,0.0016388834667767638
709,0.023011362832829674,3.5046209045930254e-08
710,-0.5751044270339725,0.012950430274190405
711,0.6905598313816717,0.02629520304487043
712,0.9633886599146075,0.09278540468673424
713,-0.7685531777351116,0.03961772093272464
714,0.3767748249433305,0.002460496498022713
715,-0.02334901147677293,3.714877927496474e-08
716,-0.029481984051372923,9.442215953558986e-08
717,0.7721640907697687,0.04033193162632698
718,0.007103313079672491,3.182366592469066e-10
719,0.7406631101565735,0.0344018319550341
720,0.9158837787298926,0.07684854783348438
721,0.7703957838850071,0.03998103728728142
722,0.8880349952821665,0.06845278281658485
723,-0.8746134333805469,0.06464573174987565
724,-0.35653530590366844,0.0019777332366024414
725,-0.11741135796220492,2.3700265313286728e-05
726,-0.6413069327995928,0.019765605408992082
727,-0.8830937396843457,0.06703339074544856
728,0.5634486709286526,0.011957756220612903
729,0.4658059768848506,0.005677620320707399
730,-0.21625023259699638,0.00027124268308809096
731,0.16118435731711767,8.400847313361215e-05
732,0.3195401072762265,0.0012813041151661375
733,0.32055331932794284,0.0012974937766725425
734,0.28967585790520056,0.0008679738799376446
735,0.15102339977337675,6.47795085529923e-05
736,0.7625887243292091,0.03845782351333715
737,-0.07624441423959394,4.2200876344544724e-06
738,0.4284172008383653,0.004085014763169137
739,0.6188004741691571,0.01721213415141798
740,-0.4237349231587759,0.003911898095280475
741,0.557639029736642,0.011484289538106873
742,-0.8625987412791365,0.06136613896918541
743,0.6047527826071448,0.015745246779597988
744,-0.17550893635652276,0.00011799950521429459
745,0.38866884206678565,0.0027820387347968767
746,0.5396074599568728,0.01010182379425495
747,0.1687092799797809,0.00010078783929345914
748,-0.6917018132657173,0.02646288272565467
749,-0.2767084144724101,0.0007235607224219676
750,-0.6229563048149371,0.01766447867219456
751,0.005658797904863011,1.2817524819297432e-10
752,-0.5513680664160476,0.010988756284296852
753,0.0823346239273608,5.73785404112126e-06
754,0.07474913980456588,3.898795644885489e-06
755,-0.6190979965389669,0.017244235563084853
756,0.7917394148396923,0.044364372413339126
757,0.5480453362122706,0.01073262301906075
758,0.7341575328835714,0.03325977742449382
759,-0.30460625367097927,0.0010596810909411225
760,-0.08752104027576868,7.324966278976497e-06
761,-0.3464036688082519,0.0017644026081895525
762,0.0421047014896756,3.9273903906789087e-07
763,-0.703544376381519,0.028247446216850713
764,-0.9641621921196655,0.09306236792632039
765,-0.2063255395925092,0.00022492933319862018
766,-0.29822733555926906,0.0009742848679732408
767,-0.3622003917631196,0.002105046261397514
768,-0.43074555727553654,0.004173175767267834
769,0.4405980423776492,0.00456186127260938
770,-0.08869556174089688,7.725886588261233e-06
771,-0.3229342483476827,0.0013361359531322003
772,0.44010078460864865,0.004541628248139862
773,0.22622808274058648,0.00032463810400962245
774,0.1654659364806914,9.327492799715564e-05
775,-0.25214933187717414,0.0004999786412391849
776,-0.22448344660355257,0.0003147801921081772
777,0.217656729701736,0.00027834030312212654
778,-0.2326712689025816,0.0003630541337008575
779,-0.5967852540508616,0.014954870435782142
780,0.760618283948741,0.03808002124434928
781,-0.5190090085246746,0.008676197662135787
782,-0.49179709184081566,0.007026233566777895
783,-0.8706007385620795,0.06353703981280368
784,0.4215579460234431,0.003833282641387492
785,-0.3018380653680608,0.001021966222345294
786,0.7209188936966298,0.031020004133211043
787,0.3858471875274996,0.0027030983114073592
788,0.904835871856807,0.07343645838724189
789,0.9290497698773328,0.08105745318920965
790,-0.4758142144899191,0.006172003253266389
791,-0.34229435000082375,0.0016829434115375186
792,-0.28143807211893934,0.0007739752403161937
793,-0.03943525204085718,3.022288642684501e-07
794,-0.6240167624111934,0.017781273010921472
795,-0.5323109813829183,0.009578608203509531
796,0.8819010150317392,0.06669389548905491
797,0.30221618087929936,0.0010270579599297447
798,0.9834560045317347,0.10015703738633108
799,0.9966071013557833,0.105201406098679
800,-0.0407650453178694,3.4509721524855763e-07
801,-0.971579458715701,0.09574723807814123
802,-0.5055387391315604,0.00782753297644323
803,-0.10505109496076548,1.5195462431116802e-05
804,0.7020406325494593,0.02801618528727612
805,-0.16947763184194886,0.00010263205643601392
806,0.1469257981404528,5.804183299296106e-05
807,0.7522882292573498,0.036512095564397384
808,0.834864522425224,0.05424573417613321
809,-0.514290341981168,0.008371600012161973
810,0.19670802087929085,0.00018595250439445987
811,-0.41452784978306645,0.0035873674611511808
812,0.20774729088521493,0.00023117089465640728
813,0.5506503314851969,0.010933055211434506
814,-0.012194388879749996,2.7640087996161355e-09
815,0.08392867812458604,6.195007427156618e-06
816,0.83375240156608,0.05397301426905976
817,-0.7724377827662015,0.040386437259478325
818,-0.02454737994756262,4.5382349544986766e-08
819,0.027150694707140488,6.791730478017399e-08
820,0.9888942631300512,0.10222228375266695
821,-0.37769075711679423,0.00248422680203908
822,0.9332647020768581,0.08243811539323032
823,0.14398725181091487,5.3543508268028006e-05
824,0.81784343998956,0.05017706701007252
825,0.8295229073534804,0.05294468386629658
826,-0.9993919866421772,0.10629160989251629
827,-0.5530330555716076,0.01111876918640231
828,0.8935141259955328,0.07005116704528458
829,0.10705571559613758,1.6387785646831965e-05
830,0.6986068202129152,0.02749320855194981
831,-0.5136638064738457,0.008331754392919888
832,-0.74805841202532,0.03573386235926279
833,-0.4259345695747836,0.003992535598967395
834,-0.8988417405487603,0.07163024176445165
835,0.9717085294238195,0.09579442704333996
836,0.5887977853954274,0.01419190202957743
837,0.1620711832892392,8.586853047498622e-05
838,0.29537791922450585,0.0009378422726827873
839,0.7774582552794371,0.041395602989297786
840,0.3790078879815999,0.0025186482868104765
841,0.48793233027316596,0.006812174628076262
842,-0.6347479790968582,0.018994909625646428
843,-0.7935141068963296,0.04474357523642625
844,0.8281786357449079,0.052620769748892515
845,-0.2789824364985345,0.0007474843293713285
846,-0.9261036936146665,0.0801020396510902
847,0.5485425044708603,0.01077066669393889
848,-0.9297400107239107,0.08128244072284163
849,0.9584472313182246,0.09102958320850063
850,0.7930829962109769,0.044651247717331866
851,0.4286433023094338,0.004093515022270955
852,-0.8484458570927789,0.05765522140949475
853,-0.9409770049678705,0.08500661518001285
854,-0.3692445788368015,0.0022717141640540284
855,-0.12442715277019767,2.9884827705051187e-05
856,-0.7758716827571182,0.041074766549290986
857,0.5679248411627817,0.012332150895877247
858,-0.801205146353259,0.046413598218231766
859,0.8697788334848264,0.06331161104217986
860,-0.35444660238507764,0.001932267176062319
861,-0.5179415490965023,0.008606591706533884
862,0.09502656645933238,1.0177398783617342e-05
863,-0.9573792274075004,0.09065314220331355
864,-0.7887363966087013,0.04372792321263441
865,-0.6151511927879083,0.01682191318230719
866,0.5976733340931681,0.015041505690571388
867,-0.1029385097235167,1.4010539834741209e-05
868,0.006471671439032045,2.192667158951167e-10
869,0.0925786715389143,9.169246260598563e-06
870,-0.6699033361480979,0.02339250549063454
871,0.10410179082926296,1.4654086409660039e-05
872,0.4128195460428663,0.0035294161584861206
873,-0.2744776299465128,0.0007006510516447406
874,0.9322475092041702,0.08210343214516946
875,0.4327663500396419,0.004250823101962342
876,-0.46097254786332664,0.005449602790417174
877,0.06436437555667229,2.1438403552398455e-06
878,-0.6243330448852249,0.017816215258379287
879,-0.9876653475178954,0.10175304338943214
880,-0.14723944006893763,5.8538130374041764e-05
881,0.8369882939822293,0.05476923911585829
882,0.5829090225858711,0.013647853618121819
883,-0.3366242014778731,0.0015751717382779251
884,-0.8827890088667985,0.06694653760621849
885,-0.09206874970485801,8.969033596373244e-06
886,0.7124586486948632,0.02964665624104923
887,0.43520604917236705,0.004345981774668717
888,-0.892086214489167,0.0696321211712797
889,0.13113005984807802,3.6853209819942556e-05
890,-0.06395359464912986,2.0896514598689464e-06
891,0.5740335573646174,0.012856807166047424
892,0.5699576820942243,0.012504975706352783
893,-0.7052219264674737,0.028507053276350502
894,-0.49127046265374363,0.006996778012327343
895,0.3893033780290365,0.0028000234706530014
896,-0.05851542170096935,1.464682739982237e-06
897,0.9865412853689546,0.10132514211927868
898,0.4583456870630995,0.005328548657235421
899,-0.24851202599104227,0.0004718901698591571
