,data,labels
0,-0.07366384296692163,-1.1102230246251565e-15
1,-0.5254984800603448,-4.087622461623752e-07
2,-0.3617980969498833,-9.89948489849013e-09
3,-0.7698607752994422,-1.8143158665329118e-05
4,0.31362301942327697,-2.377928187691225e-09
5,0.4934042572661519,-2.1824808371651017e-07
6,-0.739840781068072,-1.2233747665013617e-05
7,0.7855112436400007,-2.214445429959966e-05
8,-0.3828931945367009,-1.7424583886871403e-08
9,0.8390551456890409,-4.252244981817199e-05
10,-0.5917908748786669,-1.3329304705544942e-06
11,-0.8793199100598905,-6.75748337443105e-05
12,0.4390062745968799,-6.814607389493688e-08
13,-0.7543460700891043,-1.4829422693485306e-05
14,-0.7755069237390566,-1.9504864259722865e-05
15,0.9951095695880696,-0.00022885867447552943
16,-0.6586571658436962,-3.861557270168348e-06
17,-0.7462839308011502,-1.3331602156108069e-05
18,-0.5795972452755367,-1.0836636590294546e-06
19,-0.05085302163409389,-1.1102230246251565e-16
20,0.14659885881883628,-1.191713394632643e-12
21,-0.17495680072586195,-6.980194200423284e-12
22,-0.16575190617524327,-4.066857961504411e-12
23,-0.6351169987395147,-2.690177113851e-06
24,0.4968276561788765,-2.3380738833900239e-07
25,-0.5057180523351239,-2.7897633758655616e-07
26,0.8040141017729094,-2.7883812951934317e-05
27,-0.5638139245514704,-8.234362012249363e-07
28,0.2951517154549239,-1.2971113072524076e-09
29,-0.4144400169579874,-3.83796497915867e-08
30,-0.19764491357220226,-2.361089102009828e-11
31,0.897249154045064,-8.247951769912998e-05
32,0.4110602368724172,-3.537030612843495e-08
33,0.25418881964403695,-2.9167501747195956e-10
34,0.04533733510727522,0.0
35,-0.1798985695449029,-9.220957331024238e-12
36,-0.5112524179411826,-3.109109077970018e-07
37,0.5096630504239235,-3.0141962448215764e-07
38,-0.8687456778649396,-5.996281203035636e-05
39,0.5343393158149166,-4.826073497499195e-07
40,-0.7571396888864421,-1.5382619629411565e-05
41,0.21707039898670932,-6.025202559101217e-11
42,-0.4609466289372808,-1.1079851425233045e-07
43,-0.4517076824058055,-9.055317595763057e-08
44,-0.2523197267812307,-2.709450441784611e-10
45,-0.3587793067456937,-9.105457943192619e-09
46,-0.8423478692653745,-4.42013830987964e-05
47,0.34898381427497105,-6.907642124964752e-09
48,-0.9882512769772271,-0.00021379464259707603
49,0.9472130008492279,-0.00014077316828942088
50,-0.6736672374668189,-4.829670982031686e-06
51,0.6408548614282532,-2.941586893956405e-06
52,-0.10429726014078056,-3.963496197911809e-14
53,-0.970180497597402,-0.00017826206978122094
54,-0.5667793494931301,-8.675471858676786e-07
55,0.5456736469999779,-5.947261121352909e-07
56,-0.5379285034637418,-5.158593089360508e-07
57,0.838635842044972,-4.23128077737811e-05
58,0.652164442354942,-3.4997716760187814e-06
59,-0.07711534798919017,-1.9984014443252818e-15
60,-0.610681213273075,-1.8216535839776782e-06
61,-0.7818108660949863,-2.11329616457423e-05
62,0.8621784371640098,-5.5631479810469564e-05
63,0.33439972258304174,-4.5112227287091855e-09
64,-0.7690000626929316,-1.794324599280195e-05
65,-0.6521048260736844,-3.49659584009121e-06
66,-0.6730646319106974,-4.786957483626786e-06
67,-0.37425888618482905,-1.3878474702799792e-08
68,-0.4984737960546355,-2.4163814926758675e-07
69,0.06035740731524242,-1.1102230246251565e-16
70,-0.07077458041543627,-7.771561172376096e-16
71,0.9673583089424329,-0.0001732185781935236
72,0.03224170658319414,0.0
73,-0.5547223970237696,-7.004711662927932e-07
74,-0.4476562216068587,-8.277619556462668e-08
75,-0.1293312627099248,-3.40394379350073e-13
76,0.9958048201192036,-0.00023043759435081856
77,0.21862017756644492,-6.469103031037093e-11
78,-0.22811925440701963,-9.894807195820476e-11
79,0.4353340336349103,-6.267216023925215e-08
80,0.48014908601682027,-1.6639607969270998e-07
81,0.7850673723264308,-2.202087313341039e-05
82,-0.7232127066784078,-9.76540709529683e-06
83,0.8479222231305801,-4.717960437861102e-05
84,-0.1694290064073538,-5.064171304525189e-12
85,-0.28524035778228574,-9.222338448466871e-10
86,0.6742428813731578,-4.8707926335600504e-06
87,-0.43802307774923177,-6.66399009308094e-08
88,-0.9531433289089939,-0.00014970584435380907
89,-0.5432726124407681,-5.691913598226961e-07
90,-0.48234878273732673,-1.7414792963243997e-07
91,-0.9192787675900294,-0.00010478721121198742
92,-0.8170531845934412,-3.2695117310743704e-05
93,-0.4166443094004706,-4.0464399719830624e-08
94,-0.8472165917236509,-4.679291849718492e-05
95,-0.6175356186031484,-2.035365304520198e-06
96,0.7354869551389527,-1.1538562389556972e-05
97,-0.8393197305506894,-4.265521486479518e-05
98,0.469304828590676,-1.3252564523558164e-07
99,0.38116685459165467,-1.6656530599234998e-08
100,-0.2110227498117183,-4.543099230147618e-11
101,-0.21694509831009468,-5.99054139627242e-11
102,-0.8318387168123988,-3.904121319409093e-05
103,-0.4022329627718708,-2.8485116376764097e-08
104,0.034292537061626494,0.0
105,0.6470664064263894,-3.237359120999983e-06
106,0.8057320846490077,-2.84790664150103e-05
107,-0.3886346964767049,-2.0213557050396957e-08
108,-0.36687118277379405,-1.1375043906802773e-08
109,-0.6261528383031483,-2.3358594118949583e-06
110,0.817250350511314,-3.277325472417214e-05
111,-0.458078978201127,-1.0411787987330001e-07
112,-0.9042497082609295,-8.905620777843737e-05
113,-0.5550967657249597,-7.051888840647891e-07
114,-0.06176396328483258,-2.220446049250313e-16
115,0.7063944956627015,-7.732985347064236e-06
116,-0.3432374395933153,-5.8528373259036925e-09
117,-0.7170876513681101,-8.975567981406307e-06
118,0.6092895889481293,-1.780811171747665e-06
119,0.6556869180646017,-3.6920806489870728e-06
120,0.9426693481467372,-0.00013425550324608349
121,0.3676374698055833,-1.1614340711396665e-08
122,0.7054845541580419,-7.634741989281935e-06
123,0.9979668866065594,-0.00023541018654071877
124,-0.2976178823544158,-1.4094891920279906e-09
125,0.2449567498552958,-2.0155566105017897e-10
126,0.6874856621457204,-5.907958297690641e-06
127,0.3744466526660717,-1.3948098898097783e-08
128,0.23245340465052,-1.194195853315705e-10
129,0.7118569733431184,-8.346980504225776e-06
130,-0.4437596534835362,-7.586851558105678e-08
131,0.09295247736683532,-1.2434497875801753e-14
132,0.7216152823143129,-9.553622661417904e-06
133,-0.46697665866188953,-1.2611864774747517e-07
134,-0.9494810802290905,-0.00014413148934633302
135,-0.7945209586672601,-2.4791222842157623e-05
136,0.1845528145829365,-1.1902701047006303e-11
137,-0.3778585187396757,-1.5269174258314422e-08
138,-0.011652968778410822,1.1102230246251565e-16
139,-0.7541279565672843,-1.4786992295290347e-05
140,0.7699655798593934,-1.816763697137791e-05
141,-0.5186807647273644,-3.58931082300451e-07
142,0.44505869883280713,-7.811151980785525e-08
143,0.18110316259623516,-9.856893079529527e-12
144,0.49432614332974834,-2.2234370022911065e-07
145,-0.7202892948772799,-9.38096608937844e-06
146,0.3768818075066209,-1.4879953380564359e-08
147,0.5588114537662068,-7.535714855455566e-07
148,0.16701151660019353,-4.3864911702939935e-12
149,0.06547286695625476,-2.220446049250313e-16
150,-0.5274193665316862,-4.23881886368882e-07
151,-0.9800210495156645,-0.00019689324696081645
152,-0.7622782742450744,-1.6448735158935968e-05
153,0.11809002191723761,-1.3722356584366935e-13
154,0.011844479103082284,0.0
155,-0.34370587066586533,-5.933047830808391e-09
156,-0.5053893645001797,-2.771760054809391e-07
157,0.09269060633916526,-1.2101430968414206e-14
158,0.047142930117423765,1.1102230246251565e-16
159,0.05751510696351936,-1.1102230246251565e-16
160,0.23941360348889695,-1.6035639482936404e-10
161,0.720155591449257,-9.36371298421168e-06
162,0.04640685290898916,-1.1102230246251565e-16
163,-0.11987051645588154,-1.5931700403370996e-13
164,0.5757243693869523,-1.0137626176298653e-06
165,0.03273617774152138,0.0
166,0.6029824195590285,-1.6058225703607931e-06
167,-0.3944040852369932,-2.3414186145487292e-08
168,0.8385725935523816,-4.228126557248579e-05
169,-0.10360987574135083,-3.708144902248023e-14
170,0.14663808164313274,-1.1950440637065185e-12
171,-0.9013957344654784,-8.632034476763195e-05
172,-0.680345043905092,-5.326440215114303e-06
173,-0.8272805542878388,-3.697625867626897e-05
174,-0.7012041694752627,-7.187465825064798e-06
175,-0.16988997326512711,-5.203615316418109e-12
176,0.5215954416402215,-3.7952424936094076e-07
177,0.18222372547082566,-1.0483836021535353e-11
178,-0.6518592384706499,-3.4835403417421418e-06
179,-0.6983226942833829,-6.8997639887102835e-06
180,0.28187808463016384,-8.192437839227296e-10
181,-0.9032796922097965,-8.811774240702341e-05
182,0.7899819083606998,-2.342430112267646e-05
183,-0.9298284318540373,-0.00011727160696051175
184,-0.23058207753425153,-1.1015477419107356e-10
185,0.8626173072975352,-5.5911931674867965e-05
186,-0.4284860826027683,-5.350906795431598e-08
187,-0.14899924325989566,-1.4018786131941852e-12
188,0.15619425146616361,-2.246092201119154e-12
189,0.022921978165868717,0.0
190,0.7317027971242285,-1.0963361989135834e-05
191,0.8385958789345835,-4.229287560519879e-05
192,0.545828331912549,-5.964059206498007e-07
193,0.3326600874213712,-4.282367016550381e-09
194,-0.6443235378593881,-3.1036117084104475e-06
195,-0.5061780194942922,-2.815133749445309e-07
196,0.457209668761434,-1.0216548385066915e-07
197,0.8140008803942735,-3.1506605415176914e-05
198,0.43142112474247707,-5.727748042527736e-08
199,-0.9726595744157454,-0.000182800468878086
200,-0.4609384757487618,-1.1077898631750571e-07
201,0.5155582346274556,-3.3798852849820094e-07
202,0.4894336427842152,-2.013719273552539e-07
203,0.809201437211049,-2.971601115187017e-05
204,-0.8249622811309483,-3.596407366923682e-05
205,0.5383512380081501,-5.199082114826226e-07
206,-0.32525091209485324,-3.4200892118363413e-09
207,-0.582221907432688,-1.1334663593265404e-06
208,-0.28384615544894376,-8.781930738166466e-10
209,0.765289812571873,-1.71039161783737e-05
210,0.0727231356446163,-1.1102230246251565e-15
211,-0.15148843940055134,-1.6544543512964083e-12
212,0.6152029068125981,-1.9602334213608685e-06
213,0.889371828844477,-7.560232795600363e-05
214,-0.418963968038949,-4.2767697716605824e-08
215,-0.3563505404392908,-8.50872583502138e-09
216,0.3297458381241085,-3.922288605018309e-09
217,0.6158908147554605,-1.9821262081665125e-06
218,0.8027943981197334,-2.746800449415776e-05
219,0.2056768822133408,-3.515554514166297e-11
220,0.07895928596386192,-2.3314683517128287e-15
221,0.87079419109066,-6.137440802678196e-05
222,0.5646684169102669,-8.359353862452679e-07
223,0.8587717807948465,-5.3497046089368006e-05
224,0.8871344522260021,-7.374511328128719e-05
225,-0.36401309665150805,-1.0521124860218833e-08
226,-0.8288120917777781,-3.765888325413247e-05
227,-0.4315312974117449,-5.742346897985584e-08
228,0.8406293681717296,-4.33178621593866e-05
229,0.2942522671713894,-1.2581761188457108e-09
230,-0.26564476982011787,-4.5303616413860937e-10
231,0.1390521257009376,-7.025491299827991e-13
232,0.4628660008186807,-1.1548270684169637e-07
233,-0.4840404213144778,-1.8032851223370727e-07
234,-0.5948590959876894,-1.4032558881549306e-06
235,0.5338183151553211,-4.779441347135815e-07
236,-0.8399918438417955,-4.2994144961450154e-05
237,-0.8418354555297483,-4.393626398702111e-05
238,0.9697151905619521,-0.00017742157876710074
239,0.6089902961270133,-1.7721355274336048e-06
240,-0.9410663799316039,-0.00013202146330060227
241,-0.08227480349130967,-3.774758283725532e-15
242,-0.697232049089261,-6.7935943734998006e-06
243,-0.45531476392794823,-9.802329037356117e-08
244,0.44229951497940556,-7.341661578674774e-08
245,-0.6934949200033607,-6.440829874776455e-06
246,0.07952095386299152,-2.55351295663786e-15
247,0.3558377969596189,-8.387339045512476e-09
248,0.20416976150394994,-3.2664537741311506e-11
249,-0.9138437716720291,-9.88322566529698e-05
250,-0.6181577419660993,-2.0558346136567707e-06
251,0.2705933978647648,-5.447490236676344e-10
252,-0.48211910600400554,-1.7332363144717533e-07
253,-0.5095890193572172,-3.0098394721012056e-07
254,0.4219584489835204,-4.591513025342664e-08
255,-0.3119548418001681,-2.2546247091526084e-09
256,-0.09995604299584149,-2.609024107869118e-14
257,0.5827281119752981,-1.1433047001352392e-06
258,-0.5258631357875743,-4.1159468067153426e-07
259,-0.039029279827384356,0.0
260,0.8517439911443019,-4.9324151145224704e-05
261,0.5186096647017857,-3.58441536230103e-07
262,0.10616485926342856,-4.7406523151494184e-14
263,0.9122573025079088,-9.715215910832686e-05
264,0.7189174795029398,-9.205294595693303e-06
265,-0.42841473367042093,-5.342030384714036e-08
266,0.6575603121520865,-3.7981763489902676e-06
267,0.9743353035741242,-0.00018592652718396607
268,-0.17373121148933035,-6.506684080420655e-12
269,-0.11678180435980035,-1.226796442210798e-13
270,0.03751350156756983,0.0
271,0.13478358340654006,-5.144773496112975e-13
272,0.4664176181957411,-1.2462227716447671e-07
273,0.555693692660937,-7.127703094411686e-07
274,0.9392121806740024,-0.00012947887002945357
275,-0.12707507745241386,-2.856603842360528e-13
276,-0.7275526926452807,-1.0362236692817994e-05
277,0.7808914235298718,-2.0888152551190586e-05
278,-0.13133263052765476,-3.9690473130349346e-13
279,-0.9915192947866531,-0.00022085825361517486
280,0.3271134602411039,-3.6207008502486815e-09
281,0.11117113509209542,-7.494005416219807e-14
282,-0.5632381205030825,-8.151085263419233e-07
283,-0.9465849305600602,-0.00013985567034235924
284,-0.6796725094362837,-5.274412061440081e-06
285,0.9214552447557338,-0.00010726067254918092
286,0.4471538282475409,-8.18549268366553e-08
287,-0.13674322797117866,-5.943023850818463e-13
288,0.5918095889996471,-1.3333496305945047e-06
289,0.23443905181272262,-1.300116680980068e-10
290,-0.5624055566989057,-8.032011948877482e-07
291,-0.4423528768320042,-7.350495245805888e-08
292,0.8034306679134318,-2.7684215697765246e-05
293,0.6440330201496804,-3.0897402875096347e-06
294,-0.8622706950912475,-5.56903306265788e-05
295,-0.06538499734697645,-3.3306690738754696e-16
296,0.6159564712186272,-1.984227172791009e-06
297,-0.4992080799704697,-2.452065718250296e-07
298,0.5107609812275729,-3.079478899659094e-07
299,-0.13139589179709077,-3.9901415505028126e-13
300,-0.6629493169717711,-4.118807438779903e-06
301,0.20277431962652548,-3.0500935110922e-11
302,0.5353820035732415,-4.920629088633888e-07
303,0.6166455986539114,-2.0063997872021844e-06
304,0.20451881475034495,-3.322686570328415e-11
305,0.3123567614756355,-2.2837945978793073e-09
306,0.4635754228457969,-1.1725859516698023e-07
307,-0.407130578910601,-3.2139311989531905e-08
308,0.9555282126414788,-0.00015343895501096494
309,0.24520321739699535,-2.0359081087661934e-10
310,-0.28082348189142503,-7.891427511452775e-10
311,-0.4571874314452917,-1.0211597545328743e-07
312,0.6180259732018845,-2.0514837464347124e-06
313,-0.07856153595230997,-2.3314683517128287e-15
314,0.7966594989258211,-2.5459690825457848e-05
315,-0.3886097759888083,-2.0200631500877364e-08
316,-0.06822409141779473,-5.551115123125783e-16
317,-0.5561241179469749,-7.182823934526184e-07
318,0.2730151688412512,-5.954495785331915e-10
319,-0.8759001883819215,-6.502340420833086e-05
320,-0.25131897437131157,-2.6039925771215167e-10
321,-0.13704741663186626,-6.076250613773482e-13
322,0.010247814399270805,0.0
323,0.4240078742518292,-4.818768728487299e-08
324,0.772323789169459,-1.872631698340843e-05
325,-0.8910430878078559,-7.7016851778966e-05
326,-0.3911072092215806,-2.1533573146825802e-08
327,0.713221865060321,-8.507072569718943e-06
328,-0.7895067643950895,-2.3285197149447434e-05
329,-0.33537833954277896,-4.6447433676988226e-09
330,0.763801718592725,-1.6777301334203187e-05
331,-0.8924317729152271,-7.821020354881192e-05
332,0.04009063365347165,-1.1102230246251565e-16
333,0.551967900767506,-6.666222680529188e-07
334,-0.5550103872902599,-7.040978343697546e-07
335,0.33861530449563326,-5.112096301829183e-09
336,0.4317896646908812,-5.776714184779763e-08
337,-0.22885873650407373,-1.0220002621963431e-10
338,0.16354295942170216,-3.5564884370842265e-12
339,0.8317945370208237,-3.9020712401249824e-05
340,0.9654388616413987,-0.00016986177440891925
341,-0.1066382619830748,-4.9404924595819466e-14
342,-0.5549043674572696,-7.027607668019797e-07
343,-0.6675062990632992,-4.408675656542016e-06
344,0.859277254436442,-5.38090370442168e-05
345,-0.7896115843186629,-2.331582054782011e-05
346,0.5884558118107661,-1.2600940564322372e-06
347,-0.22644624206735964,-9.193212857638855e-11
348,-0.014918303245814668,1.1102230246251565e-16
349,0.10094086876660424,-2.853273173286652e-14
350,0.7438111359080886,-1.2900223957723611e-05
351,0.9185145525440792,-0.00010393091854843384
352,0.5101584171703017,-3.04349501045742e-07
353,-0.9484974661140617,-0.00014266634924642307
354,0.7729081313657131,-1.88671136479579e-05
355,-0.38157160571600013,-1.683382033768055e-08
356,-0.6647990844224985,-4.234340154174454e-06
357,-0.9055649592561554,-9.034298316268341e-05
358,0.4938878093135117,-2.2038780045363637e-07
359,0.35641138705350084,-8.523235006663299e-09
360,0.5754321451959339,-1.0086564586897495e-06
361,-0.5884805513197073,-1.2606209213172903e-06
362,0.5956498571525191,-1.4219124686576379e-06
363,0.3380142508159447,-5.022245175290152e-09
364,0.3307420331249755,-4.0421886948749375e-09
365,0.5496766363747689,-6.395935794323293e-07
366,-0.9192311712624794,-0.000104733696154935
367,0.00750016155506783,-1.1102230246251565e-16
368,-0.893118863571688,-7.880675341220833e-05
369,0.7716717028818159,-1.857031093288608e-05
370,0.5122419291213871,-3.169548231651831e-07
371,0.5670401215004617,-8.715259277591869e-07
372,-0.13011229937763913,-3.615996391204135e-13
373,0.08828305421237936,-7.438494264988549e-15
374,0.265890253656651,-4.5723513864004417e-10
375,0.36678030430232345,-1.134696037130567e-08
376,0.4342047621131524,-6.107021077728092e-08
377,-0.3872732410500188,-1.9518202720725242e-08
378,-0.8773562472189129,-6.609900716503248e-05
379,-0.6237613388448557,-2.2487097653955956e-06
380,0.038287627716107275,0.0
381,-0.046746840332003936,0.0
382,-0.3584710676809839,-9.027696812324848e-09
383,0.3446472747371143,-6.097243709923816e-09
384,-0.44828461312286216,-8.394163131253407e-08
385,0.747404384458094,-1.3531291442769877e-05
386,0.8359407491731361,-4.0987301456629766e-05
387,0.4772616499146993,-1.5669174069365965e-07
388,-0.5175055307529461,-3.5091584282831434e-07
389,-0.3698503462148526,-1.2331008103494412e-08
390,0.508837366214655,-2.96592362114545e-07
391,0.5177050971649786,-3.522654662413416e-07
392,0.24473815380105624,-1.9976598153448322e-10
393,-0.39398871555914483,-2.3169389518074013e-08
394,-0.40234820139938154,-2.8566612186864404e-08
395,-0.45035684832396816,-8.789014893650915e-08
396,-0.9794173742814112,-0.00019570200733176613
397,0.8956143738290538,-8.100787770903839e-05
398,0.007324437251116533,0.0
399,0.2487977353458377,-2.354489936351456e-10
400,-0.7755972509657065,-1.9527374442662726e-05
401,-0.09586023433071578,-1.709743457922741e-14
402,-0.5313868189272228,-4.567119570308975e-07
403,0.08297537512417508,-3.9968028886505635e-15
404,-0.4142459866824775,-3.8200850926983776e-08
405,-0.4701020469231483,-1.347858719080719e-07
406,0.5475203527093317,-6.150608736765761e-07
407,0.27261608685904215,-5.868131536246324e-10
408,0.29803739594903944,-1.429453888590615e-09
409,-0.5394657918011481,-5.307205322990782e-07
410,-0.5269757200029936,-4.203459255114339e-07
411,0.1283648100327952,-3.1585845050585704e-13
412,-0.5149072648624564,-3.33763447435409e-07
413,-0.9203562735413933,-0.0001060052823985691
414,-0.011224358830172365,-1.1102230246251565e-16
415,-0.666605478389753,-4.349963514505006e-06
416,0.6744318731344778,-4.884361813561888e-06
417,0.3287440129492534,-3.80494658003272e-09
418,0.33578213544503255,-4.700864697504414e-09
419,0.7520135327977564,-1.4381277013475469e-05
420,-0.8267798336021013,-3.675550071657874e-05
421,0.5487201351353641,-6.286047128378769e-07
422,-0.3784428227123018,-1.550637362957019e-08
423,-0.4402501010103872,-7.009532920765338e-08
424,-0.21186775468061603,-4.728195612813124e-11
425,-0.11821995282099396,-1.3866685577568205e-13
426,-0.36082585823256763,-9.637215470092997e-09
427,0.33953936844741284,-5.253055879173019e-09
428,0.4515925493854642,-9.032340808623474e-08
429,-0.4437760802656714,-7.589651340733639e-08
430,-0.361438955862196,-9.801865208380889e-09
431,-0.8272833379565014,-3.697748925735045e-05
432,0.22014016706436812,-6.932820983962529e-11
433,-0.5353933910314934,-4.921670879731721e-07
434,0.6175343037176773,-2.0353222363045376e-06
435,-0.14584221760034,-1.131650329000422e-12
436,-0.27281348158950736,-5.910706368794649e-10
437,-0.8626736567606257,-5.594803242225943e-05
438,-0.3742102283126918,-1.386048342766344e-08
439,-0.21757013323891972,-6.165246091427434e-11
440,0.0053791248161580985,1.1102230246251565e-16
441,0.7855600432804588,-2.2158078819556337e-05
442,-0.17044405974747368,-5.3758109075374705e-12
443,-0.9781963471962949,-0.00019331225003293984
444,0.7597465396045104,-1.5915458661086568e-05
445,0.027564679620368127,1.1102230246251565e-16
446,0.06678885380003297,-3.3306690738754696e-16
447,-0.376974928929666,-1.4916673563014626e-08
448,0.5092635897302396,-2.9907547938190504e-07
449,-0.5403006255583378,-5.389511730236052e-07
450,0.14276530154282763,-9.144907053837414e-13
451,-0.5654746496131076,-8.478846634796255e-07
452,-0.09763793648508035,-2.0539125955565396e-14
453,0.051651607164192814,-1.1102230246251565e-16
454,0.03709929469648454,-1.1102230246251565e-16
455,-0.8390705400117178,-4.2530164313547836e-05
456,0.32453231744863165,-3.3454033987467824e-09
457,0.8560603710299057,-5.185100935378717e-05
458,0.4278186340682155,-5.268386293888483e-08
459,-0.5790674465909951,-1.0738525932918463e-06
460,-0.8390877895634903,-4.253881000337856e-05
461,-0.5321513876445412,-4.6329504665987287e-07
462,0.5641213266107192,-8.279132875932405e-07
463,0.06498365539355277,-3.3306690738754696e-16
464,0.1116819404400522,-7.849276784099857e-14
465,-0.5176816792377634,-3.5210685478404e-07
466,-0.7307479519189737,-1.0822351482198123e-05
467,0.7386608477883334,-1.2041727177392048e-05
468,-0.13617211170009513,-5.700995231450179e-13
469,-0.5365498245163547,-5.028506030457791e-07
470,-0.7932333696481169,-2.439638126627841e-05
471,0.8449934805665527,-4.559316180874351e-05
472,-0.23507261941438307,-1.335649368883196e-10
473,0.9302120630662121,-0.00011774969442857053
474,0.4253454478559915,-4.972491851606975e-08
475,-0.26534299888837865,-4.479219217756736e-10
476,0.199133255772739,-2.5449198304272613e-11
477,0.21648528721572347,-5.864875252115098e-11
478,0.16591869163252526,-4.107936213415542e-12
479,0.6075710870349389,-1.7315112760263318e-06
480,-0.5766653921334377,-1.030363697251957e-06
481,-0.28944576372275166,-1.0673731898336314e-09
482,-0.5414099978293343,-5.500659318036227e-07
483,0.09607500760239795,-1.7430501486614958e-14
484,0.28126772060521543,-8.016990404868807e-10
485,-0.5357415310715745,-4.953616556946372e-07
486,-0.5420078366020895,-5.56140670404659e-07
487,-0.506232208960709,-2.818136285442918e-07
488,0.8204219723836002,-3.405340667805845e-05
489,0.661633198467311,-4.038337141021309e-06
490,-0.4273744758422229,-5.2141083672907484e-08
491,-0.6985224137076755,-6.919366356994416e-06
492,0.6580604351319506,-3.8269588125139364e-06
493,0.7373358987167369,-1.1829334278790071e-05
494,0.5708572535554228,-9.316728757369219e-07
495,0.5296893809893519,-4.4239618801622527e-07
496,0.5025767379477339,-2.6219206772370995e-07
497,0.43205992852794184,-5.812861680887238e-08
498,0.7957867850687028,-2.5184968663216623e-05
499,0.06254402759645972,-2.220446049250313e-16
500,-0.5366482973320448,-5.037698841414695e-07
501,0.24472682805174717,-1.9967383302343933e-10
502,0.3100079723221354,-2.1180157627753715e-09
503,0.25292630646816106,-2.775223384432479e-10
504,0.3302878800482376,-3.987124852500301e-09
505,0.6459281038640845,-3.1812376843909362e-06
506,-0.6407159985526525,-2.9352616471856052e-06
507,0.010197029335629715,0.0
508,0.4427581061474748,-7.417890546257411e-08
509,-0.618217815919148,-2.0578209418697924e-06
510,0.17447369015202208,-6.790012996304995e-12
511,-0.9214016839242136,-0.00010719918087576108
512,-0.8668360639287793,-5.867321335428777e-05
513,-0.9221101656859536,-0.00010801512881752906
514,-0.5088504680739414,-2.9666841483422246e-07
515,0.23796464118344396,-1.5092027627616744e-10
516,-0.5503760638274711,-6.477379528302407e-07
517,-0.3196821437984618,-2.8784929995140374e-09
518,0.822319118288731,-3.484040717793846e-05
519,-0.06274581571457749,-3.3306690738754696e-16
520,0.566867783582546,-8.688946407930942e-07
521,0.08511750501068338,-5.218048215738236e-15
522,-0.5637557551493475,-8.225914580606286e-07
523,0.29734703521902195,-1.3967331735642574e-09
524,-0.24576692176799875,-2.0831525393560923e-10
525,-0.5336181067844723,-4.76162967055771e-07
526,0.5564721706573388,-7.227675767884634e-07
527,0.9439262882696187,-0.00013603091247660348
528,0.9322264087509087,-0.00012028878001346666
529,0.9830815810719562,-0.00020303313209668605
530,0.9167531619351212,-0.00010198113627457595
531,0.2553085450216448,-3.0476687840064187e-10
532,-0.507549227983598,-2.892000611209866e-07
533,-0.4108001877371319,-3.514779856050865e-08
534,0.25333756268028007,-2.8206303959166235e-10
535,0.8690404492175867,-6.0164124437211974e-05
536,-0.02993369974643545,0.0
537,0.6702231246750447,-4.590082095523584e-06
538,-0.4218934681384119,-4.5844678053796883e-08
539,-0.8150344375409415,-3.190464133406845e-05
540,0.7476314452218717,-1.3572084161084241e-05
541,-0.04673799487319252,1.1102230246251565e-16
542,-0.6694197392653682,-4.535753496459627e-06
543,-0.8869106654120913,-7.356161968208319e-05
544,-0.13716949422607572,-6.130651541980114e-13
545,-0.33154777808059355,-4.1415669782551845e-09
546,0.046322446475579815,0.0
547,0.4140108905721611,-3.7985213308111554e-08
548,-0.7197242045368109,-9.308240770278253e-06
549,-0.8438309553286687,-4.497682415827153e-05
550,0.22439522257008537,-8.394318573579085e-11
551,0.25620206848209004,-3.15590553690015e-10
552,0.031252607294344203,0.0
553,0.14124693688384715,-8.217870828275409e-13
554,-0.48025006437492923,-1.6674502301139427e-07
555,0.22695372691103044,-9.401135425690654e-11
556,-0.5551603369688356,-7.059928254227188e-07
557,-0.2679003694362627,-4.929580077472906e-10
558,-0.36515318678316855,-1.085458400940098e-08
559,0.4631382798797181,-1.1616142048254119e-07
560,0.5686802264047282,-8.969279597925706e-07
561,-0.2444905395901169,-1.9775603377070183e-10
562,0.9183181802633185,-0.00010371190109059736
563,0.058173192145118735,-1.1102230246251565e-16
564,-0.08785890865141233,-7.105427357601002e-15
565,-0.3518734523082403,-7.500137733096324e-09
566,0.6653886344415236,-4.2717689259230696e-06
567,-0.5879736666792588,-1.2498654681225574e-06
568,-0.05207435112116943,0.0
569,0.8333274401303254,-3.973769845022623e-05
570,-0.5144125320916901,-3.3058422410636723e-07
571,-0.7436745308410577,-1.2876762573665879e-05
572,0.7840853134135966,-2.1749647512780967e-05
573,-0.9320687272864445,-0.00012008826733644895
574,-0.9636836618561917,-0.00016684333691274755
575,0.5278814886889449,-4.2759350304955035e-07
576,-0.9417029431634918,-0.00013290461651160879
577,-0.6676646822821017,-4.419071714445444e-06
578,0.5221302726614332,-3.83416252081048e-07
579,0.5739078088898677,-9.823937707764685e-07
580,-0.7811271379722946,-2.095066971319337e-05
581,0.5843125416549739,-1.1745967306575622e-06
582,0.4860052126266705,-1.8775406462889777e-07
583,0.8017292803022673,-2.7109453950568962e-05
584,-0.6328164368557427,-2.5949207695941112e-06
585,-0.15430821167984576,-1.9892976155233555e-12
586,0.5731657572365834,-9.698327236851156e-07
587,0.9255431083108936,-0.00011204815287446657
588,0.9179246909932135,-0.0001032742797629771
589,-0.5739192112042282,-9.825879176972308e-07
590,-0.7965052143385072,-2.5410928764180163e-05
591,0.10220163564927653,-3.241851231905457e-14
592,-0.542172868176445,-5.578281662144136e-07
593,-0.954748717149956,-0.00015220972308049863
594,0.9228665293283231,-0.00010889235912303619
595,-0.4502800037424617,-8.774079673923296e-08
596,-0.3511018631387941,-7.337617180525058e-09
597,0.7080134475021882,-7.910587349391207e-06
598,0.8831784719259839,-7.056113387082785e-05
599,0.37797373266255185,-1.5315685719663463e-08
600,0.8026740831439447,-2.742729088933693e-05
601,0.018498257677004082,1.1102230246251565e-16
602,0.808426698312551,-2.943568673652308e-05
603,0.8558682334453778,-5.17361084646506e-05
604,0.9614318251438396,-0.00016304121788257575
605,-0.32915198890495145,-3.852345442645344e-09
606,0.21864984712529534,-6.477884895161878e-11
607,0.4765006136549472,-1.5422020727129393e-07
608,-0.04993878136489038,0.0
609,0.13146560306955735,-4.0112357879706906e-13
610,0.7535544626108224,-1.4675947742071038e-05
611,-0.6701236487455604,-4.583323536144768e-06
612,0.2799886966711773,-7.660254652819276e-10
613,0.4532284338312633,-9.363779829296703e-08
614,0.07326457854959512,-1.2212453270876722e-15
615,0.3167742859601588,-2.627526862752916e-09
616,0.2787959955901962,-7.340531515964699e-10
617,-0.8498952906265642,-4.8276097339705615e-05
618,-0.834911460760841,-4.049098305036747e-05
619,0.20348089727802465,-3.157984984625273e-11
620,-0.19064085138523335,-1.6463386209863984e-11
621,0.06400457866528719,-2.220446049250313e-16
622,-0.830554877106422,-3.844939279440407e-05
623,0.780122229224679,-2.068530603205332e-05
624,-0.668676477022258,-4.486005591552988e-06
625,-0.6276536688206635,-2.392089071046044e-06
626,0.45987785741868303,-1.082648978245615e-07
627,0.9195765492016774,-0.00010512257928252389
628,-0.8041564064722504,-2.7932691869070325e-05
629,0.32658574813309715,-3.5628142658339357e-09
630,0.45436468243694406,-9.600381911667455e-08
631,0.6690249810356577,-4.509270274177801e-06
632,-0.375183936801466,-1.4224532773887688e-08
633,-0.8473196116125934,-4.6849195639908636e-05
634,-0.41243890523268867,-3.6571242367777756e-08
635,-0.5990308229191899,-1.5042188046265892e-06
636,-0.9267904806304312,-0.00011354665116580787
637,0.26917024940665835,-5.168004912903257e-10
638,-0.8243700204686977,-3.570950366205139e-05
639,-0.293919377818489,-1.2440346530695479e-09
640,0.6616774199592088,-4.041017849121253e-06
641,-0.39730069995118233,-2.518697983511231e-08
642,-0.06406287631197083,-3.3306690738754696e-16
643,-0.6804423885911071,-5.33400897662073e-06
644,-0.0016439679793869288,0.0
645,0.5892048890360335,-1.276134764083281e-06
646,-0.7052593408808348,-7.610600082919028e-06
647,-0.43021807816207547,-5.5704913015652835e-08
648,0.38964848363193916,-2.0745726025950262e-08
649,0.4327926459385596,-5.911887224208101e-08
650,0.2807755421103926,-7.877983820847589e-10
651,-0.5849693551764583,-1.1877926190395627e-06
652,0.8369282999400929,-4.1468614732975695e-05
653,-0.8172297416995573,-3.2765079563290556e-05
654,0.9217000215718099,-0.00010754209633057066
655,0.17590899727708287,-7.369327370554402e-12
656,-0.45882990948548086,-1.0583133869257466e-07
657,0.47703751656871995,-1.5596017488572755e-07
658,0.8076908358556496,-2.9171627635493635e-05
659,0.9706517453764407,-0.00017911692444028127
660,0.7894718523865769,-2.327500553278572e-05
661,-0.43038760058033376,-5.5924128883333424e-08
662,-0.911205497049149,-9.605243441246358e-05
663,-0.030396362954102862,0.0
664,-0.07650672347919585,-1.887379141862766e-15
665,-0.15688710092332947,-2.3477886301748185e-12
666,0.48112855219048845,-1.6980861450299756e-07
667,-0.7093037348260369,-8.054746655328238e-06
668,-0.044940780077598275,-1.1102230246251565e-16
669,0.1737053728833089,-6.496803095501491e-12
670,-0.721099765952449,-9.486161414606897e-06
671,0.6372592343565688,-2.7816889847098736e-06
672,-0.4000388442687677,-2.697280798713564e-08
673,-0.5216178327213452,-3.796864760374774e-07
674,0.01675589129076349,1.1102230246251565e-16
675,0.41972521596403967,-4.354886862234508e-08
676,0.822244023855792,-3.480894809837487e-05
677,0.4807542678876504,-1.6849722361822472e-07
678,-0.05552193663279814,0.0
679,-0.20215286213774575,-2.957933897818066e-11
680,-0.36104844382796264,-9.696702107930832e-09
681,-0.6705298608292012,-4.6109786290271515e-06
682,-0.3443888913686137,-6.051775414128713e-09
683,-0.35901783969592427,-9.166046921471604e-09
684,-0.7382055343122143,-1.1968356410374525e-05
685,-0.4760047944843764,-1.5262889974110294e-07
686,-0.7820671651238875,-2.1201660522218724e-05
687,0.10781039901161416,-5.5289106626332796e-14
688,-0.2630675584628346,-4.110002338464369e-10
689,-0.08518699730363499,-5.329070518200751e-15
690,0.654583057099781,-3.6308191895262354e-06
691,0.6569607366635712,-3.7639266045053077e-06
692,-0.1289693296390122,-3.310685059432217e-13
693,0.1260717034879657,-2.639000129533997e-13
694,-0.41799611656865765,-4.17927175089261e-08
695,0.6101557115128471,-1.8061329511986912e-06
696,-0.38929293801765974,-2.0557671565057944e-08
697,0.3737101986843612,-1.3676808574558663e-08
698,0.678196636227228,-5.161832428934865e-06
699,0.9711582017639702,-0.00018003973985858401
700,-0.9580078699733412,-0.00015740863015833995
701,0.984073218484353,-0.00020505896222666742
702,0.4112186166340963,-3.550644156469218e-08
703,-0.47378139585168433,-1.4567295980594253e-07
704,-0.9814859488467169,-0.00019981099227839305
705,-0.644780276870671,-3.125532835102085e-06
706,0.07676292074394486,-1.7763568394002505e-15
707,0.8784789746232975,-6.693923572498317e-05
708,-0.1130705512582777,-8.881784197001252e-14
709,0.9606191769276629,-0.0001616882765107519
710,-0.4371510947580115,-6.532921337232267e-08
711,0.08485748582002861,-5.10702591327572e-15
712,-0.5618738347168692,-7.956785194052074e-07
713,0.0362809929385941,0.0
714,0.4308460467993507,-5.65208536640327e-08
715,0.949283893800962,-0.0001438366952325465
716,-0.9630248799954022,-0.00016572288126492918
717,-0.3653994589200398,-1.0927851179509673e-08
718,-0.2806501112051436,-7.842907434607582e-10
719,-0.29932570204392306,-1.492364565258697e-09
720,0.7110675138334144,-8.255621901542831e-06
721,0.6568536063494934,-3.7578362507284524e-06
722,0.5563443462255961,-7.211174513077623e-07
723,0.7513497108888791,-1.4255979410626729e-05
724,-0.4136777644613401,-3.768153389316353e-08
725,-0.4099462261567044,-3.442594220803841e-08
726,0.46803402481295575,-1.289931105263875e-07
727,-0.2113985686333184,-4.624600702385351e-11
728,0.30419888205279255,-1.7534971252786136e-09
729,-0.888473757338966,-7.485187439604246e-05
730,0.959225651564718,-0.00015939164894607227
731,-0.3694946741827918,-1.2213202338351437e-08
732,-0.8605903923366853,-5.462717571425024e-05
733,0.5300853511604233,-4.456991465895399e-07
734,-0.6187309551484679,-2.07485811820618e-06
735,-0.880653040109743,-6.859353422083991e-05
736,-0.19107039452309071,-1.683786443607005e-11
737,-0.8348607802880661,-4.046668495416572e-05
738,-0.3833768131246704,-1.7645382488495898e-08
739,-0.9569356668244666,-0.00015568099368423738
740,-0.2654185401042417,-4.491972349640605e-10
741,-0.9636156729514631,-0.0001667273882900444
742,-0.4420095258383161,-7.293822557041807e-08
743,-0.12546491377422408,-2.5135449277513544e-13
744,0.297323504362492,-1.3956297229000825e-09
745,-0.08442082127460138,-4.773959005888173e-15
746,0.847651112743524,-4.7030698321459674e-05
747,-0.4312281271690257,-5.7022545352225507e-08
748,0.16579595271282832,-4.0778491694482e-12
749,0.6010154915058175,-1.5545031483155114e-06
750,-0.7719758687140534,-1.8642934310308945e-05
751,0.6309545023537686,-2.520056038513019e-06
752,0.8938306070857553,-7.942900458068891e-05
753,-0.019266775166937533,0.0
754,-0.22836087873011257,-1.0000034134094449e-10
755,-0.5664531167492637,-8.625926553040841e-07
756,-0.19294058321328023,-1.8559154213448892e-11
757,-0.6038967705764631,-1.6301930731987824e-06
758,0.5689674224749217,-9.014438741017372e-07
759,0.21795903646670656,-6.276257291659704e-11
760,0.23557449429345478,-1.364415247451234e-10
761,0.5863581295848772,-1.216133607040426e-06
762,-0.8813329184718586,-6.911833927059075e-05
763,0.5729854934976597,-9.668031851761683e-07
764,0.6490598198765598,-3.337785197898846e-06
765,0.5464599341952701,-6.033091687340786e-07
766,0.7542289806122229,-1.4806631300046114e-05
767,0.2828038853450465,-8.465155243442268e-10
768,-0.47054945682312743,-1.360694663610218e-07
769,-0.8922691832499128,-7.806963254064492e-05
770,-0.819825465052801,-3.380927100438136e-05
771,0.058666284375715305,-1.1102230246251565e-16
772,-0.7542316820555257,-1.4807156779927944e-05
773,-0.6947944586463155,-6.5615884743408515e-06
774,0.9993782490940941,-0.0002387078262160447
775,0.48523168462134847,-1.847984836267358e-07
776,-0.42542497617690245,-4.981769119449808e-08
777,0.28523185183511757,-9.219591756703949e-10
778,-0.241918319276603,-1.779270064616867e-10
779,-0.42664523686552025,-5.126082047723912e-08
780,0.3242867640826712,-3.32022065396842e-09
781,-0.5750783586613941,-1.0025055212636858e-06
782,0.5605236425778106,-7.768599585844527e-07
783,0.99871803866316,-0.00023716013528352065
784,-0.6083224288205842,-1.7529126854487487e-06
785,0.9468744836417589,-0.00014027798776194977
786,-0.20209651953271113,-2.9497182474358397e-11
787,0.8157132373390503,-3.216850326359655e-05
788,0.8872714491823359,-7.385764602652056e-05
789,-0.07285603949310104,-1.1102230246251565e-15
790,0.809253793508814,-2.973504135850291e-05
791,0.2053906131620531,-3.466960052378454e-11
792,-0.1614242610999701,-3.1218361229434777e-12
793,0.5818622614909066,-1.126522742755931e-06
794,0.5611623773084355,-7.857120156717912e-07
795,-0.36140056295063183,-9.791480959364662e-09
796,-0.028269173713172835,0.0
797,-0.3523013904885006,-7.591663853112607e-09
798,0.30541639391298103,-1.8248439426216123e-09
799,0.09408742006506898,-1.4210854715202004e-14
800,0.08938007227772937,-8.548717289613705e-15
801,0.2406804423238531,-1.6903778377042045e-10
802,0.564110915094933,-8.277612943974333e-07
803,0.032495653434578387,0.0
804,-0.5201265226662772,-3.6901681366163785e-07
805,-0.764021375466791,-1.6825158002387042e-05
806,-0.34720937481399283,-6.56501608631288e-09
807,-0.8979310883710894,-8.310044848325315e-05
808,-0.5121332643653567,-3.162859791849826e-07
809,-0.8917131564184182,-7.759061514667209e-05
810,0.7311856087474793,-1.0886780844931998e-05
811,0.6979183068019283,-6.860226122507029e-06
812,0.4346722707761199,-6.172888311617442e-08
813,0.19213677038374177,-1.7800760865327447e-11
814,0.08969097402618909,-8.770761894538737e-15
815,0.5299751378850217,-4.447775916460728e-07
816,-0.8006248014588584,-2.6742092189779854e-05
817,-0.011902544397179415,0.0
818,0.6996802786090652,-7.033998542627096e-06
819,-0.6242318754613048,-2.2656223440664647e-06
820,0.9438146102353675,-0.00013587232195255705
821,0.2684868640975211,-5.038437445037403e-10
822,0.08145605971785042,-3.4416913763379853e-15
823,-0.7549318157313663,-1.4943911025300238e-05
824,0.7298369046748177,-1.0689328626467542e-05
825,-0.5853813810767543,-1.1961383580283425e-06
826,0.8816865482827929,-6.939273005224234e-05
827,-0.4078716868797858,-3.2727534904353206e-08
828,0.3264618979974918,-3.549350036102794e-09
829,0.942567745573869,-0.00013411290203668713
830,-0.219662184146598,-6.783873462978818e-11
831,0.01580873904080815,0.0
832,-0.14891550004963228,-1.394107052021809e-12
833,-0.272714540114241,-5.889331244901541e-10
834,0.18310929340661164,-1.1004197553177164e-11
835,0.5828953169933431,-1.146571228294313e-06
836,-0.5440366026046441,-5.772073302656722e-07
837,0.1727969104731133,-6.165179478045957e-12
838,-0.8317679447259407,-3.9008377406668515e-05
839,-0.134938394053973,-5.204725539442734e-13
840,-0.598763785273718,-1.4975657685045718e-06
841,0.48233883439382597,-1.7411215269547142e-07
842,0.6176060639982177,-2.0376738956162654e-06
843,0.9199995525036264,-0.00010560062815356819
844,-0.13029082008532678,-3.667066650336892e-13
845,-0.1023547389889099,-3.275157922644212e-14
846,0.6251258960823409,-2.2980713328957236e-06
847,-0.07895128208468938,-2.4424906541753444e-15
848,0.29991419760764404,-1.52192192182099e-09
849,0.7269534820493926,-1.0277932639524145e-05
850,0.9009669839743082,-8.591591220163952e-05
851,-0.29409278285999374,-1.2513831082472393e-09
852,-0.6358762775961757,-2.722297841928345e-06
853,0.6881945664121665,-5.968690271918042e-06
854,-0.34289431820541805,-5.7947041609551775e-09
855,-0.3147736820944944,-2.46647968715763e-09
856,-0.18057670156805194,-9.574452342064887e-12
857,-0.6271203579820097,-2.3719704989044743e-06
858,-0.35229085960591044,-7.589399442231581e-09
859,-0.9347875372309917,-0.00012358786860233728
860,-0.12829672582032892,-3.141931159689193e-13
861,0.2880290918202093,-1.0163359043247056e-09
862,0.22884425723110757,-1.0213563328420605e-10
863,-0.16322580665023323,-3.488098698767317e-12
864,-0.9231331274658341,-0.00010920307767803283
865,0.22121848882658002,-7.279710168006659e-11
866,0.7573394555847981,-1.5422878071436052e-05
867,0.31090641912286143,-2.1801047633829285e-09
868,0.7340645201228337,-1.1319247873231575e-05
869,-0.9306664990566123,-0.00011831827884833945
870,0.2475958686491282,-2.2433033208812958e-10
871,0.914848969843419,-9.99102059482393e-05
872,0.6735404919881187,-4.820658781157228e-06
873,-0.0336377248673041,0.0
874,0.41134958528430854,-3.5619371341333306e-08
875,0.9311289006301839,-0.00011889935337250357
876,-0.5515233354622222,-6.612991353405206e-07
877,0.8047109253424725,-2.8123892431120012e-05
878,-0.49621427036532206,-2.3094832790615527e-07
879,0.6112479320969395,-1.8385257208874961e-06
880,-0.9346403436883817,-0.00012339609008626962
881,-0.35599202267249597,-8.423685637914957e-09
882,-0.06678729286914509,-5.551115123125783e-16
883,-0.500824705418804,-2.5323039942737324e-07
884,0.10785338664517585,-5.540012892879531e-14
885,0.5156893291603757,-3.388451815800053e-07
886,0.6284676261350162,-2.423090258663052e-06
887,0.9124882422325755,-9.739512547868312e-05
888,0.5563468441366266,-7.211496650949556e-07
889,0.9440080350618616,-0.0001361471036620543
890,-0.0646245932203322,-3.3306690738754696e-16
891,-0.7292391339059368,-1.060284671583478e-05
892,0.2734795462392421,-6.056428691891824e-10
893,0.16408657950080596,-3.676392523743743e-12
894,0.6223996106686878,-2.2004019075705372e-06
895,0.1824092643763071,-1.0591083565714143e-11
896,0.7200799140624825,-9.353960192526323e-06
897,0.10038542732674993,-2.6978419498391304e-14
898,0.39958622404983,-2.666997267475324e-08
899,0.007179478557804542,0.0
900,-0.6550611668772,-3.6572401033163615e-06
901,-0.47694442662435654,-1.5565723510135854e-07
902,0.42355977227699415,-4.768233619056872e-08
903,-0.4533303918343128,-9.384794474875946e-08
904,-0.5048739888680849,-2.7437413785413867e-07
905,-0.987187154789887,-0.00021153866962320134
906,0.2074318373979449,-3.827083094876116e-11
907,-0.6886611362775263,-6.008966618842315e-06
908,-0.6291267650021428,-2.448458761628025e-06
909,-0.5399218852716787,-5.352030582050915e-07
910,0.6802556567724423,-5.319498663780564e-06
911,-0.08689318341231944,-6.328271240363392e-15
912,-0.3921041061991697,-2.2087358941824675e-08
913,-0.4143706182124338,-3.8315612793660137e-08
914,-0.6785980103236304,-5.192233653361633e-06
915,-0.5239881907382367,-3.972167577082075e-07
916,0.692584136468601,-6.3573891103674285e-06
917,-0.1505471129987035,-1.5545342790801442e-12
918,-0.9004930481871671,-8.547083387133725e-05
919,-0.7177562864287843,-9.058908476577976e-06
920,-0.2774961458901404,-7.005801494486263e-10
921,-0.7920794384591228,-2.404732894878414e-05
922,-0.9824918989833464,-0.00020183697749720508
923,0.18265857079891168,-1.0736633804242501e-11
924,0.05214275480020891,0.0
925,0.5042156564222153,-2.7083211373568616e-07
926,-0.9069578598656625,-9.172386994305004e-05
927,0.7886718549123615,-2.3042561549724283e-05
928,-0.4333575317196092,-5.989263129890787e-08
929,0.9168267195873396,-0.00010206190086536893
930,-0.887316655941129,-7.389481375397189e-05
931,0.36964209713053786,-1.2261908488575557e-08
932,-0.6759341996636881,-4.993438464384603e-06
933,-0.5217781303289608,-3.8084967679541393e-07
934,0.5687488706277826,-8.980054793106262e-07
935,-0.4605976056725032,-1.0996532440188389e-07
936,0.45258181362556926,-9.231486508554099e-08
937,-0.16161104245467683,-3.1581404158487203e-12
938,-0.4578350781884122,-1.0356674406963862e-07
939,-0.19274103341736026,-1.8368195853213365e-11
940,-0.07139451005909137,-9.992007221626409e-16
941,0.22411322891259133,-8.289502417824224e-11
942,0.9512889234784325,-0.0001468595517802873
943,0.2691664535973666,-5.167275496376078e-10
944,0.17111736053170956,-5.591860308129526e-12
945,-0.8142682002559374,-3.160912435928864e-05
946,0.6757954462886266,-4.983273383385445e-06
947,-0.26796564184674265,-4.941589359930276e-10
948,-0.11940296231619052,-1.532107773982716e-13
949,-0.6785145953023337,-5.185902361426464e-06
950,-0.6303052696412454,-2.49441142252671e-06
951,-0.621229288139636,-2.1596312174132493e-06
952,-0.7564713388011357,-1.524861335588934e-05
953,0.09234647798145934,-1.176836406102666e-14
954,-0.22759749916567507,-9.671019540746784e-11
955,-0.9103866776684988,-9.520404685092743e-05
956,-0.5251593805798787,-4.0614404850369823e-07
957,0.7609690641483395,-1.6170998822673255e-05
958,0.2776547839892183,-7.045903860358749e-10
959,0.0479944843096034,0.0
960,0.35152068772957223,-7.42543726506284e-09
961,-0.16160560166235038,-3.157030192824095e-12
962,0.10809982285132658,-5.67323965583455e-14
963,-0.32045836143207707,-2.949032573695831e-09
964,-0.6146734023603226,-1.9435300442349757e-06
965,-0.5176796994669763,-3.5209344861897307e-07
966,-0.1984738549183782,-2.461941761566777e-11
967,0.2369246527722324,-1.444585562282441e-10
968,-0.9211608954979287,-0.00010692312851245944
969,0.07395668555300339,-1.2212453270876722e-15
970,-0.5386661112998383,-5.229425632524709e-07
971,0.5210491924723428,-3.755858406506718e-07
972,-0.2937286221335611,-1.2359958612151445e-09
973,0.20991588274482664,-4.310507506488648e-11
974,-0.8799673844308213,-6.806788972057998e-05
975,-0.16385593729995462,-3.625100220006061e-12
976,-0.9983817061456,-0.0002363751511544887
977,-0.41743937266769127,-4.1240972081801885e-08
978,0.24600142196433517,-2.1030932551013848e-10
979,0.8944077449997776,-7.993680408646675e-05
980,-0.013283408940567565,1.1102230246251565e-16
981,-0.42629497098132996,-5.084278453804103e-08
982,0.45668774340372154,-1.010091573716565e-07
983,-0.22521858781435822,-8.7071905241487e-11
984,0.9568257104823878,-0.00015550478528980616
985,-0.18840522860457232,-1.4632295375349713e-11
986,-0.9898763008235283,-0.000217281329973118
987,0.6021402618669662,-1.5836663044277444e-06
988,-0.28281822775959053,-8.469441814540346e-10
989,-0.4686107837544513,-1.3058573522517491e-07
990,0.7631131696824642,-1.6628077500357996e-05
991,-0.10590249631324178,-4.618527782440651e-14
992,-0.5266184277136798,-4.1751752111185425e-07
993,-0.3690741028283291,-1.207520750057256e-08
994,-0.488604015123022,-1.9799763695260708e-07
995,-0.44072596233038697,-7.085423048280859e-08
996,-0.3105321914149064,-2.154046607749649e-09
997,0.5958151429130958,-1.4258401249689356e-06
998,-0.49912581448408755,-2.448044414959938e-07
999,-0.4574946888725706,-1.0280195750222987e-07
