,data,labels
0,-0.11142235076885365,-7.66053886991358e-14
1,0.48627694013194556,-1.8880235153062586e-07
2,-0.7922618852431924,-2.4102217317412133e-05
3,0.07410076370142993,-1.4432899320127035e-15
4,-0.45080748401540394,-8.877059698431111e-08
5,-0.34296376328276623,-5.806427783028312e-09
6,-0.8377102813846007,-4.185332619033311e-05
7,-0.5255723573647708,-4.0933466327608414e-07
8,-0.10163499433135548,-3.064215547965432e-14
9,-0.3043332224541353,-1.7612444835890528e-09
10,-0.8898553367772333,-7.600914695760075e-05
11,-0.34446200663196747,-6.064610702516404e-09
12,0.5876412669502276,-1.2428571916078823e-06
13,0.5777413409473187,-1.0496440324692102e-06
14,-0.6699884628819057,-4.574153106395862e-06
15,-0.406551349620768,-3.168621109939096e-08
16,0.833579722909461,-3.985682430063253e-05
17,0.9905933836124807,-0.0002188360443720061
18,-0.6677387034808899,-4.423937907560571e-06
19,0.04245588867881955,-1.1102230246251565e-16
20,-0.889646160312499,-7.583290768309325e-05
21,-0.9941709667448209,-0.00022674246674114773
22,-0.05022518754367078,0.0
23,0.6345722213905194,-2.667340859630052e-06
24,-0.3663994972904814,-1.1229959406833245e-08
25,0.5731049132373098,-9.688092184045871e-07
26,-0.7753901751485595,-1.947580417627215e-05
27,-0.3043720339540841,-1.7634885773887277e-09
28,0.19525790979248914,-2.0911161691117286e-11
29,0.7571589062880844,-1.538648835730516e-05
30,0.7135034308898165,-8.540439099702368e-06
31,-0.3278500931778807,-3.7029194155380196e-09
32,-0.571552683839732,-9.430238931962265e-07
33,-0.27560281888713334,-6.542782982066342e-10
34,0.19922653288362024,-2.5568547279419818e-11
35,0.19977437170272805,-2.6279978193599618e-11
36,-0.46457446599637353,-1.1980112235576712e-07
37,-0.6363599472145325,-2.7429382805088665e-06
38,-0.14867348336895958,-1.3715695246219184e-12
39,-0.567824124131924,-8.835868170464778e-07
40,0.17742686265179408,-8.030132114811295e-12
41,0.8991756400215376,-8.424447555177572e-05
42,0.6466862628373709,-3.218518911940471e-06
43,0.07492844719793523,-1.4432899320127035e-15
44,0.28086500953024784,-7.903088183880413e-10
45,-0.8533948849595505,-5.0277258543895975e-05
46,-0.7087953254811852,-7.99766473258412e-06
47,-0.34761574943030915,-6.642103977938518e-09
48,0.6513494988569206,-3.456582071570402e-06
49,0.867734820920697,-5.927703073649315e-05
50,0.6117954932187073,-1.8549606870532642e-06
51,-0.24984576607500575,-2.4554636102180893e-10
52,-0.43742165836058633,-6.573339839111014e-08
53,0.014723378436900303,0.0
54,-0.26447732323955564,-4.3353787226863005e-10
55,-0.3618294952229508,-9.908060705221544e-09
56,-0.30050016921029,-1.551874850846957e-09
57,-0.9056636927355897,-9.044024799620409e-05
58,0.5015396603574147,-2.568536017211187e-07
59,0.5019393422196379,-2.588993242014226e-07
60,0.7624205552983916,-1.64791750619786e-05
61,-0.048501683574610155,0.0
62,0.6512406785792393,-3.450851287167822e-06
63,0.7178674763550816,-9.07283464191e-06
64,-0.2775829114515529,-7.027710635654216e-10
65,0.9344356658992494,-0.00012312985845541746
66,0.4853979746688566,-1.8543031032880464e-07
67,-0.49466044462464986,-2.2384586484403002e-07
68,0.6605712428269768,-3.9744390373241956e-06
69,0.5165832841067066,-3.447390501953862e-07
70,0.14776361013286454,-1.2898571100095069e-12
71,-0.1495233117373278,-1.4519496716047797e-12
72,-0.20712169418467363,-3.7702618804758004e-11
73,0.16892475797740758,-4.9155124415278806e-12
74,-0.4128114973541692,-3.690203276285331e-08
75,0.26962006554274587,-5.254914281493939e-10
76,-0.26142845772767176,-3.8612602004661767e-10
77,-0.7082279363594239,-7.934389761210525e-06
78,0.12880963468161588,-3.270717030545711e-13
79,-0.2744773780045675,-6.28078589137715e-10
80,0.6626794276129679,-4.102189453791816e-06
81,-0.47845850736371554,-1.606507260554224e-07
82,0.3183914041746505,-2.7645493672068255e-09
83,-0.8549100323368575,-5.116649184644384e-05
84,-0.5705142023917571,-9.261188335107917e-07
85,-0.2554228663660145,-3.0613289681014066e-10
86,-0.8135248130801545,-3.132476860556732e-05
87,0.006970689053403367,0.0
88,-0.5447885557282783,-5.851959107294746e-07
89,0.8660152134136943,-5.812656011383588e-05
90,0.5555390941618708,-7.107997963551327e-07
91,0.3149298676831811,-2.4787252250746405e-09
92,0.2110273670078613,-4.544098430869781e-11
93,0.8473500138909755,-4.686581522306277e-05
94,-0.5621901394154281,-8.001458569051323e-07
95,-0.9497860516790204,-0.00014458848819220993
96,0.04149554670831779,0.0
97,-0.9640594222419043,-0.0001674854641576795
98,0.3850029331424709,-1.8406372426227335e-08
99,0.7319209695673978,-1.099581195285193e-05
100,-0.1765167684258775,-7.6278983129896e-12
101,-0.46761777800344584,-1.2785458447517328e-07
102,-0.8707782640232102,-6.136331903972003e-05
103,-0.2981713955387755,-1.4358841893269414e-09
104,0.6331090143010296,-2.606864587861857e-06
105,-0.5354719441664086,-4.928862775699372e-07
106,0.8883697791357426,-7.476542001627617e-05
107,-0.6399395465299731,-2.9001185579691224e-06
108,0.028896420914527043,0.0
109,0.035576283391691055,1.1102230246251565e-16
110,-0.09245014895584736,-1.1879386363489175e-14
111,0.5924155397362025,-1.3469859085901703e-06
112,-0.305573389378327,-1.8342312113617254e-09
113,0.658872205108866,-3.87409392377247e-06
114,-0.0957046020563872,-1.6764367671839864e-14
115,-0.12322327494636887,-2.099431739566171e-13
116,0.21387654194467176,-5.19573273294327e-11
117,0.29776916759053096,-1.4166596784548346e-09
118,-0.29797198998540875,-1.4263246139734065e-09
119,0.1593746919775172,-2.747468919039875e-12
120,0.9978592539798066,-0.0002351603855915707
121,-0.30869600701200195,-2.030204893088694e-09
122,-0.9906368564666723,-0.00021893061775146716
123,0.09195354257957034,-1.1213252548714081e-14
124,-0.8897603206766231,-7.592904676068102e-05
125,0.008192855115671138,1.1102230246251565e-16
126,-0.12455792025092305,-2.3381296898605797e-13
127,0.035326671499456896,-1.1102230246251565e-16
128,-0.4005744449970581,-2.7335155139418532e-08
129,-0.4455781478781957,-7.902498855294482e-08
130,0.18310856431856926,-1.1003753463967314e-11
131,0.6213654061460181,-2.1643380530012024e-06
132,0.0801962698576495,-2.886579864025407e-15
133,0.6845972458700904,-5.666200480147765e-06
134,-0.05520092267528276,0.0
135,-0.027057634322344093,0.0
136,-0.9059604381037327,-9.073314443597269e-05
137,0.05812435478082523,-1.1102230246251565e-16
138,0.7372365883540093,-1.1813550831685227e-05
139,-0.7173549589609958,-9.008803003807131e-06
140,0.9839067648267967,-0.0002047176526887018
141,0.592219413738627,-1.342558652583925e-06
142,0.04764881668359644,0.0
143,-0.5909110110997098,-1.313356322918402e-06
144,0.562227921249771,-8.00680973522816e-07
145,0.33351603364064664,-4.393631014565358e-09
146,-0.5974534203878872,-1.4653005363518545e-06
147,-0.588409144611703,-1.2591007469975324e-06
148,-0.5416263164795838,-5.522570623028855e-07
149,-0.6618102839365927,-4.04908168172291e-06
150,-0.7561538888545156,-1.5185331339706565e-05
151,0.23163090789478802,-1.1526446463960838e-10
152,0.8870977573095469,-7.371499725983277e-05
153,0.46423292389323567,-1.1892638995814053e-07
154,0.14884330445730565,-1.3873346915715956e-12
155,-0.4882920028278199,-1.9674181950257719e-07
156,-0.5000355956346438,-2.4928478437047374e-07
157,-0.6606736990805342,-3.980564037386891e-06
158,0.6879639026065241,-5.948868029959087e-06
159,0.5710470934265688,-9.347592522246373e-07
160,-0.08493155748874637,-4.9960036108132044e-15
161,0.15910250085320832,-2.7008395520056183e-12
162,-0.026002903160470714,0.0
163,-0.24971214065819325,-2.442378521649857e-10
164,0.7421664935978209,-1.2620295718912544e-05
165,-0.9774606338154046,-0.00019188498340882987
166,0.3498536208437242,-7.0813959140991756e-09
167,0.9134299842068354,-9.839155782032094e-05
168,-0.9136393439393491,-9.861431304625246e-05
169,-0.06553404460816581,-3.3306690738754696e-16
170,0.9407625731256302,-0.0001316018250131501
171,-0.45958036945888403,-1.0756900514774514e-07
172,-0.7515874294668172,-1.4300736191352748e-05
173,-0.9104297746618617,-9.524853213205287e-05
174,0.7707337396121989,-1.834795583854909e-05
175,-0.8305683872118284,-3.845557852055759e-05
176,0.17498948015246607,-6.9934058544163236e-12
177,-0.30080985254473935,-1.5679180176420004e-09
178,-0.15102345223403169,-1.6042722705833512e-12
179,-0.38666032703587394,-1.9212243462796152e-08
180,0.04215481770766627,0.0
181,0.9092650096398327,-9.405277456953076e-05
182,-0.9102013086371497,-9.501291869085104e-05
183,-0.966734099406128,-0.0001721204751328198
184,-0.0991530647484169,-2.375877272697835e-14
185,0.8621287895636349,-5.559983296332671e-05
186,0.8421274668714924,-4.408717322479383e-05
187,0.971266090828967,-0.00018023687405444022
188,0.6659322035587565,-4.306541425358468e-06
189,0.2417424705802953,-1.766391477531215e-10
190,-0.38629641360789435,-1.9032629472448548e-08
191,0.46884884732128285,-1.3124824604915375e-07
192,-0.04533909393603386,0.0
193,-0.9659858315101462,-0.00017081234918425725
194,-0.7336781304081661,-1.1260323121042859e-05
195,0.11745030490754638,-1.3000711618360583e-13
196,-0.8586653441303593,-5.3431557793137685e-05
197,0.4380019719341748,-6.66078991962138e-08
198,-0.6689421939629281,-4.50373396443382e-06
199,-0.5226110666616504,-3.8694559845176e-07
200,0.4151810102259741,-3.9069420698645274e-08
201,0.9051738089484471,-8.995857178750732e-05
202,0.9212055871909917,-0.00010697431720063655
203,-0.03557457470393244,0.0
204,0.43576979928220094,-6.330035662305278e-08
205,-0.6335522277424135,-2.6250518391224276e-06
206,-0.07186314129022087,-9.992007221626409e-16
207,-0.23159520711689696,-1.1508705100027328e-10
208,-0.24109177511504187,-1.7194623502803097e-10
209,-0.6379079340195635,-2.809946225146298e-06
210,0.9345364343908689,-0.00012326086721214935
211,-0.7527112803966671,-1.4514042500857194e-05
212,0.9700067454971306,-0.00017794780252577969
213,0.6833751590584012,-5.5666150743372e-06
214,0.5253854980836328,-4.078882287483765e-07
215,0.2454956796765395,-2.0602985983941835e-10
216,-0.8189271149196877,-3.344455986342698e-05
217,-0.44303494498660356,-7.464251594591076e-08
218,0.7426903857903677,-1.2708867906607857e-05
219,0.0447607284325271,1.1102230246251565e-16
220,0.05999562700439731,0.0
221,0.47753042038186577,-1.57573067260941e-07
222,0.08941185240309668,-8.43769498715119e-15
223,0.4224883466712861,-4.6493288996529714e-08
224,-0.16886691230280393,-4.898637051553578e-12
225,-0.12008285877864489,-1.6231460620019789e-13
226,0.0965201430185656,-1.8207657603852567e-14
227,-0.35375620576349975,-7.910376575992473e-09
228,-0.6116008497955141,-1.8491034391443506e-06
229,0.6752077381080417,-4.940423522281634e-06
230,-0.5608116899600277,-7.808407775922177e-07
231,-0.7272934453772353,-1.0325686846224258e-05
232,0.10234471967359937,-3.275157922644212e-14
233,-0.7557043406794708,-1.5096119330260116e-05
234,-0.7989588153396205,-2.6196410451650998e-05
235,-0.22568162946426562,-8.887723890182997e-11
236,-0.3251889115894997,-3.4135866355811118e-09
237,-0.3396645987979299,-5.272425607216746e-09
238,0.642601929737677,-3.0222188414086304e-06
239,0.6967102143910144,-6.7433166299757374e-06
240,0.707460973368192,-7.849572667528726e-06
241,-0.3360455409751235,-4.737801706511391e-09
242,-0.5419737114849612,-5.557923037358137e-07
243,-0.13241912943701517,-4.310996004619483e-13
244,0.9329544804499028,-0.00012121851423263497
245,0.9947207951369139,-0.0002279799936162341
246,-0.4525795325138684,-9.231022801703404e-08
247,0.42597068311534936,-5.0458488165538995e-08
248,0.28298049949706194,-8.518097338594544e-10
249,-0.8442122173285953,-4.517813002813398e-05
250,0.20335872463884397,-3.1390778865159064e-11
251,0.8583895424234507,-5.3262196932801764e-05
252,0.6942920122451708,-6.514660148226881e-06
253,-0.7749374049393141,-1.936347145203854e-05
254,0.41542692680445437,-3.930078906755341e-08
255,-0.33866289657021587,-5.119272228348848e-09
256,0.9268243220800265,-0.00011358755468926507
257,0.6803675583193236,-5.3281899020651835e-06
258,-0.7687681042716281,-1.7889709538421172e-05
259,0.736357324396568,-1.1674631146152414e-05
260,-0.13772658404737204,-6.38378239159465e-13
261,-0.6576557789298731,-3.8036554782516774e-06
262,0.5696315315144587,-9.119647541577791e-07
263,-0.145202940972873,-1.0830225605218402e-12
264,0.9324362811479006,-0.00012055612560180062
265,-0.18950169825636798,-1.550604089572971e-11
266,0.9875323547281734,-0.00021226815735042592
267,-0.3414442844207317,-5.554724458178839e-09
268,-0.3871890958901387,-1.9475940860047558e-08
269,0.49447639514310704,-2.2301772384381024e-07
270,0.4836463424816302,-1.7887135039806878e-07
271,-0.17322319775256623,-6.3188343446540784e-12
272,0.9719039887018062,-0.00018140639249208945
273,-0.527300419752678,-4.2293124136172366e-07
274,0.8196558245001058,-3.374012859791442e-05
275,0.17950778890199892,-9.022671498826185e-12
276,0.3435367085764489,-5.903968536280502e-09
277,0.43890994052543086,-6.799715790428706e-08
278,0.035430640108359945,0.0
279,-0.4431161295283279,-7.477896535323936e-08
280,0.30819827133215294,-1.9977576259933016e-09
281,-0.7687880519784864,-1.7894307869248394e-05
282,0.2793144921844748,-7.478018204665204e-10
283,-0.3819791178918537,-1.701403196108231e-08
284,-0.6838236946110108,-5.6029813150226815e-06
285,-0.19220779380439623,-1.786659709068772e-11
286,-0.7401822286220818,-1.2289824562250473e-05
287,0.8927896530788435,-7.85204173960885e-05
288,0.10394155917867987,-3.8413716652030416e-14
289,0.5334450093707004,-4.746278043921137e-07
290,0.06874972727164619,-4.440892098500626e-16
291,0.20936201258640508,-4.198208447547813e-11
292,-0.8686240035564843,-5.987989147637762e-05
293,-0.5581120651664897,-7.442405516311368e-07
294,0.9481537158632993,-0.0001421574717049845
295,0.3278215506904354,-3.6997026553464707e-09
296,0.26052664687260263,-3.730257214229482e-10
297,0.1958789807589021,-2.1585400133972144e-11
298,-0.48525237835297297,-1.8487700481628622e-07
299,0.2665028821088531,-4.678675225022744e-10
300,-0.30407154908349954,-1.7461824208808707e-09
301,0.9364003235752516,-0.0001257067289108793
302,-0.7797091103465166,-2.057709224156934e-05
303,-0.17273060761344494,-6.1416427499239035e-12
304,-0.7432026475282159,-1.2796012746063568e-05
305,-0.049258419015143495,-1.1102230246251565e-16
306,0.6712225836798444,-4.658485260544687e-06
307,-0.823945947458939,-3.552821937513606e-05
308,0.47278152780018834,-1.4263881131793e-07
309,-0.5265864678643211,-4.17265355379115e-07
310,0.5785579283542053,-1.0644924414160428e-06
311,-0.09604822051784279,-1.7430501486614958e-14
312,-0.8479572220523306,-4.7198858139752e-05
313,-0.7217436446110848,-9.570487155663443e-06
314,-0.8442522153958185,-4.5199295708675535e-05
315,0.7994599605402664,-2.635949695994899e-05
316,-0.1550571256790807,-2.0878854201100694e-12
317,0.9080075205550209,-9.277694239073764e-05
318,-0.6647057103491552,-4.228439201225953e-06
319,0.6033183551495662,-1.6147380780262566e-06
320,-0.8478241003023421,-4.712566215658853e-05
321,0.4490614670712214,-8.540279017310581e-08
322,-0.07669385032822595,-1.7763568394002505e-15
323,0.2563702789092961,-3.176664487014591e-10
324,-0.41368428223861553,-3.7687454490509253e-08
325,-0.27443876887484886,-6.271966279669527e-10
326,-0.9574307309967145,-0.00015647656652373332
327,-0.7996714958692355,-2.642860929857882e-05
328,-0.10483299466694351,-4.163336342344337e-14
329,0.2256215390259395,-8.86410944644922e-11
330,0.7693193217155023,-1.8017166656170147e-05
331,0.04004907520346701,1.1102230246251565e-16
332,0.899263663706839,-8.432592130702687e-05
333,0.31087886075188087,-2.178176194966852e-09
334,0.19350064416931612,-1.910460678544723e-11
335,-0.4481143315197429,-8.362437320386107e-08
336,0.9954775231049358,-0.00022969308912745845
337,-0.7693004769711151,-1.8012795802158088e-05
338,-0.6023863433683656,-1.5901118737282616e-06
339,0.5355682360946163,-4.937691622242113e-07
340,0.18122666795766507,-9.924394639426737e-12
341,0.4537676491779208,-9.475399509462079e-08
342,-0.6697904286251741,-4.560749051640833e-06
343,0.6781984419541449,-5.161968841149722e-06
344,-0.0383204159876791,0.0
345,-0.49686796939589617,-2.3399640225463259e-07
346,-0.7789742168588656,-2.0385846266179897e-05
347,0.9572814803787772,-0.0001562363367936248
348,0.8097120943977754,-2.9902089462741088e-05
349,-0.4515360785998135,-9.021090296990053e-08
350,-0.5577630943736,-7.396236718637539e-07
351,0.42844516847064607,-5.3458151016982924e-08
352,-0.3041785582507561,-1.7523279494113808e-09
353,-0.730938982931371,-1.0850431782949421e-05
354,0.6026565608878114,-1.5972167692890338e-06
355,-0.64222576103154,-3.004691887853461e-06
356,0.41582069320699055,-3.9673827223474234e-08
357,-0.3102974098936102,-2.1378421255491276e-09
358,0.18611327433855696,-1.29476429577835e-11
359,-0.884278434900807,-7.143383278995774e-05
360,-0.5159996595857679,-3.408808550986464e-07
361,-0.20486799728807448,-3.379818647175625e-11
362,-0.6516237498685944,-3.471062834603522e-06
363,0.5218713675525051,-3.815277251906224e-07
364,-0.4016371844908595,-2.8067111967899905e-08
365,0.05318403378480907,-1.1102230246251565e-16
366,-0.13325783652812473,-4.591882429849647e-13
367,0.9266944026895501,-0.00011343059547674894
368,-0.531737121818729,-4.597176282983284e-07
369,-0.10078510337564928,-2.8199664825478976e-14
370,0.44672384558028755,-8.107377413857364e-08
371,-0.43317926572238674,-5.964747173958784e-08
372,0.47937690475493344,-1.637493350914454e-07
373,0.8884964243488369,-7.487073314371706e-05
374,0.18282986954578062,-1.0837553077180928e-11
375,0.7477449236302025,-1.3592512509430499e-05
376,-0.168751784418796,-4.865441383117286e-12
377,0.7120127159621692,-8.365110296892908e-06
378,-0.7692332374381998,-1.7997208002551446e-05
379,-0.9199814149124723,-0.00010558009040950722
380,0.42368981811549733,-4.7828503602076466e-08
381,0.5882983850216954,-1.2567460491164084e-06
382,-0.2842701773024181,-8.913826343714959e-10
383,0.2791423482422748,-7.432117143935102e-10
384,0.38507837258848765,-1.844238195491954e-08
385,-0.028629401495261497,0.0
386,-0.09038180781558047,-9.547918011776346e-15
387,0.9838212195539648,-0.00020454244198231386
388,0.37758998939205934,-1.5161262689744603e-08
389,-0.5814455542990458,-1.1185252606349394e-06
390,-0.45381134561564695,-9.484497009992765e-08
391,-0.19819021784216595,-2.4270141452120697e-11
392,-0.97318443017238,-0.0001837744812872577
393,-0.06919052429287698,-6.661338147750939e-16
394,0.8520865969108853,-4.9520604253117106e-05
395,-0.4137074764205235,-3.7708530409297225e-08
396,0.15151164818365426,-1.6570078642530461e-12
397,0.0601933342783747,-1.1102230246251565e-16
398,-0.6502967263064545,-3.401496922461611e-06
399,-0.18731840538351863,-1.3810175225614785e-11
400,-0.6418951255673966,-2.9893619113430248e-06
401,0.5779852637479566,-1.054059789007411e-06
402,0.16631919050094757,-4.208078330236731e-12
403,-0.07760762859975578,-2.1094237467877974e-15
404,0.2667020583495705,-4.713718304572012e-10
405,-0.5952468242727973,-1.4123759798367885e-06
406,-0.5240599794604961,-3.977588444170621e-07
407,0.4765770209171418,-1.5446675416530553e-07
408,-0.5895235007564592,-1.2830129252350275e-06
409,0.6908631893981967,-6.2023702329661035e-06
410,0.8955408806004639,-8.094227490418326e-05
411,-0.2396915546050189,-1.622260104028328e-10
412,0.595827733819827,-1.4261397193182646e-06
413,-0.2952091514009705,-1.2996340670312634e-09
414,-0.3619288965707572,-9.935254507986713e-09
415,0.36370385185430565,-1.0432278374494786e-08
416,-0.6703584311334223,-4.599289402773543e-06
417,0.508037006099368,-2.919795866196395e-07
418,-0.312231141950958,-2.274641364152785e-09
419,-0.38937328704677143,-2.060003501114238e-08
420,0.8300677094344038,-3.822693387756093e-05
421,0.8053386454586378,-2.8341748965932112e-05
422,-0.4453957116381082,-7.870307994206627e-08
423,-0.1865435763939569,-1.3249845665086468e-11
424,-0.5880196420294397,-1.2508375961672868e-06
425,0.4968779890796824,-2.3404340221411246e-07
426,-0.6139380833594341,-1.920546209843721e-06
427,0.1793416258391347,-8.939626816584223e-12
428,0.1659012587796116,-4.103606343619504e-12
429,-0.28696562142357585,-9.794774991078725e-10
430,-0.6385319995664487,-2.8373734080044954e-06
431,-0.22468778783933097,-8.504308368628699e-11
432,-0.26891821259078696,-5.119874524339707e-10
433,-0.03747184534232306,0.0
434,0.7487928168353915,-1.378246176220177e-05
435,-0.5095738959285254,-3.008950146821121e-07
436,-0.7123361104355843,-8.402869157708714e-06
437,0.22574501642191835,-8.912692806006817e-11
438,0.9002027812878042,-8.519926241601361e-05
439,0.29611220357977297,-1.3398827602983943e-09
440,0.4855612140395067,-1.8605243379266057e-07
441,0.5504909396197568,-6.490844784989847e-07
442,0.48882701939780837,-1.9889961633268172e-07
443,0.9903226032795982,-0.00021824779616541612
444,-0.7003782503152309,-7.103920602657965e-06
445,-0.4236858553942846,-4.782404361414194e-08
446,-0.8655565141653399,-5.782307760593408e-05
447,-0.3354749118581908,-4.658110341893007e-09
448,0.8715164537030025,-6.187916449118536e-05
449,-0.14263637319355227,-9.062750550015153e-13
450,0.3395764726084942,-5.258788293716066e-09
451,0.6396755828839342,-2.888257615296652e-06
452,-0.22251877400631725,-7.718725658634185e-11
453,-0.9259978925636463,-0.00011259243103378669
454,0.6142187499771075,-1.9292900265144297e-06
455,-0.7323358639180477,-1.1057759337074202e-05
456,-0.1321024707852143,-4.2088554863539684e-13
457,0.2710099160904882,-5.531821667403847e-10
458,0.22034583695689136,-6.997813439824085e-11
459,-0.55091393834773,-6.540644013064423e-07
460,-0.5144617472683226,-3.3089926421148164e-07
461,0.5647829351859355,-8.37623403859844e-07
462,-0.1922798858420871,-1.793365456137508e-11
463,-0.5923473679834728,-1.3454455467520887e-06
464,-0.5995210752219984,-1.516502211251769e-06
465,-0.4504470926073847,-8.806583606801865e-08
466,0.3176762248387959,-2.703177015561664e-09
467,-0.2551648135546498,-3.0305735698732406e-10
468,0.8222220517803462,-3.479974822262477e-05
469,-0.753320741629828,-1.463090781350651e-05
470,-0.589464977527985,-1.2817470399495434e-06
471,-0.3800302510397633,-1.6167616467832602e-08
472,0.7775475227288442,-2.0019115082203776e-05
473,0.23973404988295233,-1.6251344714390825e-10
474,-0.1984879284867893,-2.4636848117154386e-11
475,0.12551001824565122,-2.5224267119483557e-13
476,-0.33348765980881234,-4.3899014423587346e-09
477,-0.788985799627067,-2.313353061678125e-05
478,0.19244919085038004,-1.809219440929155e-11
479,0.6733697266661369,-4.808540437051256e-06
480,0.7064933458246221,-7.74372590495176e-06
481,-0.9671377993703081,-0.0001728299453357396
482,-0.024465440640645708,0.0
483,0.5077166809489513,-2.901515726572157e-07
484,-0.7932192637684452,-2.4392087091262837e-05
485,-0.795632208614911,-2.5136587594620785e-05
486,0.26000873924962264,-3.656844826949168e-10
487,0.14194578990001494,-8.634204462509842e-13
488,0.8895736923199424,-7.577193606811417e-05
489,0.9641103517174641,-0.00016757266634415124
490,0.06926275157746198,-6.661338147750939e-16
491,0.9196693188992033,-0.00010522725481332262
492,0.6315233048081943,-2.5427179906056807e-06
493,-0.11605333938129303,-1.1524114995609125e-13
494,0.9710148971366854,-0.0001797781931743847
495,0.046277052971110955,0.0
496,-0.5661799311977742,-8.584633307551215e-07
497,-0.9089081630090505,-9.368913451102134e-05
498,0.7592874381768175,-1.5820434027369323e-05
499,0.8272375622987835,-3.695725779695458e-05
