,data,labels
0,-0.17104746788206793,-5.568989713822248e-12
1,0.8407762699094197,-4.339276389131452e-05
2,0.039067860949119515,0.0
3,-0.2562094508397832,-3.156814809557318e-10
4,-0.6267570474825772,-2.3583521646663996e-06
5,0.14028163084426737,-7.672751323184457e-13
6,-0.4312278947886987,-5.702223893067071e-08
7,0.18132550330477937,-9.978573523028444e-12
8,-0.7829078925203594,-2.142841939101192e-05
9,-0.4160272343379514,-3.987076591105421e-08
10,-0.6445013558762094,-3.112129593585422e-06
11,0.8029896174680473,-2.753418046963496e-05
12,0.904174082504456,-8.898272121471429e-05
13,-0.6017635046157126,-1.5738434316903138e-06
14,0.6911566094663943,-6.228558424026254e-06
15,0.15359712295531125,-1.899591595133643e-12
16,-0.2486788194588625,-2.3432722429106434e-10
17,-0.13004939028863327,-3.5993430458347575e-13
18,-0.04153584994950266,0.0
19,-0.8035409589343288,-2.772184859123339e-05
20,-0.7306453453362514,-1.08072959280614e-05
21,-0.39537173972142425,-2.3993513731390692e-08
22,0.4224271098938006,-4.642614215288887e-08
23,0.6348870210607176,-2.6805154648146257e-06
24,0.21989968351249733,-6.857525658432451e-11
25,0.9229433916538914,-0.00010898186033814206
26,-0.6084627192553396,-1.756934974395108e-06
27,-0.6762631783695681,-5.017613897262407e-06
28,0.06809497625410321,-5.551115123125783e-16
29,-0.5651310243208636,-8.427731121862791e-07
30,-0.45311104133402513,-9.339636386496153e-08
31,0.6723327093063431,-4.73553413460337e-06
32,-0.39128677442013005,-2.1632391766779335e-08
33,-0.5345701111891221,-4.846861185736628e-07
34,0.24699739852163294,-2.189720627043812e-10
35,-0.9433614224950071,-0.00013523046245811354
36,0.7209742848296745,-9.46980560323496e-06
37,0.3042184374705805,-1.7546231134701884e-09
38,-0.9440055586199243,-0.0001361435824543955
39,-0.10108765823008992,-2.8976820942716586e-14
40,-0.9085769898473448,-9.335278439792649e-05
41,-0.254698562523463,-2.975709678665339e-10
42,0.7652301962820298,-1.7090722380319612e-05
43,-0.8353474787278024,-4.070056726723781e-05
44,0.4196873786231874,-4.35097401441098e-08
45,-0.5557749372924454,-7.138078199631082e-07
46,-0.2176703697286766,-6.193690005318331e-11
47,-0.3329734845048775,-4.32280766737847e-09
48,0.4757772729508649,-1.5190363367167947e-07
49,-0.5830938054001327,-1.1504597925426907e-06
50,0.008979111008698304,0.0
51,0.26422782622816166,-4.29469904084101e-10
52,-0.33313886781973756,-4.344286819168985e-09
53,-0.6356510184385682,-2.712732677712104e-06
54,0.5878834727818647,-1.2479603298531927e-06
55,-0.030007561668910387,0.0
56,-0.6898037125551364,-6.108631067980319e-06
57,0.6692044113854587,-4.521290493331165e-06
58,-0.7652811195797415,-1.7101991746204526e-05
59,0.8431810696662998,-4.4635538478998704e-05
60,-0.887087203211147,-7.370633740788612e-05
61,-0.4120466477319187,-3.622587629870111e-08
62,-0.9020246066085504,-8.691663520765669e-05
63,0.12812899542622325,-3.1019631308026874e-13
64,-0.11227551738383923,-8.271161533457416e-14
65,0.429751797638118,-5.5105927487808515e-08
66,-0.25627408975393284,-3.1647795495359787e-10
67,-0.08862589766370244,-7.771561172376096e-15
68,-0.42431673466399045,-4.853880564148483e-08
69,-0.22652263578756626,-9.224232488946882e-11
70,0.9343495413615033,-0.00012301798713831857
71,0.025563552049862492,1.1102230246251565e-16
72,-0.33515410306231797,-4.613839088563054e-09
73,-0.8753650221859204,-6.463203282369712e-05
74,-0.296511116422276,-1.3580163660265043e-09
75,-0.6150222765440103,-1.9545209521965035e-06
76,-0.22041659251895385,-7.020306558302991e-11
77,0.6892082879339512,-6.056509846530389e-06
78,-0.7830708917586047,-2.1472634080033082e-05
79,0.5731853019848863,-9.701617075252855e-07
80,0.20093269354927634,-2.7843061189969376e-11
81,0.05217986061376978,0.0
82,-0.19811064615412932,-2.4172885915163533e-11
83,-0.7046792890719467,-7.548736194018524e-06
84,-0.45716774283439543,-1.0207215939139758e-07
85,-0.2392430394671532,-1.5921874929603064e-10
86,-0.058510976319659624,0.0
87,-0.6490048780490882,-3.334980226532558e-06
88,0.6868612676325461,-5.854926408699335e-06
89,0.9180424287736515,-0.00010340504870387512
90,-0.4082854806155587,-3.306016072013307e-08
91,0.5971330944914519,-1.4575087283752453e-06
92,0.4268912653906016,-5.155629612119128e-08
93,0.12756859077751237,-2.9676261448230434e-13
94,-0.770822045790216,-1.8368787509270845e-05
95,-0.02187771923209314,0.0
96,0.7014245653536744,-7.2099083586740775e-06
97,-0.928569629044474,-0.00011571505747098865
98,0.2835908549350894,-8.703366916051891e-10
99,-0.047765728954844766,0.0
100,0.19493954528187962,-2.0572876735514e-11
101,0.6913977186502871,-6.250152036368917e-06
102,-0.10768133694481019,-5.46229728115577e-14
103,0.9433820510621933,-0.00013525962002636227
104,-0.7835155820759239,-2.1593675961772973e-05
105,-0.40318785620594766,-2.9166766224442142e-08
106,0.351477596852938,-7.4163584162789675e-09
107,-0.22917702576290178,-1.0362921631923427e-10
108,0.33772177955835403,-4.979039958108444e-09
109,0.45026019967906006,-8.770234316557435e-08
110,0.6939618075298701,-6.48398343006118e-06
111,0.1590085875495646,-2.685074385055941e-12
112,-0.968760973273106,-0.000175709054955564
113,-0.8814876683772932,-6.923829394145375e-05
114,-0.11765888544114,-1.3222756223285614e-13
115,-0.45072216903967965,-8.860330324989008e-08
116,-0.011938982102331908,0.0
117,0.2954416399440891,-1.309890640399658e-09
118,0.7654083803659788,-1.7130183813218736e-05
119,-0.30870696344778614,-2.0309244286309536e-09
120,0.6905389763101448,-6.173548701915443e-06
121,-0.9188853092789018,-0.0001043455602444121
122,-0.6152671707506365,-1.9622693951948378e-06
123,-0.48749678239434746,-1.935734512681364e-07
124,0.3015523978992676,-1.606994981528942e-09
125,-0.22099484419199356,-7.206513163993122e-11
126,0.18047179563208982,-9.51894119083363e-12
127,0.9526058053660151,-0.00014887576705679972
128,0.804389323869422,-2.8012860347703672e-05
129,0.21343816429362206,-5.090305954524865e-11
130,0.6140067902587445,-1.922683390831459e-06
131,0.5799572234764765,-1.0903757752256382e-06
132,0.32082460169319127,-2.9828519654273578e-09
133,-0.17839272562561237,-8.47788506064262e-12
134,-0.10300976818173879,-3.497202527569243e-14
135,0.8298852299343549,-3.8143904525389516e-05
136,-0.7527875795911638,-1.4528626998910887e-05
137,0.8002022890014435,-2.660274496468773e-05
138,-0.5643188825934773,-8.308020776892633e-07
139,0.5572805421243265,-7.332819043082139e-07
140,-0.057708333430806835,0.0
141,-0.4610233461729296,-1.1098241292639699e-07
142,0.6028513645621727,-1.6023564646250321e-06
143,-0.41815288590646027,-4.194927238909685e-08
144,-0.27649225176243664,-6.75675182471025e-10
145,-0.5688768300562919,-9.000171846684779e-07
146,0.6124080060146051,-1.8735014332138533e-06
147,-0.5618050322972019,-7.947097591110008e-07
148,0.14604855233361036,-1.1478595851599493e-12
149,0.7032082615242694,-7.3938664877371e-06
150,0.976435048272773,-0.00018991111853372544
151,0.11361200584514886,-9.314771176605063e-14
152,0.013677138132347055,0.0
153,0.21859240520826928,-6.460887380654867e-11
154,-0.6854580467434188,-5.737302359865026e-06
155,0.27699453234290683,-6.880346292703621e-10
156,-0.35391608217987724,-7.946125313296193e-09
157,-0.4152698621491253,-3.915287438704951e-08
158,-0.9897676076253106,-0.0002170465363779961
159,-0.9912927477700584,-0.00022036193021091055
160,0.8973640085175336,-8.258380559533762e-05
161,-0.8030113121319513,-2.7541543406117697e-05
162,0.5884110455113054,-1.2591411938656094e-06
163,0.4820075026784636,-1.7292436027549485e-07
164,-0.06940713557322442,-7.771561172376096e-16
165,-0.3907029396342039,-2.1312579256971276e-08
166,0.39044437147445743,-2.1172304687233634e-08
167,-0.019569880171052212,0.0
168,-0.3594994247808807,-9.28947885281417e-09
169,0.9565691378544989,-0.00015509431438798238
170,-0.8914906588916309,-7.739967254938307e-05
171,0.4268129284505089,-5.1462049066586246e-08
172,-0.449091444104883,-8.54596282628961e-08
173,0.37787484200118215,-1.5275755993471307e-08
174,-0.41409064841645815,-3.805824677627356e-08
175,-0.8139076436166943,-3.147091869637464e-05
176,0.8660881731006977,-5.817496276494527e-05
177,-0.3079503187091919,-1.98176819399265e-09
178,0.40190880053336775,-2.8256991635444706e-08
179,-0.651952302046859,-3.488482465119347e-06
180,0.1975783907147246,-2.3531621096140043e-11
181,0.8167417020495018,-3.2572016308685114e-05
182,0.10472787100050751,-4.118927421359331e-14
183,-0.8039483223235229,-2.786124491849229e-05
184,0.701558465673376,-7.223573895154267e-06
185,0.016936062848352362,0.0
186,-0.13939300206691585,-7.198686091669515e-13
187,0.42231060271671916,-4.629863115113153e-08
188,0.3428197101620367,-5.782132661558137e-09
189,0.3092137949699396,-2.064461712691923e-09
190,-0.7659082948213765,-1.724133385716531e-05
191,-0.22342563750374977,-8.038858467784848e-11
192,0.5831674270726084,-1.1519051160702176e-06
193,-0.5416945000089535,-5.529493293243704e-07
194,0.14840665073218773,-1.347144618080165e-12
195,-0.0548190998717033,-1.1102230246251565e-16
196,0.18900927125922506,-1.5108025941401593e-11
197,0.47991328016894874,-1.655837774672264e-07
198,0.8241129395669118,-3.5599507030026345e-05
199,-0.733741884055183,-1.1270026601617467e-05
200,-0.5047372298878212,-2.736349267173921e-07
201,0.11176851235669649,-7.904787935331115e-14
202,-0.7579862235972008,-1.5553868813689142e-05
203,-0.9911353244481964,-0.00022001763264045682
204,0.8320944000498505,-3.916004794746186e-05
205,0.2640653276736791,-4.268390085826468e-10
206,-0.6752117838919616,-4.940717366341829e-06
207,-0.09053775847926304,-9.658940314238862e-15
208,0.43629407086383387,-6.406364161382072e-08
209,0.7306162029900571,-1.0803023274719159e-05
210,0.6415712734863293,-2.974414574530293e-06
211,-0.5621464546132022,-7.995275354000242e-07
212,0.8400437311286932,-4.302041056492012e-05
213,-0.60919722151618,-1.7781296425267712e-06
214,0.8703447569967935,-6.106218498336258e-05
215,-0.5340353483733393,-4.798817466733496e-07
216,-0.7214357650049033,-9.530082052400246e-06
217,-0.44957054964970844,-8.637266701860824e-08
218,-0.8441718325868222,-4.5156768748166876e-05
219,-0.1634848867976022,-3.5438318946034997e-12
220,-0.6021139741449633,-1.582979144099106e-06
221,-0.5652392190918967,-8.443795543877641e-07
222,-0.95369832508881,-0.00015056725169115825
223,0.894334394942784,-7.987210546089862e-05
224,-0.30794672668861045,-1.9815373786258306e-09
225,0.15891752867884934,-2.6696422850136514e-12
226,-0.10300440832037605,-3.497202527569243e-14
227,-0.3511813633412846,-7.354214570653994e-09
228,-0.9105215801294055,-9.53433570441975e-05
229,0.562822303802617,-8.091418346456436e-07
230,0.40036911730484115,-2.7195731888696173e-08
231,-0.32445058087717915,-3.337001897030234e-09
232,0.2380020060252559,-1.5115686480271506e-10
233,0.47428771701713135,-1.472314353767601e-07
234,-0.672129071888597,-4.721315464806253e-06
235,0.6137628762237715,-1.9151059124089542e-06
236,0.612891860672399,-1.8882651933171957e-06
237,0.8971605432184979,-8.239913971319623e-05
238,0.4101552259028267,-3.4601367437936403e-08
239,0.883890374814994,-7.112485182914074e-05
240,-0.7955387122473974,-2.510736453320561e-05
241,0.8366233054751246,-4.131942821750112e-05
242,0.07725429811001594,-1.9984014443252818e-15
243,-0.7298294525497953,-1.0688246612544638e-05
244,0.9391529521690432,-0.0001293983802951315
245,0.14280590736286114,-9.170442183403793e-13
246,0.7745266505856998,-1.9262066125014243e-05
247,-0.6181274493645164,-2.054833650677601e-06
248,0.9744622606242597,-0.00018616530394721664
249,-0.7844584443250258,-2.185234398621727e-05
250,0.12405747980130677,-2.2448709557920665e-13
251,-0.1527151525349646,-1.7932322293745528e-12
252,-0.9973977658225044,-0.00023409202141344565
253,0.734471975798056,-1.1381684820843674e-05
254,-0.22490720659165908,-8.587663913317556e-11
255,0.4554903843516789,-9.840073933453652e-08
256,0.5660004114650656,-8.557594869396112e-07
257,0.5620071311182937,-7.975583952157805e-07
258,-0.07573602776689348,-1.5543122344752192e-15
259,-0.2815666982562719,-8.10250311289451e-10
260,-0.5190701578965442,-3.616228501091001e-07
261,-0.8077117661049555,-2.9179108855026392e-05
262,-0.042313545055298274,0.0
263,0.2521657038988554,-2.6929725116531245e-10
264,0.005349583470827701,0.0
265,0.8756988199388294,-6.487589325443466e-05
266,-0.5159294749318146,-3.40419505806544e-07
267,-0.06911228651000267,-6.661338147750939e-16
268,-0.8493533986490351,-4.797269883471955e-05
269,0.2688540637863539,-5.107688716421421e-10
270,-0.3629021249058222,-1.0205074896241229e-08
271,-0.6577494592798436,-3.809038976898549e-06
272,0.5839229147916765,-1.1668312066559494e-06
273,-0.22609282111012474,-9.050848959191171e-11
274,-0.6209912864898848,-2.1514234245234576e-06
275,-0.6176886381253617,-2.0403829555926123e-06
276,0.05296800915992672,0.0
277,-0.2711935608168723,-5.569376071434817e-10
278,0.31253880002011813,-2.2971178292863215e-09
279,0.17800387119916516,-8.29514235078932e-12
280,0.018070925088822465,0.0
281,0.4453486439749623,-7.862022055604712e-08
282,-0.5805973205399093,-1.1024032690043484e-06
283,0.6576576974837804,-3.803765662668823e-06
284,0.9038868503345405,-8.870410873917933e-05
285,0.7162570268961386,-8.872995439390685e-06
286,-0.6063379694103797,-1.6968950891094181e-06
287,-0.38515898593335485,-1.8480931451847482e-08
288,0.40239206276148787,-2.8597685663989125e-08
289,0.8007186324665709,-2.677312693388778e-05
290,0.8646835545271787,-5.724943517537717e-05
291,-0.351364469901543,-7.392571221842559e-09
292,-0.07706267967946112,-1.887379141862766e-15
293,0.1885440575331534,-1.4740542120250666e-11
294,0.08788423375958554,-6.994405055138486e-15
295,-0.19493521732195584,-2.0568213798810575e-11
296,-0.5049402130578537,-2.7473273811473575e-07
297,0.3557493791470465,-8.366565218409505e-09
298,0.8094892148266237,-2.9820746269781928e-05
299,-0.11655265161676143,-1.2023715356690445e-13
