,data,labels
0,-0.7621297708885493,-1.6417017858261218e-05
1,0.7290798766056108,-1.0579912504415923e-05
2,0.8381164494602891,-4.2054408833647194e-05
3,0.23662460926972861,-1.426412321592352e-10
4,-0.5302746630125434,-4.472860946069801e-07
5,-0.6220508654803498,-2.1881809204593594e-06
6,-0.041022438839356745,0.0
7,-0.4961100980163209,-2.304659028062872e-07
8,0.2609477225865402,-3.7909198002950006e-10
9,0.1771883151638567,-7.92310661523743e-12
10,-0.9172988456311175,-0.00010258165018206533
11,-0.7352791389003852,-1.1506284760764984e-05
12,0.5145407292844368,-3.3140541422227443e-07
13,-0.18828543350573512,-1.4539702775095975e-11
14,-0.8425170297453017,-4.428921988874901e-05
15,0.20638558834847487,-3.638511714143533e-11
16,0.4909690245989713,-2.0775331643907435e-07
17,0.01641193489987547,0.0
18,-0.7953162488945706,-2.503795425579103e-05
19,-0.6965320116603229,-6.726223813036114e-06
20,0.70178821207671,-7.24707542487657e-06
21,0.3667759735471703,-1.1345623662784021e-08
22,0.23247469746905414,-1.1952905332179853e-10
23,-0.37697692996351284,-1.491746359771895e-08
24,0.04535724764564364,0.0
25,0.7808016253478591,-2.0864379961627044e-05
26,-0.45444964026618595,-9.618286844759183e-08
27,-0.6634899504677589,-4.152277972901963e-06
28,0.9313301512110264,-0.00011915305140908217
29,-0.6184626487463556,-2.0659341101181283e-06
30,0.6516684463002711,-3.473428011990798e-06
31,0.48520029542675625,-1.8467943618816207e-07
32,0.5311776657855778,-4.54925810577933e-07
33,-0.5872562424158267,-1.2347835216530711e-06
34,-0.4365992579319271,-6.451176293165162e-08
35,-0.7766479670357496,-1.9790937994423885e-05
36,0.8750377651247943,-6.439374877043047e-05
37,0.7119060573898541,-8.352690503699023e-06
38,-0.5890958609645613,-1.2737886940783483e-06
39,-0.17334612799556837,-6.364020421756322e-12
40,-0.5006811893678542,-2.5250865853809756e-07
41,-0.1513523660763305,-1.6396883850688937e-12
42,0.26712544170047914,-4.788993646087647e-10
43,-0.6561414354417696,-3.71757378991866e-06
44,0.6107365064338306,-1.8232936063178329e-06
45,0.9907163181543468,-0.00021910357792354063
46,0.1600195966764404,-2.8606006452491783e-12
47,0.7978127162501052,-2.5826834769038243e-05
48,-0.7325206477008985,-1.1085449850734008e-05
49,0.44889615901590374,-8.508996651723777e-08
50,0.5684900201735663,-8.939483269188031e-07
51,-0.9576847508932065,-0.00015688619087284028
52,-0.08854146695429632,-7.771561172376096e-15
53,0.24374224753891727,-1.9179213772702042e-10
54,0.46778110099758186,-1.283002272201017e-07
55,0.9205684229371072,-0.00010624659698177386
56,-0.9224409705777756,-0.00010839801410267302
57,0.7593211701466371,-1.582739849037562e-05
58,-0.9304155163954877,-0.00011800394923333624
59,-0.8638238529807629,-5.668949630133202e-05
60,0.6119006537079084,-1.8581321258315242e-06
61,-0.018542185144478696,1.1102230246251565e-16
62,-0.4376693435967891,-6.610537572893094e-08
63,-0.14904261864667645,-1.4059864383852982e-12
64,0.6433886908871942,-3.0591738058305395e-06
65,0.4982012898354635,-2.4032576373400616e-07
66,0.8578731541244131,-5.294639323405459e-05
67,0.631259558715555,-2.5321872897388076e-06
68,0.000999759400863276,0.0
69,-0.4441913585737367,-7.660741208059818e-08
70,-0.5342911288075631,-4.821743427863012e-07
71,-0.0030342706533266206,0.0
72,0.5136756137856504,-3.2589912879466e-07
73,-0.11743141676769442,-1.297850715786808e-13
74,0.1325051218590798,-4.338751580235112e-13
75,0.36377011900646083,-1.0451259857546802e-08
76,0.7609968666923026,-1.6176852859373092e-05
77,-0.6705117385862376,-4.6097416733781316e-06
78,-0.9392760548188543,-0.00012956572331213057
79,0.3870110587735369,-1.9386792393660812e-08
80,-0.7155416005821016,-8.78549321681188e-06
81,-0.02305055670835099,0.0
82,0.2508516762499522,-2.5560287220116606e-10
83,-0.6728593837681098,-4.7724868381671115e-06
84,-0.12352886421583742,-2.1516122217235534e-13
85,-0.5359639609898394,-4.974124376833089e-07
86,-0.09999750343467184,-2.609024107869118e-14
87,0.4752835560762674,-1.5034046541018142e-07
88,-0.1534402177118952,-1.880273714505165e-12
89,0.0834961140467434,-4.218847493575595e-15
90,-0.9983003933553454,-0.00023618572051686826
91,-0.9556049518163057,-0.0001535604489593112
92,0.8473122761339618,-4.684518644881841e-05
93,0.8423493522071177,-4.420215243894354e-05
94,0.6857475543601537,-5.761394965220212e-06
95,-0.4861887725383738,-1.884616380731785e-07
96,-0.6008996341378794,-1.551526763621247e-06
97,-0.22453825425870377,-8.44794234566848e-11
98,-0.5736307448568072,-9.776867859745408e-07
99,-0.22051191534841097,-7.050693362486982e-11
100,-0.8466549655605107,-4.648718096422755e-05
101,0.8924142695080661,-7.819505964723472e-05
102,-0.623483664758953,-2.2387825607816936e-06
103,-0.025905617237647727,0.0
104,0.6600557692081941,-3.943751391233263e-06
105,0.8804357202331643,-6.84265377136617e-05
106,-0.41193708373056936,-3.61299352658051e-08
107,0.0009918558439245828,-1.1102230246251565e-16
108,0.5429713611895715,-5.660581570143819e-07
109,-0.07290415391229121,-9.992007221626409e-16
110,0.27503270161706417,-6.408856778605809e-10
111,-0.5294041475358122,-4.400305791962822e-07
112,0.015350727967514022,0.0
113,0.20756466941776464,-3.8516412281808243e-11
114,-0.35670049770855217,-8.59247961670917e-09
115,-0.036508683786949936,0.0
116,0.0780590459154884,-2.1094237467877974e-15
117,-0.44860054542233274,-8.45331241672298e-08
118,0.8592019338336545,-5.3762444109595187e-05
119,0.3082086781223945,-1.9984311983023417e-09
120,0.9808748453863438,-0.0001985891394780115
121,0.7261270733574747,-1.0162673551139534e-05
122,0.8395687279360105,-4.2780497687022745e-05
123,-0.29534684770297726,-1.3056999925709079e-09
124,0.1934311933627071,-1.9036328069432784e-11
125,0.1816653373234951,-1.0167200414912259e-11
126,0.11718151276289523,-1.270095140171179e-13
127,-0.3611375571195703,-9.720609983610018e-09
128,0.5591823072431723,-7.58561772618016e-07
129,0.24077490828447967,-1.6970191918375122e-10
130,-0.8510055828536356,-4.8903115391629726e-05
131,0.1488762141954627,-1.3903322937380835e-12
132,0.3900393533734452,-2.095424822545766e-08
133,0.40409898627571117,-2.9830813486064756e-08
134,0.30909475229968697,-2.0565402714112224e-09
135,0.44343147729414345,-7.531111023695303e-08
136,-0.8372135643547658,-4.160858733615047e-05
137,-0.046099381115211946,-1.1102230246251565e-16
138,-0.7051047107914701,-7.594064092342201e-06
139,0.668582503666467,-4.4797507955385285e-06
140,-0.7051155889674856,-7.595226338530381e-06
141,-0.7327387016455322,-1.1118206050042545e-05
142,0.6702567802562229,-4.592370736244966e-06
143,0.7395670007335635,-1.2188949928382264e-05
144,-0.8833989617874891,-7.073529842893667e-05
145,-0.3968411197545363,-2.4897889749908586e-08
146,0.31534264178226,-2.5113516821662074e-09
147,0.2514621144033351,-2.618847361191001e-10
148,0.38872969621600206,-2.026289902534728e-08
149,0.9918604704098748,-0.00022160759642453343
150,0.9501336728642051,-0.00014511098016434243
151,0.7970200898136579,-2.557398402092126e-05
152,0.36390829126213986,-1.049093811822388e-08
153,0.11853632647803125,-1.4244161405940758e-13
154,-0.0689642712631735,-6.661338147750939e-16
155,0.6916471187599116,-6.272558865649813e-06
156,-0.23850619060432,-1.5438672562595457e-10
157,0.4650655932227197,-1.2106909996756343e-07
158,0.5829187976123271,-1.14703061770971e-06
159,0.236593935371322,-1.4245649104793756e-10
160,-0.26839673966846234,-5.021570936847297e-10
161,-0.8243289087920469,-3.569189285368424e-05
162,0.40374425155151483,-2.957067779529865e-08
163,-0.23923851990059064,-1.5918855122976083e-10
164,0.27957940127151626,-7.549153524522012e-10
165,0.8895405086169026,-7.574403132193375e-05
166,0.2592209538719237,-3.5476654947075303e-10
167,0.40625168572733084,-3.145406135551809e-08
168,-0.6312996094879957,-2.5337838872596663e-06
169,-0.1008894339275368,-2.853273173286652e-14
170,-0.3177390322122269,-2.7085172993324136e-09
171,0.930465337963035,-0.00011806628596888746
172,0.843096078510188,-4.4591077729694284e-05
173,0.2363673234719854,-1.4109913237803084e-10
174,-0.6918327138182643,-6.289280033211497e-06
175,-0.3850630117542968,-1.8435044712994397e-08
176,0.7578243527854669,-1.5520991604955903e-05
177,-0.01177765703584166,0.0
178,0.3656416484261602,-1.1000337307720542e-08
179,0.4449535374042026,-7.792774980863726e-08
180,-0.7307724178468207,-1.0825944167458523e-05
181,-0.8220589833354852,-3.4731538335885936e-05
182,-0.17482434926369605,-6.927458606753589e-12
183,-0.007296008626767048,-1.1102230246251565e-16
184,-0.37587208869714117,-1.4486980393080273e-08
185,0.5995226646790031,-1.5165421815011015e-06
186,0.35902253170886644,-9.167242298602218e-09
187,-0.624385711980344,-2.2711764445793037e-06
188,-0.046528115660891434,0.0
189,0.7124925313867865,-8.421187371765448e-06
190,0.03773375621153696,-1.1102230246251565e-16
191,-0.7269438193273765,-1.0276578231160904e-05
192,0.854494123963567,-5.09210038471819e-05
193,0.8100872749764816,-3.0039466691000882e-05
194,0.3230385845021839,-3.1948300671658103e-09
195,0.8905815255392209,-7.662384217532736e-05
196,-0.6387125907994593,-2.8453549726359384e-06
197,-0.3439814625414179,-5.98069893609221e-09
198,0.4304365972187132,-5.598763275216356e-08
199,-0.36141773307606107,-9.796123801031342e-09
200,0.7721617905268918,-1.8687450828669405e-05
201,-0.8635222547885877,-5.64942264852375e-05
202,0.29285216541731796,-1.1996573734407434e-09
203,-0.08668141354439207,-6.328271240363392e-15
204,-0.27287648678682763,-5.924355450659391e-10
205,-0.6417471906280889,-2.98252565156254e-06
206,0.3286981391602817,-3.799649928026838e-09
207,0.3456551786332078,-6.2775580289553545e-09
208,-0.45117912529353044,-8.950266361384962e-08
209,-0.39212608162905904,-2.2099709395817513e-08
210,0.18693034474583659,-1.352706835433537e-11
211,0.4401754243402367,-6.99769009404605e-08
212,0.12192845561442867,-1.8884893648873913e-13
213,-0.6847915797589148,-5.682182894761745e-06
214,-0.4562010701037762,-9.994154637205099e-08
215,0.7786338368223977,-2.02978085640515e-05
216,0.3981301130341115,-2.5716354823401844e-08
217,-0.33866565073035715,-5.119687784826965e-09
218,-0.8256144935133862,-3.624629444987093e-05
219,-0.09380159153412149,-1.3655743202889425e-14
220,0.7455881564512501,-1.320893488199193e-05
221,-0.1282594473557257,-3.1319391524675666e-13
222,-0.5603035011516049,-7.738299037107765e-07
223,-0.9835915582906107,-0.00020407272214995054
224,-0.7049134563902086,-7.573656149229002e-06
225,0.7229397970526126,-9.728929354246851e-06
226,0.9640990212146572,-0.00016755326257666958
227,0.17514063576793948,-7.0539130092583946e-12
228,-0.37934001588488586,-1.5877045789203237e-08
229,-0.02812370025885169,0.0
230,-0.22098042484757063,-7.201816920598958e-11
231,-0.363285795182523,-1.0313242926329735e-08
232,0.6733620627142867,-4.807997207256776e-06
233,-0.39466969044054956,-2.3571936069721744e-08
234,0.6390320700252117,-2.8595243486417843e-06
235,-0.26744600536383367,-4.846707479799761e-10
236,-0.7696502267111975,-1.8094072042007525e-05
237,0.7586322953652513,-1.5685714282231977e-05
238,0.8959090294269323,-8.127137709934562e-05
239,0.4798091168209717,-1.6522609269653543e-07
240,0.16707665886104506,-4.4036996271756834e-12
241,0.9334038529841353,-0.00012179556276536996
242,-0.36667595750168314,-1.1314791881211761e-08
243,0.6168022135373736,-2.0114697851791874e-06
244,-0.23071150291875497,-1.1077394557190701e-10
245,0.9705813204048388,-0.00017898893898415924
246,0.10410393389733907,-3.885780586188048e-14
247,0.8633710151658227,-5.6396533540281624e-05
248,-0.06314315254361258,-1.1102230246251565e-16
249,0.24249138787158486,-1.8218293540428476e-10
250,0.5733149480242832,-9.723464929889403e-07
251,0.6583254422459528,-3.842289421740475e-06
252,-0.889361057389543,-7.559328722095415e-05
253,0.349887144317534,-7.088170494995438e-09
254,0.20498823989689385,-3.3996916393164156e-11
255,0.05659405270982365,0.0
256,0.30069065704625353,-1.5617254156552463e-09
257,-0.30431460778077346,-1.7601692325897034e-09
258,0.9874699332995054,-0.00021213607975822946
259,-0.9990822967562822,-0.00023801292848646405
260,0.5447746319480116,-5.850470894408488e-07
261,0.763382329690625,-1.6686268085153166e-05
262,0.7714448495564334,-1.851631222504757e-05
263,0.6507225240086814,-3.42368065198162e-06
264,0.9413600563528319,-0.00013242824785208995
265,-0.3459200508902476,-6.325732826439889e-09
266,-0.16096875770209884,-3.034905660115328e-12
267,-0.10123018127437411,-2.942091015256665e-14
268,-0.7720283712191012,-1.865549569068925e-05
269,0.6267386480851427,-2.357664353525024e-06
270,-0.0006744880254103691,0.0
271,-0.7839808928497176,-2.1720985578621566e-05
272,-0.3670939750281066,-1.1444156289286411e-08
273,-0.5379328701819324,-5.15900987707596e-07
274,0.28052126138573086,-7.807020585559599e-10
275,0.12210928428697687,-1.9162449405030202e-13
276,0.4525685689635255,-9.228794406457297e-08
277,-0.24360874381293507,-1.907451974147989e-10
278,0.03640235608757858,0.0
279,0.7334120225523002,-1.1219901682180122e-05
280,0.9004134812115587,-8.539631455661834e-05
281,0.20856119207161483,-4.040456857978825e-11
282,0.5225322824221714,-3.863652774382942e-07
283,-0.2003685769128014,-2.7071567210157355e-11
284,0.786439196444952,-2.24048237652541e-05
285,0.7229826634593661,-9.734650870840689e-06
286,-0.7991528397013692,-2.625944366330124e-05
287,-0.24577432536270316,-2.083778705141981e-10
288,-0.31779502229704426,-2.713285818245481e-09
289,-0.9644369861846018,-0.00016813290200190512
290,-0.8368136107742374,-4.1412458534284546e-05
291,-0.8728970929107578,-6.285439724162956e-05
292,0.17818050971935429,-8.377631921518969e-12
293,0.6506099022947325,-3.4178005476892537e-06
294,0.5659718600109613,-8.55330163807011e-07
295,0.1384925846081524,-6.749045766696327e-13
296,0.4463102278421529,-8.032868248353253e-08
297,-0.7869604926981462,-2.25522931774913e-05
298,-0.28800664367445017,-1.0155452034865675e-09
299,0.9518772999369243,-0.00014775734419270048
300,-0.05330225638431063,0.0
301,-0.9816291811701447,-0.00020009834595813292
302,-0.31850020615875185,-2.7739951447003364e-09
303,-0.7795425735564134,-2.053361284226618e-05
304,0.6628646368350342,-4.113586905885036e-06
305,-0.24367546856192956,-1.912676683701875e-10
306,-0.4505449626147535,-8.825672592749356e-08
307,-0.9519518283964061,-0.00014787141584227115
308,-0.6903993360915943,-6.161172209306898e-06
309,-0.38447589795519166,-1.8156559922211102e-08
310,-0.16218432587559684,-3.2718272535703363e-12
311,0.7202410229307525,-9.374733783928946e-06
312,-0.4671184199507381,-1.2650065484010042e-07
313,-0.09104394947634464,-1.021405182655144e-14
314,0.7732036621180485,-1.8938682470492907e-05
315,0.6121842160617215,-1.8667081087553328e-06
316,0.4256215417668463,-5.0047660460350585e-08
317,0.8197959922928006,-3.37972493301697e-05
318,-0.7568828779886874,-1.533100375428198e-05
319,0.419968334526712,-4.3801039018021015e-08
320,0.4124905213287793,-3.6616907950204336e-08
321,-0.10949791190712,-6.45039577307216e-14
322,-0.6907227019620235,-6.189866541994604e-06
323,-0.9790047287907351,-0.00019489144700823857
324,-0.5775653070668987,-1.046467607457302e-06
325,-0.38330508976881883,-1.761247869769278e-08
326,-0.6372921463467411,-2.783116456406276e-06
327,0.6999519299276336,-7.0611385096785995e-06
328,-0.34177511513532033,-5.608675301971289e-09
329,0.20708632368128588,-3.763855893623713e-11
330,0.20627842325947876,-3.6196490249551516e-11
331,-0.25921315114003707,-3.54659968060389e-10
332,0.16866260444722836,-4.8399062535509074e-12
333,-0.7401875004046958,-1.2290692167349349e-05
334,0.3491033495340281,-6.931291096634595e-09
335,-0.3530980110859734,-7.764722198544405e-09
336,-0.502447929588653,-2.6152363385989474e-07
337,0.05796552843883318,-2.220446049250313e-16
338,-0.6660070956900508,-4.31135219391976e-06
339,-0.9191242950578857,-0.00010461361883240539
340,-0.2534810266650933,-2.8366275994784473e-10
341,0.391177409553922,-2.157215761577902e-08
342,-0.701391223843566,-7.2065092170392475e-06
343,-0.4707667851119939,-1.3669692555673407e-07
344,0.6759124079302843,-4.9918407694082845e-06
345,-0.23483812016133032,-1.322395526415221e-10
346,0.18524064643077343,-1.235356261730658e-11
347,0.6618984445183904,-4.054440328915554e-06
348,-0.6537350124734485,-3.5843765296972308e-06
349,-0.8215181739418882,-3.4506180538573794e-05
350,-0.5300459086244185,-4.4536914856063703e-07
351,0.8022069587243097,-2.7269732320922557e-05
352,-0.47658032144480744,-1.5447741230634193e-07
353,-0.957565296458204,-0.0001566934429956257
354,0.20525165018294933,-3.443612062170587e-11
355,-0.682856240594288,-5.524806835577323e-06
356,-0.47618096960902356,-1.5319262680613122e-07
357,-0.02863270979604815,0.0
358,0.9844340533156255,-0.0002058005962511933
359,-0.9276379876511371,-0.00011457500016365252
360,0.49001204601158843,-2.037549140521122e-07
361,-0.4467474277697472,-8.111644167474452e-08
362,0.31796410106613693,-2.727731929219601e-09
363,0.41086303545090685,-3.5201457637690226e-08
364,0.22767269680115665,-9.702982861625742e-11
365,-0.527868568202549,-4.2748933415381885e-07
366,0.23300228831459502,-1.222670853451291e-10
367,0.7066424874089108,-7.759956216712993e-06
368,-0.043893387958739094,-1.1102230246251565e-16
369,-0.053721087359291486,-1.1102230246251565e-16
370,-0.2503524152862102,-2.505662344276516e-10
371,0.13090705546495207,-3.843592111252292e-13
372,0.05446630448531442,-2.220446049250313e-16
373,0.16752265368318442,-4.5227155354155e-12
374,0.05097907135238966,0.0
375,-0.15580886534317306,-2.191358206005134e-12
376,-0.5645802761518033,-8.346382592838708e-07
377,-0.36649969044879027,-1.1260637533538898e-08
378,-0.966555927023053,-0.00017180818202278125
379,-0.19156311303141305,-1.7276735597704374e-11
380,0.34353682014168574,-5.90398785416113e-09
381,0.22891053806696848,-1.0243128567566373e-10
382,0.13045730402679578,-3.7114755713218983e-13
383,-0.3800183996755564,-1.616258715753105e-08
384,0.0765169219944315,-1.7763568394002505e-15
385,0.47062274698296025,-1.3628077610849942e-07
386,0.4704688595222011,-1.3583742897171902e-07
387,-0.2214430328124426,-7.353884168281866e-11
388,-0.33946416936682433,-5.24145560287792e-09
389,0.015235801509078772,-1.1102230246251565e-16
390,0.30284086976797586,-1.6768856303528423e-09
391,0.36278864251518406,-1.0173276887570637e-08
392,0.02118849775658549,0.0
393,0.8740985844759823,-6.37142743337149e-05
394,0.10505117200450642,-4.263256414560601e-14
395,0.2792589080653889,-7.463166751264794e-10
396,0.9982633141165946,-0.00023609938386581764
397,-0.3819954083411401,-1.7021271614403588e-08
398,0.8998856162028006,-8.490340955247255e-05
399,0.5411811337028389,-5.477562330380437e-07
400,0.25684256845813014,-3.2356095580610145e-10
401,-0.9879272052114159,-0.00021310532951623884
402,0.6700806437883604,-4.580404475484912e-06
403,-0.055779032522991434,-1.1102230246251565e-16
404,0.9715126409694017,-0.0001806880947009537
405,0.33181827077118475,-4.175418122365215e-09
406,0.519509301258616,-3.646802819723405e-07
407,0.08430314314882215,-4.6629367034256575e-15
408,0.29535436877932564,-1.3060320602775732e-09
409,-0.025205540081655542,0.0
410,0.9456553566092964,-0.00013850755943634052
411,0.8784640999188669,-6.692804148378251e-05
412,0.7539148142889751,-1.4745634238866323e-05
413,0.9862106119673542,-0.0002094871498581341
414,0.4386595429461355,-6.761145321387829e-08
415,-0.9252394725508786,-0.00011168608026101978
416,-0.3214844139356696,-3.0446615228996166e-09
417,-0.013870773436386097,-1.1102230246251565e-16
418,-0.4392277618634062,-6.848956835003861e-08
419,-0.2739993523171871,-6.172387045921823e-10
420,0.8711114560084852,-6.159567368613228e-05
421,0.763935473249491,-1.6806427913129696e-05
422,-0.5848206071088935,-1.1847925467378673e-06
423,-0.34048101075369885,-5.400284108780795e-09
424,0.6319624181461811,-2.5603379308902774e-06
425,0.05455369180978287,0.0
426,0.2235337952300278,-8.077827295949191e-11
427,0.48901462266926465,-1.9966126851844734e-07
428,0.4642353534613992,-1.189325921080453e-07
429,-0.687843719316199,-5.938563437113409e-06
430,-0.9771801938033124,-0.00019134342552296069
431,-0.9990349485347672,-0.00023790192282380218
432,-0.8191964405055876,-3.355352822931312e-05
433,-0.9538130876567537,-0.00015074592716379787
434,-0.5859460169868449,-1.2076608252309384e-06
435,0.521732081885518,-3.805151985725175e-07
436,0.47031910605966853,-1.354072368675574e-07
437,-0.6794110095453256,-5.254305594726283e-06
438,0.7136466855957122,-8.557460323355137e-06
439,0.3597275284272483,-9.348462781666456e-09
440,0.15503264626823987,-2.0846657733386564e-12
441,0.45251776735522964,-9.21847504997686e-08
442,-0.38053719861065605,-1.6384064216445893e-08
443,0.8220261502571031,-3.4717819099805425e-05
444,-0.44368007170928037,-7.573300686569695e-08
445,-0.36913498860484495,-1.2095097701170232e-08
446,-0.035379576247061895,-1.1102230246251565e-16
447,-0.3867904927814667,-1.9276857443628614e-08
448,-0.7096569700106146,-8.094621335441587e-06
449,0.005577137086023587,0.0
450,0.15854890449988135,-2.608580018659268e-12
451,0.6099790215733019,-1.800941179408433e-06
452,-0.057342920523494545,0.0
453,-0.9882328540931296,-0.00021375540295809348
454,0.23986389287328214,-1.6339496422546063e-10
455,0.8126905390155956,-3.100838118308413e-05
456,-0.5292342759099122,-4.386271408307607e-07
457,0.03486952089714701,0.0
458,-0.9986213295291202,-0.0002369341820258608
459,-0.8766400984219054,-6.55680052202845e-05
460,-0.5070439201217942,-2.8634574489316833e-07
461,0.8642935878316871,-5.6994831468926144e-05
462,-0.4196651664912594,-4.3486784617741137e-08
463,-0.07328177136326852,-1.1102230246251565e-15
464,-0.5099496022453018,-3.0311134635585546e-07
465,-0.8410188288727021,-4.351669319158091e-05
466,0.3467020193896373,-6.4699023916148235e-09
467,-0.539830243208292,-5.342996705071101e-07
468,-0.8715995671469208,-6.193748677718602e-05
469,0.13908720496199511,-7.045475314271243e-13
470,0.44113443150478315,-7.151153802453791e-08
471,-0.34351546594398386,-5.900326005559009e-09
472,0.20942098622431593,-4.2100434249903174e-11
473,-0.8761685132548569,-6.522043079271178e-05
474,-0.4639420561940861,-1.181859725640777e-07
475,-0.5486617064949528,-6.279389805907698e-07
476,0.49576388541318206,-2.2886908201957823e-07
477,-0.9021033407040453,-8.699154952063193e-05
478,0.6991718852599071,-6.9834577790528485e-06
479,0.5866021577883669,-1.221175811805253e-06
480,0.5405562598386313,-5.414943129444794e-07
481,-0.058161495863789714,0.0
482,0.30159038961898466,-1.609017585835204e-09
483,-0.9984642154638714,-0.00023656750832734552
484,-0.5008735283487122,-2.5347635168593285e-07
485,0.4335352284121192,-6.013790887493542e-08
486,0.09322473436384526,-1.2878587085651816e-14
487,-0.007586755160460257,0.0
488,-0.6707632325568358,-4.626934348328504e-06
489,-0.9016284371616299,-8.654056253043496e-05
490,-0.8695784620147751,-6.05331198507697e-05
491,0.7814876515706002,-2.1046611345276744e-05
492,0.14715145982869338,-1.237343560944737e-12
493,0.037043752098758986,0.0
494,0.1659850045100375,-4.124367514179994e-12
495,0.09564472288157488,-1.6653345369377348e-14
496,-0.6267787941047753,-2.3591653350862885e-06
497,0.34028024764472375,-5.368586686316235e-09
498,0.7993645924077235,-2.6328391553032127e-05
499,0.8600423445999856,-5.4284373409152487e-05
500,-0.07270389905866059,-9.992007221626409e-16
501,0.523781254672173,-3.9565786746909026e-07
502,-0.896929543013496,-8.218993169484268e-05
503,0.5045958443363683,-2.728725900791318e-07
504,-0.4672307274529963,-1.26804030164962e-07
505,0.22334359077083699,-8.009415353171789e-11
506,0.2962198691646847,-1.3447551960865667e-09
507,-0.9895071808204066,-0.00021648489947245775
508,-0.1557116034111623,-2.177813485104707e-12
509,-0.544631203162828,-5.83516060803646e-07
510,-0.3615011745108374,-9.818715063225625e-09
511,-0.14744416763877255,-1.2622125566963405e-12
512,-0.5845312382315238,-1.1789758136426798e-06
513,-0.3884929636234815,-2.0140143441871317e-08
514,0.9303626677229593,-0.0001179378572151446
515,0.1713148622985392,-5.6565863104651726e-12
516,-0.48487605795389976,-1.8345375329964497e-07
517,-0.7670912980976656,-1.750694222812932e-05
518,-0.055237761808527575,-1.1102230246251565e-16
519,-0.8110805357726512,-3.040589914449221e-05
520,-0.007299884890634933,-1.1102230246251565e-16
521,0.8298267953576428,-3.811735062042576e-05
522,0.7502521488712037,-1.4050959918798789e-05
523,-0.5884810407076297,-1.2606313454233131e-06
524,0.43979737124990215,-6.938010987944665e-08
525,0.8032325151324098,-2.7616718197731593e-05
526,0.13461729954249546,-5.081490783709341e-13
527,-0.9173875132360683,-0.00010267952577480699
528,0.11554078284079883,-1.1046719095020308e-13
529,-0.11471351438431543,-1.0269562977782698e-13
530,-0.663601144921631,-4.1591922065320475e-06
531,-0.5228973781255852,-3.890611570689373e-07
532,-0.4806251320141779,-1.680468830755899e-07
533,0.9129101342655763,-9.784039470261963e-05
534,-0.6907806170813553,-6.195018370958039e-06
535,0.29031247378311353,-1.0997225352582518e-09
536,-0.7976527164562894,-2.5775614358458654e-05
537,0.9209810076663265,-0.00010671731161149278
538,0.5784985445339526,-1.0634063084546952e-06
539,-0.2546490791733387,-2.9699387393833376e-10
540,-0.6584194486364952,-3.847740908446973e-06
541,-0.4374948485612655,-6.584312017832161e-08
542,-0.5374667644582223,-5.114692216423578e-07
543,-0.7902450327572159,-2.350165415287986e-05
544,0.6357976584266554,-2.718956006231288e-06
545,-0.7795478171121704,-2.0534980571418338e-05
546,0.9094097756198938,-9.42006567755671e-05
547,0.22251956130993067,-7.719014316620587e-11
548,-0.7890827175687354,-2.316167870086705e-05
549,0.7882550674106299,-2.2922288419824355e-05
550,0.5044496239726313,-2.72086193131571e-07
551,0.4589921403899029,-1.0620482648882046e-07
552,0.6501369623234767,-3.393206700730289e-06
553,0.8680912371713096,-5.9518022420435024e-05
554,0.6737028866485835,-4.832208531091453e-06
555,-0.2954318863412151,-1.3094588746653812e-09
556,-0.06776528026998574,-5.551115123125783e-16
557,-0.20824543766091597,-3.979749862992321e-11
558,0.4781347829133482,-1.595711309754222e-07
559,0.983287559279991,-0.00020345244698916076
560,0.573138381553598,-9.693720954828677e-07
561,0.8662108551705212,-5.825643352252996e-05
562,-0.367497694778105,-1.1570356783785485e-08
563,-0.3800391990900265,-1.6171414540799844e-08
564,-0.01873522461825572,-1.1102230246251565e-16
565,0.1991357775942182,-2.5452306928741564e-11
566,0.7616290675936672,-1.6310481801395937e-05
567,0.14308621955209544,-9.351408536417694e-13
568,0.24701510776463098,-2.1912882619545826e-10
569,0.6853294750669852,-5.7266317551318835e-06
570,0.14096531357737296,-8.055778266680136e-13
571,0.4242929878246622,-4.851172830111494e-08
572,0.2661369196681458,-4.614897353150127e-10
573,0.27208562299286454,-5.755078635871769e-10
574,0.6224300689949467,-2.20147215601596e-06
575,-0.34598372504150965,-6.337363189778955e-09
576,-0.5974451166793948,-1.4650980802999314e-06
577,-0.15927627895294072,-2.7305935290655725e-12
578,0.28931855600799916,-1.06269781863233e-09
579,0.19749025012740873,-2.342692706491789e-11
580,-0.5010527946589116,-2.5438127360111196e-07
581,0.9006988684512456,-8.566386749320198e-05
582,-0.20046195670207068,-2.719802161266216e-11
583,0.4701769160202385,-1.3499990580978505e-07
584,-0.7300026704383431,-1.0713422474384338e-05
585,0.5642655352802013,-8.300211078449138e-07
586,-0.1450863560245661,-1.0744738432322265e-12
587,-0.42530302820735955,-4.967549782630698e-08
588,0.48276123710289953,-1.7563705800860419e-07
589,-0.813979854830283,-3.149855463557838e-05
590,0.28291295559485485,-8.497814674157667e-10
591,0.9813981265262015,-0.00019963498533837054
592,0.20012037336054833,-2.6738278258164883e-11
593,0.004911721286406712,0.0
594,0.5144778813977045,-3.310026021052792e-07
595,-0.1599603482602907,-2.850164548817702e-12
596,0.8021078935049555,-2.7236422678322825e-05
597,-0.6944683850778843,-6.53109888082426e-06
598,0.23450182271275133,-1.303599450608317e-10
599,-0.6450837936021327,-3.1401768716410317e-06
600,-0.7322592505157193,-1.1046296758743246e-05
601,0.7238884518393118,-9.856257599527574e-06
602,0.5276000013859119,-4.2532922672755547e-07
603,0.11405123053452337,-9.692247004977617e-14
604,0.6281261210849991,-2.410039692590793e-06
605,-0.20308208094475355,-3.096656264744979e-11
606,-0.6681446065097019,-4.450707817738042e-06
607,-0.05471103555482504,-2.220446049250313e-16
608,-0.5401178455516278,-5.371393987374518e-07
609,-0.1718243171168563,-5.827005544745134e-12
610,0.1792700282878097,-8.903988657493755e-12
611,-0.20577535444956174,-3.532429904140599e-11
612,-0.49642894753122135,-2.3194536791226739e-07
613,-0.4000286185485997,-2.696593215389953e-08
614,-0.6940772286304802,-6.494691521696794e-06
615,0.8569321949678779,-5.23752514193232e-05
616,-0.15057133413669344,-1.556865747431857e-12
617,-0.8716847617647583,-6.199732059952723e-05
618,0.9682858863665704,-0.00017486195437965701
619,0.2626553620676262,-4.046130097634659e-10
620,0.5185752373820869,-3.582047090056051e-07
621,0.9704673798146757,-0.0001787820447048949
622,0.7691091278165709,-1.79684680798875e-05
623,0.7180555218714466,-9.096430444444081e-06
624,0.8150989251221847,-3.192962512721387e-05
625,-0.10593289265308536,-4.629630012686903e-14
626,-0.8554186348752046,-5.1468133937526694e-05
627,0.11831835079374708,-1.3988810110276972e-13
628,0.24025278735633382,-1.6606094277449301e-10
629,-0.35196940334186944,-7.520572609109877e-09
630,0.6197534838240988,-2.1091862232314185e-06
631,0.9058436093628532,-9.061772972185356e-05
632,0.10315889507585663,-3.552713678800501e-14
633,-0.06261287923606029,-3.3306690738754696e-16
634,-0.059774626009501786,-2.220446049250313e-16
635,-0.1168356316242336,-1.233457780358549e-13
636,-0.8660243248202117,-5.813260279674548e-05
637,0.707424245414668,-7.845531484473867e-06
638,0.4574332501116014,-1.026644590451653e-07
639,-0.5356688527228866,-4.946932173899299e-07
640,0.11909763425994768,-1.4932499681208355e-13
641,-0.17561101504618248,-7.245426481006234e-12
642,-0.46022458657885257,-1.0908108227791757e-07
643,0.044814456251919266,-1.1102230246251565e-16
644,0.7519446151588471,-1.4368222872707115e-05
645,-0.06716063273809492,-4.440892098500626e-16
646,-0.9897142318107899,-0.0002169313198174816
647,-0.525354690538347,-4.0765019637678535e-07
648,-0.026937654290340785,0.0
649,0.008021584689450911,-1.1102230246251565e-16
650,0.6841052833093804,-5.625920721730182e-06
651,0.7045371811407342,-7.533649057145375e-06
652,-0.9882458131242082,-0.0002137830042446831
653,0.5653665720939232,-8.462739765624505e-07
654,-0.7423326684223785,-1.2648330003361963e-05
655,-0.9707079376749064,-0.00017921910320606305
656,0.8505782259511712,-4.866091398725292e-05
657,-0.9930893209134006,-0.0002243254921852067
658,-0.23256748854985188,-1.2000633820008488e-10
659,-0.7259255413079027,-1.0134742444267708e-05
660,0.9892264428140314,-0.00021588091726021386
661,0.3929358807955199,-2.255918218896369e-08
662,0.796444212220369,-2.5391672000107945e-05
663,-0.7840676594806286,-2.1744799381773205e-05
664,-0.18598040532122262,-1.2855494446739613e-11
665,0.6609610193679625,-3.997785743448112e-06
666,0.8208539055618191,-3.423117183087854e-05
667,0.04976351198963269,0.0
668,-0.29602436239831986,-1.335918931033575e-09
669,0.4475327689145314,-8.254895333958956e-08
670,0.7632306011258809,-1.665344296220006e-05
671,-0.5461188376158554,-5.995722074381149e-07
672,-0.15188018958435445,-1.6977530492567894e-12
673,0.40552765388719325,-3.089945244116876e-08
674,0.2304681083748743,-1.0961198615433432e-10
675,-0.6550412398965266,-3.6561354764819143e-06
676,0.8569095920467251,-5.236160013577518e-05
677,0.8373741937714947,-4.168759074751893e-05
678,-0.48862596170166417,-1.9808624029948874e-07
679,-0.6975337848042868,-6.822819308638373e-06
680,0.04743610247519281,1.1102230246251565e-16
681,0.8240378677822058,-3.556744360344588e-05
682,-0.48936926243948653,-2.011082396169428e-07
683,-0.28878353379196753,-1.043235386966046e-09
684,0.8220835190189497,-3.4741793696224654e-05
685,0.2658956134835391,-4.573273981733905e-10
686,-0.20381671951421687,-3.2104430225388114e-11
687,0.4927879584113717,-2.1554803431023117e-07
688,0.3433113352175856,-5.8654254786461024e-09
689,0.36289913228004544,-1.0204235234567705e-08
690,0.901095820875053,-8.60372628689321e-05
691,0.27352876610524324,-6.067322200209446e-10
692,0.04274566268911695,1.1102230246251565e-16
693,-0.06539748146482482,-4.440892098500626e-16
694,0.32295581215397906,-3.1866673744218588e-09
695,-0.8152483005319997,-3.198756358668842e-05
696,0.4218177621811723,-4.576272027989603e-08
697,-0.3779721946805421,-1.5315063772725068e-08
698,-0.2701570960963313,-5.360396571063575e-10
699,-0.5845961756455385,-1.1802789124937263e-06
700,0.46806023180772516,-1.290650966101481e-07
701,-0.48662168069645784,-1.9013988228344658e-07
702,0.12353944357063162,-2.1527224447481785e-13
703,0.08923974525770473,-8.326672684688674e-15
704,0.3339307829926319,-4.4484735894911864e-09
705,0.7279064973796143,-1.0412305027518443e-05
706,-0.37436363321760147,-1.391727644239893e-08
707,-0.8219501289747764,-3.4686072410083924e-05
708,0.3097838697916675,-2.102778617896206e-09
709,-0.1583344246765359,-2.573496971081113e-12
710,0.36292946918873725,-1.0212750090055067e-08
711,0.509965286973215,-3.032041904216243e-07
712,0.9126771932925797,-9.759432137745883e-05
713,0.8478822156100456,-4.7157603890957134e-05
714,0.6944789543763263,-6.5320851679873115e-06
715,0.857389832842411,-5.2652334057823325e-05
716,0.144525009775603,-1.0336176359260207e-12
717,0.7151996022186431,-8.74393840943899e-06
718,0.5826929240021153,-1.1426183315066396e-06
719,-0.10309571798742367,-3.519406988061746e-14
720,-0.3305819310939151,-4.02269950683376e-09
721,-0.505187407830312,-2.760750076324925e-07
722,0.23286049192903513,-1.2152556738698195e-10
723,-0.14714507755065442,-1.236899471734887e-12
724,0.5205354677630967,-3.7191548429849064e-07
725,0.71565686053968,-8.799537859704998e-06
726,-0.15330824191297743,-1.8641754806481003e-12
727,-0.2337941043805729,-1.2648215808042096e-10
728,0.4235687262222374,-4.769238715063295e-08
729,-0.9570298337223164,-0.00015583204115665605
730,0.8823897232964164,-6.994124502568422e-05
731,-0.35265881086522244,-7.668876200739305e-09
732,-0.6599656408319974,-3.93840769241649e-06
733,0.9668967289514501,-0.000172405969117162
734,-0.4381925924229584,-6.689742781951225e-08
735,0.04884527275683137,0.0
736,0.6405758929750365,-2.928892175901865e-06
737,0.9424062563715754,-0.0001338865279738588
738,0.10209196932032927,-3.197442310920451e-14
739,-0.15929572664880953,-2.7340352204419105e-12
740,-0.14527117218422925,-1.088129586435116e-12
741,0.5179759485005271,-3.5410463561369454e-07
742,0.10684962957973965,-5.051514762044462e-14
743,-0.06777881043632172,-4.440892098500626e-16
744,-0.7387155122016791,-1.2050563070631348e-05
745,-0.1932828650099585,-1.889088885320689e-11
746,-0.409973064387928,-3.4448424224287066e-08
747,-0.508825570302017,-2.965239048746682e-07
748,0.9634978432471895,-0.0001665266118282549
749,0.8270562606216383,-3.687722539924554e-05
750,-0.4064257195835044,-3.158869843478129e-08
751,-0.9061999552488675,-9.09701745663849e-05
752,0.15288392518499938,-1.8131052215153431e-12
753,0.7753192643562403,-1.945817262083427e-05
754,-0.938445649356898,-0.00012844063524786176
755,0.7961778528133052,-2.5307742605340522e-05
756,-0.11615181892603554,-1.162403506782539e-13
757,-0.7390109641591633,-1.2098420369643925e-05
758,0.20137927663880628,-2.8467450619018564e-11
759,0.1335485520994435,-4.691802502065912e-13
760,0.040427942797044425,0.0
761,-0.25405082407707025,-2.900971685093623e-10
762,-0.24670088424052228,-2.1636015201664804e-10
763,0.7560688498839068,-1.5168419323585702e-05
764,-0.6973191266649374,-6.802016808027389e-06
765,0.9325895330036289,-0.00012075168136715941
766,-0.7338667856040764,-1.1289058715280298e-05
767,0.970540807961217,-0.0001789153515956432
768,0.701571629487538,-7.22491861593344e-06
769,-0.7782490662895238,-2.0198700285245508e-05
770,0.3148662486799867,-2.4737306647537594e-09
771,0.20822900343533957,-3.976619034062878e-11
772,0.9032655560247267,-8.810413178528265e-05
773,-0.5106471863953777,-3.0726541644376937e-07
774,0.22755362397402812,-9.65240110062382e-11
775,-0.08834225705810717,-7.549516567451064e-15
776,-0.07275572288206655,-9.992007221626409e-16
777,0.30018092131615126,-1.5354907345610513e-09
778,-0.4564275284745436,-1.0043705767071032e-07
779,0.0029546325165143994,0.0
780,-0.37050886974143005,-1.2551825023798813e-08
781,-0.37060245292216343,-1.2583492359219406e-08
782,-0.4680041843129752,-1.2891118805757884e-07
783,-0.17373988921427252,-6.5100147494945304e-12
784,-0.8675537126371153,-5.915490943331214e-05
785,0.2769820329183288,-6.877245439795843e-10
786,0.7919594398015815,-2.4011288995318125e-05
787,-0.9136230355054173,-9.859694493208337e-05
788,-0.2554684583913238,-3.066790155159538e-10
789,-0.09081668537717458,-9.880984919163893e-15
790,0.5668875611646711,-8.691962456452984e-07
791,0.599732301341299,-1.5218222553237126e-06
792,0.9127835642548636,-9.770662025743171e-05
793,0.005693691107529375,-1.1102230246251565e-16
794,0.5491318982377715,-6.333143280912168e-07
795,-0.6815130801945388,-5.417897040782549e-06
796,0.6840959822654342,-5.625161675015811e-06
797,0.45641998594220046,-1.0042051845626787e-07
798,-0.5131426013095408,-3.225476847834585e-07
799,-0.5896308980869498,-1.2853389025346829e-06
800,-0.433684695016072,-6.034491917272788e-08
801,0.4852329596350906,-1.8480332053538717e-07
802,0.6680144393572716,-4.442107301438902e-06
803,0.12349133346345886,-2.1449508835758024e-13
804,-0.6300297405203372,-2.4835990757310356e-06
805,-0.5546324898291213,-6.993424056522812e-07
806,-0.26007781335178426,-3.6665592784146384e-10
807,0.683820222676154,-5.602699001405753e-06
808,0.37400277043012164,-1.3784010821638049e-08
809,0.6770164990224781,-5.073368921859611e-06
810,0.4531103791989741,-9.339500384175636e-08
811,-0.07552857031132199,-1.5543122344752192e-15
812,-0.06798414314242907,-5.551115123125783e-16
813,-0.9923918692038076,-0.0002227792718059174
814,0.35224121067900227,-7.578732419410983e-09
815,-0.5374919618026193,-5.117079222571874e-07
816,-0.9817312532162723,-0.00020030334937626293
817,0.2904655825530478,-1.1055278914540168e-09
818,-0.29270312692524225,-1.1935746835334271e-09
819,-0.049443241460361165,-1.1102230246251565e-16
820,-0.47531053462301176,-1.504255079387562e-07
821,-0.7649470325477212,-1.7028179461142656e-05
822,-0.15306264763752808,-1.8343104812856836e-12
823,-0.7446265922560042,-1.3041075070718833e-05
824,0.43510530581221407,-6.234467608834393e-08
825,0.06789023354173751,-5.551115123125783e-16
826,0.36098299556838853,-9.679176682375612e-09
827,0.22614116189979705,-9.070200146510388e-11
828,0.4384677600535254,-6.731736845733138e-08
829,-0.41593474700400757,-3.978247009595037e-08
830,-0.125898953295426,-2.602362769721367e-13
831,-0.2144431786868206,-5.334932495770772e-11
832,-0.5698746550481997,-9.158438397660618e-07
833,-0.7126716583370343,-8.442208668468787e-06
834,-0.48347928258734374,-1.7825682396832576e-07
835,-0.07480951431407057,-1.4432899320127035e-15
836,-0.5166359872903381,-3.450893820700074e-07
837,0.2928405477760079,-1.1991821979862038e-09
838,0.25850793047078224,-3.451386954012037e-10
839,0.218447863554728,-6.418332532120985e-11
840,-0.5125602010691985,-3.189211434939665e-07
841,-0.14292965128876656,-9.250378241176804e-13
842,-0.0699959003189603,-7.771561172376096e-16
843,-0.9509197208072924,-0.0001462986906768382
844,-0.7228487612655974,-9.71678852612623e-06
845,0.3663163555215574,-1.1204559280386661e-08
846,-0.5563150479802426,-7.207397081376854e-07
847,-0.8255508293848446,-3.621865895364618e-05
848,0.5255077788742131,-4.088342556718416e-07
849,0.20569706805101529,-3.518996205542635e-11
850,-0.33443422810643586,-4.5158713435355935e-09
851,-0.8573169975522192,-5.260814726659735e-05
852,-0.7409661837422574,-1.24194494585117e-05
853,0.19550237070545995,-2.1174284547953448e-11
854,-0.19534871935305254,-2.1008528250376912e-11
855,-0.4942611314503944,-2.2205262750762955e-07
856,0.6065750430329069,-1.7035015674737863e-06
857,0.585721151448638,-1.2030601237444927e-06
858,0.43239232883462586,-5.857598683878251e-08
859,0.9370043149600515,-0.0001265085838134672
860,0.579644697293682,-1.084546315088808e-06
861,0.7405906025226172,-1.2357195804169052e-05
862,0.6295070767388364,-2.463204223146498e-06
863,0.5787438859046747,-1.0679000636004687e-06
864,-0.9130964550532994,-9.803761960724966e-05
865,0.9273489334794929,-0.00011422333350774583
866,-0.8507775997623925,-4.877377348144751e-05
867,-0.43216782438079737,-5.8273493586114e-08
868,-0.4996707654989836,-2.474793526774377e-07
869,0.32049246293944256,-2.9521668443166504e-09
870,-0.8446971099085274,-4.5435319613984504e-05
871,0.9968126499040362,-0.0002327437029527868
872,-0.8230010644920225,-3.5127262054457375e-05
873,-0.7916255753596566,-2.3911272163834596e-05
874,0.16272178988327135,-3.381961377613152e-12
875,0.6346037503888187,-2.668657746673908e-06
876,-0.806518626598568,-2.875537416668905e-05
877,-0.2733689406757296,-6.03200600579612e-10
878,-0.5821787270146057,-1.1326306569303668e-06
879,-0.001655855065098244,1.1102230246251565e-16
880,0.5080396227391575,-2.9199456152984027e-07
881,0.910493945298567,-9.531480441937745e-05
882,-0.2463063286511462,-2.1292789753601937e-10
883,0.17792480778275732,-8.258171924069302e-12
884,0.16951550161337514,-5.090150523301418e-12
885,-0.6359979181783855,-2.727475641450816e-06
886,0.06111182423462247,-2.220446049250313e-16
887,0.8758619484432111,-6.499536872239808e-05
888,-0.6751718302200205,-4.937816230121683e-06
889,0.043279832462297385,-1.1102230246251565e-16
890,0.6892370415773692,-6.059017628068375e-06
891,-0.6012850462073931,-1.5614478862113756e-06
892,-0.9923375403408667,-0.00022265922865782883
893,-0.9609921169877191,-0.00016230791402660483
894,0.8644810239501657,-5.7117078872348515e-05
895,0.5273554335049744,-4.2337068328901495e-07
896,0.2609807267991082,-3.795710412646258e-10
897,0.406709735975449,-3.1809534339899415e-08
898,-0.7777227304951899,-2.0063831070338267e-05
899,-0.3661408710169938,-1.115111780691791e-08
