,data,labels
0,0.7886650130913393,-2.304058263169484e-05
1,0.23779434814919576,-1.4984458118760813e-10
2,-0.5586282176669328,-7.511167240403793e-07
3,-0.7632321081010291,-1.6653768697638682e-05
4,0.1986918026975244,-2.4890978167491085e-11
5,0.9583344453709208,-0.00015793824069554319
6,0.10418584567184608,-3.930189507173054e-14
7,-0.3928520430640816,-2.2511218111809228e-08
8,0.21382729713470616,-5.1837978354285497e-11
9,0.2655071405417726,-4.5069725729263155e-10
10,0.38227976041456513,-1.7148093056640334e-08
11,-0.7659084989745031,-1.7241379379862032e-05
12,0.5767562327227593,-1.0319791183821536e-06
13,-0.6696825950133207,-4.553465115297861e-06
14,0.5972835972545814,-1.4611650045459612e-06
15,-0.8423095925639026,-4.4181529556985843e-05
16,-0.17421791165141665,-6.6910921248108934e-12
17,0.3802456990449712,-1.6259288582176623e-08
18,0.8284253667908184,-3.748545727733088e-05
19,-0.14795790556863375,-1.3069545445887343e-12
20,-0.09806138770308426,-2.1316282072803006e-14
21,0.28702279836640265,-9.814282719844414e-10
22,0.27157138973642025,-5.647362577576587e-10
23,0.9738242572050899,-0.0001849681391454805
24,0.8518150935095201,-4.9364864301626454e-05
25,0.10709287141640922,-5.1736392947532295e-14
26,-0.11102960517752436,-7.416289804496046e-14
27,0.12968105948126296,-3.4983127505938683e-13
28,0.7641026667399138,-1.684289996806143e-05
29,-0.9996865901358558,-0.0002394337443147876
30,0.740600928541157,-1.2358903620390826e-05
31,0.4885884540436123,-1.979348348557508e-07
32,0.6404057408019206,-2.9211734197120975e-06
33,-0.35260338686381876,-7.656857037297016e-09
34,0.8987469543033444,-8.384883193268688e-05
35,0.6285244461774493,-2.425267776051676e-06
36,-0.7865856919048331,-2.2446178200907774e-05
37,-0.7836098162519978,-2.1619404364514594e-05
38,-0.7215471381848348,-9.544680592443733e-06
39,0.9704899390102495,-0.0001788229908681327
40,0.8582049205298476,-5.314909569831272e-05
41,-0.33536250294124237,-4.6425546740280765e-09
42,-0.7146948919435481,-8.682935388248936e-06
43,-0.4743254397376657,-1.4734814512973315e-07
44,0.9734573511323119,-0.0001842827948042025
45,-0.5580069821806577,-7.42847587997808e-07
46,0.30448555582779235,-1.7700666488096317e-09
47,0.934921027049386,-0.00012376202338026943
48,0.4062651037667351,-3.1464423400073827e-08
49,-0.024765224022158083,0.0
50,0.26379976752416834,-4.2257086718677783e-10
51,0.9505702833615417,-0.00014576962336454447
52,0.08388337822192371,-4.440892098500626e-15
53,0.05636371326512668,-1.1102230246251565e-16
54,0.6346069881549472,-2.668793013138604e-06
55,-0.8854950104244492,-7.241030740134935e-05
56,-0.6534548700252738,-3.569152326243774e-06
57,-0.6459183974477045,-3.1807629118363323e-06
58,-0.19170014601834384,-1.740063648725254e-11
59,0.2097328632832438,-4.27309299055878e-11
60,-0.22949576299565289,-1.050780573663701e-10
61,0.05069671877985593,-1.1102230246251565e-16
62,0.46023141360442055,-1.0909720815632795e-07
63,-0.636341571847115,-2.742151556933692e-06
64,-0.09139647277543439,-1.0658141036401503e-14
65,-0.8106407762780439,-3.0243172020050224e-05
66,0.3045504759436044,-1.7738385205134932e-09
67,0.7455169359424103,-1.3196435797557804e-05
68,0.8765642640249556,-6.551200088511511e-05
69,-0.968498644309334,-0.00017524085773923392
70,-0.39497084483692113,-2.3751955180451034e-08
71,0.6110333678026663,-1.8321213550720472e-06
72,0.5603375029880837,-7.742972150115435e-07
73,0.5395281113085308,-5.313310170729224e-07
74,-0.9376647688347657,-0.00012739064013544965
75,0.2318899817505249,-1.165589846863213e-10
76,0.6080921941686823,-1.746329514551448e-06
77,-0.7064993852792114,-7.74438255535248e-06
78,0.19628083616801462,-2.203193183447638e-11
79,-0.9106892485721179,-9.551675839158946e-05
80,0.06023461734462354,-1.1102230246251565e-16
81,0.5144572788008765,-3.3087064910120034e-07
82,0.8597769105187927,-5.411903939711582e-05
83,-0.9256751252617823,-0.00011220590519012141
84,0.8503019626359849,-4.850491666263945e-05
85,0.3887810946900687,-2.02896397460961e-08
86,0.39260250922795703,-2.236900009666698e-08
87,-0.3350083250439737,-4.593846969491722e-09
88,-0.42009070468650056,-4.392846131295869e-08
89,0.1843539213882195,-1.177502539917441e-11
90,-0.791187171237977,-2.378050563789369e-05
91,0.744450269390851,-1.3010503000954188e-05
92,-0.9775610709753761,-0.0001920792712485353
93,0.9357151272832216,-0.00012480258200286976
94,0.16070034574879344,-2.984723579402271e-12
95,0.5940075301273675,-1.3834108928412192e-06
96,0.756528189347444,-1.5259971168801734e-05
97,0.8651945656609257,-5.758461034022222e-05
98,-0.18181079148340262,-1.0248690784919745e-11
99,-0.35714077591325055,-8.698902154158361e-09
100,0.9777945808399082,-0.00019253165893284852
101,-0.8764814177281317,-6.545086721543303e-05
102,0.6264758223400282,-2.3478589774583725e-06
103,-0.2883508124495626,-1.0277295681149212e-09
104,0.6955259455743228,-6.630451659828118e-06
105,0.4567711381529338,-1.0119312521261747e-07
106,0.4014949908432821,-2.7968166338432354e-08
107,-0.12878658381180408,-3.2651659154225854e-13
108,0.06563441399920977,-4.440892098500626e-16
109,-0.03188067584435417,1.1102230246251565e-16
110,-0.10553580005774665,-4.451994328746878e-14
111,0.9628261136129357,-0.000165386145601909
112,0.8497294824194623,-4.818308126153248e-05
113,0.28647431690957936,-9.628592367860733e-10
114,-0.16725199204607666,-4.450106949605015e-12
115,-0.7797685133643746,-2.059262114506577e-05
116,-0.5331160015360474,-4.717221617767109e-07
117,-0.2632684336893154,-4.1414593976440983e-10
118,-0.6411031901095963,-2.952928865762594e-06
119,-0.3116874304511499,-2.235403195882668e-09
120,-0.5795717178728341,-1.0831890902007757e-06
121,-0.15884620965765506,-2.6578739209526248e-12
122,0.5996297022765544,-1.5192360550697614e-06
123,-0.5500713294505075,-6.441781357224841e-07
124,0.47816641128405446,-1.5967632083224714e-07
125,-0.28933746133637217,-1.0633913749558133e-09
126,0.03558893400962049,0.0
127,-0.6896107172433277,-6.0916930533228e-06
128,0.48039292225922425,-1.6723981011157463e-07
129,-0.8810463877113175,-6.8896726083012e-05
130,0.30586373683768797,-1.851707009947745e-09
131,-0.06673552124180704,-4.440892098500626e-16
132,-0.6902872228126902,-6.151251590202911e-06
133,0.739672893744215,-1.2206259350944215e-05
134,-0.9391735331469604,-0.00012942634413415366
135,0.5771422390101253,-1.0388688873597118e-06
136,0.5322606735982349,-4.642429530798964e-07
137,-0.3437927179162117,-5.948027181901239e-09
138,-0.5835515285713104,-1.1594721953667175e-06
139,-0.5260666467139494,-4.1318309274007703e-07
140,-0.18548648624095132,-1.2518319714160953e-11
141,-0.5011262916045176,-2.547531186003482e-07
142,-0.9847248940916051,-0.00020640011675643333
143,0.0658400490072204,-4.440892098500626e-16
144,0.9526150851457482,-0.00014889006242457814
145,0.8647407071891489,-5.728683487371544e-05
146,0.6439290239153383,-3.084788301688235e-06
147,-0.9502146239085014,-0.00014523289613888046
148,0.008074308069789815,0.0
149,0.740642319698376,-1.2365751414611381e-05
150,-0.7032062705821764,-7.393658828847016e-06
151,0.23469328087088348,-1.314270914321014e-10
152,0.2690562031892252,-5.146174597570052e-10
153,0.6672395004710547,-4.3912130021084295e-06
154,0.9287139807076361,-0.00011589260824618197
155,0.07286378872656929,-9.992007221626409e-16
156,0.5015059455472064,-2.5668170289261383e-07
157,-0.977438740759083,-0.0001918426563713993
158,-0.18831151772862853,-1.4559686789539228e-11
159,0.493678100347708,-2.1945753425622883e-07
160,-0.005096025446365671,0.0
161,-0.015373520734351054,0.0
162,-0.10533402512768197,-4.363176486776865e-14
163,-0.3584400859024306,-9.019914037899923e-09
164,0.33499917990195804,-4.592595526098364e-09
165,-0.8214263199510463,-3.4468035101098415e-05
166,-0.36187185734287275,-9.919641774658317e-09
167,0.6182728094633436,-2.059640798912632e-06
168,0.21128425455080713,-4.599676195482516e-11
169,-0.414349431912459,-3.829608230532244e-08
170,0.9275376383089997,-0.00011445280421928938
171,-0.8926143036128111,-7.836828533291929e-05
172,0.7434029824831052,-1.2830238880101597e-05
173,-0.5872790917656316,-1.2352613366628518e-06
174,0.19897610889867767,-2.5249025092932698e-11
175,0.8403496644917989,-4.317556827249103e-05
176,-0.79040386040621,-2.3548456958177866e-05
177,0.008115845053704662,0.0
178,0.6320941197094356,-2.565643944407725e-06
179,-0.9022318303483545,-8.711392976989973e-05
180,0.4278658323291751,-5.274183856318615e-08
181,-0.49789824024057894,-2.3887380840026395e-07
182,0.9793268888635531,-0.00019552400869238262
183,-0.8920983387866699,-7.792216865387669e-05
184,0.9655097277402034,-0.00016998466430384607
185,-0.9265395120837292,-0.0001132437218086535
186,0.4102904936504186,-3.4715333163681805e-08
187,-0.9676624648368706,-0.00017375591623336462
188,0.9854059463493101,-0.00020781011751558331
189,-0.0984555228814572,-2.2315482794965646e-14
190,-0.07230869361319137,-9.992007221626409e-16
191,-0.2970170528674405,-1.3813323818112622e-09
192,-0.3554608215518462,-8.299089859775677e-09
193,0.10659049680697397,-4.9404924595819466e-14
194,-0.18072531224367339,-9.653278176813274e-12
195,0.6165510122449116,-2.0033433613120266e-06
196,-0.5647539078098507,-8.37195246239375e-07
197,0.9486498411624626,-0.00014289244219556352
198,0.660668559672285,-3.9802565935387335e-06
199,0.6584355064244116,-3.848672803341557e-06
200,-0.23369612831643738,-1.2595358089839692e-10
201,-0.193046558642616,-1.8661294731714406e-11
202,0.3073519726924785,-1.9436569020925276e-09
203,-0.3103959678556176,-2.1446311393447104e-09
204,-0.6577737572312039,-3.8104364165070237e-06
205,-0.8958803304996636,-8.12456790098004e-05
206,0.271614429793388,-5.656308754709016e-10
207,-0.08696270553685981,-6.5503158452884236e-15
208,0.44626161081190685,-8.02415092149289e-08
209,-0.579892090982066,-1.0891585608963084e-06
210,0.5442968273032514,-5.799607410983398e-07
211,-0.20275165982659815,-3.046685126406601e-11
212,0.9498753269784297,-0.00014472251234265432
213,0.9213835065022331,-0.00010717831907269826
214,-0.4260417236312999,-5.054245033608851e-08
215,-0.877192725345195,-6.597742239022875e-05
216,-0.08555289981308545,-5.440092820663267e-15
217,-0.265581132238599,-4.5195336362269245e-10
218,0.7170001098780729,-8.964707674308237e-06
219,0.9891792786520957,-0.00021577959604279773
220,0.47970407955881966,-1.648661105413396e-07
221,0.2734567149408871,-6.051379397575829e-10
222,0.8726764559507567,-6.269762838251314e-05
223,-0.8783608840697259,-6.685041064391495e-05
224,0.10204735322339409,-3.175237850427948e-14
225,0.31960359180334685,-2.8714397526385937e-09
226,0.18309829464751526,-1.0997536215029413e-11
227,-0.7473488634381538,-1.35213335402673e-05
228,-0.12059366505966396,-1.6919798895287386e-13
229,0.6749888493410019,-4.9245490616467436e-06
230,-0.9720358398433113,-0.00018164897350603226
231,0.4781277318479802,-1.5954768894932414e-07
232,-0.010283210284044886,-1.1102230246251565e-16
233,0.5557307405162331,-7.132432500167596e-07
234,-0.6280161743996342,-2.405851549203142e-06
235,-0.25442924522925114,-2.944426924500476e-10
236,-0.9411729904069155,-0.0001321690047062507
237,0.2450656088801615,-2.024523881871687e-10
238,0.9296371279693878,-0.00011703385142336487
239,0.38337533736409646,-1.7644704808361666e-08
240,0.1848282069493279,-1.2081446953970953e-11
241,-0.8320645366491799,-3.9146151525781825e-05
242,0.820510032902541,-3.408958127382178e-05
243,-0.3145919458086439,-2.45229958562021e-09
244,-0.7343178976717992,-1.1358038233155732e-05
245,0.3740950530067757,-1.3817980759611714e-08
246,-0.2214809609501689,-7.366485199611361e-11
247,-0.7217380062799563,-9.56974581967085e-06
248,-0.4666634542513848,-1.2527832349285006e-07
249,-0.9726577426822771,-0.00018279707771040599
250,-0.44721369040569114,-8.196421386053032e-08
251,0.3047765763298207,-1.7870311896928115e-09
252,-0.3366615086561382,-4.825199462210605e-09
253,0.6512266486480511,-3.4501130523612034e-06
254,-0.9018161003042671,-8.671852378716594e-05
255,0.4039313718856139,-2.9707642457132977e-08
256,0.9898637539481094,-0.00021725421523566268
257,-0.36267673806887113,-1.0142008233238187e-08
258,-0.09985141375609397,-2.5646151868841116e-14
259,0.05317779712601034,-1.1102230246251565e-16
260,0.4905036680573778,-2.0580026172112298e-07
261,-0.18864326688414468,-1.4818257731974427e-11
262,0.9155842997742558,-0.0001007054147791342
263,0.3686541764967244,-1.1938824817647742e-08
264,0.6016366769312682,-1.5705490943318523e-06
265,-0.6171437905482202,-2.0225673852403148e-06
266,-0.4243017987450961,-4.852177348801945e-08
267,-0.6819427356803855,-5.451891950780663e-06
268,-0.2707247723088506,-5.473964614921556e-10
269,0.5340921871361137,-4.803903523864506e-07
270,-0.720155197523138,-9.36366219417284e-06
271,-0.5314854024466333,-4.5755603328423433e-07
272,0.6279674580661418,-2.403997913291711e-06
273,-0.7269445959299288,-1.027668708042384e-05
274,0.12665146285694706,-2.7622348852673895e-13
275,0.9023315481586769,-8.720901253012059e-05
276,0.0917653884379861,-1.099120794378905e-14
277,-0.5986483067562391,-1.4946969062457072e-06
278,0.4880883173108117,-1.959258734141045e-07
279,0.1885546501508899,-1.474864674833043e-11
280,0.2689407196080913,-5.124156654545686e-10
281,0.31204274184877545,-2.260975406898069e-09
282,-0.08990570847654,-8.992806499463768e-15
283,-0.958211859604547,-0.0001577392553335777
284,0.4624022880859886,-1.1433500535229513e-07
285,-0.6303029936193609,-2.494321933665944e-06
286,-0.3598212074841518,-9.372784104400012e-09
287,-0.8066459113976681,-2.8800313921495402e-05
288,0.32758643761338857,-3.6733007746647672e-09
289,0.06301049180003471,-3.3306690738754696e-16
290,-0.33108468143978564,-4.0841846571382234e-09
291,0.6724952373527109,-4.746909979647107e-06
292,-0.9705956059452925,-0.00017901489391003444
293,0.9756129005849368,-0.00018834194696315532
294,-0.19338762571044987,-1.8993473460682253e-11
295,-0.5072339237046934,-2.874160279775495e-07
296,-0.3335679649172065,-4.400464326259623e-09
297,-0.22910173723946436,-1.0328948807369898e-10
298,0.8259702978719294,-3.640109140767844e-05
299,-0.8848207024203045,-7.186761191169122e-05
300,-0.7111821258629578,-8.268829207458417e-06
301,-0.9600190667285604,-0.00016069564413978554
302,0.2863635493005181,-9.591478722370539e-10
303,-0.8936035595543408,-7.923002868059914e-05
304,0.06193425642560135,-2.220446049250313e-16
305,-0.03192625395022386,1.1102230246251565e-16
306,0.1200474618496461,-1.616484723854228e-13
307,-0.9558636014836266,-0.0001539705796796964
308,0.3131843441931752,-2.3449292507748964e-09
309,0.3221504042133896,-3.1082160178996787e-09
310,-0.49502607760481365,-2.2549925526860193e-07
311,-0.3393379641837406,-5.222038690355646e-09
312,0.9612944946979083,-0.00016281187307676248
313,0.6768532266506706,-5.061237761005977e-06
314,0.09517966889563056,-1.587618925213974e-14
315,-0.6020722541205192,-1.5818891335728225e-06
316,-0.962702437498856,-0.00016517693186990368
317,0.2920549622945876,-1.1674425870467076e-09
318,0.4093670356969148,-3.3943966859517616e-08
319,-0.6201301510019919,-2.1219596013644093e-06
320,0.17309370026830306,-6.271760888409972e-12
321,-0.182434926108471,-1.0605849531941658e-11
322,0.5935086691278493,-1.371902828339877e-06
323,-0.8957039375820179,-8.108789008387518e-05
324,-0.07360170797908028,-1.2212453270876722e-15
325,-0.830034171130704,-3.821166158757272e-05
326,0.967742017657967,-0.00017389670456413597
327,0.5020987200657125,-2.5971915562639225e-07
328,-0.47276906711314526,-1.42601360053618e-07
329,-0.34120681898567584,-5.516287537865594e-09
330,-0.02443771710403242,-1.1102230246251565e-16
331,-0.318529217755978,-2.7765186816353093e-09
332,0.1178224907564549,-1.341149413747189e-13
333,-0.49913295283205517,-2.448393117138181e-07
334,-0.5587173346444672,-7.52309699758591e-07
335,0.9470547244474345,-0.0001405414481429057
336,0.7719418983667574,-1.863481084729557e-05
337,-0.9710870978156165,-0.00017990992477945333
338,0.2992137411402074,-1.4868000164369732e-09
339,0.7341829839391534,-1.133736904546101e-05
340,0.11149695377673186,-7.72715225139109e-14
341,0.4775831426182042,-1.5774647088573346e-07
342,-0.39085608973340946,-2.1396057592326656e-08
343,0.5217967444138676,-3.809849571378976e-07
344,0.24220347057157898,-1.80033432606308e-10
345,-0.33129757129345694,-4.11047440529444e-09
346,0.8867306045460361,-7.341427630347397e-05
347,-0.904847133861836,-8.963864881317285e-05
348,-0.6397120685913811,-2.8898944653965586e-06
349,-0.5662397537162298,-8.59366053762578e-07
350,0.10876870122999205,-6.0285110237146e-14
351,-0.6537117819946385,-3.5831118673224083e-06
352,-0.7918205889213759,-2.3969647506283387e-05
353,-0.030638617890579534,0.0
354,-0.7739258716447235,-1.911460624015593e-05
355,0.36010147371048995,-9.44588784967948e-09
356,0.8265425748386472,-3.665131125629717e-05
357,-0.508274588768632,-2.933420885087301e-07
358,-0.17075774843338665,-5.475397912846347e-12
359,0.37084803535683775,-1.266693616663872e-08
360,-0.36485767297683225,-1.076725042459259e-08
361,0.006971440162180098,0.0
362,-0.7789192536585403,-2.0371607142188886e-05
363,-0.16156604077245174,-3.149480676256644e-12
364,-0.43124387304936374,-5.704330630074139e-08
365,0.8196522038120682,-3.373865425460032e-05
366,-0.2954618453669402,-1.3107854801575058e-09
367,-0.8679898613126198,-5.944938767799002e-05
368,-0.3497389680830416,-7.0582699684962336e-09
369,-0.21450543189513493,-5.350420106964293e-11
370,0.7661967284836222,-1.7305757611163486e-05
371,0.3287513223888072,-3.805791237709855e-09
372,0.6633556708833677,-4.143942029632974e-06
373,-0.8563019504464446,-5.199580176373786e-05
374,0.9248705232634253,-0.00011124753506963625
375,-0.6762664597376682,-5.017855561173512e-06
376,0.9889064535992247,-0.000215194330084989
377,-0.06579851549255444,-4.440892098500626e-16
378,0.7833179024521129,-2.1539793460090273e-05
379,0.781406308087857,-2.102492945699197e-05
380,0.11088799586548914,-7.316369732279782e-14
381,-0.9653787657576567,-0.00016975762365201152
382,-0.357667399718411,-8.827751862838795e-09
383,0.08236405192648344,-3.774758283725532e-15
384,-0.08568469574400339,-5.551115123125783e-15
385,0.4203876706595333,-4.423907484785161e-08
386,0.2067072869555251,-3.6955882798395123e-11
387,-0.6166182420297417,-2.0055153664433334e-06
388,-0.49467656168912955,-2.2391851584036004e-07
389,-0.5903344591710693,-1.3006703272200326e-06
390,-0.7465947701273796,-1.3386733723752542e-05
391,0.6009439797969909,-1.5526654016939645e-06
392,0.8031675618770475,-2.7594625078730672e-05
393,0.1792030922810739,-8.870681966755e-12
394,-0.5647252456864686,-8.367726691549393e-07
395,-0.9109342998066394,-9.577069674460148e-05
396,-0.6467189893966052,-3.2201369835060945e-06
397,-0.5201308439030223,-3.6904733680120927e-07
398,0.1464394333187895,-1.1788348075469912e-12
399,0.877352535548849,-6.609624517017743e-05
