,data,labels
0,0.4052448719557471,-3.0685240237637856e-08
1,-0.8062884557749461,-2.8674268668593683e-05
2,-0.43791192383972644,-6.647151984395805e-08
3,-0.697494795442005,-6.819036614036378e-06
4,-0.6812252296142414,-5.395228502069749e-06
5,0.5866722713356285,-1.222627993957559e-06
6,-0.8134228638875474,-3.128595107004806e-05
7,0.643994214554636,-3.087891648378971e-06
8,0.32337428432316484,-3.2281282091872754e-09
9,-0.6006708188890848,-1.5456635158450638e-06
10,0.8010710226087039,-2.6889969182319895e-05
11,0.8388723752107712,-4.243095460987334e-05
12,-0.5934556830147084,-1.3706855749306968e-06
13,-0.7171257905462438,-8.980303180416982e-06
14,0.2889681134521509,-1.0499132674368639e-09
15,0.9869256203875836,-0.00021098748218484342
16,0.038439468398130616,0.0
17,-0.35820200010035985,-8.960306385752403e-09
18,-0.33680249963200515,-4.845406964548715e-09
19,0.6422775758250909,-3.0071006785759025e-06
20,-0.07524616823716879,-1.4432899320127035e-15
21,0.01760707117405147,1.1102230246251565e-16
22,-0.9945731838877114,-0.00022764716498469006
23,-0.845801912746365,-4.6026222384698556e-05
24,-0.8955624495071672,-8.09615231788241e-05
25,-0.5226872376726386,-3.875074151560298e-07
26,0.5247290855324789,-4.028434257286051e-07
27,0.9816015709538652,-0.00020004292537578738
28,-0.9651851471633559,-0.00016942245671214273
29,0.5481853768932763,-6.22535298977489e-07
30,-0.01083742820922784,0.0
31,0.6290887281250983,-2.446988364046554e-06
32,0.04580728734713113,-1.1102230246251565e-16
33,0.943039522606461,-0.0001347762000689645
34,-0.7161368777442316,-8.858245832077394e-06
35,0.2850102558123313,-9.148310997630915e-10
36,0.8545715446672983,-5.096662091363946e-05
37,-0.0719780578919047,-9.992007221626409e-16
38,0.905312759215577,-9.009495995471184e-05
39,-0.06017458143601351,-1.1102230246251565e-16
40,-0.03191149299922902,0.0
41,-0.29211966402020284,-1.1700277413595472e-09
42,-0.5988846986230234,-1.5005749494090281e-06
43,-0.9857361758862977,-0.00020849690062485493
44,-0.8288671357190154,-3.76836259927682e-05
45,0.4849712758362186,-1.8381293542812926e-07
46,0.5974394993988505,-1.464961137287446e-06
47,0.992833511084185,-0.00022375726052092926
48,-0.4863899783227623,-1.8923998446052082e-07
49,0.5322532440904362,-4.6417845700474913e-07
50,-0.32470126856373227,-3.3628299034305087e-09
51,0.4191211884979045,-4.2927992605079623e-08
52,0.8466979409429713,-4.651051241988391e-05
53,0.7261813464803919,-1.0170207271231746e-05
54,0.4523686410218226,-9.188242833246818e-08
55,-0.33745097145130476,-4.9393330536773306e-09
56,0.40949449658332115,-3.4049509989309e-08
57,-0.3519167318421652,-7.509348920464731e-09
58,-0.6191607118822353,-2.0892242041936626e-06
59,0.3186153275456851,-2.7840211247465163e-09
60,-0.49779072464105,-2.3836058338222443e-07
61,0.34964808699459504,-7.039987259815916e-09
62,-0.527250995420623,-4.2253679644055353e-07
63,0.5988373404911462,-1.4993956969355793e-06
64,-0.9756221454787568,-0.00018835952724960414
65,-0.31242280849633164,-2.288620515322748e-09
66,-0.05415625723816375,-1.1102230246251565e-16
67,-0.7467990047323807,-1.3423068778828373e-05
68,0.7195632818408615,-9.287623311426962e-06
69,0.7485139669636904,-1.3731684101681019e-05
70,-0.40389782077224856,-2.968304246842024e-08
71,0.7847519559729765,-2.193343235845635e-05
72,-0.7294564896530169,-1.063421952551824e-05
73,-0.2987959227828054,-1.4661988290143313e-09
74,-0.20706604527903716,-3.760181055412204e-11
75,-0.7804488910073764,-2.077123409172099e-05
76,0.46874500376678996,-1.3095888762304497e-07
77,-0.7365856890795599,-1.1710570064327186e-05
78,-0.7515663760703037,-1.4296767252619524e-05
79,-0.5610981352234397,-7.848176205582647e-07
80,0.31549004741459474,-2.523096065409902e-09
81,-0.4175549415345028,-4.135496167734232e-08
82,0.7944043195327062,-2.4755220612737716e-05
83,0.1714258337998118,-5.693334692580265e-12
84,0.5802193699858644,-1.095287208818796e-06
85,-0.6572738337572981,-3.7817769965586834e-06
86,0.5230999258483775,-3.9056405587434284e-07
87,0.025125584715318672,0.0
88,-0.31232755486168373,-2.2816636358058417e-09
89,0.35245285658805914,-7.624298747899161e-09
90,0.6194660396568417,-2.099485042816873e-06
91,0.5821523822362633,-1.132121059121971e-06
92,-0.8389923364377609,-4.249098747033386e-05
93,-0.2606086583765217,-3.7420022636069916e-10
94,-0.18811697342396738,-1.4410250770424682e-11
95,0.17039731329375885,-5.360933919007493e-12
96,-0.2738308644604306,-6.134582841710312e-10
97,0.9511779815483148,-0.00014669081621843105
98,0.2049474553785695,-3.3929414833266947e-11
99,-0.37119387557995087,-1.2785289493777441e-08
100,0.681882644489832,-5.447125967505961e-06
101,-0.40352658451858003,-2.9412068891510046e-08
102,-0.1598131171561643,-2.823963285436548e-12
103,0.6346260465195774,-2.669589352466417e-06
104,0.9635170957281745,-0.00016655940237286782
105,-0.41228764835403764,-3.6437717954029836e-08
106,-0.5114752542303165,-3.122628770002578e-07
107,-0.20795479751695267,-3.9246050853591896e-11
108,0.18531404982607702,-1.2402523452692549e-11
109,0.5173268660049517,-3.4971151685603274e-07
110,-0.6479329195534438,-3.280674838013198e-06
111,-0.18570750078185894,-1.2668199822485349e-11
112,0.8331001271265548,-3.963063665979316e-05
113,-0.07320069750443237,-1.2212453270876722e-15
114,-0.2544293127778019,-2.944433585838624e-10
115,-0.42285208397460483,-4.6893933847158564e-08
116,0.8459755804003468,-4.6119732411531444e-05
117,0.2851017918742478,-9.177695270423669e-10
118,0.2495253099787631,-2.4241841867223e-10
119,-0.19766886907563475,-2.3639423751831146e-11
120,-0.563296118766319,-8.159438964483456e-07
121,-0.19124628810183553,-1.699318463721511e-11
122,-0.6434493108239767,-3.0620379514179064e-06
123,-0.18187706551749194,-1.0286216323152075e-11
124,-0.3532193581637051,-7.791392753198068e-09
125,-0.7690244647563393,-1.7948886383845064e-05
126,-0.5528784403911353,-6.776452299295244e-07
127,0.9960224003294196,-0.00023093372074745044
128,0.17291577934957303,-6.2077010198891e-12
129,0.7935466512375775,-2.44919267882171e-05
130,-0.8469268858852403,-4.663498431289881e-05
131,-0.8542026894025063,-5.0749615693068684e-05
132,0.8617857877060335,-5.538163399543272e-05
133,-0.9249496439685276,-0.00011134145035507359
134,-0.518659851872924,-3.5878702830949294e-07
135,-0.36572167625269514,-1.1024383961277806e-08
136,-0.23178619972193748,-1.1603873417698196e-10
137,-0.4611890624555304,-1.1138058786386296e-07
138,0.836682716127197,-4.1348450841582896e-05
139,0.06900539420639751,-6.661338147750939e-16
140,-0.987489392716961,-0.00021217724607114352
141,-0.11675913689528761,-1.2256862191861728e-13
142,0.6420291106508387,-2.9955656707381095e-06
143,0.33678168409024467,-4.842418910300239e-09
144,-0.1432335507394169,-9.447997939560082e-13
145,-0.6776237802631939,-5.118719462848809e-06
146,0.49749317266546744,-2.3694538320295777e-07
147,0.04075554458958841,-1.1102230246251565e-16
148,-0.4147463761654293,-3.866349229664223e-08
149,-0.9572989085446753,-0.00015626437164917295
150,0.31227573756226934,-2.277887101165277e-09
151,-0.8839454135167548,-7.116860168188133e-05
152,0.15513518720227149,-2.0984325388440084e-12
153,-0.0248848261847745,1.1102230246251565e-16
154,-0.46134979708846924,-1.1176801950618653e-07
155,0.08303994883644639,-4.107825191113079e-15
156,-0.051117993178485754,-1.1102230246251565e-16
157,0.5916664937703036,-1.3301475804139429e-06
158,0.7786183024938758,-2.0293798833503907e-05
159,-0.5781572705707183,-1.0571836697170767e-06
160,0.9425414180377365,-0.00013407597296422047
161,-0.36828523344385955,-1.1820145306984386e-08
162,-0.24844023894978018,-2.3209101307486435e-10
163,0.9597563471032649,-0.00016026280444680907
164,-0.5967074496987816,-1.4472126670384e-06
165,0.7962714524765335,-2.5337207299025444e-05
166,0.5214796992398314,-3.786866716870563e-07
167,0.35900127442310237,-9.161827518866517e-09
168,-0.6627886904820532,-4.108909865352395e-06
169,-0.11395076172320051,-9.603429163007604e-14
170,0.26550118242035525,-4.5059622699739066e-10
171,-0.38321769694765684,-1.7572461041837073e-08
172,0.7926473981842377,-2.4218567076905728e-05
173,0.24816935705626042,-2.295753587233662e-10
174,-0.8610754087889385,-5.4932169494148475e-05
175,-0.08748827024869321,-6.772360450213455e-15
176,0.15332629085713934,-1.8663959266973507e-12
177,-0.2586640520783787,-3.4722658082131375e-10
178,0.8455674115685028,-4.590022675676764e-05
179,0.9415438532851015,-0.00013268340423799874
180,-0.5947041395591404,-1.3996258444448628e-06
181,0.7873629142892082,-2.2666729035059063e-05
182,-0.5432763918174319,-5.692307666338436e-07
183,0.3340519876431265,-4.464616565336144e-09
184,-0.9495375740880156,-0.00014421604746173156
185,0.7087294646447979,-7.990296800652885e-06
186,0.34370204815449745,-5.932389357532486e-09
187,-0.7218092009035595,-9.579110374691169e-06
188,-0.884227859870355,-7.139349590901123e-05
189,-0.4340307602072295,-6.082667791673657e-08
190,-0.848929145179232,-4.773635900612305e-05
191,0.4105414116374444,-3.492763045453984e-08
192,0.5218910993713577,-3.8167135973932176e-07
193,0.546462710027251,-6.033396655613643e-07
194,-0.3502286904712322,-7.157525683254562e-09
195,0.42486135638994815,-4.9163550230879594e-08
196,-0.7815731920214566,-2.106943355939528e-05
197,0.48465765441479314,-1.8263227041792618e-07
198,-0.5304052791353071,-4.483839711744153e-07
199,0.8954165162150778,-8.083137105097116e-05
200,-0.21891165321953832,-6.555800347030072e-11
201,-0.2231942878175892,-7.956080239068797e-11
202,-0.11098697230838628,-7.37188088351104e-14
203,-0.7641668007112108,-1.6856909165086087e-05
204,-0.8253849994181024,-3.614676372154513e-05
205,-0.5911805236859737,-1.3193244983167318e-06
206,-0.06188566704090359,-1.1102230246251565e-16
207,-0.7024131033970478,-7.311345262106528e-06
208,0.6583615644444112,-3.84438334877224e-06
209,-0.286962036972114,-9.793552635528613e-10
210,0.22359154806020132,-8.098710591042391e-11
211,-0.13685334320396647,-5.99187366390197e-13
212,0.45633403643259207,-1.0023222163368928e-07
213,-0.4470266033745489,-8.162309472758977e-08
214,-0.7932419335720922,-2.4398988665130794e-05
215,-0.19474703348186084,-2.037070512272976e-11
216,-0.31406883840201716,-2.411891908415953e-09
217,0.1930660449748145,-1.8680279545435496e-11
218,0.6805344239562396,-5.3411738053510405e-06
219,-0.012383778526524836,1.1102230246251565e-16
220,-0.4989837247407869,-2.4411127363954677e-07
221,0.750712460225613,-1.4136619598814626e-05
222,0.1035379030429393,-3.674838211509268e-14
223,0.16714553430872559,-4.4217962624770735e-12
224,-0.635880659963078,-2.7224842299444774e-06
225,-0.031721558896216306,1.1102230246251565e-16
226,-0.3417170754494927,-5.599176455817201e-09
227,0.2994868469421994,-1.5004062436929644e-09
228,0.8820764653566657,-6.969640852794168e-05
229,0.9305219135569358,-0.00011813710911334763
230,0.10918730632839946,-6.261657858885883e-14
231,-0.40596732853494233,-3.123518521608304e-08
232,-0.28926310220571905,-1.060665666408056e-09
233,-0.2683366938906391,-5.010362125190682e-10
234,-0.17000142690303677,-5.237699163274101e-12
235,0.6557556887756124,-3.695927779601149e-06
236,-0.8424165682408837,-4.423703627343123e-05
237,0.18077250683672363,-9.678480239472265e-12
238,0.8692222120708404,-6.028856010453776e-05
239,0.8011175774257202,-2.690543954919633e-05
240,-0.856942248979421,-5.238132467588752e-05
241,-0.6111223653795907,-1.8347753397707223e-06
242,0.7501311339165646,-1.4028517612674207e-05
243,0.19434124133230446,-1.9950485707909138e-11
244,0.9754870909788973,-0.0001881028507650928
245,-0.4486314308091015,-8.459114886338881e-08
246,0.1286933851913179,-3.240741008880832e-13
247,0.6850875600650854,-5.706602685062734e-06
248,-0.06599963348346582,-3.3306690738754696e-16
249,0.6560545832745268,-3.7126902127093686e-06
250,-0.8682487513068431,-5.9624805530011926e-05
251,-0.20554751797568094,-3.493527689357734e-11
252,-0.42067477740416703,-4.454125202002501e-08
253,-0.5164343771222599,-3.4375095259164823e-07
254,0.15039432673272612,-1.538769112130467e-12
255,0.24521710923517204,-2.037061630488779e-10
256,-0.7669342744006871,-1.7471477206432162e-05
257,0.6309843312297132,-2.5212399441532085e-06
258,-0.589105411493358,-1.2739940477013434e-06
259,0.7827965125045868,-2.1398253768123432e-05
260,0.2011053238128917,-2.8082980385590872e-11
261,-0.40596465285595307,-3.12331319696213e-08
262,0.47325929032977987,-1.4408144421995672e-07
263,-0.15239349322978124,-1.7559287357471476e-12
264,-0.2528565739121664,-2.767588380692132e-10
265,-0.8842865305246836,-7.144029147354569e-05
266,0.3657912240163721,-1.1045320102986977e-08
267,0.2868547128868524,-9.757036290025667e-10
268,0.9593722360444996,-0.000159631847559627
269,0.3147231780741959,-2.462531734082063e-09
270,-0.8572068645082298,-5.2541396284855324e-05
271,-0.8716816368545064,-6.199512499982518e-05
272,0.07491335183472536,-1.4432899320127035e-15
273,-0.11076277787114464,-7.227551890309769e-14
274,-0.25506295282032587,-3.0185098864876636e-10
275,-0.8359927260332025,-4.101250853816296e-05
276,-0.823446302553424,-3.53156886628847e-05
277,-0.8662264607471002,-5.826680420928376e-05
278,0.39148616872183184,-2.1742600386787103e-08
279,0.06525106866508579,-4.440892098500626e-16
280,0.4519007857830779,-9.09397264159395e-08
281,0.953436013253228,-0.00015015956679931275
282,0.17309604895959096,-6.272649066829672e-12
283,-0.8243923731317184,-3.5719082033147664e-05
284,-0.6748130526954184,-4.911832944043404e-06
285,0.5975957849378863,-1.4687754948949916e-06
286,0.20638755815460597,-3.638833678820674e-11
287,-0.8508161059742512,-4.879559770476494e-05
288,-0.6850785719060204,-5.705859734139729e-06
289,0.04446759404005185,-1.1102230246251565e-16
290,-0.4649875656662308,-1.2086684830769912e-07
291,0.1928790487986798,-1.8500090348538833e-11
292,0.4223840768409206,-4.637900807846762e-08
293,0.4798327753301783,-1.6530727220409602e-07
294,-0.5608565506434813,-7.814623995683334e-07
295,-0.28114038353866033,-7.980816008057445e-10
296,-0.14573959391718483,-1.123656723223121e-12
297,0.8402607776082816,-4.313043661274829e-05
298,0.6488377213391572,-3.326459306673968e-06
299,0.6744760273183088,-4.8875368705569855e-06
300,-0.37906783060755034,-1.5763760408127325e-08
301,0.20156550615518887,-2.873168369887935e-11
302,0.16911304344979516,-4.970690525851751e-12
303,-0.27697944845321065,-6.876604841110634e-10
304,0.6812870416917414,-5.400089077012282e-06
305,-0.845818664180652,-4.6035234653518664e-05
306,-0.9544120709953727,-0.0001516815790626458
307,-0.14250535644927798,-8.979483823168266e-13
308,-0.8636465321311229,-5.65746167169312e-05
309,0.6250061944418139,-2.293702630828953e-06
310,-0.20837838555131416,-4.0052294814074685e-11
311,0.7780723508669525,-2.0153327997762815e-05
312,0.5275401573805596,-4.2484923423735665e-07
313,0.22191334530096074,-7.511435917706422e-11
314,0.8324711556591966,-3.933574504677573e-05
315,-0.15107350210338688,-1.609601341101552e-12
316,-0.5282029344883765,-4.301924477756458e-07
317,0.8295896400895051,-3.800975233225756e-05
318,-0.4813340540560087,-1.7053253242860222e-07
319,-0.8718099641864119,-6.208534669982502e-05
320,-0.48576786632321634,-1.8684269953439525e-07
321,0.4101508351227181,-3.4597673725933475e-08
322,0.5680796738544391,-8.875504067251683e-07
323,-0.6732667232245493,-4.801244039009944e-06
324,-0.14983944283273232,-1.4830359162942841e-12
325,-0.2525328204369268,-2.73239320058849e-10
326,-0.32411352277733196,-3.3025565615574237e-09
327,0.004926769839864287,0.0
328,0.150990687327069,-1.6008305792070132e-12
329,-0.9049793329962594,-8.976799247306655e-05
330,-0.20063148043692802,-2.7428614934876805e-11
331,-0.8179847701100731,-3.3065783181962516e-05
332,0.17544934823841163,-7.179146166436112e-12
333,0.3087097891709625,-2.031110057920671e-09
334,-0.574901182708442,-9.994378195044007e-07
335,0.5876583387797822,-1.2432162702635807e-06
336,0.8560791512559853,-5.1862252448686696e-05
337,0.23825150199207146,-1.52747592352398e-10
338,-0.11466694589452797,-1.0225154056797692e-13
339,0.12226752886310899,-1.9417800700693988e-13
340,0.455246506540943,-9.787694110752199e-08
341,-0.6232944242286502,-2.232039540528419e-06
342,0.636241865945204,-2.737886277248691e-06
343,0.1668001216325059,-4.331424108272586e-12
344,0.8085069372771863,-2.9464609156093502e-05
345,-0.7893846598040022,-2.3249569490402244e-05
346,0.2219279345048415,-7.51638751239625e-11
347,0.12226784766813181,-1.9417800700693988e-13
348,0.04965472437783447,0.0
349,-0.7923036884835089,-2.4114809464625964e-05
350,0.312681445328705,-2.307606550289165e-09
351,0.5470849736251899,-6.102112826145145e-07
352,0.8217144624474848,-3.458782281606787e-05
353,0.2212940653978377,-7.304612470449001e-11
354,0.6151761265654054,-1.9593855449251407e-06
355,-0.6640642514278023,-4.18810016533655e-06
356,-0.4770078357956322,-1.558635281950771e-07
357,0.03911383068122376,1.1102230246251565e-16
358,-0.8912981390900254,-7.723479615673323e-05
359,0.3813898712707302,-1.675400795875248e-08
360,-0.21831739634641445,-6.38014086007388e-11
361,0.6457853164474892,-3.174259900706744e-06
362,-0.7444703477925312,-1.3013981084220028e-05
363,0.6387427298797004,-2.8466889864242617e-06
364,0.8414261474445128,-4.3725516275516796e-05
365,0.843700845933536,-4.490831084469349e-05
366,-0.04017273675097299,0.0
367,0.27799971042294813,-7.133811319448569e-10
368,-0.03863410098721465,1.1102230246251565e-16
369,0.6964702269935761,-6.72030664872203e-06
370,-0.027567071389217324,-1.1102230246251565e-16
371,0.46357146700393836,-1.1724862480910758e-07
372,-0.4544680347511174,-9.622167451706076e-08
373,-0.0663845220567083,-3.3306690738754696e-16
374,0.9831356929682562,-0.00020314321399605983
375,0.050232075216248395,0.0
376,-0.23130214154918072,-1.1364020835458177e-10
377,-0.14962504814616473,-1.4617196342214811e-12
378,0.8385526029820274,-4.227130060474593e-05
379,0.7913625192709635,-2.3832731010919872e-05
380,-0.9629471853619194,-0.0001655911835888313
381,0.44712279142323386,-8.179831623156275e-08
382,0.44719087887916675,-8.192255274153126e-08
383,-0.8194559989503765,-3.3658846015471866e-05
384,0.4279462047741269,-5.284069570787864e-08
385,-0.4815123093268914,-1.711627143352601e-07
386,-0.0641716986562979,-2.220446049250313e-16
387,0.27282481014843407,-5.913156631009997e-10
388,-0.9917838593222643,-0.0002214391333577037
389,-0.0843059876211969,-4.773959005888173e-15
390,-0.4408316707924451,-7.10238131640395e-08
391,0.8117503139078108,-3.065525067480479e-05
392,-0.9389857603210598,-0.00012917141346902028
393,-0.9633142709490674,-0.0001662142444457393
394,0.27512255035385746,-6.429800025742338e-10
395,0.2176926966616426,-6.200051583249433e-11
396,0.3242457436656203,-3.3160304502288795e-09
397,-0.8270985687606334,-3.689588765876106e-05
398,-0.9962463132261994,-0.00023144528528717956
399,0.8095239536142287,-2.983341163365072e-05
400,-0.213556821545964,-5.1186499483435455e-11
401,-0.5646691155834345,-8.359456754591932e-07
402,-0.29325722324056813,-1.2163301477130517e-09
403,-0.20982271109553907,-4.2914338749255876e-11
404,-0.060934712917330325,0.0
405,-0.6074247203253036,-1.7273695487318719e-06
406,0.2755370815551901,-6.527213214368999e-10
407,0.3699353502601952,-1.2359314016663348e-08
408,-0.5930762646799068,-1.3619974813527946e-06
409,-0.7587509832139774,-1.571004394096409e-05
410,-0.7958568535764008,-2.5206926988152745e-05
411,-0.23232479418349183,-1.1876100103336285e-10
412,-0.7316993135833723,-1.0962844561257512e-05
413,-0.791665537423623,-2.392322400512903e-05
414,-0.7458972736014795,-1.3263307648392342e-05
415,0.45512504178907176,-9.761699659716072e-08
416,-0.9550388232017195,-0.0001526661738402435
417,-0.5257300220246262,-4.1055869248740606e-07
418,-0.2896804436839522,-1.076046696191213e-09
419,0.9932150127139068,-0.00022460516513456152
420,0.9366965995757914,-0.0001260994921835623
421,-0.2575775686425128,-3.3292979484400576e-10
422,-0.6650744158040889,-4.25178331753262e-06
423,-0.630158748029888,-2.4886563526616e-06
424,-0.20172443233949422,-2.8959057374322583e-11
425,-0.9710056828831197,-0.00017976138779896011
426,-0.3325100957397762,-4.263132624693355e-09
427,0.415130645611975,-3.902218692619641e-08
428,0.1817864340751978,-1.0235146064019318e-11
429,0.5728747389067159,-9.649460467331394e-07
430,0.6764591347263622,-5.032063894239158e-06
431,0.009892994739554295,1.1102230246251565e-16
432,0.8563605111651043,-5.203095510264433e-05
433,0.5679655126807008,-8.857777911153164e-07
434,0.0020508054017243094,0.0
435,0.08905195782735498,-8.215650382226158e-15
436,0.5755877284624946,-1.0113721488069771e-06
437,0.31294443442452824,-2.3270571025690856e-09
438,-0.8009299431266592,-2.6843136572196613e-05
439,-0.7555150544494242,-1.5058696728353915e-05
440,0.030806689737815196,0.0
441,-0.022362316941921145,1.1102230246251565e-16
442,-0.39586598451915567,-2.4294359524112963e-08
443,0.8269002846482725,-3.680849698950439e-05
444,-0.36098351780264526,-9.679316459454412e-09
445,0.19911875390803346,-2.5430768602063836e-11
446,0.7407375946670454,-1.2381526739879689e-05
447,0.8937507813457282,-7.935899732103291e-05
448,0.2008016816422964,-2.7662094836955475e-11
449,-0.8425202560371226,-4.429089666468933e-05
450,-0.2058841782637033,-3.551137162105533e-11
451,-0.5235349654944004,-3.938096895250709e-07
452,-0.8658046600364322,-5.7987077914711804e-05
453,-0.8721248894525284,-6.230725681743987e-05
454,-0.39143105914481424,-2.171208990375817e-08
455,-0.5314173221563496,-4.5697297734736964e-07
456,-0.5568407786549605,-7.275450683019713e-07
457,0.08545221359049826,-5.440092820663267e-15
458,0.41417615724859513,-3.8136686475453985e-08
459,-0.2837099671270815,-8.739942103375142e-10
460,-0.5816246580364701,-1.1219563642583807e-06
461,-0.8362708925542066,-4.1147646637984536e-05
462,-0.5756862672862746,-1.013095529356356e-06
463,-0.6055196195915309,-1.674266763784793e-06
464,-0.3975427436878902,-2.5340442855181777e-08
465,0.21969217348693837,-6.793143825234438e-11
466,-0.2895931125202573,-1.0728115062974553e-09
467,-0.1458839537676424,-1.1349809980742975e-12
468,-0.5338780640774554,-4.784768536936213e-07
469,0.6840461566198672,-5.621097030283906e-06
470,-0.036768023985556564,1.1102230246251565e-16
471,-0.08379632971546469,-4.551914400963142e-15
472,0.9044226146393453,-8.922442759051741e-05
473,-0.7767976620453592,-1.9828746340544434e-05
474,0.40589289451620614,-3.117811808728277e-08
475,-0.5690551883012642,-9.028279864820021e-07
476,-0.2972416173778458,-1.3917964558629592e-09
477,-0.6711733472167982,-4.655094195449294e-06
478,-0.3261569400278883,-3.516391511304562e-09
479,0.23829072063522583,-1.5299894684517312e-10
480,0.32661085251738076,-3.5655493002550998e-09
481,-0.8097189769467532,-2.9904604514907618e-05
482,0.9826416589915439,-0.00020214016236619337
483,-0.46340573846814936,-1.1683160705544537e-07
484,-0.7727612593133768,-1.883163591076542e-05
485,0.2750684503770662,-6.417182341067473e-10
486,-0.4093462627529314,-3.392679370772811e-08
487,0.584862123018731,-1.1856291879386305e-06
488,-0.5977973432851422,-1.4737079669924213e-06
489,-0.7997167101153859,-2.6443402659448445e-05
490,-0.15435719387268598,-1.995625886763719e-12
491,-0.8213135595299002,-3.44212592786608e-05
492,0.5635316726418855,-8.193445764081986e-07
493,0.5844691050446118,-1.177730197254867e-06
494,-0.5026728145042298,-2.626916433268178e-07
495,0.9794066785779465,-0.00019568095968913735
496,-0.29131408209461407,-1.138203642447877e-09
497,-0.2751455012197881,-6.435157962059179e-10
498,-0.7345219897571453,-1.1389370026093637e-05
499,0.9700993554221917,-0.00017811524526367695
500,0.5945942719253896,-1.3970571741683813e-06
501,0.09700537744330706,-1.9095836023552692e-14
502,0.48940132710854267,-2.0123953059503208e-07
503,0.7745186316861197,-1.9260091202566443e-05
504,-0.8858851004739847,-7.272593341112188e-05
505,0.8129773460065124,-3.111682416734318e-05
506,0.8779638290316538,-6.655252896248243e-05
507,0.08993441415447223,-8.881784197001252e-15
508,0.34932085069704577,-6.974508637291876e-09
509,-0.5627828631910925,-8.085779309441321e-07
510,-0.3684888512600859,-1.1885512130049847e-08
511,0.7731107106176747,-1.8916146151015667e-05
512,0.3833967911144409,-1.76545573715714e-08
513,-0.7762650021183926,-1.9694507053080734e-05
514,-0.6246984387001675,-2.282504814710151e-06
515,0.1940890061916951,-1.9693136010801027e-11
516,0.39417356312556806,-2.327804315971349e-08
517,-0.3463364259125594,-6.402135044325519e-09
518,0.29197021592646166,-1.1640642894050757e-09
519,-0.12222944034186778,-1.936228954946273e-13
520,0.3088292903910148,-2.0389736565817884e-09
521,-0.04794286332037401,0.0
522,0.8394938234993277,-4.274277493110379e-05
523,0.013017534130928432,1.1102230246251565e-16
524,0.07782101889802284,-2.1094237467877974e-15
525,0.8129352458668033,-3.1100884650303584e-05
526,0.6165412365785261,-2.003027712915717e-06
527,0.14920491617974418,-1.421418538427588e-12
528,-0.6583641477472875,-3.844533136621031e-06
529,0.23808742875966815,-1.5169987488405923e-10
530,0.9373526311640188,-0.00012697308645714944
531,0.04283718846183704,0.0
532,-0.49865365024785957,-2.425078489132204e-07
533,0.7296413080945292,-1.0660961456299134e-05
534,-0.9025394496178292,-8.74075495290727e-05
535,-0.6328177205305552,-2.5949730653174186e-06
536,-0.7208132121919835,-9.448847720583409e-06
537,0.8481893413776034,-4.7326731044239345e-05
538,0.9486913790572098,-0.00014295413145826164
539,-0.14995218235273766,-1.4941381465405357e-12
540,0.2924377081588483,-1.1828108492650813e-09
541,-0.7460745420742083,-1.3294579164324638e-05
542,0.8500991948413972,-4.8390705452039384e-05
543,-0.29328568996473825,-1.2175096486544135e-09
544,-0.43561135078476143,-6.307128652682792e-08
545,-0.6463322675686809,-3.2010632265988548e-06
546,0.47314112784049267,-1.4372343004609434e-07
547,-0.26463073974716655,-4.360561911553873e-10
548,0.13731912113376454,-6.199485369506874e-13
549,-0.6661436765214312,-4.320138020874609e-06
550,0.013563490777401821,-1.1102230246251565e-16
551,0.6332478081463806,-2.6125477814442633e-06
552,0.8628653498953487,-5.607099871440813e-05
553,0.8908549984713239,-7.685648048405547e-05
554,0.2781877231245191,-7.182141548156551e-10
555,-0.8354463464247015,-4.074822586552784e-05
556,0.8835812521026571,-7.087958008722417e-05
557,0.47489222969488476,-1.4911176693388484e-07
558,-0.4758771209849959,-1.5222153515459524e-07
559,-0.49107141910138163,-2.0818528545518689e-07
560,-0.7385015852795032,-1.201601730194124e-05
561,-0.7952652871495378,-2.5022078050551677e-05
562,-0.30746328114318366,-1.950696382202466e-09
563,0.559686317603548,-7.65391442891783e-07
564,0.711187332200288,-8.269429609186751e-06
565,0.7486629707659664,-1.375879628917609e-05
566,-0.6336087425267909,-2.627379094177762e-06
567,-0.16175656991253917,-3.1867841698840493e-12
568,0.16981706345208702,-5.181299833623143e-12
569,-0.4026051199604126,-2.874905802308092e-08
570,0.35583673053945586,-8.387088357153516e-09
571,-0.7492732942901428,-1.3870350553446542e-05
572,0.25301227353409583,-2.784660280141793e-10
573,0.5485785605303104,-6.269927125268637e-07
574,0.5791358563530393,-1.0751149350785028e-06
575,0.6452731700638303,-3.1493450675101897e-06
576,-0.5849910151071449,-1.1882300428034398e-06
577,-0.041800958742996386,0.0
578,-0.6774610263041498,-5.106529764709045e-06
579,0.8414039549476569,-4.371411557957394e-05
580,-0.6965747117152825,-6.730315962100164e-06
581,0.9479484003562026,-0.00014185430498414586
582,0.1143547264988598,-9.936496070395151e-14
583,0.9330236539605088,-0.00012130718155178855
584,0.5976539944857975,-1.4701984552001335e-06
585,-0.4134450378670791,-3.747067622850153e-08
586,0.7712773271815629,-1.8476526742805532e-05
587,-0.07166410779087884,-9.992007221626409e-16
588,-0.33186530066854636,-4.181329171792925e-09
589,-0.6190667798322813,-2.0860765979069384e-06
590,0.6067894093722133,-1.709495146773321e-06
591,-0.35982996692694513,-9.375061171823518e-09
592,-0.2920952724612904,-1.1690525214547165e-09
593,-0.21359694789364148,-5.1282644797367993e-11
594,-0.678030787810709,-5.1493173234273826e-06
595,-0.5225828785152626,-3.8673787605691956e-07
596,-0.6798200344543754,-5.285785564135281e-06
597,-0.450237344150922,-8.765798376053624e-08
598,0.4393436975241949,-6.866998769616828e-08
599,-0.19188260031209192,-1.7566836874038927e-11
600,0.36354957089350304,-1.0388206184153148e-08
601,0.5595738629921958,-7.638628393147329e-07
602,-0.6822564881568205,-5.476837305340432e-06
603,0.07168737114693924,-9.992007221626409e-16
604,-0.349997834463172,-7.110581012881312e-09
605,-0.16576555058281928,-4.070188630578286e-12
606,-0.10087631706501887,-2.842170943040401e-14
607,0.10224520563187567,-3.2529534621517087e-14
608,-0.28976372107922677,-1.0791397775378186e-09
609,0.39463933254678096,-2.3553857420033353e-08
610,-0.335557923452362,-4.669627906572771e-09
611,-0.02493627427652001,0.0
612,-0.30342161647203536,-1.7092717241595778e-09
613,-0.16439254384000446,-3.745559418177891e-12
614,-0.15972258718680155,-2.8080870961844084e-12
615,0.3925153281563061,-2.2319503356627024e-08
616,0.7769359997600154,-1.986374377982436e-05
617,0.8876183362789145,-7.414327637644824e-05
618,0.9597237268449321,-0.00016020913438496986
619,-0.7899636908154541,-2.3418954011367177e-05
620,0.8258394994439562,-3.6344117208431115e-05
621,0.5700829720873781,-9.1917936606567e-07
622,-0.019527994241770763,0.0
623,0.10316966392993265,-3.5638159090467525e-14
624,0.9409936423985308,-0.00013192088435964866
625,-0.3903754841651341,-2.1135073136058224e-08
626,0.4478428884591583,-8.312086596795609e-08
627,0.9156795833531992,-0.00010080887138841366
628,-0.6479808561507532,-3.2830862384258808e-06
629,0.9190706727727065,-0.00010455341972170906
630,0.21739870358075986,-6.116884776474762e-11
631,0.9994573450855895,-0.00023889385138819996
632,0.5720857408290578,-9.518085563042789e-07
633,0.5425133234690309,-5.613239650870128e-07
634,-0.9011797639588228,-8.61164109524637e-05
635,0.8632508344530074,-5.631901105596082e-05
636,-0.15364964599872422,-1.9059198663740062e-12
637,-0.4298788254737289,-5.526853130710663e-08
638,0.2848505515801054,-9.097247399836306e-10
639,0.776974904970634,-1.987359621358209e-05
640,0.9896787534330354,-0.0002168547668077725
641,-0.6625496234577191,-4.0942184406089766e-06
642,-0.1055541505638633,-4.474198789239381e-14
643,-0.0045358193280022885,0.0
644,0.2609998271167724,-3.798485970207821e-10
645,0.8272556717926942,-3.696526046026438e-05
646,-0.24320523653261517,-1.8761225906160917e-10
647,-0.6799160641435298,-5.2932008390849106e-06
648,-0.8746696002799745,-6.412662025423455e-05
649,0.03254435542460432,-1.1102230246251565e-16
650,-0.9699410577757677,-0.00017782912176733667
651,0.9045372739818616,-8.933613609729552e-05
652,-0.04053556948474002,0.0
653,0.48901727397628725,-1.9967205155957402e-07
654,-0.8173504837211214,-3.281300188739955e-05
655,-0.15442936796702678,-2.00495176017057e-12
656,0.3005771001941062,-1.5558463406506462e-09
657,0.5789047072536133,-1.0708549704752102e-06
658,-0.2779682967959598,-7.125764422966085e-10
659,0.7798177699792002,-2.060550558780072e-05
660,-0.8857122169410383,-7.258589967928941e-05
661,0.4138072962522059,-3.7799355312451155e-08
662,-0.8241817279991697,-3.562890956909648e-05
663,-0.6400924664838661,-2.907009855501741e-06
664,0.8073012443171983,-2.9032687357766207e-05
665,0.17443720101608973,-6.775802141589793e-12
666,-0.7782721546895706,-2.020463507401704e-05
667,-0.8912506166634431,-7.719414582174622e-05
668,0.9557617107526577,-0.00015380889853100488
669,-0.6505825035241661,-3.416371399556084e-06
670,-0.9710857257920844,-0.00017990742068929588
671,-0.5711694433875874,-9.367532568527182e-07
672,-0.9134014218726183,-9.836120295647621e-05
673,-0.9442646500714216,-0.00013651242242596062
674,-0.7474312370408358,-1.3536109914280559e-05
675,-0.9845115643006312,-0.00020596021981011958
676,-0.1167450080234913,-1.2234657731369225e-13
677,0.9404976227292674,-0.00013123683367954886
678,-0.9919730957168773,-0.0002218554609040302
679,0.6521130054985738,-3.497031415333751e-06
680,-0.0636167350696597,-2.220446049250313e-16
681,-0.7340669256026007,-1.1319615575877684e-05
682,0.5172957282331994,-3.4950200678007803e-07
683,0.35721713951902756,-8.717480515230136e-09
684,-0.23445489482810222,-1.3009948673925464e-10
685,0.7436409750076123,-1.2871005352077525e-05
686,0.7850250483304888,-2.2009121798061138e-05
687,0.3374205632050893,-4.934892494645737e-09
688,-0.918879451755056,-0.000104338997882647
689,0.11458911130840099,-1.0147438445073931e-13
690,0.4589411552821916,-1.0608732115002795e-07
691,-0.47165281011375493,-1.3928201769708437e-07
692,0.4162377178615937,-4.007236764635991e-08
693,0.8187239485874935,-3.336256945907223e-05
694,-0.8961098815297868,-8.145143155358081e-05
695,0.9666903245810987,-0.00017204370137502423
696,0.5550084677359162,-7.040736057506436e-07
697,-0.06429818714832636,-2.220446049250313e-16
698,0.20398890615020004,-3.237643486642128e-11
699,0.21322570965504162,-5.0398796247463906e-11
