,data,labels
0,-0.30233445009782023,-1.6490964149795673e-09
1,0.2514689323689012,-2.6195567937037367e-10
2,-0.6364207624669991,-2.745543472237877e-06
3,0.3794446796968538,-1.592080212109437e-08
4,0.7608465371853717,-1.6145222479280186e-05
5,0.12110509037814898,-1.7641443861293737e-13
6,-0.09201269849324212,-1.1324274851176597e-14
7,0.22013142599217672,-6.930089835321951e-11
8,-0.12334484577839655,-2.1194157540094238e-13
9,-0.13829080343704625,-6.651346140529313e-13
10,0.27443322889524135,-6.270701735644479e-10
11,-0.8966192020883188,-8.19096172266498e-05
12,-0.6557580365921802,-3.6960591832668754e-06
13,0.7813501204790063,-2.1009964502605172e-05
14,-0.12815670423689185,-3.107514245925813e-13
15,0.014471897231332242,0.0
16,0.1914085242133221,-1.7137846697323766e-11
17,0.46791196198135165,-1.2865830134600742e-07
18,-0.36536093725854224,-1.091636159245013e-08
19,-0.8734472652918981,-6.324684201286512e-05
20,0.019902139701854615,-1.1102230246251565e-16
21,-0.505467488679975,-2.7760296905654513e-07
22,0.4230213988392195,-4.708148515497612e-08
23,-0.1711166589678086,-5.591638263524601e-12
24,-0.35679452225335617,-8.615108071374777e-09
25,0.30509562539651824,-1.805797622544958e-09
26,0.2556194281886366,-3.0849434118351837e-10
27,-0.11952457887980739,-1.5476508963274682e-13
28,-0.5201323113917176,-3.690577028425679e-07
29,-0.258891822186222,-3.5029268374842104e-10
30,0.011529279482082044,1.1102230246251565e-16
31,0.9300582293705577,-0.0001175577750553991
32,-0.473780472919505,-1.4567013262301032e-07
33,0.6668615196422489,-4.366579496317691e-06
34,0.8831514009810095,-7.053977709270409e-05
35,-0.38947342006201713,-2.065293935871182e-08
36,0.7008550675463694,-7.1520456812468325e-06
37,0.47473480341827745,-1.4862002661875096e-07
38,-0.6917463135880773,-6.281490841919535e-06
39,0.45771254769044356,-1.032908554243761e-07
40,-0.25510137424327506,-3.023055139550479e-10
41,0.0836665535042187,-4.440892098500626e-15
42,-0.6213568576331125,-2.1640421825619427e-06
43,-0.43504921968444465,-6.226460935732092e-08
44,0.783777964617117,-2.1665381601976286e-05
45,-0.15174118862800356,-1.6820989046095747e-12
46,0.9144026187134973,-9.943025664438387e-05
47,-0.2745761905400639,-6.303403354834813e-10
48,0.4459628806827507,-7.970773263643594e-08
49,0.32077120789344593,-2.9778998156260172e-09
50,-0.35586330376680775,-8.393340578116693e-09
51,0.05902305066249203,-1.1102230246251565e-16
52,0.4666637692647919,-1.2527916615212575e-07
53,0.7355797682405802,-1.1553004176767523e-05
54,0.5851733732975664,-1.1919185214370742e-06
55,0.04542461458972946,1.1102230246251565e-16
56,-0.12065868022947757,-1.701971896750365e-13
57,-0.1524313417495895,-1.7603696278456482e-12
58,0.8940554391057514,-7.962648008574824e-05
59,0.13547799084484757,-5.416778137146139e-13
60,0.38257133109607855,-1.7279015662730046e-08
61,0.9243976850808311,-0.00011068776008948955
62,-0.7787991022650247,-2.03405110067445e-05
63,-0.34785253436293995,-6.6873957482727064e-09
64,0.5410151273215951,-5.460863521378201e-07
65,0.14931912100561795,-1.4322987240689145e-12
66,0.7599749923634607,-1.596293426986417e-05
67,0.1763519053389495,-7.556955061716053e-12
68,-0.5814028569940943,-1.1177086977065542e-06
69,0.6567890052609329,-3.7541679599462086e-06
70,-0.8228130628126615,-3.5047970045609667e-05
71,-0.6218012818561325,-2.1794722876444794e-06
72,-0.7494389718788967,-1.3900772644848125e-05
73,-0.09330310457836166,-1.3100631690576847e-14
74,0.4068327630199833,-3.190562369859151e-08
75,0.5592479488523749,-7.594481469253012e-07
76,-0.47497678684402467,-1.4937649495117e-07
77,-0.8778284103725795,-6.645120656023629e-05
78,-0.8134238865224082,-3.128634022786514e-05
79,0.7426275309527712,-1.2698211945494364e-05
80,-0.12300507161466134,-2.0616841567289157e-13
81,-0.12819827458527056,-3.11972669919669e-13
82,-0.8552248298063974,-5.135300450109792e-05
83,-0.45960004410692856,-1.076149042100738e-07
84,-0.17151015023668892,-5.721423335103282e-12
85,0.2765608062335594,-6.77350175948277e-10
86,0.3343166718134396,-4.5000519977023146e-09
87,-0.5190331729399695,-3.613664056878463e-07
88,-0.46601882806808437,-1.2356461864815316e-07
89,0.9079530681389183,-9.272204770394143e-05
90,0.0006622555101911676,0.0
91,-0.4725284491873918,-1.418798978303215e-07
92,0.3224303700657971,-3.1352870299983238e-09
93,0.2236006747450454,-8.102019055655774e-11
94,0.8121602163519575,-3.0808756264932846e-05
95,-0.6533696239464177,-3.5645312066456825e-06
96,-0.21439431052983493,-5.3228088603418655e-11
97,0.3226125246615117,-3.153014072054816e-09
98,-0.9998523329248392,-0.00023982476381556594
99,-0.05020842867266806,0.0
100,-0.029292456013753077,-1.1102230246251565e-16
101,-0.591633329157577,-1.329406440597758e-06
102,-0.6024688634578965,-1.5922785777666704e-06
103,0.22132480813948274,-7.314748806663829e-11
104,-0.9713125744299493,-0.00018032186815741813
105,0.03562606235282284,0.0
106,-0.46585362794323526,-1.2312884889453812e-07
107,-0.05265630355767037,1.1102230246251565e-16
108,-0.7321621164237497,-1.1031779290515686e-05
109,-0.8416568989319206,-4.3844215651067664e-05
110,0.6841659218626008,-5.630871613981903e-06
111,0.43071002621922094,-5.634321154079913e-08
112,0.9771104702708631,-0.00019120899500568722
113,-0.963912249488488,-0.00016723370121207726
114,-0.189365696113988,-1.5395018593267196e-11
115,0.891985816224325,-7.78251815465314e-05
116,-0.7871642628787567,-2.2610173977422043e-05
117,0.5746057488747669,-9.943413001867185e-07
118,0.35901820935596906,-9.166141179406395e-09
119,-0.8027692212268818,-2.7459480357316934e-05
120,-0.2230498899557234,-7.904799037561361e-11
121,-0.4885642743593046,-1.9783728510969212e-07
122,-0.254469045571323,-2.9490310193835967e-10
123,-0.6278228515300897,-2.3985032475692947e-06
124,-0.649551366840623,-3.362974799192564e-06
125,0.9581673533745427,-0.00015766706689779308
126,0.5686766877178251,-8.968724439784026e-07
127,-0.2909369635030632,-1.123575121830811e-09
128,-0.40812977889752133,-3.29346456773294e-08
129,0.45768534558413254,-1.0322969701270779e-07
130,0.01702903428865299,0.0
131,-0.39044151091344204,-2.1170757369404214e-08
132,0.12958990339381993,-3.473887844052115e-13
133,-0.5124645471636422,-3.18329033688336e-07
134,-0.02491738059266213,1.1102230246251565e-16
135,-0.7428178250221702,-1.2730497676360919e-05
136,0.27062669938333994,-5.454191542852982e-10
137,-0.5856492166754839,-1.201591680932701e-06
138,-0.49380914127339093,-2.2003841548823289e-07
139,-0.2954912331815627,-1.3120878827876936e-09
140,0.8832729255866627,-7.063569553766857e-05
141,0.2749773436539964,-6.39598596308133e-10
142,0.8969311775772526,-8.219141038279254e-05
143,-0.8075297757333755,-2.9114116517403588e-05
144,-0.47746126831061986,-1.5734588565408103e-07
145,0.2765540252509282,-6.771844196507004e-10
146,0.5184588812521682,-3.5740532944306125e-07
147,0.6559224954166882,-3.7052741365117825e-06
148,0.8388778299573023,-4.2433682707621045e-05
149,-0.5802859585692113,-1.0965379372285255e-06
150,0.9640275859730669,-0.00016743097428295606
151,0.5795303109174323,-1.0824197086423126e-06
152,0.08101751650602917,-3.219646771412954e-15
153,0.5566975130219465,-7.256848564285434e-07
154,-0.05560982893620858,1.1102230246251565e-16
155,0.8007447558377185,-2.6781773024509015e-05
156,-0.4094931148881755,-3.404836423914759e-08
157,0.221845699515826,-7.488598630089882e-11
158,0.7643160108006444,-1.6889542550746484e-05
159,0.12807387849737095,-3.0875302314825603e-13
160,0.0912672921978992,-1.0325074129013956e-14
161,0.572903268399743,-9.654241240886208e-07
162,-0.6164716870868414,-2.000783305922127e-06
163,-0.5651244149241827,-8.426750669476846e-07
164,-0.18610294848426423,-1.2940426508123437e-11
165,-0.5176692017694404,-3.520223702535574e-07
166,0.4405792278533178,-7.061943507746804e-08
167,0.3917508593914176,-2.1889679291398068e-08
168,-0.5548624795452919,-7.022331269812554e-07
169,0.04949408068022465,-1.1102230246251565e-16
170,0.5621060625161156,-7.989562011978535e-07
171,0.6885724491920304,-6.001292034651939e-06
172,0.8252942290317411,-3.6107464634671516e-05
173,-0.6888842770890768,-6.028315214012814e-06
174,0.06141107280593139,-2.220446049250313e-16
175,-0.6260044368523643,-2.330364462843626e-06
176,-0.22273770621295008,-7.794931367044455e-11
177,-0.5707864574551997,-9.305242335555519e-07
178,-0.21190572371407268,-4.736655512260768e-11
179,-0.22798235102843312,-9.835654513068448e-11
180,-0.6808322401070743,-5.364417643205499e-06
181,-0.28992844959707775,-1.08528175335465e-09
182,0.47499742243752485,-1.4944116399906449e-07
183,0.0371082530233553,0.0
184,0.5905479071378519,-1.3053539784646517e-06
185,0.8988204029775764,-8.391650091210678e-05
186,0.3790924159852638,-1.577396291363442e-08
187,-0.9867709944009309,-0.00021066221101129212
188,-0.6181801442347545,-2.0565751368550877e-06
189,-0.41359745030559925,-3.760864641932926e-08
190,0.18417116127816846,-1.1659007093101081e-11
191,0.28365573187403026,-8.723272104660396e-10
192,0.08871477340352718,-7.993605777301127e-15
193,-0.25088232195290705,-2.559149558933882e-10
194,0.37056494233447146,-1.2570790630661577e-08
195,0.18568801443580596,-1.265498816849231e-11
196,0.03689473461268755,-1.1102230246251565e-16
197,0.6134499411055345,-1.9054234977611273e-06
198,-0.6670247906648195,-4.377204819827618e-06
199,0.05896930305541481,-1.1102230246251565e-16
200,-0.2689278051001911,-5.121699730992191e-10
201,0.8097996060740302,-2.9934082510396642e-05
202,-0.6093804438816655,-1.783452334258584e-06
203,0.023376294717433188,0.0
204,-0.05400602749315664,0.0
205,0.88909634327481,-7.537141073477027e-05
206,-0.9435347797544138,-0.00013547567054994492
207,-0.48015374041365955,-1.664121491717907e-07
208,0.7008359471188113,-7.150110241882501e-06
209,-0.08021123612355963,-2.7755575615628914e-15
210,-0.6527107780247923,-3.5289965359952546e-06
211,-0.19809919774780593,-2.4158897105053256e-11
212,-0.3940637250741743,-2.3213425293100443e-08
213,0.6078331801728223,-1.7389499976649958e-06
214,0.64289445251195,-3.035911849469386e-06
215,-0.8553360853232808,-5.141906731354062e-05
216,0.3199091906713307,-2.8989672884449647e-09
217,0.9502409955935152,-0.00014527263291186365
218,0.14471834287650776,-1.0473844014313727e-12
219,0.6801937618285594,-5.314696837843691e-06
220,-0.7361541602054817,-1.1642741388318001e-05
221,-0.251951229127394,-2.6701785227345454e-10
222,-0.4111668629446268,-3.5461904968059343e-08
223,0.2553291515215177,-3.0501279280059634e-10
224,0.5607378610687916,-7.798187183771788e-07
225,0.665344966200667,-4.268986407818254e-06
226,-0.21509900687375128,-5.500233601907212e-11
227,-0.8626163477260667,-5.591131709858921e-05
228,-0.6845473813905749,-5.662106035364545e-06
229,0.48746844151922764,-1.9346138491194154e-07
230,-0.9831146533394235,-0.00020310040592574907
231,-0.357276269815056,-8.731890988045166e-09
232,0.04960707708758716,-1.1102230246251565e-16
233,-0.39489377834412487,-2.3705770346715838e-08
234,-0.595273488408534,-1.4130051223526507e-06
235,-0.538590460870527,-5.222120910142181e-07
236,-0.2946543418910281,-1.275449190707434e-09
237,-0.7507449991762805,-1.4142692490892728e-05
238,-0.7426476642982061,-1.2701624336308726e-05
239,0.7201185900661433,-9.358943355741722e-06
240,0.8093926838906467,-2.978557751198707e-05
241,-0.5020773354175823,-2.596090187267919e-07
242,0.5067172521029832,-2.845140063545415e-07
243,-0.16675893974694556,-4.320654944933722e-12
244,-0.4135275545237631,-3.7545317188580896e-08
245,-0.6885468210805625,-5.999075931795161e-06
246,-0.628932591535369,-2.440960872651665e-06
247,0.8823977506930909,-6.994752920519431e-05
248,0.38435884557517075,-1.81014931932566e-08
249,-0.8060926740083949,-2.8605442421780758e-05
250,0.10212360467131387,-3.219646771412954e-14
251,-0.9425449563684485,-0.00013408093557520928
252,-0.13116981896739532,-3.921307722976053e-13
253,-0.8850029176262113,-7.201390141475805e-05
254,0.965861022911765,-0.00017059502672989169
255,0.6561321140281637,-3.7170493837335172e-06
256,0.7593453629568812,-1.5832395146797573e-05
257,-0.5521912572118648,-6.693111946898256e-07
258,0.24377186682784702,-1.9202506251758678e-10
259,-0.7924670215277616,-2.4164065919873856e-05
260,-0.7859188861761033,-2.2258496429450325e-05
261,0.8885246948746475,-7.489425993367771e-05
262,-0.9561650419829653,-0.00015444980002565778
263,-0.9701457668303921,-0.00017819921215733725
264,0.10110167178311946,-2.8976820942716586e-14
265,0.03597002933685678,-1.1102230246251565e-16
266,-0.276708983505479,-6.809834918186652e-10
267,0.6027820780988176,-1.6005267127194855e-06
268,0.7797643274425308,-2.0591526533553228e-05
269,0.9079321728581602,-9.270099043723334e-05
270,-0.31442950511527323,-2.439687118993561e-09
271,-0.8914742381283032,-7.738559730463557e-05
272,0.6409061529987918,-2.9439263344865907e-06
273,-0.6667967077432191,-4.362368103527636e-06
274,0.920255740316483,-0.00010589109998826451
275,-0.7897846007071061,-2.3366446747496994e-05
276,-0.4893502386230919,-2.0103038156360498e-07
277,0.2946218675678931,-1.274046201871215e-09
278,-0.5006865393697193,-2.525355303761856e-07
279,0.19904205415196707,-2.533295795359436e-11
280,0.9292393400420567,-0.00011654085632240019
281,-0.03663130983774243,0.0
282,-0.39493316697711967,-2.372936525052438e-08
283,-0.9205087366845821,-0.00010617865566597828
284,0.305918421032233,-1.8550151414942206e-09
285,-0.4035625001206842,-2.9438186888164353e-08
286,-0.030786637691021745,1.1102230246251565e-16
287,0.787221578352328,-2.2626478398124483e-05
288,0.2667143788038058,-4.715893231477253e-10
289,-0.9267215503593758,-0.0001134633772582605
290,-0.40371394457604937,-2.95485478307711e-08
291,-0.39004137248155546,-2.095533024881746e-08
292,-0.185099459035047,-1.2259748771725754e-11
293,0.9407031985939802,-0.0001315199526630284
294,0.8818406698712145,-6.951262227916644e-05
295,-0.18768655572661008,-1.4083956223487348e-11
296,0.8880104834992046,-7.446736629046491e-05
297,-0.9964053355190055,-0.0002318092128912319
298,-0.8760039182541508,-6.50995080153649e-05
299,0.021733916545632725,0.0
300,0.4875415981766926,-1.9375078208483387e-07
301,0.322163565408474,-3.1094838925938006e-09
302,-0.28163671526775347,-8.122646999453309e-10
303,-0.9757544219361138,-0.00018861122796320906
304,0.713604399633399,-8.552432829489476e-06
305,-0.3032514704424907,-1.699725582504641e-09
306,-0.42638291103153625,-5.094745014755375e-08
307,0.46007023695953264,-1.0871706979109774e-07
308,0.6150173537407875,-1.9543654771192465e-06
309,0.26824196260581945,-4.992722901775437e-10
310,0.1006796542242625,-2.786659791809143e-14
311,0.4354886117133412,-6.28943545022409e-08
312,-0.5714975389260639,-9.421192876946094e-07
313,-0.6992523129156776,-6.991431541258919e-06
314,-0.659726464263197,-3.9242584501941735e-06
315,0.8488849267164125,-4.7711786301585235e-05
316,-0.3944269120486672,-2.342770610841427e-08
317,-0.07111919220937679,-7.771561172376096e-16
318,0.24597191397651086,-2.100575269281535e-10
319,0.23005087288797776,-1.0764522606621085e-10
320,-0.6692237498693983,-4.522587713662318e-06
321,-0.3245392522175605,-3.346117161129314e-09
322,-0.1256215390083606,-2.544631172440859e-13
323,0.03997302824416682,-1.1102230246251565e-16
324,-0.9667253059567549,-0.0001721050504236432
325,-0.9929683426351381,-0.00022405660168811625
326,0.053536542369990725,0.0
327,-0.4219591127164568,-4.591585034408041e-08
328,0.48353848522784904,-1.7847438227303059e-07
329,0.5242026161750177,-3.988378874941745e-07
330,0.07144393779168734,-8.881784197001252e-16
331,-0.2519425545816276,-2.669261478516205e-10
332,0.15163315999251736,-1.6702195182460855e-12
333,-0.7250322165254652,-1.0011760798733782e-05
334,0.21057677257861807,-4.4480641392397047e-11
335,-0.09874232051668264,-2.275957200481571e-14
336,0.24608176351442634,-2.109966645846839e-10
337,-0.9183628626627138,-0.0001037616997788815
338,0.8320675541114868,-3.9147555449203786e-05
339,-0.31713822606786035,-2.657819964113628e-09
340,0.3611862909471102,-9.733707173609218e-09
341,-0.5867949985663181,-1.225173637875443e-06
342,-0.9158904254758009,-0.00010103813727224686
343,-0.5017894771925901,-2.5813054882473097e-07
344,0.26326986019471343,-4.141684772918097e-10
345,-0.670774473110261,-4.627704119353204e-06
346,-0.20913026970940818,-4.152000965262914e-11
347,-0.7816931371253792,-2.1101472333584503e-05
348,0.19045609401314656,-1.6304513295040124e-11
349,0.003423659448421379,-1.1102230246251565e-16
350,0.5702026882806637,-9.211011695597904e-07
351,0.3057355866460074,-1.8439754168042555e-09
352,0.6607377196543509,-3.984395591793977e-06
353,-0.7565372933532719,-1.5261790705767275e-05
354,-0.09708874757639485,-1.942890293094024e-14
355,-0.7854403645885746,-2.2124678746293647e-05
356,-0.49570291655750487,-2.2858891035593132e-07
357,-0.7115027906079181,-8.305881792902703e-06
358,-0.16483049768730118,-3.846478691116317e-12
359,-0.7453493123317019,-1.3167059997654107e-05
360,-0.4920914788664055,-2.125328738555865e-07
361,0.29958180895348563,-1.5051636603757856e-09
362,-0.6759608359752729,-4.995391970852303e-06
363,-0.7097767384771041,-8.108181472454845e-06
364,-0.1184417423572699,-1.4133139103478243e-13
365,-0.5179579239326169,-3.539819755093987e-07
366,-0.3657691175317015,-1.1038661540396788e-08
367,0.6368876568324511,-2.7656183324564765e-06
368,0.6175777764882358,-2.036746593159222e-06
369,0.18106650005346614,-9.836909065086274e-12
370,-0.06339956134116798,-2.220446049250313e-16
371,-0.8861092995378435,-7.290789274383425e-05
372,0.07963641356036733,-2.6645352591003757e-15
373,0.3650483526555919,-1.0823529739134585e-08
374,0.8080285753161383,-2.929255813788334e-05
375,0.6606699209973199,-3.980338027287367e-06
376,0.2895990157488275,-1.0730299981887015e-09
377,0.16947574079370975,-5.0780490923330035e-12
378,-0.26678875692075077,-4.729044933426962e-10
379,0.7110903080550894,-8.258247081949222e-06
380,0.06154943177198202,-2.220446049250313e-16
381,-0.013903038165515191,0.0
382,0.06670609023976315,-5.551115123125783e-16
383,0.8756960982597877,-6.487390156484363e-05
384,0.4778567812008634,-1.5864922731090303e-07
385,0.3868919023177948,-1.932733251219787e-08
386,0.07828239143031857,-2.220446049250313e-15
387,0.34506040189732046,-6.170581157149968e-09
388,-0.6341716792881298,-2.650661946379529e-06
389,0.8626292917476868,-5.591960786288652e-05
390,-0.863656546536957,-5.658109911343967e-05
391,-0.13967452313683482,-7.347455976969286e-13
392,0.513886261665925,-3.272322327552146e-07
393,-0.8544081793987492,-5.087040730988868e-05
394,0.2188088117487541,-6.52509157816894e-11
395,-0.060245903159472425,-2.220446049250313e-16
396,0.7859111460705268,-2.2256326159153517e-05
397,0.19192833208813953,-1.7608581259764833e-11
398,-0.05578591809460853,0.0
399,0.30761246604760717,-1.9601670286917283e-09
400,-0.831882710238723,-3.90616371040986e-05
401,0.17944621212129386,-8.991807298741605e-12
402,0.831936974500616,-3.9086842437585645e-05
403,-0.6227473640298906,-2.2126491423524186e-06
404,0.6725397896613741,-4.750032616240851e-06
405,0.6675872556863593,-4.4139867919623654e-06
406,-0.9659827082303754,-0.00017080690776294372
407,0.16994479905749005,-5.2203796840899486e-12
408,-0.6429186620031713,-3.037047589526942e-06
409,0.9331614641850576,-0.0001214840013319396
410,-0.2897977535267009,-1.0804062089420086e-09
411,0.9857810537624081,-0.00020859039048970462
412,0.9184394442426502,-0.00010384710004551767
413,-0.30236859381875636,-1.6509568157019316e-09
414,0.8598035564083502,-5.4135616223249805e-05
415,-0.34877729336314744,-6.8669548936028946e-09
416,0.7006364230772413,-7.129941724248745e-06
417,-0.7783565485513946,-2.0226341519657964e-05
418,0.39130452107071223,-2.1642180270120548e-08
419,-0.8097953087552454,-2.9932510754338004e-05
420,-0.9582179520690113,-0.00015774913952271152
421,0.11577263970872465,-1.1257661469699087e-13
422,-0.8271588122329852,-3.692247586861708e-05
423,0.4080465041562882,-3.286769179045024e-08
424,-0.24654240637383174,-2.14975592882638e-10
425,-0.9854321915214777,-0.00020786462577992992
426,-0.2680929885834238,-4.965096112030665e-10
427,0.25146343226339685,-2.61898391862303e-10
428,0.10358421580624033,-3.708144902248023e-14
429,-0.4920644926042439,-2.1241681313899363e-07
430,-0.46320707103603453,-1.1633346352901697e-07
431,-0.7789387649789061,-2.0376660849752426e-05
432,-0.9963096219427212,-0.00023159010797335622
433,-0.8072187374317032,-2.9003339144795248e-05
434,0.9600272550148401,-0.0001607091514350678
435,-0.7276123310218205,-1.0370661188918717e-05
436,0.6878456160446447,-5.938725939236278e-06
437,0.6559880879362712,-3.7089551658819886e-06
438,-0.2292826186781869,-1.041071673313354e-10
439,-0.0032234877522052674,0.0
440,-0.8742566024948857,-6.382814488037347e-05
441,-0.9457048832846735,-0.0001385790906287543
442,-0.2958399324154055,-1.3276312271770507e-09
443,0.7132871160033636,-8.5147946004005e-06
444,0.7784780240768967,-2.0257622248887053e-05
445,0.6511039344796616,-3.443662051960672e-06
446,-0.4887298676609455,-1.9850621613137776e-07
447,0.21949922467598815,-6.733757995647238e-11
448,-0.8880067518129096,-7.446427626578433e-05
449,0.9615976203806167,-0.0001633184850198255
450,-0.3494101334804678,-6.992319057097518e-09
451,0.8203336202188163,-3.4017146877118876e-05
452,0.121612462162896,-1.8396395518038844e-13
453,0.7737005289877936,-1.9059558086453876e-05
454,-0.4542485922370365,-9.575964254882052e-08
455,-0.8100940954988016,-3.004196934353054e-05
456,-0.173534840518891,-6.43363140540032e-12
457,0.636201074872917,-2.736143009940406e-06
458,-0.6346752268976477,-2.6716453032094023e-06
459,0.9775039492027711,-0.00019196875204785524
460,-0.43223408187228385,-5.8362621291330186e-08
461,0.9174991621557589,-0.00010280288827002604
462,-0.38574318704557786,-1.87624694669708e-08
463,0.17122930033681594,-5.628386645639694e-12
464,0.05502354450361224,0.0
465,0.5176715971435966,-3.5203858772536734e-07
466,0.9332856935640548,-0.000121643593833487
467,0.40495356026203355,-3.046596408484703e-08
468,0.98673805794839,-0.0002105929839395504
469,0.41409772191808836,-3.8064730034648164e-08
470,-0.6307447621472093,-2.5117455545453637e-06
471,0.10224399388807082,-3.241851231905457e-14
472,-0.0363295613220167,1.1102230246251565e-16
473,-0.630890598903854,-2.517521396128153e-06
474,-0.6946840717364544,-6.5512524423105845e-06
475,0.8959415126449775,-8.130047257326467e-05
476,-0.31768459926940507,-2.703888668520449e-09
477,0.10008418352328308,-2.6201263381153694e-14
478,-0.34223218131952304,-5.6839878359582485e-09
479,-0.21993177836640987,-6.867528767884323e-11
480,0.2182401998393324,-6.357625537134481e-11
481,0.6346015614691292,-2.668566302155284e-06
482,0.5716114572858837,-9.439888807305508e-07
483,-0.6670922347779129,-4.381600707037414e-06
484,-0.9143303819538526,-9.935277694395062e-05
485,-0.6458967616218343,-3.1797048622994595e-06
486,-0.44102171171292714,-7.132960422318035e-08
487,-0.27046041004041355,-5.420809356948553e-10
488,0.954482321514516,-0.000151791655169764
489,0.6059844784804884,-1.6870871692997724e-06
490,-0.9133090501292198,-9.826309154337132e-05
491,0.3520603124338142,-7.539980084736442e-09
492,0.5223059011806259,-3.847021139424811e-07
493,0.9924369423462183,-0.00022287890781769182
494,-0.8210930173527768,-3.432993742635837e-05
495,-0.28221874489047694,-8.291854980413405e-10
496,-0.9727903587734688,-0.00018304274129521403
497,-0.3608839788760456,-9.65271673702972e-09
498,-0.21687331094585316,-5.9707572219736e-11
499,0.8757293898033904,-6.48982676511034e-05
500,0.9288037903095756,-0.00011600319608562337
501,-0.18644723259970597,-1.3181788993676946e-11
502,0.5209103824942485,-3.745909034069683e-07
503,-0.2008205357625552,-2.7688074055731704e-11
504,0.17526069610603368,-7.1023187331320514e-12
505,-0.5164917405675309,-3.441312956820042e-07
506,-0.4059035073223005,-3.1186249027648216e-08
507,0.014524292560168961,0.0
508,-0.7373281681489241,-1.1828104976796538e-05
509,0.5046962079459125,-2.7341354358334513e-07
510,0.45110367555672215,-8.935360362727351e-08
511,0.4024899963934998,-2.8667176077412648e-08
512,0.5998888877280091,-1.5257769302445823e-06
513,0.3617359280041803,-9.882524243387536e-09
514,0.49761117365800533,-2.3750570676828175e-07
515,0.37794517144033546,-1.5304143730077158e-08
516,-0.10036371526666477,-2.6978419498391304e-14
517,0.2673615118018071,-4.831436362096042e-10
518,0.1956632096876847,-2.1348922629726985e-11
519,0.8540919838354091,-5.068464712487675e-05
520,0.2968166860031909,-1.3720558023067042e-09
521,0.9492701560183809,-0.00014381617735903518
522,-0.5991517094707208,-1.5072393199089262e-06
523,-0.3815834369098219,-1.6839027949799856e-08
524,0.7113383452126827,-8.28686166931547e-06
525,0.05361196088481446,0.0
526,0.3899137572916329,-2.0887040430572767e-08
527,-0.6193250802054082,-2.0947423516881614e-06
528,0.48974357801975477,-2.026457079917776e-07
529,0.8136030485938917,-3.135458635561417e-05
530,-0.2652993967069597,-4.471873982225816e-10
531,0.9908410998529849,-0.0002193754307711071
532,-0.6575557128250322,-3.7979125588893936e-06
533,0.6747248360162852,-4.905462972382146e-06
534,0.3229043652513861,-3.1816034251619385e-09
535,0.40156367420130423,-2.801592047241286e-08
536,0.2951054127564223,-1.2950809313849732e-09
537,0.3172793715206872,-2.6696528321323854e-09
538,-0.38605297152436635,-1.891332002124102e-08
539,0.2890761833771964,-1.0538410144533827e-09
540,0.18199398827495306,-1.0352274593117272e-11
541,0.9462486931071616,-0.00013936669253189482
542,0.24523477137717853,-2.0385271248812842e-10
543,0.8060032038922689,-2.8574038939965796e-05
544,-0.6430402153580026,-3.0427557917711567e-06
545,0.6288617801006136,-2.438231667900581e-06
546,-0.2841926773448429,-8.889586844418318e-10
547,0.3176838497634571,-2.703824830696533e-09
548,0.31759041256624676,-2.6958961729661723e-09
549,-0.03720579316758088,0.0
550,0.9093770769937715,-9.416723607602595e-05
551,-0.30235314494961885,-1.650114822560056e-09
552,0.9974234145829517,-0.00023415128510007044
553,0.3843895099679999,-1.811590455425005e-08
554,0.337314498076029,-4.9194310847155975e-09
555,-0.43953136647782864,-6.896294379998835e-08
556,-0.12409402410987891,-2.2526425169644426e-13
557,-0.12024973651789117,-1.6442402994698568e-13
558,-0.007114845777153267,0.0
559,0.5269455217018377,-4.201062046016446e-07
560,-0.1240372428318639,-2.241540286718191e-13
561,0.24354037138267692,-1.9021095809534927e-10
562,-0.2503018729985589,-2.5006130499605206e-10
563,-0.07230278761161779,-9.992007221626409e-16
564,-0.09396476258246755,-1.3988810110276972e-14
565,0.8143122457557017,-3.162604477890962e-05
566,-0.12041426682726564,-1.667554982986985e-13
567,-0.9582308593578588,-0.00015777008166339979
568,0.48753201679283276,-1.937128575324465e-07
569,0.12547443613543008,-2.5146551507759796e-13
570,0.3172021552004567,-2.6631736815829754e-09
571,0.6450859268009888,-3.1402800116930862e-06
572,-0.2226696520354059,-7.771183696547723e-11
573,0.07843005582705165,-2.220446049250313e-15
574,-0.6287812698581197,-2.435131982614358e-06
575,-0.6226708688627431,-2.2099498830918662e-06
576,-0.009259723166482825,0.0
577,0.8231101296146168,-3.517333530278499e-05
578,-0.18541653389966473,-1.2471246257916846e-11
579,0.005929887391136424,-1.1102230246251565e-16
580,-0.9649754986150818,-0.00016906020926932275
581,-0.9865808361704358,-0.00021026280993463597
582,-0.5693926062828571,-9.081670405697295e-07
583,0.42030351449665115,-4.415085119724438e-08
584,-0.29934483884289653,-1.4933174696807328e-09
585,-0.8295569601511041,-3.799494668577097e-05
586,-0.23717741080056132,-1.4600565201305926e-10
587,0.8055707449470504,-2.842268390679248e-05
588,-0.3653723316983257,-1.0919758985927785e-08
589,-0.9616089653851203,-0.00016333747323105108
590,-0.9014796187982459,-8.639967059453912e-05
591,-0.9258130717431092,-0.00011237095551241971
592,-0.006485066323303812,0.0
593,0.2768280860167456,-6.839165900274224e-10
594,0.9495535202848924,-0.000144239923235423
595,0.8305637049039638,-3.845343458175332e-05
596,0.17040786460910873,-5.364375610383831e-12
597,-0.3645365683419226,-1.0673070982569755e-08
598,0.04540170047028558,0.0
599,-0.6697780570380936,-4.559912845758518e-06
600,-0.9954893620597354,-0.00022971998170639996
601,-0.08476037794575797,-4.9960036108132044e-15
602,0.020479356623018363,0.0
603,0.7893323187037076,-2.3234312390929546e-05
604,0.8365392335019286,-4.1278389535270854e-05
605,0.025804540114567676,-1.1102230246251565e-16
606,-0.7648333293239049,-1.7003123448766644e-05
607,-0.3102587868440565,-2.1351865830965266e-09
608,-0.09836208230210008,-2.19824158875781e-14
609,-0.9096440412614855,-9.444040665718134e-05
610,-0.3144421128494741,-2.440663893210626e-09
611,-0.7363413768115006,-1.1672125094452923e-05
612,0.9585496756814764,-0.00015828815380580785
613,0.9858478795131449,-0.00020872967186758018
614,0.7918554206363095,-2.3980087473951528e-05
615,0.08046330127604207,-2.886579864025407e-15
616,0.8078390315360857,-2.9224635124003306e-05
617,-0.20928463548620768,-4.182720836354292e-11
618,0.21030320514918777,-4.390654506636338e-11
619,-0.7292930208036632,-1.0610616917872129e-05
620,-0.6530119457734578,-3.5452002724589704e-06
621,0.47774195127933394,-1.5826982979749715e-07
622,-0.5282604435073561,-4.3065891242033416e-07
623,-0.15485276045175556,-2.0605739337042905e-12
624,-0.5745265137270847,-9.929783940654247e-07
625,0.18707476823884717,-1.363209545246491e-11
626,0.039137229044855504,0.0
627,0.36639924681935265,-1.1229882912466849e-08
628,-0.35283869046819505,-7.708001681372423e-09
629,-0.936456723051059,-0.0001257814112584077
630,-0.7312440999118452,-1.0895417608347557e-05
631,-0.4309265520427934,-5.6626230038325787e-08
632,-0.5669779303969882,-8.70575558198361e-07
633,0.6892967638740308,-6.064229354341144e-06
634,-0.27749453424093606,-7.005394042636226e-10
635,0.9496733084377584,-0.00014441939176335072
636,-0.3048956991603915,-1.7940172680752653e-09
637,0.01871880933303416,0.0
638,-0.12449104294145497,-2.325917236589703e-13
639,0.6071132047562484,-1.7185842259292983e-06
640,-0.09751818407164237,-2.0317081350640365e-14
641,-0.1845292094542612,-1.1887379969266476e-11
642,-0.6156037142314745,-1.972962626051178e-06
643,0.08012186765980922,-2.7755575615628914e-15
644,0.8013566306674222,-2.6985003787394213e-05
645,0.755925377826429,-1.5139924807172633e-05
646,0.31486947600733517,-2.4739836845810714e-09
647,-0.36941131839196584,-1.2185740083658914e-08
648,0.26620270632277454,-4.6263048947281504e-10
649,0.766673399663724,-1.7412699098939832e-05
650,0.6290072821847106,-2.443842562316334e-06
651,-0.3638299973544614,-1.0468438338406827e-08
652,0.3103343054618073,-2.1403812056064453e-09
653,-0.6305839838575458,-2.5053917501738354e-06
654,-0.9716921451491509,-0.00018101724816210751
655,0.12437919281230325,-2.3037127760972e-13
656,0.8078094630588089,-2.921405200662086e-05
657,-0.8678698313079161,-5.936821521479452e-05
658,-0.55920214735217,-7.588295801719269e-07
659,0.5813791466778839,-1.1172554822413971e-06
660,-0.46730006535805524,-1.2699165852225747e-07
661,-0.9685291635858095,-0.00017529527017412505
662,-0.31195676979199605,-2.2547639311198964e-09
663,-0.26267747597780233,-4.0495351516511846e-10
664,0.19069985461000583,-1.6514234424391816e-11
665,-0.39251528258253177,-2.231947748843055e-08
666,-0.16412842535666283,-3.685829419453057e-12
667,-0.5267064117712257,-4.182124304641377e-07
668,-0.48422633114836633,-1.8101963661365517e-07
669,-0.9412466794560017,-0.0001322710714883879
670,-0.920611827139896,-0.00010629602877698652
671,-0.6492739734623887,-3.348738715991395e-06
672,0.9596645791957503,-0.0001601118599046103
673,0.07659666926156738,-1.7763568394002505e-15
674,-0.9686741643978252,-0.00017555399708768515
675,-0.4964009784592962,-2.3181525043991513e-07
676,-0.3425062779116417,-5.7295868050033505e-09
677,-0.48603307427109343,-1.878613098416082e-07
678,0.10078180809079917,-2.8199664825478976e-14
679,0.2507768281773335,-2.5484203636239044e-10
680,0.6473088593402032,-3.2494269374128137e-06
681,-0.8544096263685357,-5.087125878411314e-05
682,0.6696843177212217,-4.553581398503148e-06
683,0.3222260982665801,-3.1155144020189596e-09
684,0.39811572305236353,-2.5707085793413853e-08
685,0.09191287243635538,-1.1213252548714081e-14
686,-0.1605294608830241,-2.9531932455029164e-12
687,-0.44435907839948796,-7.68962181707522e-08
688,0.8498531808232226,-4.8252459092124056e-05
689,0.8813616526555135,-6.91405985324689e-05
690,-0.20855420194395102,-4.039102385888782e-11
691,-0.5724986322226162,-9.58663367800483e-07
692,-0.07087548523717069,-7.771561172376096e-16
693,-0.9757657718862947,-0.00018863283910863782
694,0.9181735995096978,-0.00010355091206282196
695,0.881331305213787,-6.91170897323401e-05
696,-0.7355052350304798,-1.1541405472326183e-05
697,-0.9497284964126393,-0.00014450214255612437
698,-0.8879582101710521,-7.442409180324905e-05
699,0.3182940412780155,-2.756121220137686e-09
700,-0.20185357067047782,-2.914479768634237e-11
701,0.08593948609363933,-5.662137425588298e-15
702,-0.43595722787167657,-6.357228898856704e-08
703,-0.11085392210773137,-7.294165271787278e-14
704,-0.08194326134261498,-3.552713678800501e-15
705,0.6907387812544916,-6.191296486712794e-06
706,-0.9730552204255531,-0.000183534267231944
707,0.9105196034512981,-9.534131446331529e-05
708,0.3049491062541059,-1.79715764492272e-09
709,-0.7174665665637154,-9.022712111117492e-06
710,0.5554911791378774,-7.101900658668114e-07
711,-0.14672899303521092,-1.202482557971507e-12
712,-0.8538309638868957,-5.0531760268368586e-05
713,0.7107493503376989,-8.219057541225538e-06
714,0.66794579621607,-4.437577864280229e-06
715,-0.04047328468105005,0.0
716,-0.8010792122187729,-2.689269004663153e-05
717,-0.21907745131485523,-6.605582747454264e-11
718,-0.8037039433221926,-2.7777545229423772e-05
719,-0.8319127282226126,-3.907557842552922e-05
720,0.7764551731682667,-1.9742339494088768e-05
721,0.9184396680514137,-0.00010384734971913279
722,0.6469057660480442,-3.2293856117027175e-06
723,0.6302834097194838,-2.4935520516189413e-06
724,0.517354223769785,-3.498956862024727e-07
725,0.363945965871006,-1.0501780334237765e-08
726,0.30127649298677084,-1.5923741214507459e-09
727,0.4023743435001441,-2.8585128930558312e-08
728,0.7248794603102098,-9.990865876274846e-06
729,0.1246053683303856,-2.347011474057581e-13
730,-0.1463270470527076,-1.1698420010475274e-12
731,0.9639532677849036,-0.0001673038355903822
732,-0.6184388535854111,-2.065144337537461e-06
733,0.24811041360106323,-2.2903123841899742e-10
734,0.027802912578510197,0.0
735,0.13293156374642479,-4.4786396813378815e-13
736,-0.6277245929106943,-2.3947761182974148e-06
737,-0.9893914519090516,-0.00021623573620999093
738,0.7684382931795934,-1.7813835234248288e-05
739,-0.20121442023778924,-2.8235414006871906e-11
740,-0.23243373611995843,-1.193185550363296e-10
741,-0.8598017476677047,-5.413449083335742e-05
742,-0.5177746858011567,-3.5273717480244215e-07
743,-0.12114577438422014,-1.7696955012524995e-13
744,-0.9216705643300032,-0.00010750819389160338
745,0.9483810854099857,-0.00014249388033971133
746,-0.7505647407203155,-1.4109079449320383e-05
747,-0.630233534488061,-2.491592320463809e-06
748,-0.25293651354679003,-2.776343599464326e-10
749,-0.2913286471816936,-1.138772076636485e-09
750,-0.7948154696436414,-2.488233669328821e-05
751,-0.8186644921471469,-3.333860916243658e-05
752,-0.005258825639379738,0.0
753,0.7852229631358392,-2.2064121601994557e-05
754,-0.6628200689977322,-4.110841684390465e-06
755,0.041663125049054894,1.1102230246251565e-16
756,-0.7884453571030952,-2.297713062426876e-05
757,-0.28457343724685114,-9.009250012681491e-10
758,0.4117940233311925,-3.6005006531780737e-08
759,-0.20429676695687116,-3.286826366633022e-11
760,0.3880587384436609,-1.991671716439214e-08
761,0.7008743299898295,-7.153995971176386e-06
762,-0.6254325956187148,-2.3092989440698375e-06
763,0.7256647709152357,-1.0098703519978436e-05
764,0.9876058844755464,-0.0002124238335046158
765,-0.8481021396455222,-4.727865584297497e-05
766,0.07103293985947845,-8.881784197001252e-16
767,-0.39009478814674536,-2.0983973669785883e-08
768,-0.2413293847153808,-1.7364676363484932e-10
769,-0.7026212773150149,-7.332869199405678e-06
770,0.1475996865820488,-1.2756462552943049e-12
771,0.8044408945513339,-2.803063848233478e-05
772,0.5643706378180673,-8.315603712283348e-07
773,0.5601472074683154,-7.71685107814335e-07
774,0.29480062777784455,-1.2817863437319943e-09
775,-0.7309340098688086,-1.0849699947246272e-05
776,-0.9859804143940927,-0.00020900615370911257
777,0.3653659429765044,-1.0917853954239831e-08
778,-0.23824779665941498,-1.5272394460197347e-10
779,0.9070345607959054,-9.180045582080076e-05
780,-0.19933165839449263,-2.5703772443819162e-11
781,-0.7330176610426442,-1.1160238136076472e-05
782,0.047622150609270886,0.0
783,-0.2317643606964237,-1.1592971027596377e-10
784,0.13081316867585158,-3.816946758661288e-13
785,-0.6896437312165808,-6.094587494787085e-06
786,0.5894910156716728,-1.28231011886637e-06
787,0.3862157495781915,-1.8993021821955836e-08
788,-0.584894744849735,-1.1862869651046992e-06
789,0.8438605726579644,-4.499243321043345e-05
790,-0.5596117560069653,-7.643776149812709e-07
791,-0.4421785958028335,-7.321679562632966e-08
792,0.8433416185506097,-4.4719633617074095e-05
793,0.9245655457858561,-0.00011088619433086144
794,0.15095617158000607,-1.5972778655282127e-12
795,0.8170213177949457,-3.268250410370932e-05
796,0.18630902796785298,-1.3084311412114857e-11
797,0.4959427436005659,-2.2969277568840596e-07
798,-0.2824915359094531,-8.372244009180463e-10
799,0.6169348257312575,-2.015771751961992e-06
