,data,labels
0,-0.7768101173839088,-1.9831895093358476e-05
1,-0.0902004627786277,-9.2148511043888e-15
2,0.10510461545410466,-4.296563105299356e-14
3,0.41478857456908425,-3.870273679318359e-08
4,-0.29580451915083383,-1.3260450515417688e-09
5,-0.5098960457345258,-3.0279451690429227e-07
6,-0.254746574086262,-2.981317415162721e-10
7,0.19483806798182823,-2.046607328054506e-11
8,-0.275172022252969,-6.441356337205661e-10
9,-0.822818723067708,-3.505035498196918e-05
10,-0.07534245214745683,-1.5543122344752192e-15
11,-0.7641647141888601,-1.6856453227909185e-05
12,0.3445650248433152,-6.082736758727947e-09
13,0.8080152633114888,-2.9287783162246228e-05
14,0.18718203226456342,-1.3710144131096058e-11
15,0.847587335628867,-4.6995730333176944e-05
16,0.11357532475249066,-9.29256671611256e-14
17,-0.5686154852637217,-8.959127719698756e-07
18,0.7919379132194233,-2.4004828909074405e-05
19,0.7351684133555629,-1.1489120185226298e-05
20,0.9026060351031369,-8.74712214011808e-05
21,0.23578530361417882,-1.376662117635874e-10
22,0.1417593356649791,-8.519851490973451e-13
23,0.19757134758269945,-2.3523294423455354e-11
24,0.33949932525701976,-5.24687615577335e-09
25,-0.9295016111391947,-0.00011686569034818906
26,0.37482845551176514,-1.4090641098363221e-08
27,-0.8259304842108603,-3.6383740589340796e-05
28,-0.06992762635118477,-7.771561172376096e-16
29,-0.48989687895197775,-2.0327842153999853e-07
30,0.8873476803789679,-7.392033087494365e-05
31,0.019505707289078744,0.0
32,0.07552651766719398,-1.5543122344752192e-15
33,-0.902097805338713,-8.69862808130506e-05
34,-0.1394972942698134,-7.255307465925398e-13
35,-0.0008769732813020958,0.0
36,-0.29098371662817857,-1.1253794562904318e-09
37,-0.9526891338394428,-0.00014900417743590744
38,0.4346934419958155,-6.175886180237455e-08
39,-0.020930802394657277,-1.1102230246251565e-16
40,-0.5814871964943626,-1.1193221610694692e-06
41,0.08910883176115836,-8.215650382226158e-15
42,-0.3975463312215959,-2.534272380838587e-08
43,-0.9708735464214431,-0.00017952054600300915
44,-0.4626228923209481,-1.1487972173540584e-07
45,0.4262588246232393,-5.079981946209955e-08
46,0.9849297478503625,-0.00020682332736210451
47,-0.8469811154570066,-4.666451134993643e-05
48,0.023328036352128434,-1.1102230246251565e-16
49,-0.04602566070403946,1.1102230246251565e-16
50,-0.5873604449341541,-1.2369639054155002e-06
51,-0.25665072023361146,-3.211548804671338e-10
52,0.707546617708245,-7.859003388399621e-06
53,0.608527441743262,-1.7587934357798929e-06
54,-0.16116501983754183,-3.072209153742733e-12
55,-0.7978753738494351,-2.5846918083494153e-05
56,0.6772020404730763,-5.08718636194061e-06
57,0.8858557797062829,-7.270216687949027e-05
58,0.8593029960358403,-5.382496896233491e-05
59,0.33770889873047505,-4.977144807405409e-09
60,-0.009156346835168305,0.0
61,-0.3926872154714698,-2.241718632944867e-08
62,0.2858860979446425,-9.432969960698756e-10
63,-0.2595794274712291,-3.596978270792306e-10
64,0.8815568908749156,-6.929201226335557e-05
65,0.46338312375435553,-1.167748058250595e-07
66,0.13192706016515743,-4.1533443351227106e-13
67,-0.7476068920241552,-1.3567667728864308e-05
68,-0.2522729217121831,-2.7044322337133053e-10
69,-0.23641434027652042,-1.4137990778095855e-10
70,0.8702279460347895,-6.0981269575766106e-05
71,-0.9075646292800827,-9.233129751418101e-05
72,0.84108817721505,-4.355218324236798e-05
73,0.39273452172616463,-2.244413765950526e-08
74,-0.20040227365990626,-2.711719737646945e-11
75,0.691944983251126,-6.299414349042465e-06
76,-0.2638945810072695,-4.240903184182798e-10
77,-0.1626526206360528,-3.3676395005954873e-12
78,-0.26513383812473035,-4.4440773283582757e-10
79,-0.20295095731048396,-3.076738863683204e-11
80,-0.2253522605912499,-8.758960223786971e-11
81,-0.8116306658003205,-3.061057282160995e-05
82,-0.025454904004572843,0.0
83,-0.35686352080690975,-8.631747761000952e-09
84,-0.2880899754840427,-1.0184832976989355e-09
85,0.33575305504234576,-4.696802502479613e-09
86,-0.4603013341557034,-1.0926248839027153e-07
87,-0.33491320963412585,-4.580845036628034e-09
88,-0.687273482644088,-5.889889021504224e-06
89,-0.015008252212727724,1.1102230246251565e-16
90,0.7346214042666297,-1.1404660009262102e-05
91,0.0023715546019953404,0.0
92,0.5864906461444428,-1.2188693899739533e-06
93,-0.054652353946169185,0.0
94,0.5685927207567514,-8.95556053426283e-07
95,-0.543279509258842,-5.692632731868486e-07
96,0.5024839607976175,-2.61710458637765e-07
97,-0.9461867807647106,-0.00013927682282677267
98,-0.9200893290709684,-0.00010570233760021086
99,0.6368934847554912,-2.765869744014715e-06
100,-0.8136464383717648,-3.1371134389002187e-05
101,0.609233360618944,-1.7791783687437501e-06
102,0.6569271736023718,-3.7620175931118993e-06
103,0.9492346912236276,-0.00014376322152931387
104,0.11820245982684718,-1.3855583347321954e-13
105,-0.03768280702231541,0.0
106,0.017017904310011378,1.1102230246251565e-16
107,0.6635904966059811,-4.1585296314261555e-06
108,-0.22382551633496606,-8.183786981419416e-11
109,-0.8993156817785448,-8.437408528128021e-05
110,0.04938957121548637,-1.1102230246251565e-16
111,-0.30413966914901747,-1.7500921822843907e-09
112,0.8274872301948912,-3.706772417055859e-05
113,0.332212465241994,-4.225195859852704e-09
114,-0.30865256113409933,-2.027353951383759e-09
115,0.40207266974021727,-2.837210621997599e-08
116,-0.7370865099344233,-1.1789734648437467e-05
117,0.8519977044314979,-4.946956525953006e-05
118,0.8600776152181062,-5.430637687686701e-05
119,0.49641981458897333,-2.3190287257168762e-07
120,-0.21962465688303867,-6.77231604129247e-11
121,-0.3462719884533316,-6.3902571012519616e-09
122,-0.3984852405844266,-2.5946058856973764e-08
123,0.7903664894611164,-2.3537437096488034e-05
124,0.052021145052818074,-1.1102230246251565e-16
125,0.750616120125922,-1.4118652925554365e-05
126,-0.531788325241912,-4.601584498997724e-07
127,-0.5704034529974282,-9.243321491547718e-07
128,0.9233086217851807,-0.00010940804861492293
129,0.009858543142713616,0.0
130,-0.7208412509212196,-9.452492970130066e-06
131,-0.562792427665797,-8.087146471380535e-07
132,-0.7457870213404019,-1.324389161305728e-05
133,-0.9676253553490113,-0.00017369027676972237
134,0.7486797735852451,-1.3761856680449824e-05
135,-0.8655521759819023,-5.782021419031835e-05
136,-0.6862781380158192,-5.805785613377523e-06
137,-0.2912249101200761,-1.134729310514615e-09
138,-0.06853882749897888,-5.551115123125783e-16
139,-0.3405547397715125,-5.411966985668926e-09
140,-0.32988541693945317,-3.938892878529998e-09
141,-0.7413725128875288,-1.2487116477610805e-05
142,0.029496014504412527,0.0
143,0.6477791188419011,-3.272948786992025e-06
144,-0.26409689756375476,-4.2734915606246204e-10
145,0.3687709034500355,-1.197659549312391e-08
146,0.3358355272220517,-4.708330725300414e-09
147,0.4491209059479624,-8.551552277413776e-08
148,0.23605242095306256,-1.3923229236212364e-10
149,-0.8466319460151346,-4.647468790497378e-05
150,0.5268836013525426,-4.1961505159449075e-07
151,-0.07968833590729107,-2.6645352591003757e-15
152,-0.13724855021701132,-6.166178678768119e-13
153,-0.3694214456007261,-1.2189073639312653e-08
154,0.4330666610884908,-5.949307790853453e-08
155,0.9520512298041908,-0.00014802368025634838
156,0.7711393895581657,-1.8443825039904382e-05
157,0.34709010870484946,-6.542544950249862e-09
158,0.5794991197455108,-1.0818404704293627e-06
159,0.6937804805876195,-6.467192985137871e-06
160,-0.5457945576112433,-5.960387836623227e-07
161,0.32565433213348105,-3.462672037990444e-09
162,0.2862426535630025,-9.551117674533316e-10
163,-0.6156558642178278,-1.974624298961558e-06
164,0.34141973366646416,-5.550739534676552e-09
165,-0.4232629890384034,-4.7350264487100446e-08
166,-0.6896116482905423,-6.091774664485072e-06
167,-0.3516200092757067,-7.446401162347627e-09
168,-0.2231274908102785,-7.932332568572065e-11
169,-0.3540468357063846,-7.975469840104665e-09
170,0.590538013365143,-1.3051365466143494e-06
171,-0.7594057062825403,-1.5844864309721984e-05
172,-0.23433398369201597,-1.294307994115229e-10
173,0.66027855902058,-3.9569885151857775e-06
174,-0.8341362886194026,-4.0120763260653725e-05
175,-0.8837302901776516,-7.099773873620041e-05
176,0.8493609450790822,-4.797691222091505e-05
177,0.3335317501653312,-4.3956981388149075e-09
178,0.12080370880183966,-1.7219559111936178e-13
179,0.9413183341638238,-0.0001323703882097904
180,0.02519491745629132,-1.1102230246251565e-16
181,0.4919355282664266,-2.1186295817710032e-07
182,-0.5927312087970338,-1.3541392198668234e-06
183,0.9324067849130924,-0.00012051851975225514
184,0.4920518635327289,-2.1236251857015276e-07
185,-0.6767123906812091,-5.050794555039317e-06
186,0.9960142906098322,-0.00023091521181939356
187,0.4375657820332264,-6.594961610151273e-08
188,0.4500458261527709,-8.72870640211687e-08
189,-0.11435594514839598,-9.947598300641403e-14
190,0.5456155685616044,-5.940965051021152e-07
191,-0.44519026434630526,-7.834198012535154e-08
192,0.6006134592821695,-1.544196835290279e-06
193,0.7640070484351342,-1.682203284070205e-05
194,-0.7929918624771835,-2.4322954074285086e-05
195,-0.5584696359761758,-7.489980526909079e-07
196,-0.3676431196052232,-1.1616121620150466e-08
197,0.021168861619808466,-1.1102230246251565e-16
198,0.16556399861530324,-4.021005750587392e-12
199,-0.11872117810635618,-1.4477308241112041e-13
