,data,labels
0,0.32047031042929697,-0.05005444820810645
1,-0.8071372324912585,-0.27800369370465605
2,-0.9829040213492699,-0.3831011195649825
3,0.5377691172152743,-0.13462973508651932
4,0.8134428096367332,-0.2816832148377497
5,-0.8647964522025158,-0.31197936713631835
6,-0.10999212410440817,-0.006030874509290518
7,-0.2855822741818279,-0.039958357314292314
8,0.11784700011006222,-0.006919904150931688
9,0.9653343188086658,-0.37245203555503814
10,-0.46422912702440167,-0.10215186635408657
11,0.8499876950303875,-0.3031879364812544
12,0.33562452564184175,-0.054765194672429574
13,0.5482285336814454,-0.13953063260137988
14,-0.9498522988851354,-0.3630790286037635
15,0.5673503877973398,-0.14865960074871976
16,0.10415019785439328,-0.005408950519344868
17,-0.7608393726274731,-0.2513159963471101
18,0.05312295484353813,-0.0014100291391134778
19,0.9149030058777692,-0.3419825018531675
20,-0.07656631570653327,-0.002926908577062348
21,0.4828197539883965,-0.11002104038792249
22,-0.023517510991302393,-0.00027649842887478293
23,0.85608199483509,-0.30680101886442224
24,0.5177483412022048,-0.12543763533207553
25,-0.2719915413661065,-0.03631393804886818
26,-0.3302936085958621,-0.053085934592708384
27,-0.3860168041457699,-0.07179669037298764
28,0.7486242440410813,-0.24438185482508346
29,-0.42105038280012286,-0.0848265898999272
30,0.13523567267489112,-0.009102661221510044
31,-0.8539022602551807,-0.3055079299270702
32,-0.30100484554426155,-0.044291146173139784
33,0.564694984908634,-0.14737905847104027
34,-0.1339815329969527,-0.008935365803830253
35,-0.8654643039292242,-0.31237677606523573
36,-0.421521117860975,-0.08500806358018109
37,-0.947729914250633,-0.3617951688362814
38,0.5376937297616178,-0.13459465382018998
39,0.29282428538402683,-0.04196697721306242
40,-0.302048186321193,-0.044591760025147975
41,0.7879543875948454,-0.2668727998083599
42,-0.46086950112359903,-0.10075553228278578
43,0.16602492933405855,-0.013687599722504995
44,-0.579467604112764,-0.15455431441367462
45,0.35637156328332775,-0.06152620499699024
46,-0.22140564031522314,-0.02421229225208532
47,-0.08666615113472553,-0.0037484677648684794
48,0.997869738824523,-0.3921772735267586
49,0.36943388536415367,-0.06596437382798803
50,-0.648616180905681,-0.18970060411965128
51,-0.933764500560907,-0.3533551616257017
52,0.5436698949473704,-0.13738644203630535
53,-0.14295788289547984,-0.01016644687083168
54,-0.15471591721766065,-0.011897169819683473
55,-0.5532792841821355,-0.14192089189220125
56,-0.5911486969266055,-0.1603149441308438
57,-0.7011653876685475,-0.21793424041561904
58,0.37958884469147436,-0.06950990289337067
59,0.5382836504338517,-0.13486926449818581
60,0.810546140822302,-0.2799916884368545
61,-0.20987419215871306,-0.02178283966863037
62,0.6586847628071881,-0.19501594432705005
63,-0.9245736838314289,-0.3478092825595086
64,0.6536683709334705,-0.19236186183374493
65,0.04150860038749138,-0.0008611109840218623
66,-0.10851668172919915,-0.005870635187102069
67,-0.05772878257819625,-0.0016649186516392023
68,-0.4965452028648969,-0.11598263179260937
69,-0.23687855776007538,-0.02766581857841821
70,-0.9029689057098513,-0.33480591405142424
71,-0.25076875379471897,-0.03095330940136254
72,0.3832475423495918,-0.07080749050432522
73,0.6589235798996271,-0.19514258548158336
74,-0.5353816114896222,-0.13352041894814037
75,-0.48086491633908035,-0.10918235333017412
76,0.9587362155824612,-0.3684559376615334
77,0.8570777224388819,-0.3073920102149905
78,-0.19621852425367625,-0.019066740273947058
79,0.6744413429583247,-0.2034262509716953
80,-0.7267709148210368,-0.232101703714238
81,0.5885200359973866,-0.15901202400725456
82,-0.9860055875595497,-0.38498185610919233
83,0.860862315135813,-0.3096399202575896
84,-0.24416669348089104,-0.029368789944203666
85,0.11777491076634461,-0.006911469970810047
86,-0.11738971123198438,-0.006866489339526272
87,-0.478755834566734,-0.10828042583283559
88,0.9973915831212083,-0.3918872590674869
89,-0.11257989483160613,-0.006317079186576091
90,-0.21925740554474205,-0.02375031934583416
91,-0.8663519106004001,-0.31290507047378924
92,-0.6355946173822242,-0.18289711255237306
93,-0.5603068625474892,-0.1452719152066213
94,0.6663537892728089,-0.19909559710951774
95,0.8407827458345629,-0.29774438187132557
96,0.05372139301275025,-0.0014419534183187643
97,0.6022391656472794,-0.16585331126805924
98,0.38021872158349335,-0.06973253566293314
99,0.5217867694725147,-0.12727145489975755
100,0.21042249711530547,-0.02189554861806786
101,0.9830263875892751,-0.3831753167832985
102,0.7713381434201378,-0.2573135032331244
103,-0.4764675830963412,-0.10730533661072073
104,-0.5023953332136903,-0.11856193049226671
105,-0.4010023573719246,-0.07725415996621432
106,0.8372926520325827,-0.2956849386251086
107,0.09257721429854726,-0.0042761016342697244
108,0.18358594905634362,-0.016710701342604883
109,0.6428323254301684,-0.18666865928695597
110,-0.45887398757923203,-0.09992993459537558
111,0.6778999046640133,-0.2052869241654368
112,-0.4324955773727164,-0.08928585472937245
113,-0.8286461783058914,-0.2905939755849424
114,0.6148449579599427,-0.17222769896368761
115,-0.5567078323414627,-0.14355211136677393
116,0.82201894031612,-0.2867031238342117
117,-0.8102722551767207,-0.279831858053356
118,-0.8996250774714454,-0.33279813989061247
119,-0.45649831172132016,-0.0989507436221575
120,0.041660026424031216,-0.000867402489603597
121,0.34369152507252676,-0.05735161294233271
122,-0.558077568860843,-0.1442057436254245
123,-0.6708717779913833,-0.20151130662053296
124,-0.14945462822561573,-0.01110620853485178
125,0.4866972116624617,-0.11169230081605941
126,-0.31701637883252287,-0.04900806043955919
127,-0.3219960759863356,-0.05051992765523561
128,-0.7220700983379795,-0.22948227000153398
129,0.042639115429492724,-0.0009086340241784008
130,-0.19704790105067582,-0.019226700792599694
131,-0.08056409336384096,-0.0032400263191876277
132,0.8722350557901428,-0.31641002733624135
133,-0.8835652478010732,-0.3231758397517088
134,0.7099483822215891,-0.22276564018498268
135,0.9235404165426877,-0.3471862748412611
136,0.36068491641417966,-0.0629763945369004
137,0.1565627006930106,-0.012181141481784175
138,-0.13140826455864274,-0.008596899492272492
139,-0.4277247831901301,-0.08741518059937392
140,-0.5139754056150179,-0.1237338051338599
141,-0.8063014151130992,-0.27751670907233483
142,0.14854225337516125,-0.010971766771723512
143,-0.7085315975254276,-0.221984251208452
144,-0.35539973977218287,-0.06120157015088634
145,-0.21433119804476264,-0.02270715340942464
146,-0.8713247430653668,-0.31586732025759956
147,-0.9496868575707418,-0.36297894063020564
148,0.763101851589054,-0.2526055726075028
149,0.01805498635311542,-0.00016297798375086714
150,-0.6081794295274108,-0.1688467703521761
151,-0.472245726733592,-0.10551577631454379
152,0.9011303308572454,-0.33370178380384463
153,-0.45225581648259316,-0.09721212247543276
154,0.25633462395108664,-0.03231989824553405
155,0.507205252840756,-0.12069950904925608
156,0.9378762468931212,-0.35583857686376164
157,0.34721868038106374,-0.05849950582332952
158,-0.09105452659248026,-0.004136882833974398
159,0.9986575452129756,-0.3926551007890593
160,0.14794999159860667,-0.010884925774304555
161,-0.07701901842164993,-0.002961570471664232
162,-0.2482426427302633,-0.030342347002292436
163,0.21752365429427623,-0.023380607201667347
164,-0.06259474325710657,-0.0019571332539025654
165,0.5576861427053628,-0.14401884381287777
166,-0.31777575577965855,-0.0492372439934623
167,-0.26821555883347026,-0.035330567187597306
168,-0.5964472749937677,-0.16295268090229476
169,-0.6666558922067207,-0.19925684543363031
170,-0.2302003214643331,-0.026148152307688077
171,-0.21813614722651709,-0.0235108983607909
172,0.6185838046518355,-0.17413417794469033
173,-0.2195979303725799,-0.023823262552103763
174,-0.8467980395910071,-0.30129975301219936
175,-0.05478081842412941,-0.0014993438927649594
176,0.7922940624521071,-0.2693823017878453
177,-0.03876610744820641,-0.0007511233088929314
178,0.02103215232015443,-0.00022115125806365654
179,0.3533488300559664,-0.06051901314774921
180,0.530823215597815,-0.1314122334737583
181,0.1293065187251492,-0.00832523953701314
182,0.27763426236052324,-0.03780716076337176
183,-0.692889152905585,-0.21340965161928804
184,0.65477140400435,-0.1929444644154339
185,-0.8972355373394452,-0.3313642287667885
186,0.1977154490416837,-0.019355920676370042
187,-0.8983896392618558,-0.3320566884305407
188,0.947944405761699,-0.36192490462054594
189,-0.046879357144323563,-0.001098233562756623
190,0.48283483825464724,-0.11002752216606382
191,-0.9213446165732369,-0.3458626610939731
192,0.266692138692489,-0.034937437771931146
193,0.6425836875114683,-0.18653867726739426
194,-0.8240797090627348,-0.28791193145627314
195,-0.2753639504885459,-0.03720296497761433
196,-0.8076698770277773,-0.27831412802338407
197,-0.762905714223225,-0.2524937140068164
198,0.009282714825434857,-4.308346914583261e-05
199,-0.19731311669452878,-0.019277989339972268
200,-0.7154989348496932,-0.22583431336831084
201,-0.6610721114809166,-0.19628308557412233
202,-0.21109943554343125,-0.02203508697493506
203,0.9668766600843479,-0.3733864260953168
204,-0.915038666068809,-0.34206417328419403
205,-0.5858673382690935,-0.15770104054682277
206,-0.08620862155015341,-0.0037090675674501528
207,-0.49203157532896213,-0.11400815752684446
208,0.9977968916435529,-0.3921330896856188
209,0.12053618162542357,-0.007238162943943416
210,-0.65935266989785,-0.19537019077527762
211,0.6577443959262974,-0.19451753459455523
212,-0.49133448498404264,-0.11370443399667896
213,-0.2626223909124683,-0.033897420167186554
214,0.815388466093669,-0.28282053892836667
215,0.9726401372224227,-0.37687891321395395
216,0.05405080871424128,-0.001459678592704794
217,-0.08466029604607694,-0.0035772691357482955
218,-0.3004792707759769,-0.044140072562917076
219,0.6645326118654098,-0.1981244006014976
220,0.7778734964049334,-0.26106372134874367
221,-0.5564974352091023,-0.14345180893874132
222,-0.20041348836280748,-0.019882467277162474
223,0.5904170474813093,-0.1599519152039105
224,0.9521208055358785,-0.36445158946133216
225,-0.5544904429030011,-0.14249633477420687
226,-0.8242734479581819,-0.2880256250840646
227,0.12275876839842148,-0.00750654173308396
228,0.744788744158484,-0.2422146680735081
229,-0.2538423144597055,-0.031704490907350946
230,0.36182775773951215,-0.06336317300947703
231,0.6919378411024129,-0.21289135298288486
232,-0.544824367546809,-0.13792826776979905
233,-0.9426305251060179,-0.358711697592341
234,-0.5204644899172031,-0.12666987331134016
235,-0.10130904134649521,-0.0051186159394164266
236,0.2655258165428005,-0.03463786598109719
237,-0.5852457972952789,-0.1573944322397801
238,0.5455213063065436,-0.13825575150026415
239,0.03189748320751051,-0.0005085953390079334
240,0.2473762829860382,-0.030134146774254522
241,0.05255038479524443,-0.0013798186447320226
242,0.8860797084694425,-0.3246799989920862
243,0.5602107014720668,-0.14522586541624072
244,-0.5444512093231686,-0.1377530458940761
245,-0.4303623242009962,-0.08844729571261656
246,-0.6999097607508182,-0.21724602191467968
247,0.9364787826693659,-0.3549943839660874
248,-0.6294197105003738,-0.17969953571807007
249,-0.9436866995879021,-0.35935019249159317
250,-0.6927017388248318,-0.21330751439548534
251,0.5218145716640064,-0.12728411565735898
252,0.8449481008707524,-0.3002055616621898
253,-0.7847141707017027,-0.2650024880301256
254,0.8424681104469982,-0.29873978721153704
255,0.04455828767772729,-0.0009922279164025216
256,0.2882326972106761,-0.040688120638686764
257,-0.8144709488661708,-0.28228409467839266
258,-0.9537997216015459,-0.3654676159660868
259,-0.6988042330290105,-0.21664059497058252
260,-0.050137122703781234,-0.001256076011828644
261,-0.5063723050298559,-0.12032825280708526
262,-0.9143862955127033,-0.3416714450931593
263,-0.15723935214756524,-0.012286009983634383
264,0.6756542248945812,-0.2040781814066147
265,0.5370858111779793,-0.13431188903003988
266,-0.7407465178593242,-0.23993604798998736
267,-0.2698613138248942,-0.03575760062809674
268,-0.2993320410991529,-0.043811142174302375
269,-0.15475387892198444,-0.011902973919104998
270,0.8970302462314954,-0.3312410724991667
271,0.13246525848879132,-0.008735147316096703
272,-0.04248933546838396,-0.0009022645286279607
273,-0.9420899473800306,-0.35838492995264437
274,-0.8009453001337272,-0.2744002225574077
275,0.39739803614715363,-0.07592551541517345
276,-0.4977015770028437,-0.11649067253484158
277,0.2511094162832015,-0.031036145333684706
278,-0.8626893757463427,-0.31072604844588114
279,-0.8386706199052723,-0.2964977501460344
280,-0.384041230697892,-0.07109038105072485
281,-0.6684631447857845,-0.20022231842674143
282,0.745875820658952,-0.24282840224743507
283,-0.07174459662199717,-0.0025703345909295905
284,-0.5723466912344004,-0.15108003554324945
285,-0.8703690675891638,-0.31529771587320754
286,0.21362117829587302,-0.02255866464751599
287,-0.34643270035705154,-0.058242819626452946
288,-0.03680846489119638,-0.0006772021388798954
289,0.14697331141212922,-0.010742460320403824
290,-0.4394358984604223,-0.0920372763095132
291,0.9198917580917749,-0.3449871487449149
292,0.42087360706295573,-0.08475848394313312
293,0.6289292736439096,-0.17944637625170468
294,-0.5681578357347639,-0.1490497928889173
295,0.6106315395967863,-0.17008785946795169
296,-0.7128519658811492,-0.22436944620032995
297,0.8309127593290264,-0.29192694586704304
298,-0.502358098326023,-0.11854544220990104
299,-0.7052588325158482,-0.22018222658584885
300,-0.200262478201076,-0.019852815263075363
301,-0.7475232706380455,-0.24375926433518724
302,0.973629279450515,-0.3774784214468534
303,-0.22948873723659613,-0.025988862168030757
304,0.7936090386644663,-0.2701437288970766
305,-0.9640532973762352,-0.3716760365063341
306,0.23301090786596945,-0.02678187254034492
307,0.24576315813652383,-0.029748308091611442
308,0.2657267561743073,-0.03468939066328813
309,-0.8716933344156761,-0.31608704937892973
310,0.8739119058933114,-0.3174100799627162
311,0.07328530954602108,-0.002681765921471513
312,-0.10917629097375148,-0.005942007284588491
313,-0.8019103566994088,-0.27496120128535395
314,0.14652492152038832,-0.0106773642209963
315,0.29915812387270124,-0.04376137710615191
316,0.4094072384962191,-0.08039140848048132
317,-0.15675796002862707,-0.012211357797944022
318,-0.4150047024546697,-0.08251078283367264
319,0.802666556564543,-0.27540094197390264
320,0.6549548255105666,-0.1930413988592924
321,-0.6418480058596068,-0.186154253305995
322,-0.8981606127521409,-0.3319192591072119
323,0.13856225714371018,-0.009553819047926182
324,-0.8943917480488157,-0.32965870413949283
325,0.09640815868837671,-0.004636484696223242
326,0.9009782475689487,-0.3336104711720229
327,-0.8240899677321227,-0.2879179514332595
328,6.764305149187244e-05,-2.287791178723353e-09
329,-0.6797991706888484,-0.20631090008450448
330,-0.4324020821276542,-0.08924903207323942
331,0.7991276598284582,-0.27334430336248383
332,0.2931293428453152,-0.04205259736134759
333,0.7215071445730821,-0.2291691191240025
334,-0.8683848587958916,-0.31411556770668503
335,-0.8047078480559675,-0.27658871552108855
336,-0.8338590062788398,-0.293661306843648
337,0.35229050637058834,-0.06016814787705482
338,0.4004385820670182,-0.07704567308617527
339,0.6063743706918927,-0.16793518513732675
340,-0.5971897030491244,-0.16332349005067437
341,0.4916325207004537,-0.11383424874239578
342,-0.4821948107974887,-0.1097526359869655
343,-0.0496992896046744,-0.0012342473829856093
344,-0.5215749241235117,-0.12717499939784793
345,0.8226688027575166,-0.2870842152616063
346,0.22422762238817362,-0.024825659618120333
347,-0.47915711777284975,-0.10845179536066984
348,0.9039647658121053,-0.3354041376891723
349,0.2624065049837456,-0.033842666514709796
350,0.903462208630943,-0.33510223116024396
351,-0.9237002482587757,-0.3472826385859399
352,0.9021576485304896,-0.3343186733058061
353,0.3401047634373069,-0.05619492740729304
354,0.6983790942639612,-0.21640790393016884
355,0.07556849332789262,-0.0028512261038778908
356,0.3736411797008814,-0.06742328764166083
357,-0.7851301852831751,-0.2652424542538343
358,-0.5461404055135812,-0.1385469058930765
359,-0.7206637241026499,-0.22870017398718623
360,0.16278415172700056,-0.013161953883150779
361,-0.6256263383638285,-0.1777445432959731
362,-0.20753502814138547,-0.021305163022768636
363,0.4210632620886767,-0.08483155279162546
364,0.9994058409487763,-0.3931089646484671
365,0.6208955802930665,-0.1753165479927712
366,-0.9323830470453782,-0.35252110025693073
367,0.41223431611053285,-0.08145884234444822
368,0.10560709665551027,-0.0055609100104516695
369,0.5090227369037217,-0.12151115862514372
370,-0.34343315662481433,-0.05726793441407352
371,0.4335125295779294,-0.08968679434563465
372,0.44843487236811197,-0.09565731796994903
373,-0.539126490225156,-0.13526198108566
374,-0.5295215368534494,-0.1308126019144118
375,-0.38397805168952304,-0.07106784417750167
376,0.857546244028587,-0.3076701536290821
377,-0.7551325229399442,-0.24807039034890987
378,-0.7501998829788308,-0.24527356429741443
379,-0.16300154862246163,-0.013196899567937903
380,0.9466569582832693,-0.36114623357733777
381,0.935816987286743,-0.35459465444135374
382,0.578018943128819,-0.15384519316036493
383,0.7982538964905634,-0.27283701754634937
384,0.32092911692517134,-0.050194212070295174
385,0.3924553225523699,-0.07411995160757812
386,-0.6556712047868487,-0.19342013881676012
387,-0.07082876030754215,-0.002505213345546431
388,0.47052394900978234,-0.10478950041644464
389,-0.8764520259148239,-0.3189258378082068
390,0.10299899657094347,-0.0052903531770988055
391,0.962798796579263,-0.37091617328693693
392,-0.5814659191579037,-0.15553442520299599
393,-0.38960345631250015,-0.07308686803729814
394,-0.08172032253992678,-0.003333536944837734
395,0.46876918984008653,-0.10405143847878251
396,0.3126500284142215,-0.04769985939438981
397,0.21672650842410168,-0.023211558934661203
398,-0.6923058784715166,-0.2130918250437951
399,-0.9741221437820073,-0.3777771530091777
400,0.5284657041118384,-0.13032700013469956
401,0.6146031002837997,-0.17210462016738182
402,-0.9934756289128845,-0.3895121654286178
403,-0.6843537903773791,-0.20877274785587085
404,-0.05127796920817462,-0.0013138512038264327
405,0.28017244528774143,-0.03848806347641709
406,0.5327280569982884,-0.13229162246694504
407,0.2023051941053582,-0.0202557353207784
408,-0.9436200589879586,-0.35930990355976233
409,0.7486766211894762,-0.24441148367496834
410,0.7960972518657086,-0.271585785925907
411,-0.4508830311950245,-0.09665230367290234
412,0.17425046673359135,-0.015066952871284456
413,-0.578432972340623,-0.154047740437523
414,0.04040565170759347,-0.000815975255941237
415,0.6724758808019449,-0.2023711620877071
416,-0.9424487457983395,-0.35860181355936693
417,-0.8759207485822185,-0.3186087253686749
418,-0.22397109912404245,-0.02476959845247384
419,-0.23010217677595235,-0.026126154574290683
420,-0.9740565363472609,-0.377737387030173
421,-0.9531957615177733,-0.3651020996628842
422,0.3165694644483812,-0.04887341012201085
423,-0.7341036138431327,-0.23620363089649432
424,-0.05601970627766817,-0.0015678733460614547
425,-0.8825146546650695,-0.3225476479976426
426,-0.46943216522271625,-0.10433003712891575
427,0.5479150552291103,-0.13938278377929603
428,0.33951802823758026,-0.056006733445414514
429,0.3171766470331865,-0.04905638908554444
430,-0.9470441850240883,-0.3613804237314707
431,0.8058533043598599,-0.27725569234803404
432,0.5714901737475655,-0.15066408331927572
433,-0.8116644037986498,-0.28064446076629546
434,-0.5494747056372717,-0.14011896101787447
435,0.5696437387367443,-0.14976882385571844
436,0.17151312017133913,-0.014600735426586908
437,0.25515588830818947,-0.03202814125171238
438,-0.7396899991146304,-0.23934140409078697
439,-0.42807753493025924,-0.08755291838332446
440,0.16229892979142457,-0.013084120159318147
441,0.8158834899086622,-0.283110048307858
442,0.2477276371908872,-0.030218500507282142
443,-0.37945263952234165,-0.06946180211692865
444,0.42061627624808007,-0.08465938479496582
445,0.17843732103127152,-0.0157938863453142
446,-0.22147908011027106,-0.0242281610478009
447,0.25624648987268883,-0.03229804010629933
448,0.46818401545978827,-0.10380578901740434
449,-0.7959589017082727,-0.2715055608068231
450,-0.4111839564293849,-0.0810615400481639
451,-0.6570951660350093,-0.1941736679503392
452,-0.1987128894844712,-0.019549781542991918
453,-0.6959735431126275,-0.21509264428067976
454,-0.6162455599440106,-0.17294104199218252
455,-0.6194288501227325,-0.17456606588565837
456,0.8395917406443825,-0.29704130587674127
457,-0.64413063309209,-0.1873478625739814
458,-0.9050941446795697,-0.3360827132195071
459,-0.4538297908356661,-0.09785565095710869
460,-0.8629741113630078,-0.31089536773185444
461,-0.0602300641315181,-0.0018121863165687646
462,-0.8882479548593611,-0.3259777890330623
463,0.8472996561024413,-0.30159656327612905
464,0.9474396988453175,-0.3616196360058157
465,0.9237012279524979,-0.3472832292582113
466,-0.03211778658520492,-0.0005156431179350607
467,0.17498580375889317,-0.015193413287623025
468,0.8212259151418808,-0.28623821149230266
469,0.3378955367180114,-0.05548782043000966
470,-0.15827782582178695,-0.012447812076764708
471,0.4392636783507271,-0.0919685728300047
472,-0.21021777293427557,-0.02185343286413044
473,0.880953816673747,-0.3216146662060546
474,-0.9655732379395656,-0.37259677244971523
475,0.49690820739717756,-0.11614201817012437
476,0.1446201005583596,-0.010402997334432396
477,-0.4551101363142489,-0.09838043671896235
478,0.4765280510675056,-0.10733105732319848
479,-0.14526942358798145,-0.010496129835566581
480,0.5626122419292172,-0.14637754011398552
481,0.10553948278486791,-0.005553811461353919
482,0.8881506841375,-0.32591955383676474
483,0.39567360954367814,-0.0752934200389741
484,0.3498445168613171,-0.059360760658360934
485,0.41311471102240116,-0.08179250292565932
486,0.38330730174198924,-0.07082877288153844
487,-0.700697752344976,-0.21767785260104344
488,0.5420727106861536,-0.136638175228449
489,0.47131139348120477,-0.10512140218971877
490,-0.3031806233020675,-0.04491911444610541
491,-0.2685050408863725,-0.03540550509484408
492,0.41776039971479983,-0.08356292847117619
493,-0.8987820051918518,-0.3322921466734222
494,-0.27504795021763684,-0.03711923154346508
495,-0.5913986347321993,-0.16043902499895568
496,0.24542943334382894,-0.02966878147783203
497,-0.9211414095561983,-0.34574019312967874
498,0.10888935572238023,-0.005910907335369808
499,-0.4215001568589134,-0.08499997932962688
500,0.6663700256005038,-0.1991042622638557
501,-0.9179732550311512,-0.3438313590625198
502,-0.06253924746815809,-0.0019536678386838924
503,0.9167934596398457,-0.3431207870978399
504,0.05010055003118241,-0.0012542453327193392
505,-0.39008535812842493,-0.07326098781815593
506,0.07346028819098427,-0.002694570081884784
507,0.048454882102978214,-0.0011732490043885324
508,-0.3737149356595557,-0.0674489900187375
509,-0.8070776422085482,-0.2779689679082459
510,-0.9568530028235054,-0.3673157740753248
511,-0.3823006895638321,-0.0704706615424574
512,-0.9846844208983547,-0.3841807010725662
513,0.931479945811901,-0.3519759341906915
514,-0.005831158146410109,-1.700105814461672e-05
515,0.35559599592359525,-0.061267066558919
516,0.9416255862355545,-0.3581042504309715
517,-0.6167730131331051,-0.17320994112722732
518,-0.3491095871355612,-0.0591191348375083
519,-0.2875976858133742,-0.04051271416220148
520,-0.7402241090783954,-0.23964197099219597
521,-0.12615847222434207,-0.007926399162598297
522,0.08277213226259872,-0.003419752221736072
523,0.513392901265209,-0.12347156667986603
524,-0.789028761952175,-0.2674935946279243
525,-0.31225304590442526,-0.047581730858329174
526,-0.776380327289591,-0.26020577538696155
527,0.3839531014760671,-0.0710589449433674
528,0.16162002926938124,-0.01297559847426455
529,-0.6362203337831687,-0.18322217126779583
530,-0.20055644452243415,-0.019910557592820344
531,0.046918245703868156,-0.0011000553849391803
532,-0.2796692883257059,-0.03835263062415628
533,0.89260033128523,-0.32858488075380676
534,-0.10332756872313342,-0.0053240698625725
535,0.7604701589564757,-0.2511057033047387
536,0.2446895697513929,-0.029492834189249195
537,0.8342432867415464,-0.2938876588718248
538,-0.4941789860153034,-0.11494583734745456
539,0.8356171236118235,-0.2946971462577822
540,0.6080637740709116,-0.16878831114417414
541,-0.0388954931265153,-0.0007561436719600856
542,-0.3449253332321571,-0.05775197487644457
543,0.9993336188574042,-0.39306515975316514
544,-0.9359145900206032,-0.3546536050478286
545,0.9529170223311318,-0.3649334139872229
546,-0.3376970016894174,-0.05542447517090099
547,0.38739774457845266,-0.07229223690835362
548,0.2637011073268425,-0.034171635447562965
549,0.7993195019160879,-0.2734557091030345
550,-0.5357151975660146,-0.13367520299059132
551,-0.9555080825656179,-0.36650162727136726
552,0.8978569205070046,-0.33173703641770025
553,-0.943620008814591,-0.3593098732265485
554,0.9461503682605976,-0.3608398689522978
555,0.8738656883926805,-0.3173825103116962
556,-0.18783266811838328,-0.017485871909505013
557,0.8084545134659669,-0.2787715571276843
558,-0.11563165288490085,-0.006663042407547781
559,0.9484541930165911,-0.36223326277470735
560,0.4346767582250286,-0.0901467371334107
561,0.9834244375496877,-0.3834166779750351
562,0.9515963509663872,-0.36413424030752517
563,-0.24223053152571317,-0.028911639359840424
564,-0.8117206591104038,-0.2806773072408054
565,-0.713661575291396,-0.22481721205367933
566,0.296364556748534,-0.042965631330144416
567,0.7761561061930369,-0.26007699877053947
568,0.6577434738015324,-0.19451704605159437
569,-0.9850453815666069,-0.3843995843808674
570,0.4391768883277094,-0.09193395806809201
571,0.1620070499871329,-0.013037409131692046
572,0.3262536518776893,-0.05182929339726128
573,0.19848759935012872,-0.01950591259538348
574,0.2720401039711613,-0.03632666806200391
575,-0.8135716516708944,-0.28175850049484163
576,0.3136637044218942,-0.04800210919656156
577,-0.6438674940357609,-0.18721013781238138
578,-0.8143838263469425,-0.28223316736417026
579,-0.052387530399982785,-0.0013712855981907746
580,-0.8617861128493618,-0.31018901393050313
581,-0.42288752472503766,-0.08553577283277425
582,-0.9143953674604794,-0.3416769061072349
583,-0.30052649978982116,-0.04415363846558895
584,0.5535988622946826,-0.142072644361803
585,-0.7801482943506313,-0.26237202514079205
586,-0.3676818766425829,-0.06536105673372661
587,0.11121052443414214,-0.006164809474043853
588,0.6864208133400351,-0.2098928947881774
589,0.9929262819389071,-0.38917898509188875
590,-0.3446211429622139,-0.057653149864435926
591,0.7880717865740552,-0.2669406196849494
592,-0.060837361818163016,-0.001848881006369374
593,0.013152570697017918,-8.649131738036608e-05
594,-0.10023718330845521,-0.005011148549628031
595,-0.7222477128392846,-0.22958109480886035
596,0.6846806878206817,-0.20894977854570884
597,-0.09830193660275532,-0.004819981795913364
598,0.6427722387569121,-0.18663724469201637
599,0.7703797342814962,-0.25676460501027054
600,-0.45267781320669287,-0.09738448389785004
601,-0.6763696096778369,-0.204463003014969
602,-0.34574021322635984,-0.058017090659413406
603,-0.4232654156260287,-0.08568196271354311
604,0.4532197482973006,-0.09760602068893176
605,0.9420995032216639,-0.35839070607144474
606,-0.5127267385418326,-0.12317193442743846
607,0.5068523904185138,-0.12054217807770895
608,-0.8359300574054898,-0.29488158831521827
609,0.04408448309205859,-0.0009712488569524336
610,-0.5488365246643259,-0.1398175537247096
611,0.3825565003474545,-0.07056159235347303
612,0.4860366328204937,-0.11140685618136903
613,-0.23253298813252044,-0.026673599595055553
614,-0.7887829571318326,-0.2673515355102305
615,-0.9517741223094371,-0.3642418084795206
616,0.20915269355605037,-0.021634957609142913
617,0.3544578111100696,-0.06088766085574304
618,-0.4911949678834566,-0.11364368536720526
619,0.32016327084528484,-0.04996101653121787
620,-0.21552521778694578,-0.022957922450957402
621,0.9944585100389707,-0.3901082911771919
622,-0.5133651329830087,-0.1234590711052389
623,-0.7855265432164433,-0.26547112747192614
624,-0.4692462954154606,-0.10425189906277577
625,0.5501555553465356,-0.1404407899108231
626,0.9219870850955623,-0.34624988816853575
627,-0.049375669855230786,-0.0012182357344623362
628,0.009349139290522501,-4.370224776573117e-05
629,0.28942287436887426,-0.041017833403240056
630,-0.7228609500970209,-0.22992238967793455
631,0.11632530661770679,-0.00674295206411879
632,-0.9330970978599715,-0.35295219304472025
633,0.08128857801386036,-0.0032984645316667116
634,-0.8227596924384111,-0.28713752242708934
635,0.2804862542830635,-0.03857264383771353
636,-0.8579698582572648,-0.3079216718756912
637,-0.23600211196117948,-0.02746430366969166
638,0.34541042343981143,-0.057909729377209285
639,-0.16903473504681288,-0.014184804875368329
640,-0.7061458196376722,-0.22067019990477021
641,-0.8561080808059607,-0.30681649925988963
642,0.23516381591621283,-0.027272220314014328
643,0.33195248466580507,-0.0536059241804101
644,0.3640280166348213,-0.06411081204266655
645,-0.54213007419524,-0.13666502263394287
646,0.4974333358093923,-0.11637274436423539
647,-0.214073796738818,-0.02265326790302602
648,0.7122686521189721,-0.22404699127224015
649,-0.6406094125863941,-0.18550762271271737
650,-0.5090564857902726,-0.12152625051220978
651,0.9310255070405036,-0.35170163408919364
652,0.023109432650276762,-0.0002669872912569593
653,-0.783481182037916,-0.26429156092806816
654,0.9093567183808697,-0.3386451999850527
655,-0.29811702921747396,-0.04346402674824901
656,-0.8669765008514119,-0.31327690119264595
657,-0.7472928838679824,-0.243629033812916
658,0.34374810323345306,-0.057369944480221924
659,-0.6570638608425428,-0.19415709193169428
660,0.39859406599106895,-0.0763652841974295
661,0.0005941159630116211,-1.764868732267999e-07
662,0.9559511155546454,-0.3667698062081206
663,0.8177532632206355,-0.28420409372278477
664,-0.19364239368113267,-0.01857402493161131
665,-0.20751768949848892,-0.021301641451785147
666,-0.11900079270968256,-0.007055585984181878
667,0.5230982939740758,-0.12786924034238178
668,-0.21744342138407524,-0.02336356569192266
669,0.04844464840738838,-0.0011727537658372533
670,-0.451758902587297,-0.09700932565570863
671,-0.46076247038884977,-0.10071117912679306
672,0.7729023450430521,-0.2582099426940836
673,-0.18516361871464038,-0.016996681398960822
674,-0.6167210921746404,-0.17318346515094474
675,-0.5456949561577322,-0.13833739339394047
676,-0.42536998048618524,-0.08649808802910097
677,-0.6305227551223287,-0.18026935333630534
678,-0.8180228287757836,-0.2843618910322988
679,0.9978386546280038,-0.39215842009541124
680,0.28306462308337244,-0.039270887326750104
681,-0.13621375690507942,-0.009234194313850752
682,0.24850400563542152,-0.03040529084196575
683,-0.6688946497688795,-0.20045305161109994
684,0.10416317784072127,-0.005410295158176592
685,-0.1707438686349143,-0.014471008084147252
686,-0.7872070692104203,-0.266441173514552
687,0.21548970116214838,-0.02295044404693669
688,-0.39506900613398166,-0.07507234912952299
689,-0.7340405656586193,-0.23616828012168078
690,-0.5613794614254737,-0.14578593059545697
691,-0.5931546958544665,-0.16131177662009666
692,0.9771005445814425,-0.37958255995782064
693,0.3138461681647371,-0.04805660846859672
694,0.9938983370772501,-0.3897685406471415
695,0.5841125659508051,-0.1568359563638908
696,-0.6016939279129436,-0.16557948698181357
697,0.6230699603304006,-0.1764311182359084
698,-0.20176307240271596,-0.020148420907367792
699,0.16739003062124969,-0.013912031857141627
