,data,labels
0,-0.4934586975038562,-0.1146309746344365
1,-0.5977005608394916,-0.1635788127044815
2,-0.34326312197718356,-0.05721289509143457
3,0.5249121833324446,-0.1286977959223342
4,0.7622073866070052,-0.25209555021707075
5,-0.9211736790859428,-0.3457596409232614
6,0.08397322656013873,-0.0035195432263198656
7,0.7884430050871165,-0.2671550930161375
8,-0.6236934981736142,-0.1767511789807139
9,-0.9154073709582078,-0.3422861544323289
10,-0.9225164817685274,-0.34656899527245233
11,-0.2556623298760936,-0.03215334011064608
12,-0.17248423001353297,-0.01476531253271729
13,0.6930841553019347,-0.21351593958347292
14,-0.01555909134355593,-0.0001210353363511052
15,-0.9622571087952054,-0.3705880899787216
16,-0.19433775295571531,-0.018706403297457208
17,-0.6847896186966365,-0.20900877983205468
18,-0.5613374884605975,-0.14576580346932677
19,0.25379638055514064,-0.031693201567778106
20,-0.2370864772145458,-0.027713727488341222
21,0.9435506814307681,-0.35926796027595576
22,0.42928503325923395,-0.08802510791031093
23,0.41309492479123455,-0.08178499766209468
24,0.7087078908918456,-0.22208143872421815
25,0.20921856318404153,-0.021648438388151003
26,-0.730325805728165,-0.2340879179774631
27,-0.9940450843661832,-0.38985754413594964
28,0.5376604063147639,-0.13457914799457027
29,0.9643586608868664,-0.3718610087863369
30,-0.467128724461634,-0.10336339586964793
31,-0.9164443534024513,-0.34291055383707214
32,0.7019927083762394,-0.21838804381488786
33,-0.9720697385190005,-0.3765332157099489
34,-0.017676867976394117,-0.00015622362654565958
35,0.977632576755985,-0.37990508724292693
36,0.8048123465600705,-0.27664954912222406
37,-0.7251343011254465,-0.23118881849786221
38,-0.668409798675951,-0.20019379905745394
39,0.989920223104017,-0.3873558541297898
40,-0.4601793286213598,-0.10046966983612271
41,0.4270521011448698,-0.0871527779110659
42,-0.2699971373005945,-0.035792951734567535
43,0.784848027896653,-0.265079694431981
44,-0.049094211333719606,-0.0012043949267916965
45,-0.7648745790915776,-0.25361711581657975
46,-0.8843170476963389,-0.32362547170642997
47,-0.6623360471173789,-0.19695499429882102
48,0.10701197376381111,-0.005709420220349926
49,-0.5620875837036723,-0.14612564889932111
50,0.09858302250392681,-0.004847518835285669
51,-0.12812755928301334,-0.008174739322590385
52,-0.6072217413950252,-0.16836290865951764
53,-0.28182190880157854,-0.03893361579468191
54,-0.000355838170150502,-6.331039970053354e-08
55,0.2923663014437712,-0.041838588406095334
56,0.8455485652481263,-0.3005606462732253
57,0.4307487551337543,-0.08859894721599215
58,0.755997855697268,-0.24856185275836673
59,0.9794425280481502,-0.38100236864671455
60,-0.22699180959553056,-0.025433615556383793
61,-0.34320484042994415,-0.05719403519393129
62,0.5468131962417615,-0.1388635734182807
63,-0.6941552807263776,-0.21410004382975978
64,-0.3551721021611307,-0.061125640407186266
65,-0.7040079758192297,-0.21949459578515906
66,-0.06633224263439064,-0.0021975650170499295
67,-0.3406858183773829,-0.056381582610097736
68,0.2552532371836296,-0.0320521891269725
69,0.10292485401638096,-0.0052827596737674565
70,0.5559378806126214,-0.14318518040322237
71,0.48697450232625217,-0.11181220985387119
72,-0.49903064670019304,-0.11707568292021509
73,0.7127107616052875,-0.22429137678115718
74,-0.47179002712444773,-0.10532335352900024
75,-0.24538996029557292,-0.02965938176702676
76,-0.10660959140955839,-0.005666685911747793
77,0.41301191152399963,-0.08175351252725205
78,0.03993132424015955,-0.0007969376041987442
79,-0.3911993371771303,-0.07366418668019914
80,0.1681057426037771,-0.014030413656048735
81,-0.6431469213027601,-0.18683316484213675
82,0.2700096154515643,-0.035796200280418966
83,0.902048319580601,-0.33425301660028484
84,0.6096890029160971,-0.1696104410251431
85,-0.5249245392551218,-0.12870344704000436
86,-0.5627852291571553,-0.14646062741947385
87,0.42925223546072644,-0.08801226806506868
88,0.25109502562917596,-0.03103264395206451
89,0.9554346217202716,-0.36645716062904954
90,-0.43943704504785974,-0.09203773378853919
91,0.796774473527146,-0.2719785601183551
92,0.06389028437424193,-0.002038902826690503
93,-0.9796011451934403,-0.3810985341926131
94,0.8097101133727296,-0.2795038692954285
95,0.4971169758030263,-0.11623372298186085
96,0.10709817389594378,-0.005718595652071334
97,0.7806619095369043,-0.2626676277747916
98,-0.038915152513030016,-0.0007569079481065666
99,-0.9559185487715998,-0.36675009235472367
100,-0.9351309287144978,-0.3541803068432625
101,0.24190368236148507,-0.02883480436119079
102,-0.9560584605944198,-0.3668347864583591
103,0.061905041268821126,-0.0019142824868835229
104,0.47849514040785057,-0.10816915469811439
105,-0.4117518271927645,-0.0812762346632454
106,0.7073420576187404,-0.22132879333215172
107,-0.25506922821609623,-0.032006741017999385
108,0.31787810608228817,-0.049268171501075764
109,-0.8732751360376634,-0.3170302645616766
110,0.039806811257774743,-0.0007919773315273604
111,-0.013415087714824692,-8.997824091350193e-05
112,-0.04405217827556762,-0.0009698266192929017
113,-0.6270701598369015,-0.17848780159897737
114,0.7563308943202982,-0.24875106506060718
115,0.36707480356734057,-0.0651525851709226
116,-0.3099095173606339,-0.04688713824502633
117,0.06020066765781773,-0.0018104194033712329
118,-0.8884205653895916,-0.32608113287676344
119,0.12001746021561766,-0.00717622243976912
120,-0.18715268002257335,-0.01736060046018484
121,-0.04696160766134616,-0.0011020885509143152
122,0.9181649695189593,-0.3439468392717199
123,-0.11592648347253554,-0.0066969495951804126
124,0.6989131646670879,-0.21670022814669587
125,0.8590888049779062,-0.3085861967004635
126,0.919580207394693,-0.3447994315959031
127,0.9392734261646651,-0.3566827490258463
128,-0.24758560595561496,-0.030184387866471263
129,-0.8639555605578257,-0.31147909991825795
130,-0.031291051305450956,-0.0004894451285356594
131,0.612818944020731,-0.17119761437734005
132,-0.7233309215135473,-0.2301840440948374
133,0.7302866120320883,-0.2340659946561272
134,-0.9979019590049973,-0.39219681596666667
135,0.35694233956168353,-0.06171723190869216
136,0.5482625998498232,-0.1395467031156864
137,-0.9175267113295575,-0.3435623958906281
138,0.24168553659272596,-0.028783577473388666
139,-0.30260491454413585,-0.04475255481080209
140,-0.1665052245815577,-0.013766359862573796
141,0.9629230972957044,-0.3709914602424387
142,-0.8244081635233718,-0.28810468654306887
143,-0.6958628971820215,-0.21503220367989984
144,-0.784146152377976,-0.26467492169866036
145,-0.06353407394964461,-0.0020162539000743163
146,-0.5280999874202348,-0.13015896146607508
147,0.2682911977466873,-0.03535014051189356
148,0.6910620401867587,-0.2124145227976969
149,-0.6866518893894475,-0.21001822910286372
150,0.4015250213472128,-0.07744766353740362
151,-0.0776619311876734,-0.003011145159033335
152,-0.5775640877147397,-0.15362278463808954
153,0.8228405727417372,-0.2871849606519439
154,-0.18768402139579532,-0.017458449889035443
155,-0.10504224452910615,-0.005501746220874404
156,0.4558444083355826,-0.09868192774943974
157,-0.1498532486399926,-0.011165199348086796
158,0.00478751404367217,-1.1460079691993919e-05
159,-0.9873911009306533,-0.3858220629717366
160,0.26812191772812954,-0.0353063424740413
161,0.18870687216038728,-0.017647566863697284
162,0.833648001973077,-0.2935370328686966
163,0.9723367735132082,-0.3766950543415226
164,-0.3543484289013159,-0.06085125508833822
165,0.3330879452122215,-0.05396318067268613
166,0.741400640588656,-0.2403044020382603
167,-0.08879629464552741,-0.003934629950444801
168,0.18384433660098298,-0.01675737668737476
169,-0.30793989501409347,-0.04630702595199743
170,-0.5718115883034107,-0.15082012334398054
171,-0.03412346288591994,-0.0005820359110092488
172,-0.4242721327568004,-0.08607194157172571
173,-0.7852698614071958,-0.26532303341063623
174,0.5690752928746123,-0.14949360194845274
175,-0.37016690385776263,-0.06621752904551681
176,-0.9079270368511749,-0.33778549650476564
177,-0.27036405146847065,-0.03588853181904683
178,-0.5197820569254883,-0.12635983038882237
179,-0.9323545129899704,-0.3525038743292239
180,0.620656348597028,-0.1751940657467993
181,-0.36958373489473284,-0.06601609062293123
182,-0.6494529744234059,-0.19014056466125284
183,-0.6816374524106892,-0.20730346339817063
184,-0.5582950331456376,-0.1443096184070648
185,0.7864502984241095,-0.2660042466020144
186,0.969690625314644,-0.37509144653800763
187,-0.3311969703968378,-0.05336881383451486
188,-0.976260917044312,-0.37907357918844
189,-0.5299690744110093,-0.1310186452371508
190,-0.39052700421691133,-0.07342072272484013
191,0.6635121475422294,-0.19758085662087777
192,-0.7883773038699371,-0.26711713102820756
193,0.14841147570327662,-0.010952562170426505
194,0.06439152219505573,-0.0020709866071176863
195,0.1534718964064563,-0.011707736276667213
196,0.4410407254426636,-0.09267853116163349
197,0.34951212618150174,-0.059251423979615914
198,-0.7934395765380171,-0.2700455768343293
199,0.2225724163714755,-0.024464999744899463
