,data,labels
0,0.43715071914059966,-0.09112742452140077
1,0.655117234558708,-0.19312724159786288
2,-0.5381923854023525,-0.13482676623450274
3,0.170036126392485,-0.014352153809599866
4,0.8087375344213281,-0.27893659109748936
5,0.2595376504653504,-0.03311904243604169
6,-0.7564529622199796,-0.24882042555463413
7,-0.9288818813800295,-0.35040798005532525
8,0.1511130804196661,-0.011352648314623903
9,-0.39855944775138297,-0.07635253977395728
10,0.21896422562254703,-0.023687604133809215
11,0.5717553239535504,-0.15079280391798722
12,-0.03492007755923665,-0.0006095200754939745
13,-0.5960505319842644,-0.16275464758825675
14,-0.9785705982874784,-0.38047375123104055
15,0.8273966606398235,-0.28985962485619543
16,0.44728876986918675,-0.09519300373843564
17,0.23870517462542096,-0.028088064726242368
18,-0.6029303531879471,-0.16620066025446656
19,-0.6186005983943115,-0.1741427573891573
20,0.4525838557128854,-0.09734609659582116
21,-0.060119910297144585,-0.001805569801151985
22,-0.7135450414170166,-0.22475274598011885
23,0.4288084748247101,-0.0878386211248886
24,-0.5093889862890966,-0.12167497829701968
25,-0.590330247950313,-0.1599088665460422
26,0.7155929524113605,-0.2258863927497814
27,-0.1679048450926912,-0.013997134801409516
28,-0.01416364384309765,-0.00010029937313860149
29,0.35802686446913157,-0.06208093452537966
30,0.9184250916470891,-0.344103531225593
31,0.36902393718388904,-0.06582298308618784
32,0.15821857561486752,-0.012438552508374223
33,0.18045332078254384,-0.016149870049581905
34,-0.5495538105862547,-0.14015633863005128
35,-0.683413942162544,-0.2082640254164082
36,0.5272539704025974,-0.1297705571177803
37,0.47794167527269704,-0.10793307615215142
38,-0.6453409043372087,-0.18798173189346656
39,-0.811623378238681,-0.2806205071623511
40,0.007826618372276828,-3.0627508540881365e-05
41,-0.550398142111908,-0.14055552470917432
42,0.537193601181623,-0.1343620094411485
43,-0.5727932475695863,-0.15129706368315732
44,0.04574777710030187,-0.0010458822383289101
45,-0.07889467707424513,-0.0031073472075173747
46,0.9546618294294749,-0.36598939926647633
47,-0.05224832235591492,-0.001364012482682253
48,-0.5003055438563897,-0.11763794905830882
49,-0.3449168217522911,-0.05774920863117894
50,0.8141212637488404,-0.28207969796348353
51,0.13556239014882787,-0.009146494804967431
52,-0.005337311659323829,-1.424334643695957e-05
53,0.5012617333474447,-0.11806036173560419
54,-0.21843836551693863,-0.023575315613989845
55,0.017416353837807153,-0.00015165318999410538
56,0.4003431556279655,-0.07701040828907424
57,0.7100278989262037,-0.22280951842508245
58,-0.8379746595257391,-0.2960871794960386
59,0.438150343012198,-0.09152495651102077
60,0.18141471924467645,-0.016320995589255927
61,0.4517394999129145,-0.09700141077894497
62,-0.37424868354014906,-0.06763511981182602
63,-0.5363453367099407,-0.13396777526814208
64,-0.3771441275378895,-0.06864880225056269
65,-0.553341828243006,-0.14195058631208424
66,-0.040895731871342544,-0.0008358808994094469
67,0.8195050089732943,-0.28522983096172283
68,-0.10516085034847311,-0.005514143215885503
69,0.5461860594111956,-0.13856838551048445
70,-0.21833232783283996,-0.023552704211166287
71,0.41121216492657076,-0.08107219901023666
72,-0.46535424155376703,-0.10262126779216074
73,0.41469653456640443,-0.08239348017531967
74,-0.9795505420900101,-0.38106785474791705
75,0.18510137467024257,-0.016985353797830394
76,0.6126755013166227,-0.171124764320701
77,-0.18459156551568445,-0.016892713649198976
78,-0.6464247646651928,-0.18854998374339338
79,-0.577956407866812,-0.15381460867153063
80,0.39993061128750607,-0.07685803393825752
81,-0.3185154073890877,-0.049460948207991295
82,0.5272258875244806,-0.12975767204440614
83,-0.1800654003047073,-0.016081070647503637
84,0.3832180384560133,-0.07079698419580893
85,0.414189167235091,-0.08220051039398635
86,0.615547269148671,-0.17258526827940768
87,0.7665982085561525,-0.2546015763283409
88,-0.8558110866507913,-0.306640259220323
89,0.7573190880559455,-0.24931270636360237
90,0.30267711526981156,-0.04477342760001213
91,0.8988904842439456,-0.33235724828952207
92,-0.7142272213086704,-0.2251301985175047
93,-0.8658237973120699,-0.3125907265193155
94,-0.8481289799527783,-0.30208738908349664
95,-0.7472908543869055,-0.2436278866887146
96,-0.6366799568816408,-0.18346106604579682
97,-0.6701904516118853,-0.20114643329240123
98,-0.48419671781486273,-0.11061336746218842
99,-0.791794010386287,-0.2690928736507967
