,data,labels
0,-0.2461710386021405,3.490904065817091e-08
1,-0.6039710413771555,4.447808691310229e-05
2,0.39412984581020005,1.493041508648929e-06
3,-0.37614142050558197,1.0288745346809236e-06
4,2.563218061252841,2.8351571958228887
5,2.2809400452462025,1.2259004848558561
6,-2.8998234114287396,6.768182717106412
7,-1.4216532045553547,0.03596042925809195
8,1.6711606559792846,0.12273057834598586
9,-1.619684617944337,0.09692268423314698
10,1.503415989119338,0.05509016403557154
11,-0.07321732182211349,2.1495027979767656e-12
12,1.8888662204917477,0.30688771374633916
13,-0.13934986598537424,3.6955438709185273e-10
14,2.1517747057862042,0.8020063880645788
15,-0.6592863520720709,8.905424088334613e-05
16,2.779088083171036,5.024289578531151
17,0.008383826364360303,0.0
18,-2.583676988164912,3.0002073376728338
19,-0.7337128672910711,0.00020744903336011866
20,1.1576010632716756,0.00738660405602376
21,1.1375407156916957,0.0064497478123138885
22,-0.7610006077844433,0.00027674221034246216
23,0.07463955135999356,2.5071056342085285e-12
24,1.0002790254896903,0.002369151331218733
25,-0.3447047213545025,5.129873487108583e-07
26,2.0542823952657088,0.5708810161855928
27,-1.383910329229851,0.029267351611362735
28,1.9050568209617875,0.326974715836254
29,2.2559462670697545,1.1317282931066723
30,-2.997982796186673,8.533661966614652
31,0.21161786495123902,1.0426665419949188e-08
32,-1.375727795032097,0.0279670006065163
33,0.6110625930058253,4.87907635546847e-05
34,-0.138233604414423,3.465360220999969e-10
35,0.8572635385013161,0.0007070218842808451
36,-1.4153136517054654,0.034752181780346225
37,1.7105446521859857,0.14624246980238148
38,0.236860441014068,2.5655298774296398e-08
39,-0.36290546348683783,7.732539870630717e-07
40,-1.581909144274436,0.08107419437320496
41,0.529600927275971,1.5674391012798772e-05
42,-2.6988599058859757,4.087157833879712
43,-0.8104427502971134,0.0004545013789030161
44,-0.929794078929695,0.0013374361046630812
45,-1.7079419135548832,0.14457825633037127
46,-1.2770435481875353,0.015782033009770657
47,-2.962533710621261,7.8565302495739555
48,-0.5311570883627659,1.6044059843234315e-05
49,0.38812613345062985,1.3211200327045702e-06
50,-1.367961000991552,0.026778972181024485
51,0.36607610014776837,8.287921515748309e-07
52,1.1530633647736206,0.007164996379789068
53,1.4123438068764456,0.03419826362362283
54,1.4254401414240467,0.03669924545469122
55,0.6728149917651991,0.00010458448201988713
56,2.1625878146233086,0.8319220624903931
57,-0.13576147103292602,2.9997226924649567e-10
58,1.618453190570179,0.0963671580493628
59,-0.8889592828802213,0.0009403456686605249
60,-2.8277914410001577,5.676031194269641
61,-1.6165774115675473,0.09552618047748729
62,-2.3965014884272287,1.751763300917857
63,-2.0883708193868804,0.6442472223488386
64,-1.7062836323985857,0.14352638406414084
65,-0.45394660814452115,4.600644671448606e-06
66,-1.7401293727185876,0.16633791045619653
67,-0.4354055616777339,3.300950657147972e-06
68,0.31504827695124593,2.502587429509262e-07
69,-1.3196154052513485,0.020314088068614733
70,1.1406207045817895,0.006586540028622023
71,2.979232951705887,8.169709745239253
72,2.199534948453101,0.9413518109431369
73,-0.16306132048788946,1.2981434815984016e-09
74,-1.0715407633839655,0.004052468097148432
75,2.166449875561087,0.8428326638264011
76,-2.63607016031148,3.4599464624279412
77,-1.638368107339862,0.105693273099356
78,1.9680120346122836,0.41604292344086113
79,-1.6982930255121222,0.13854883976534335
80,1.2950657716931087,0.017581076650697525
81,-0.0901085235582677,1.1309508884949082e-11
82,-1.8968390609894046,0.31664415424590486
83,1.5665801459141635,0.0753071149777026
84,1.6366169018960814,0.10484340447017004
85,-0.9358321679204562,0.0014070213985762914
86,1.3850216922166672,0.029447911795370874
87,2.4430942672282168,2.011703254452545
88,1.5616066761669751,0.07351310913551662
89,1.959196118309408,0.4024532016812179
90,1.698684707844495,0.13878934812054416
91,-0.07417943954631934,2.386202346826849e-12
92,-1.1380090228978768,0.0064703872393465645
93,0.9972332742824928,0.002313369361471529
94,0.9002708253908507,0.0010384469935454943
95,2.306552157555009,1.3291628501484614
96,-2.2088855395457214,0.9708939086755972
97,0.1844527714263693,3.4775576862600133e-09
98,0.4431681997251573,3.7996496812242597e-06
99,-2.239614574320175,1.073547256283703
