,data,labels
0,1.8032359270944012,0.21718235418477988
1,1.6219094913393732,0.0979333195539796
2,-0.9720409456658139,0.0018939492152698634
3,1.2061682560353937,0.010155195011581963
4,2.1852381694930285,0.8976503151301659
5,-2.533995420145245,2.612643977896525
6,-0.5776481145123067,3.12351708612324e-05
7,2.886268197608583,6.550277103361798
8,1.9536455474613996,0.3940916267395199
9,0.4733120762985914,6.41493699848894e-06
10,-1.0589375665882121,0.003695685183293773
11,-2.749949392268644,4.665138953150173
12,-2.4727830906688393,2.1936513219305356
13,-2.0054298922541465,0.4781387509581183
14,1.8650385229453486,0.2792367159589881
15,1.3750981435061789,0.027869029149701297
16,-0.33095071551075383,3.707113866990852e-07
17,-0.34439346754887357,5.09304229234786e-07
18,1.2602304064150411,0.014248990434840125
19,-1.9192751582390841,0.3455248407717987
20,0.5493450047872805,2.0963065197610042e-05
21,1.990360471421484,0.45224782035219907
22,-2.420640531998399,1.8826633456469797
23,-0.2304893480301775,2.063348203407145e-08
24,2.014902288821677,0.49504748841403107
25,0.9243559280939779,0.0012773396792243874
26,-1.9214762669990597,0.3484748631463366
27,0.31055228145024927,2.231369754523982e-07
28,-0.9187476681976792,0.0012178308256016734
29,0.1250975447770477,1.5594792124318246e-10
30,-1.0877405328984198,0.00455455193699017
31,-2.8676154912850524,6.260011239497099
32,-2.2847981477204757,1.241008658799263
33,-2.367642301332416,1.6053840183396986
34,1.5942204376587767,0.08597562481224252
35,-0.29877346565278273,1.6388519596954865e-07
36,1.211753469280855,0.010524620790883565
37,2.8254589672263117,5.643288084047167
38,-1.894872991934196,0.3142141238356049
39,-2.234974520295746,1.0574848161283659
40,-2.9592704853826124,7.796514531180815
41,-0.5347288612816876,1.6921434404904012e-05
42,-1.2105613335896743,0.010444810479363575
43,-1.553959408241708,0.0708260144836057
44,-1.094042502723335,0.0047639214856175505
45,1.4521952332080286,0.04230033782387699
46,0.5523828441035361,2.190142388236449e-05
47,2.0911060981287166,0.6504645136151685
48,-2.9625746059159903,7.857284809990678
49,-2.8291744715235545,5.695520806926753
50,2.56582257531171,2.8557364510440832
51,-2.6067694714934126,3.1960936770600386
52,1.8961137736165838,0.3157458593920677
53,-2.4492440157800646,2.0483127162691988
54,1.699009189312032,0.1389888621778576
55,-1.8481202491369462,0.26091517179027424
56,1.7937292970958225,0.20876883624407513
57,-2.2114433283171437,0.9791097772571172
58,1.0974284142316861,0.004879809748775998
59,-1.6253186426827064,0.09949937618023541
60,0.14546670146458673,5.210256670551416e-10
61,-1.198381624633333,0.00965885721816001
62,-2.593069684208952,3.078633083578215
63,-1.0202819807685233,0.002765312806385367
64,0.061073703717293704,5.040412531798211e-13
65,1.1250959915830059,0.005921720041295764
66,1.0686119882807867,0.003967005462803264
67,1.3002116747681676,0.018126081065010513
68,-2.2385028433414935,1.0696801780949325
69,0.4224310928493109,2.5942495749387007e-06
70,-2.667640222262486,3.764386270762765
71,-1.3375407969678585,0.022533657508228944
72,2.7697499654580184,4.906763833381627
73,-0.07789260367327078,3.5267344600242723e-12
74,-2.5991255965556386,3.1301021020605178
75,2.464576175423689,2.1420275245067035
76,-0.37797133832752206,1.0694604200001123e-06
77,1.077906958737601,0.004243747138669707
78,0.3578662436625839,6.916659195388419e-07
79,1.438850846599994,0.039421406414470284
80,0.7758066291485113,0.000322161026722001
81,2.2668439859004543,1.1720104649204086
82,-1.9403235436876716,0.37462191642551357
83,2.4451849449090624,2.0240869284349436
84,2.1328570709886003,0.7518519939931407
85,2.3452628338122716,1.4990772577490064
86,-1.3957351907766629,0.03123818172864251
87,-2.9600589270368607,7.810980092091285
88,2.4293251247787433,1.9317228072649164
89,-1.4907653245435375,0.051657907717018614
90,1.9332262621054346,0.36458697621134467
91,0.6262135944791134,5.924316698646681e-05
92,-0.017406270552820402,1.1102230246251565e-16
93,1.554503198779491,0.07101427350702644
94,-0.7979311828590268,0.0004020844377004007
95,2.2420712030631416,1.08213426836236
96,-0.7349494203209801,0.00021022571806528223
97,-1.9705083252332676,0.4199608854820286
98,1.8696642224589546,0.2844323091450145
99,0.2878813972647105,1.2183954389843876e-07
100,-1.6120517265205265,0.09352294138754119
101,0.23739273352570356,2.611952376607718e-08
102,-0.01962576848429798,1.1102230246251565e-16
103,-2.103327507210855,0.6788672851900907
104,-1.338396317618474,0.022644608495355045
105,-2.6062683914251585,3.191732354980996
106,0.6495171736574559,7.91273737555942e-05
107,0.14381389786193477,4.755301707959347e-10
108,-2.3593422098667833,1.565241201411406
109,-2.5539422902873827,2.7628717374776586
110,-2.2634572142041716,1.1593643566463325
111,1.6761788463581384,0.12553397647526116
112,1.178021366539956,0.008458728977489616
113,-1.2577273124589372,0.014032113956717218
114,1.991653448656331,0.45442165894219155
115,0.5280159218627265,1.5305530629117214e-05
116,-2.2438595248011666,1.0884215916765625
117,-2.2014418211506603,0.9473139872535499
118,-1.657902000973151,0.11557943709763319
119,1.0063041990778396,0.002482941370050451
120,2.3155942502189273,1.3673238743111686
121,-0.417634462071498,2.3686905201714126e-06
122,-1.687340337904995,0.13196592179377561
123,2.3516096193928693,1.5286057414214183
124,2.7816445976851503,5.056871334351643
125,1.2954761693123666,0.017624017923541235
126,0.196440193561374,5.752251563961863e-09
127,-1.8566399948468317,0.2700094816689462
128,-2.082740104537108,0.631606650609284
129,0.8141479558511091,0.00047112149910000234
130,2.9488543855312948,7.607494129501948
131,0.6415019074069916,7.171704685027258e-05
132,-0.6585472803744921,8.82670686921383e-05
133,0.20818556730343296,9.149432322885787e-09
134,1.760208367561539,0.18127827265598273
135,0.730122044897743,0.00019956590114966755
136,2.5270450323905145,2.561933571394635
137,1.576874398359121,0.07913974876615398
138,-2.932632070712445,7.320716514163901
139,0.5686919514746185,2.759242764127645e-05
140,-1.6432251681445587,0.10808129622190493
141,-1.8336075140065515,0.24602302767111892
142,-2.3055696425217707,1.325070809416081
143,2.1685322060335235,0.8487653455765873
144,0.9715708806164431,0.0018867964650137736
145,2.4610337679254055,2.120061897761232
146,0.33573793484442804,4.157143939087504e-07
147,-2.184552908322543,0.8955994048358891
148,2.98658976676767,8.310940271537882
149,2.567102301804767,2.865893802272419
150,2.1192905108860156,0.7175385626071819
151,-0.2432262044427529,3.170936124785584e-08
152,-0.9360176552830382,0.0014092078079945836
153,0.4866122440921341,7.997052264063775e-06
154,-2.7409949979061294,4.5591786868226585
155,-2.7155454174540297,4.26893825940193
156,2.13313049102526,0.752557543417539
157,0.22569672878078517,1.744465516484439e-08
158,0.04193885936013109,2.4980018054066022e-14
159,-1.8372691838562487,0.249710469795008
160,2.823884664115546,5.6212772998446425
161,2.027987365933426,0.5192360752423618
162,1.9502093263829252,0.3889893921389708
163,-1.020600428437988,0.002772056964503
164,-2.898473560573729,6.746216130149718
165,1.8009399154740642,0.2151243718366037
166,-0.24535909102047304,3.399982995144768e-08
167,-1.7287109053668723,0.15831968405869865
168,0.5275206543970166,1.5191836519989899e-05
169,-1.9151972860412192,0.3401154874640697
170,0.7105283631698862,0.00016097499833900297
171,-0.9729474236872511,0.0019078090309574414
172,-2.747445984552086,4.635310354798291
173,1.2396402309178658,0.012547796622861374
174,1.052691380717997,0.0035291726092536724
175,-1.9600168798170394,0.40370230002894725
176,-0.6139207054319566,5.062930458965553e-05
177,1.348263380344708,0.023958616799036936
178,-1.2536675230074885,0.013686407562336522
179,-0.6342817523435951,6.556708864235983e-05
180,-1.5536144092876651,0.07070679828483778
181,-1.9125270210470378,0.33661243350541425
182,2.789897286813196,5.163254564024767
183,-0.6525476012247209,8.20980068620969e-05
184,-2.6241019988208327,3.350054252945478
185,-2.4083583407749627,1.8150701947755652
186,-2.87760151551669,6.414045387839923
187,-0.3737443618553815,9.777496563501131e-07
188,1.2981392832815102,0.017904869183590577
189,-2.087652048343206,0.6426218175905414
190,0.9224681683151177,0.0012570332947979823
191,1.1466993391278626,0.006863881380079095
192,1.1022524660009054,0.005049127693099287
193,-2.03916207706129,0.5406782980891881
194,1.7644228622918003,0.18455520397996114
195,1.191422476053945,0.009233121340435912
196,-2.147172924948366,0.7895534658181279
197,-0.9491817792096215,0.001572104906399252
198,1.1863696646578221,0.008934248196083072
199,1.8279035841351838,0.24037123212223133
200,-1.6931516232313344,0.13542463045392147
201,-0.5517139961284769,2.1691737305262748e-05
202,-1.0481334370838202,0.0034118006974107606
203,2.641585178046224,3.5115912626373893
204,-1.3472774050393497,0.02382443096634146
205,2.4544293935997734,2.0796142458617632
206,0.5312057235550345,1.6055734739395255e-05
207,0.7059160179994759,0.00015289941199281287
208,-2.800222920990328,5.298983822641494
209,-2.3099864214891204,1.3435497527885385
210,2.349512185257515,1.518793783263377
211,0.5002763698949453,9.967112461928274e-06
212,1.0463411893504668,0.0033665826096395124
213,2.5222304462637046,2.5272918965987556
214,-1.5537361922286874,0.07074886138738284
215,1.0480084806296661,0.0034086311116531265
216,-0.18271522849845878,3.224173927840468e-09
217,1.5615767748580769,0.07350243490979619
218,-2.2669263549255634,1.1723194698306239
219,-1.7181517965936455,0.15120053013455437
220,-1.6568199543772653,0.11501187358164028
221,-0.4858142063415949,7.893335007391755e-06
222,-0.8309435826861167,0.0005532623844884954
223,-0.17810861529733213,2.628887219024989e-09
224,-1.855033484382499,0.2682743161171337
225,2.1861947297343676,0.9005198189000257
226,-0.7638637883877544,0.0002850626455718208
227,0.16801883771341153,1.6493306720377632e-09
228,-1.2426367307758366,0.012783909296277873
229,1.9231713487041961,0.35076123038565743
230,-0.02574664471356325,4.440892098500626e-16
231,-1.1395806483220023,0.006540070205470205
232,-0.9356840305492171,0.0014052773612439617
233,2.9890757833460633,8.359121826042518
234,1.5035673070392894,0.055132372423368936
235,2.5637606355653233,2.8394340070024646
236,0.4523464237826076,4.4731339778891765e-06
237,0.2022858996257666,7.271415691789684e-09
238,-2.9720792953119055,8.03430075880483
239,2.0918300597121915,0.6521185428741235
240,0.3559794271393737,6.631132390966243e-07
241,0.2684293948598304,6.969274557455662e-08
242,0.7349235439487236,0.00021016728296474607
243,2.9554474892132383,7.726689802900648
244,-1.6746316846084244,0.12466389006341555
245,1.3488948486213799,0.02404489719614261
246,1.0282326713028889,0.0029380127538672918
247,1.2611342881708314,0.014328012463398265
248,2.355795082248579,1.5483450331316353
249,0.6370393302538488,6.785938318232265e-05
250,1.0723920873954835,0.004077606835148351
251,-2.7844360657566782,5.092648692248552
252,-1.2760478318353592,0.015687442325515943
253,2.562976140869335,2.833252012063221
254,2.542220830700635,2.6737411707085177
255,-2.529215519937306,2.577680194839435
256,2.28391277861438,1.237527802264512
257,-1.9190708484770203,0.34525209423440884
258,-2.8035893085533004,5.343872867151978
259,0.2400025633796341,2.8503554738712467e-08
260,-0.5847367263949028,3.440884371497255e-05
261,-2.105605586216973,0.6842758086724602
262,-0.9329768247877128,0.001373733679694733
263,-1.9369425470527168,0.3698126449742348
264,-2.090145447069358,0.6482751989553005
265,1.950473944738233,0.38938030620632214
266,2.819612433464455,5.561906554748217
267,1.640108750658996,0.10654384149856194
268,-2.8200932004608275,5.56856148986235
269,-0.6102579527683041,4.8283777815072426e-05
270,-0.41818841009696417,2.3938325010020023e-06
271,1.3224500694601318,0.02065201508257225
272,-1.5313966558554246,0.06338218990582878
273,2.866725442791936,6.246433273757284
274,-2.373683036704496,1.6351406857911321
275,-2.658485031068335,3.6738810586386395
276,-1.479648454968246,0.0487947619232732
277,-1.1393124493347015,0.0065281330856465924
278,-1.322234472407796,0.02062614438591137
279,1.0222723031879237,0.002807698503542011
280,-0.4379322571470379,3.4565919452278493e-06
281,1.009534812195474,0.0025458809343967825
282,-2.6000412089190554,3.137946179308298
283,0.3566809351761391,6.736063056234087e-07
284,-2.503860520812424,2.3987014258242736
285,-0.9617563645672682,0.001742707215145356
286,-0.6028295416462344,4.3815904607780176e-05
287,-0.38134098405623096,1.1478670105535826e-06
288,0.5514174367827915,2.1599326474830427e-05
289,-2.492899730582559,2.324622587926166
290,2.9575779156247863,7.7655362332963715
291,-0.8165079723254678,0.0004819807916476293
292,1.1260423826485022,0.005960518286897476
293,2.441021002992522,1.9994855917995
294,-2.2958673223749164,1.2852280786550945
295,-2.8899022759594764,6.608114371494104
296,2.9694131851123524,7.984315279138664
297,0.9460675828241261,0.0015321639402829934
298,2.247412349549852,1.1010038626672458
299,1.8119484065077769,0.22514475158467892
300,-2.231214809467637,1.044618862150673
301,-1.067426007428727,0.003932844325660878
302,-1.4010786252248657,0.03216550226536363
303,-0.46919567273881757,5.984249897839078e-06
304,-2.165692282699069,0.840682939553266
305,2.221883805450058,1.0132564716923733
306,2.015127736212219,0.4954560133501736
307,2.592785051724902,3.076231541150986
308,2.4661461503732465,2.1518234543819004
309,-0.3060224161311935,1.9844501775168055e-07
310,-1.2341936014412305,0.012128239937147123
311,0.10506388307450143,3.862055120151808e-11
312,1.058465157252388,0.00368285825573178
313,-2.1980991238556538,0.9368833675437762
314,-1.4570176304518558,0.043384182963118634
315,-0.8250184943276517,0.0005229684865891704
316,-1.0290480257123196,0.0029562400424335555
317,-2.16121071273112,0.8280606000213724
318,0.28244866070908037,1.0464764144124672e-07
319,2.5100536822292083,2.4414261087326006
320,0.240856071754731,2.9323446781859275e-08
321,2.4088928727043735,1.8179688710435795
322,-2.4935557547555227,2.329001693593349
323,1.638142597964313,0.10558350322011784
324,-2.8640383067285855,6.205589038690849
325,-1.002080507460994,0.0024026902510054793
326,0.40052803659061187,1.6974702244931805e-06
327,-0.13428503942782033,2.7485724807263523e-10
328,-2.7299842366500084,4.431647201110047
329,0.8054990225149403,0.0004331206390946196
330,-2.1965452412170707,0.9320676869092165
331,-0.10223678402344127,3.105082857501884e-11
332,1.266588384088064,0.01481289961288268
333,2.6283340109190103,3.388574015954918
334,-2.433271939289914,1.954370614297793
335,-1.1399711360613265,0.006557483920637597
336,2.8182082558478134,5.542507439702939
337,-1.319958123401898,0.020354689716622187
338,-2.9751015430293957,8.091278032148672
339,1.7465281491846891,0.1709806785543798
340,-0.5895774175432731,3.673436548590203e-05
341,2.4343306988742626,1.9604838185288562
342,1.1775739960768306,0.008433875827811854
343,-2.4657403394865396,2.149287784057612
344,-1.6625349501478526,0.11803667500418047
345,-0.22523602301956025,1.716216480041055e-08
346,-0.4490399626688779,4.219395751126065e-06
347,2.708999990882141,4.196840419989423
348,-2.870619506392907,6.306020218314587
349,-1.0137023972628811,0.002629112637563713
350,2.8601494618706313,6.146873372226607
351,1.3858538285861215,0.029583732718207856
352,-0.507789148922229,1.1221046742004859e-05
353,-1.1904337916806005,0.009173971295091454
354,0.032873325106949736,3.552713678800501e-15
355,-1.8898875917198004,0.30812313195928964
356,0.11497712574068197,7.943046220759697e-11
357,1.0479253118994505,0.0034065229062228974
358,-0.824294250061687,0.0005193663425049344
359,-0.4792497117865686,7.083773049587627e-06
360,2.00494283740416,0.47728272656166915
361,2.924150285919353,7.1743977443304106
362,1.6600871308507763,0.11673289385491481
363,1.4194214868896022,0.03553103994305523
364,1.1870487951598463,0.008973926395888066
365,-2.237109436529532,1.0648498950271004
366,0.9000386870982511,0.0010363478361409273
367,2.997609945902017,8.526295337746744
368,1.9742857121055115,0.4259490037464284
369,-1.98461988212042,0.4427024523126467
370,2.0524068976902665,0.5670588936425233
371,-2.2961669705706305,1.2864433160576016
372,-2.13158440672313,0.748575283511896
373,0.5633961788341115,2.561765191400056e-05
374,-1.1283996458767656,0.006058113027415657
375,0.8429065257419919,0.0006191044659494827
376,-2.5112518422493726,2.449765048359775
377,-0.7588641022949565,0.00027067190383700535
378,-0.5355719596955413,1.7134536919205523e-05
379,2.442939075270049,2.010786550019083
380,-1.7235648346412704,0.15481521302795698
381,-1.2818817367274518,0.016248676109129057
382,-1.401686002370923,0.03227239023951323
383,2.817617054727876,5.534356729181903
384,2.4827721292113916,2.2578897026313918
385,0.4145510370032861,2.232913529076619e-06
386,-1.3683501762197616,0.026837451348090846
387,-0.22300987530718075,1.5852772095037437e-08
388,-0.18073837963530792,2.9556616043535655e-09
389,1.2823958415166885,0.01629895281890964
390,0.9931820917070753,0.0022409386500558126
391,0.3899313163533167,1.3708935455714055e-06
392,0.426271025055744,2.7881195917567325e-06
393,1.3361346173185575,0.022352308495217632
394,-0.6763275885486424,0.0001089830878306941
395,-0.8891125763129342,0.0009416193299900399
396,1.4483494348608517,0.041452717597717015
397,1.9069519320691661,0.32939724014108207
398,-1.6746226529666612,0.12465882603928588
399,-0.932022961494738,0.0013627667772124763
400,2.813882632373895,5.483102097512271
401,0.8076687291311466,0.0004423940616209432
402,0.24935493089863936,3.868278164453898e-08
403,-1.0470797427873646,0.0033851529469214325
404,1.1519452544034694,0.00711128150546303
405,-2.345314595718362,1.4993161257438217
406,1.6857472991750129,0.13103106348503693
407,-2.767204698860618,4.8751312191061675
408,2.8905110610099296,6.617844829355726
409,1.110330106718532,0.005344025787990536
410,-0.313481819777798,2.4049925839708663e-07
411,2.9141113549356277,7.00437266042769
412,2.1226802673794483,0.7259855934359108
413,-1.1836473546645998,0.00877671324814161
414,-1.8523399328462236,0.26538632299343345
415,-2.372523738538915,1.6293943168558307
416,0.7379449168708407,0.0002170865673400968
417,-1.718234508805519,0.15125521677859394
418,-1.300765063203209,0.018185547557599935
419,0.9708898248528453,0.0018764747111355007
420,-1.8323719776436294,0.24478929129298677
421,-2.2129551316587017,0.9839933474123626
422,-2.6777149380333327,3.8661285149452547
423,-1.3648794902278456,0.026319785989745603
424,-1.1690680020653306,0.007973180994112261
425,-2.5313991241943063,2.5936037464985215
426,-0.7222061480321971,0.00018310247774799837
427,2.4770090493209755,2.2206382706921213
428,0.28208440877832164,1.0357497370883095e-07
429,-2.814245860117312,5.4880699165533455
430,-2.3275694191499783,1.4192791355576353
431,2.2992010876604168,1.2988029030137267
432,-2.502744641794145,2.39107038327166
433,-1.1849307941505922,0.008850682136131272
434,-1.5019470887315498,0.05468186839636974
435,-2.9105501870666344,6.944871268572681
436,1.4546648342992352,0.04285244711072045
437,0.01445619150161015,0.0
438,-0.7103833777827502,0.000160715608457207
439,-1.4062253325882341,0.033080941278492426
440,-1.2207274097041392,0.011142472354198463
441,-0.5848255077996738,3.4450310998024314e-05
442,-2.579719255377839,2.9676663144149686
443,1.4368663852333006,0.03900798931417565
444,2.0572753753930435,0.5770256299643499
445,0.20403903224404552,7.790570633048333e-09
446,0.20513077232454968,8.129997342010142e-09
447,-0.8963024581617711,0.0010030651956628445
448,-2.4193569271318265,1.8755017849330387
449,1.3709026262944688,0.027223721928899824
450,-0.21126336044059757,1.0287900864547339e-08
451,0.14507960548890209,5.100423416948274e-10
452,-1.9824631640794304,0.43916069546950887
453,-2.34057744972595,1.477587545149906
454,2.687901114249839,3.971323295119432
455,-0.08461382126953243,6.8375305417589516e-12
456,-0.5329125297761905,1.6470176837923844e-05
457,2.878856149592936,6.433619520820024
458,-2.873543427511532,6.351072851327403
459,-1.508983253442084,0.05666145015480123
460,1.7376542277876306,0.16457106703629654
461,0.7321401175668685,0.0002039635621469138
462,-1.2034289733160424,0.009978135884084693
463,-1.2427054901935815,0.012789371913604963
464,2.249451666598409,1.1082812764293235
465,2.7023204315524545,4.124316853143039
466,2.0992293212789708,0.6692284879889048
467,1.7646484995715621,0.18473205930129705
468,-2.7319048098692837,4.453674989446159
469,-2.749844830957384,4.6638898850768005
470,0.7063714406675787,0.0001536807790735173
471,-2.542694118330548,2.677292794195829
472,0.47016203527780753,6.0830214649865155e-06
473,0.0012389965769261657,0.0
474,0.1448672592565199,5.041037587361075e-10
475,1.5299368394547548,0.06292458734941941
476,2.128228247005506,0.7399920239552694
477,-1.3422947119062485,0.023156155080999385
478,1.5966857070857943,0.08698696866498007
479,-2.412873515989879,1.839677770824836
480,-1.3654142658150727,0.026398985692644594
481,2.811322970078141,5.448200181079373
482,-0.6476620570258813,7.735544927511828e-05
483,-0.04877590738571058,8.337774914934926e-14
484,-1.936488350166903,0.36917058542813186
485,-0.027623242103274936,8.881784197001252e-16
486,-1.9027027747760892,0.32398661377533805
487,0.44654164427596177,4.036100181070701e-06
488,2.6309436735716876,3.412511336557997
489,2.407502495489826,1.8104371745783143
490,-1.9542044231739637,0.39492680936525765
491,-2.0834403788680356,0.6331672058391926
492,1.4586306238236073,0.0437519841285674
493,-1.4288592114935248,0.03737744963183437
494,0.0554932024678676,2.341460358934455e-13
495,0.9266990341670853,0.0013029394848445008
496,-0.8004723523574402,0.0004122829372287251
497,0.5671858646365071,2.7017749375080058e-05
498,-2.5196957264691067,2.50921253637721
499,2.575957177536422,2.9370084893624653
