,data,labels
0,-1.303884670059903,0.01852392935140862
1,-2.418435635436163,1.8703757767203872
2,0.46503417954429027,5.574721063328347e-06
3,-2.241184412852694,1.0790278900363397
4,-2.2876959903516685,1.25245932424807
5,-1.7068357658699589,0.14387588316512867
6,-2.0944175167889076,0.6580591833733054
7,-2.0351690891044605,0.532932035553178
8,1.9566483869942006,0.39859672162695114
9,-2.1370876992439625,0.7628317539025858
10,1.45350821610924,0.04259310620077911
11,-2.9273033524297225,7.228503939470204
12,2.0880927298236465,0.6436179481348997
13,0.6185807178256812,5.375656602613077e-05
14,0.8759611917158656,0.000837640702052278
15,2.2606886041516745,1.1491120187281512
16,-2.493778748458964,2.33049180012074
17,-2.929857879221445,7.272588110174441
18,-0.09274213808861731,1.4240164603052108e-11
19,-1.153946460593488,0.007207668306339787
20,-2.4766057215686583,2.2180506597825898
21,-1.9914249811228601,0.4540369015291772
22,2.8439993829226085,5.907962546041416
23,-1.0480255573511212,0.0034090641212186634
24,-0.988685351424035,0.0021628503611015315
25,1.3471650046223722,0.02380917501085944
26,-0.8013276030522185,0.0004157655238651303
27,-0.9704280835020835,0.0018695046516551406
28,0.8085840150029262,0.0004463574893216471
29,2.2658906821275657,1.168439163422495
30,-0.33770848852429225,4.3558243734143076e-07
31,2.383582962051041,1.6849098606403616
32,-0.1640703357083897,1.3637704299185316e-09
33,-0.8392573754897121,0.0005983348980818093
34,-1.6694530159924654,0.12178888058793066
35,-1.0626434216886642,0.003797655289590862
36,-0.71677528378674,0.00017250309206218173
37,-1.0401818765595043,0.003215114547874265
38,-0.6787232236966325,0.00011207460256512647
39,-1.7959897453205778,0.21074379163994128
40,2.199163647810483,0.9401945630089437
41,0.5069144210796015,1.1068304750394553e-05
42,-0.004305613628033278,0.0
43,-1.6871480994351995,0.1318528075254695
44,-0.31521500620045284,2.513176156071495e-07
45,2.0939389083688944,0.6569568927539472
46,-0.3978595294341063,1.6094165344870959e-06
47,0.8234463107723213,0.0005151763951142252
48,2.9054765076520237,6.860826074717838
49,-2.310594201142234,1.3461094765099408
50,1.3419369294450405,0.023108796358244865
51,2.8456009826742577,5.9313037909455915
52,-1.5010112710580674,0.05442310324300931
53,0.022770039689057775,3.3306690738754696e-16
54,-1.3659640166685316,0.026480616711913763
55,1.7373460374003917,0.1643521942724964
56,1.4839113600589888,0.04987615201657364
57,1.882014607656238,0.29870848689214236
58,-2.095920060964616,0.6615298820049276
59,1.3432504492763186,0.023283073110887953
60,-1.0616000479190124,0.003768702644019739
61,2.231931753620141,1.0470620527683792
62,-1.2387333727382537,0.012477084962833174
63,-2.329262846230109,1.4267584852247361
64,1.0647042918166623,0.0038554084245420173
65,-0.33698346975806714,4.2817805945283283e-07
66,-2.1937894423252025,0.923578462466849
67,-0.4293825216588578,2.954374620611766e-06
68,0.43472084965455604,3.2598421030316516e-06
69,0.7958197437030967,0.00039377810503982147
70,-1.6309128210726331,0.10211554212025048
71,2.1168292064260728,0.7114573412864408
72,2.0757718527328333,0.6162543499632008
73,0.8940969425471375,0.0009838569996425406
74,0.8631273253668521,0.000745932936739413
75,-0.927648601759012,0.0013134400915562061
76,-0.28865293654469326,1.244709711967218e-07
77,-2.8020493665874397,5.323299323172658
78,-0.25271223422156197,4.30438642506914e-08
79,0.3944795719331182,1.503632091504059e-06
80,-1.3940939353817674,0.030958004004754514
81,0.7128844445173979,0.00016524158354480623
82,-0.3696238163287018,8.95038790194036e-07
83,0.9107058333631448,0.0011367015921682766
84,-0.28094842514652774,1.0029115116161336e-07
85,-0.8693570234637584,0.0007892964875615416
86,0.3472656448536515,5.441855603915968e-07
87,-2.8078510950431936,5.401156272990193
88,0.7148525712047915,0.0001688807432461692
89,-0.5753329836186056,3.0255517152855127e-05
90,1.276176819452564,0.015699668239526343
91,-1.8279899679155933,0.24045599540036175
92,0.33880045791601177,4.46945546794808e-07
93,1.6429402951645198,0.10793997435208241
94,-2.052471885646235,0.5671909710750875
95,-2.9218567858136764,7.135253891865896
96,-0.817645234483372,0.00048729095753219376
97,2.912875377160156,6.983673526814943
98,0.023157719235022967,3.3306690738754696e-16
99,-1.5662345739879653,0.0751812622935839
100,0.47843870682137446,6.988974232013945e-06
101,-2.5981572043228924,3.1218237243244897
102,2.5810843310726943,2.9788565984765834
103,0.5486398546426958,2.0750335656849472e-05
104,-2.4694344623380045,2.1724628825661845
105,-0.1339999980012161,2.702262857923188e-10
106,0.32660811847680904,3.336324319036521e-07
107,-2.7554533821894873,4.731284031991136
108,-0.7179913225110628,0.00017482882846009407
109,2.3398913665847143,1.474462653605375
110,-0.7311305133498998,0.00020175306793501768
111,1.8847342277328885,0.3019326299319647
112,2.650896894347957,3.600253048822117
113,0.8982549314722759,0.0010203403554200907
114,1.3242515584116656,0.020869279525645046
115,-1.0933023532703587,0.004738908121106111
116,1.4616691916619695,0.04445212092071227
117,2.0366372892659053,0.5357692996541128
118,2.7698484723330017,4.907991513875112
119,-2.9254388923446015,7.196469147632167
120,-1.8858389352030365,0.30325069061287235
121,-2.9762037086869544,8.11214025699501
122,1.3470487240172595,0.023793401245859047
123,1.2528598433155302,0.013618513244726682
124,2.369743117618331,1.615680575420243
125,-2.0659910656172196,0.5952387294533978
126,1.7522735638772744,0.17524303322544904
127,0.6391219624643742,6.963659465786254e-05
128,1.3344692494222006,0.02213915838831232
129,0.09193781257740241,1.328170906589321e-11
130,0.6790041337193613,0.00011244206469018803
131,0.405350108578034,1.8673003907565544e-06
132,1.5848625216667003,0.08222765197881943
133,-2.6731965503462938,3.82021772710465
134,1.7056556031953845,0.14312972374322958
135,1.280839314831523,0.016147142685060567
136,-1.6484598706152604,0.11070644840163768
137,-2.564170773018469,2.8426704770687805
138,-2.584755400769298,3.0091258040504028
139,-0.2845044334572573,1.1088562434924398e-07
140,0.8276398109244631,0.0005361881397609736
141,-1.692832257090197,0.13523256484491622
142,2.4598730000533404,2.1129054979911204
143,1.095503297354126,0.004813624257076876
144,-0.8905235631075321,0.0009534132258093297
145,1.6604273165838643,0.11691334773990392
146,1.3584515031313966,0.02538367393669777
147,-0.09884323312103316,2.3703927709561867e-11
148,0.5425524569599585,1.899078904077367e-05
149,-1.0681264484134616,0.0039529890059996076
150,-0.49054959965039124,8.526378741380292e-06
151,2.3735451505264518,1.6344563251693296
152,-0.4567275677309044,4.829807448203383e-06
153,-2.852813127822805,6.037366542814139
154,-0.7782597009185714,0.0003302800818999474
155,1.421163493877014,0.035865827814372475
156,2.475481040187426,2.2108484510198263
157,-2.471793492991305,2.1873716768087323
158,-2.342066373843161,1.4843882880917594
159,2.040514717563288,0.5433238909555744
160,1.735374851756407,0.16295814403558848
161,-1.936764521076596,0.3695608719748831
162,0.7676600497389381,0.00029642960450537714
163,-2.9730769427897448,8.053071971962655
164,-2.185032948282131,0.8970356956780734
165,-1.6596750051710858,0.11651459757475102
166,1.1116876405565304,0.005395019967001091
167,1.5055915446804349,0.0556996811343482
168,-2.703360894873515,4.135544357760319
169,1.614529994288378,0.09461541979886512
170,-2.050312221791727,0.5628157218074963
171,-2.297865502348376,1.2933500887109943
172,-2.902272970666637,6.808197453085481
173,1.3941548965683435,0.030968371909561532
174,2.8692011497103955,6.2842619123691215
175,0.8575487080510822,0.0007088725891151171
176,-2.8107687097299565,5.440667106690347
177,-1.483765847927114,0.049838903439912596
178,1.751226622908634,0.17445966280359182
179,-2.627292321993109,3.379058359415682
180,2.249729458573567,1.1092757215157063
181,1.9186209289132545,0.3446521112520695
182,0.2948837272374636,1.4760792799162203e-07
183,1.6538938588498269,0.11348896110429241
184,2.411756406513634,1.8335636246962645
185,-0.6586479950871862,8.837398016836584e-05
186,-1.1930433638144458,0.00933080639798023
187,-1.7704115563198206,0.18929835762780947
188,2.4738853383282313,2.200663602579193
189,-2.2020852169402163,0.9493328510367419
190,0.4828811640791324,7.522158056327832e-06
191,-2.5677021985448247,2.8706656645970368
192,-0.45431053176292835,4.630082896861509e-06
193,0.3222333236977377,2.995977016473361e-07
194,-1.9678469560872376,0.41578492662963484
195,0.253339662043115,4.390488839156603e-08
196,-0.36863284879786784,8.760845654487426e-07
197,1.951019528595273,0.3901873353546101
198,-0.1511200663144372,7.067321172726793e-10
199,2.1194305876220856,0.717885971307404
200,1.7784242578134375,0.19580665849782364
201,-1.0634698125619062,0.00382072324723004
202,2.2638672987399966,1.1608894569185628
203,-2.560466491315668,2.8135510706878573
204,0.30093871097895963,1.7360887405448722e-07
205,0.8013709543950149,0.0004159427296770435
206,0.2364940856629425,2.5339998543927322e-08
207,-2.8007785233351608,5.306370737637134
208,1.0657679842575982,0.0038855131740621607
209,-0.8990491821807343,0.0010274412852155912
210,2.229608724992886,1.0391631090377453
211,2.3215849377271516,1.3931111918965517
212,2.0374401282534365,0.537326168374959
213,-2.4801403102376547,2.240813634586121
214,0.6325864423468319,6.419157365888939e-05
215,0.6686185746793556,9.95329215029983e-05
216,-2.805643957202343,5.371426138290773
217,-0.141018194156743,4.064497627354058e-10
218,-1.3089458959492448,0.019084450328601343
219,-1.2064976524538689,0.010176667667688655
220,-1.5632504483003455,0.07410195095812583
221,-1.3695914436666592,0.027024703711168274
222,0.49331026343254436,8.915513230123295e-06
223,1.9005273650182275,0.32124590892625804
224,1.3527622902366438,0.02457917641327667
225,1.6852739796026306,0.13075439227596605
226,-1.9807500118307677,0.43636450301442326
227,1.0304932572459595,0.0029887889149834423
228,-0.7589624932447667,0.00027094888939438455
229,1.0578915657839794,0.0036673358139776013
230,0.026690474550949084,6.661338147750939e-16
231,0.8729174648077862,0.000815049683559832
232,2.0854057048176298,0.6375643447509288
233,0.5827632025398795,3.3498232888673485e-05
234,0.9729528595367838,0.0019078924081237236
235,2.114414134058186,0.7055327354988159
236,-1.962683847954905,0.4077838204880316
237,-0.9816498537315166,0.002045404440128462
238,1.1746656809587055,0.00827383926773867
239,2.07454716446418,0.6135890273139489
240,-1.8738878188648063,0.2892477778409238
241,-1.3210152697234414,0.020480369585397173
242,-0.387295114176446,1.2987424764521194e-06
243,-1.2487012756219917,0.013273515497666366
244,-1.137729362224944,0.006458055067902868
245,1.3530149543857597,0.02461443390335727
246,2.560112737211063,2.810783323532816
247,-2.790399482463845,5.169788051956178
248,-2.6468960820435723,3.561932550974392
249,-2.5106035417679036,2.445250055029358
250,2.788656229875529,5.14713815401504
251,0.9148067471744472,0.0011774668602358984
252,-0.5587720260826199,2.3995294376910614e-05
253,2.030817912499371,0.5245980709097053
254,-1.2150452074849116,0.010747731562595786
255,-1.5068763739891022,0.05606235410333732
256,1.4941325619164596,0.052553058304010136
257,-0.5811749415042109,3.278071867118815e-05
258,0.7477315782444922,0.00024087869797506656
259,2.5148229838473304,2.474761216132886
260,-1.5918344116600667,0.08500638292374457
261,-2.2062622252112365,0.9625280351400489
262,-0.2773644008278193,9.05194714739821e-08
263,-2.0241292844548266,0.5120023674953157
264,-1.609640137186122,0.09247022692765011
265,0.7683919509957056,0.000298665843807
266,0.6011056022593935,4.283213940958763e-05
267,1.064680217999955,0.0038547294266610965
268,1.615730053935616,0.09514834227070257
269,2.138129223632504,0.7655555010077578
270,1.609636524273256,0.0924686574402448
271,0.9524005489675424,0.0016143327838264998
272,-0.29599122204951467,1.520917386477194e-07
273,2.2930944014619437,1.2740281423909305
274,0.9111088775244665,0.0011406530357690459
275,0.8232492050605718,0.0005142066490847474
276,-1.0019644480372132,0.0024005171992339536
277,1.9531191000175783,0.3933062754018135
278,1.578149055971334,0.07962572354526115
279,-1.158489201619855,0.007430663752096445
280,1.8439615291255382,0.25657144023274425
281,1.4978601153401785,0.053559471562713845
282,0.6408392813624375,7.113243710032968e-05
283,-2.799820509664304,5.293638991882684
284,-2.6488570366451936,3.5806720739392066
285,-0.47684075291892736,6.805424073941246e-06
286,2.0206068461282625,0.505472672914604
287,-1.0028592273192332,0.0024173148241923847
288,-1.1132713169678605,0.005455039999100242
289,1.1905153512231212,0.009178838352563667
290,1.316318886620829,0.019927097044664
291,-2.1605816065863936,0.8263015965015728
292,-1.46997048959382,0.046414085214284806
293,2.0492916851545155,0.5607581811759306
294,-0.6634086843134193,9.355803988164713e-05
295,1.0100021773732468,0.002555099686963991
296,-2.7486769678261362,4.649957798356637
297,2.817043980084577,5.526465469053872
298,1.6997892684158131,0.13946951122171833
299,0.18671230134477934,3.83301013151538e-09
300,2.4970608187947256,2.3525161677572552
301,-0.8394730585695522,0.0005995454279814627
302,0.6404447447308446,7.07863281852461e-05
303,1.883104356987408,0.2999968685666524
304,-1.520419325528925,0.06000995674573417
305,1.9866757769231773,0.4461011444681813
306,-2.7511855359092983,4.679926856874689
307,-2.824088860609253,5.62412818144956
308,0.8340024800860113,0.0005694902763697662
309,2.1105804286326917,0.6962136029005774
310,2.2952165883017352,1.2825923236550139
311,0.8632046518476013,0.0007464582366191186
312,-2.7606093781202174,4.793955599373812
313,0.6748319695483409,0.00010709091165039819
314,-2.8989202032972363,6.75347791454608
315,-2.0196514799561776,0.5037138764648599
316,0.8767119656752316,0.0008432959251257754
317,-1.566996080797909,0.07545883196940384
318,-2.66580665167762,3.746112469031256
319,-0.4913260123737082,8.634291271070182e-06
320,1.7728121148491276,0.19122858029755035
321,1.4780680259622399,0.04839898871907322
322,0.6802403000440802,0.00011407160633758462
323,1.6580297193309406,0.1156465864700133
324,1.6261128526800626,0.0998672690442477
325,-1.5318424486491955,0.06352249753624023
326,0.47503863025131077,6.603483263645238e-06
327,-1.3497487064836982,0.0241619885867283
328,-1.690786941563854,0.1340080216850615
329,-1.1306871181825013,0.0061541353225709194
330,-2.6699132134749934,3.7871428504488938
331,1.7626497982265512,0.1831704825197959
332,1.9714803512916559,0.42149493165798296
333,0.4611969986653781,5.219009569734645e-06
334,-1.9803217453110016,0.4356678526099592
335,-2.8786042014810826,6.429684770505504
336,1.0561595117238154,0.003620806305298374
337,2.1154384380065885,0.7080404249322656
338,0.8396139343132338,0.0006003372468708079
339,0.702307348611634,0.00014682931854381742
340,-0.41289521629404824,2.162845498698829e-06
341,1.9738802649299494,0.42530281939975945
342,-0.6083698913009483,4.711214192276714e-05
343,-2.1339196135089047,0.7545969794613284
344,0.4615535936831878,5.2512091831546925e-06
345,-0.8674277156055767,0.0007756389837129118
346,2.8948945476747525,6.688261010141506
347,-1.3435969284293034,0.02332923167417017
348,0.5283849103527531,1.539071787237667e-05
349,-1.1013275066155659,0.005016274921321062
350,-0.1364874986802369,3.130424808261978e-10
351,0.5780604314035043,3.141251475535789e-05
352,1.0557573868997334,0.0036100770835048035
353,-1.0981689843895177,0.004905479292455883
354,1.2239520971360784,0.011372003253602991
355,-0.7967878785992863,0.00039756800864054753
356,-1.6786281522023396,0.12692200488807678
357,2.6187466003460855,3.3018352074807384
358,-2.0531692391240464,0.5686098675607983
359,-0.23242966254715824,2.2062727200733434e-08
360,2.76354876903023,4.829993273739021
361,1.423863851769748,0.03639014967944865
362,2.2948047215470178,1.280926437446005
363,2.061114702408358,0.5849896550864436
364,1.8705319756417627,0.28541606427838817
365,-0.4128015281153159,2.1589390362120042e-06
366,-1.8151263212217748,0.22811023355839824
367,-2.542576779450153,2.676411896809342
368,1.1914462863419848,0.009234549887968402
369,2.9094838242578227,6.9271362136240615
370,-1.0853044229586357,0.004475777118758462
371,-2.541734413116076,2.670095132280766
372,-0.8217831574789498,0.0005070434381559963
373,2.941625709550779,7.4785717363932145
374,2.5227360145468474,2.5309109851115115
375,2.454030658457797,2.0771931210351395
376,-2.5988282266619707,3.1275580593707684
377,-1.7140222886498855,0.1484915802330315
378,-1.3725813165861767,0.02748036049367264
379,1.8483769663285399,0.2611853458967661
380,0.2672098825015672,6.720403633586614e-08
381,1.912717402442854,0.3368611719195779
382,2.4523903369412343,2.067257934435322
383,1.8644588238780244,0.27859132114028495
384,0.8100625800704959,0.00045282527106871306
385,-1.0240239301085985,0.002845465209166398
386,-2.090266169201405,0.648549980802107
387,-2.9323827415084036,7.31638017518857
388,-2.0334987255110866,0.5297195721214327
389,-2.1328876410375535,0.7519308510224803
390,2.268950669754882,1.1799352222438497
391,1.7981113177453727,0.21261185634697127
392,0.6196796661705939,5.4518116764490365e-05
393,-1.280366940207873,0.016101312934890755
394,-2.0375494135149603,0.537538390634576
395,0.8322351533355907,0.0005600646645419483
396,2.54898258604309,2.7248588885319274
397,0.6399989981683585,7.039706126665823e-05
398,-1.3797271741298036,0.028596228703075988
399,-1.3764747554368277,0.028083608665008808
400,2.068318513197095,0.6001838258626422
401,-1.2472204118757488,0.013152494541290694
402,-0.21826412520974792,1.3349407246288081e-08
403,-1.2379258287321966,0.012414406697392133
404,1.9219752280898055,0.349146556441102
405,-1.6174137255365444,0.09590035112359901
406,2.301704303064458,1.309074950005785
407,1.4293487970205243,0.03747543856407082
408,2.4248877389228287,1.9065235239648923
409,2.9886914044278683,8.351657010702858
410,-1.93703251393516,0.3699399358621841
411,-0.977114590586126,0.0019726610182962956
412,-2.919574545576781,7.096478976063471
413,0.19649732888351634,5.7656367458136515e-09
414,2.317260998142493,1.374457835195678
415,2.777409264710581,5.002989167397611
416,-2.6854700936399274,3.946002842784218
417,2.802918473527934,5.334902406204019
418,2.4368856138748125,1.9753018622093945
419,-2.909312488474363,6.924290189508232
420,-1.7737057138791696,0.1919513669633641
421,0.39773036415312735,1.6052576216063486e-06
422,0.3054409259413191,1.9545529894582359e-07
423,-1.8405245323267458,0.25302809268104565
424,-2.0657884857910975,0.5948099463053388
425,-2.3658125207672667,1.59646086429568
426,-0.38187321762918547,1.1606996251911639e-06
427,2.420591825724964,1.8823911823363124
428,2.2685429817365517,1.1783981017537148
429,1.719795893135685,0.15229072275188432
430,0.8805809766342683,0.0008729680476364798
431,2.137012989324056,0.7626366909575287
432,0.6030876411258048,4.396487101387958e-05
433,-1.80999676360223,0.22333987852769543
434,-2.3725932534287484,1.6297384067928269
435,-0.6804234046461008,0.00011431471895761991
436,2.979096835229056,8.167115632026439
437,0.7663744134799719,0.000292536732756421
438,2.390903468206673,1.722525009741438
439,-2.9724693489382017,8.041635462413739
440,1.793636880891972,0.20868842853405886
441,2.7435665172563564,4.589400459214198
442,1.3993200015526277,0.03185772793774333
443,0.7528981155255758,0.000254330194325747
444,2.83942902749094,5.841776274739275
445,1.1734321262442133,0.008206756115495373
446,0.5526589437912031,2.1988496435199067e-05
447,1.9890532997881403,0.4500590813396401
448,1.776527506389483,0.19424906484888932
449,-2.3537735005358273,1.5387843504319247
450,2.6722927229271223,3.8110889760768907
451,-1.8297382641367808,0.2421769671733217
452,1.5375538778872482,0.06534377226867133
453,1.2907555555328178,0.01713549787915497
454,0.09326135921738876,1.48903112062726e-11
455,-2.413173150021917,1.8413206323611544
456,1.3415850557742761,0.023062301053312417
457,1.9932250764158113,0.45707589927804343
458,-1.3246638194205416,0.020919274938563215
459,-0.4071088177094673,1.9328338959345714e-06
460,1.9404080532321641,0.37474280272905336
461,0.2993815255199399,1.6656655399405196e-07
462,-1.041882472599844,0.0032563335026049023
463,1.2134557394419474,0.01063949489518251
464,-0.4775815545551958,6.889986753910726e-06
465,-0.4493573067252643,4.243190819597231e-06
466,-0.5526024083981103,2.1970642533286622e-05
467,2.197945161540927,0.9364052839036782
468,-0.13645893469826653,3.1251889964778456e-10
469,1.0939699235511497,0.004761463633194407
470,0.41245401099464374,2.1445025853994437e-06
471,-1.2520760542821008,0.013552904924769793
472,-2.033267037175212,0.5292752836692233
473,-2.3046908444877796,1.3214197240354009
474,0.25532639374233934,4.673146247746729e-08
475,1.2245452112400592,0.01141466162957211
476,-1.187049012889177,0.008973939141070586
477,-0.0018102130275035044,0.0
478,-1.226760086278457,0.011575183690797963
479,0.7219582627588821,0.00018260662100533231
480,-1.5728969665900168,0.07763959511501584
481,-2.2065290605474708,0.9633761984113876
482,-1.8462333729560858,0.25893666807382854
483,0.174031856195362,2.1846645603673664e-09
484,2.016684946146648,0.4982855809347775
485,-1.3252315188482493,0.020988289224719958
486,-0.9925910217532192,0.0022305369922731577
487,-0.4683133997134128,5.895298660352211e-06
488,-0.8510282928457618,0.0006675915235471175
489,0.2763424730598154,8.789047700741293e-08
490,-2.6119817759338813,3.2417573247351283
491,-1.1673695251698133,0.007883840017735677
492,-1.1274038094958305,0.006016716553212675
493,0.2671361114162156,6.705601363066194e-08
494,0.6125448630985302,4.973686510556519e-05
495,2.1503702371979054,0.7981882833485143
496,1.8601118644904302,0.2737920003789139
497,2.3999810086446027,1.7701459865422249
498,-0.2329935204054827,2.2493973128590028e-08
499,-1.912034295315967,0.3359693979133942
500,-0.8019050148218119,0.0004181311827456957
501,-1.445926747306768,0.04092627085537531
502,1.6962955986067474,0.1373278634904778
503,0.093783994617882,1.5570988942670283e-11
504,-1.640078592787404,0.1065290551746419
505,1.708915221230205,0.1451986966028305
506,-2.330671265772091,1.4330042739829432
507,2.6953765831264507,4.050036987038119
508,2.248442510180042,1.1046749974972674
509,-0.7529570576912388,0.000254487348561927
510,-1.789910350525474,0.20546800864600784
511,-0.7237461347374965,0.0001862093221135508
512,-0.132482355053952,2.4670110398972156e-10
513,-2.335073221803939,1.4526737138815968
514,0.45068658629677083,4.344140822953868e-06
515,0.7280395590891491,0.00019511460514665124
516,-1.6948073180871954,0.1364240947856831
517,-0.4192522161193777,2.4427696421192024e-06
518,2.8900125568938355,6.609876151457153
519,1.6375413465933661,0.10529131151648768
520,-1.9606893715036129,0.4047281987045682
521,-0.49812099625878536,9.630750778977237e-06
522,-0.5910235277120606,3.7455148900522595e-05
523,1.7407101518037766,0.1667548242238349
524,1.7229600053079022,0.15440770272411752
525,-1.0904397257669145,0.0046432314490059134
526,2.93101246488626,7.292586463525762
527,1.579250180800079,0.08004759060005717
528,0.5067390289380551,1.1037897715726608e-05
529,1.0070728146688133,0.002497792204180449
530,-2.7741353527101955,4.961667402041365
531,-2.649815398976181,3.5898604501525044
532,1.4189467746370177,0.03544027394069288
533,-2.775985181881559,4.984979911874734
534,-1.1204612836565786,0.005734850451800999
535,-0.4716604783929652,6.23899146290352e-06
536,-2.679354520286648,3.8829017463004014
537,-2.8226503880420486,5.604070652585835
538,-2.6629598958919707,3.717888023338073
539,0.8301082110416744,0.000548901084581388
540,-0.12679044824321206,1.736453203449173e-10
541,-1.0528937440626798,0.003534463692055567
542,-2.6998451755332113,4.097709024332152
543,1.0875251378762023,0.004547538871223944
544,-1.529705481297047,0.06285232488824277
545,-0.8687329514319919,0.0007848560372969438
546,-0.07301179426967286,2.1016521856154213e-12
547,-0.130617596146267,2.2026303003741532e-10
548,0.6934832597490668,0.00013286201341289328
549,2.152764606052809,0.8047067271790316
550,1.2839352089507567,0.016450296854858493
551,2.4148607719387396,1.850596715619655
552,1.8999251000687103,0.320490630303793
553,0.8770334343065627,0.0008457275120644647
554,1.1135892158109133,0.005467157406867762
555,1.2124215927367556,0.010569579481648328
556,1.1830452938573703,0.008742198746490015
557,-0.9705186755356907,0.0018708703806564753
558,1.5975319120549694,0.08733645015552072
559,0.5249587966719762,1.4615417735508451e-05
560,2.6462785163964906,3.5560479041845343
561,2.527684633769873,2.5665654003714877
562,-1.951474882692858,0.3908619820884668
563,0.6823459920263639,0.00011689475585752174
564,2.75508858037362,4.726875874221119
565,2.5110072659893294,2.4480609127216337
566,-1.2067817141462724,0.010195216491751313
567,1.5602715222400452,0.07303777432860709
568,0.3698880658353434,9.001531974250909e-07
569,0.053373555432775444,1.7141843500212417e-13
570,2.7732691640334384,4.95078256604341
571,-2.651264499483738,3.60379126455854
572,-2.2962479490214145,1.2867718939599677
573,0.949162145696266,0.0015718502973876003
574,1.1379377091098792,0.006467240590761758
575,-0.4617492717336056,5.268951998260718e-06
576,1.5711248881971978,0.07697910314930784
577,-2.144105137796327,0.7813427350023341
578,-2.1093099090126173,0.6931482146604638
579,-2.4608153763865355,2.118713912813684
580,-2.906943092006085,6.885032402581143
581,0.4328620524588631,3.150489857550731e-06
582,0.7281394385547655,0.000195326106827598
583,-2.1009747203205285,0.6733193680660593
584,2.8206544098013344,5.576338335424289
585,-1.049080128655276,0.0034358970060351934
586,1.8865398992896436,0.30408956447242586
587,0.9547152606324749,0.0016453047334221704
588,-0.9774652236487977,0.0019782038854427864
589,-0.3092370865354912,2.15705643791253e-07
590,0.8014023360508853,0.0004160710483667174
591,0.3767993953583644,1.043310071113801e-06
592,-2.304584100035439,1.320976817032731
593,1.2452600790216017,0.012993753493140303
594,-0.798256195086295,0.0004033764566623299
595,2.0947499159441687,0.658825656846636
596,1.9594934750540416,0.4029053630359059
597,-2.6768770587597355,3.857580267749354
598,1.975956680709512,0.42862091241138045
599,-2.351777137134219,1.52939169542918
