,data,labels
0,0.7888943501359869,0.0003675715282337455
1,2.8726555220635053,6.337363469539568
2,0.8238802713450601,0.0005173170528767201
3,-1.0345179696235824,0.0030810722154590575
4,-0.32117826511817693,2.918591629486045e-07
5,1.5229867440326172,0.06078456739015653
6,-2.989032855101089,8.358287864417859
7,2.6475361460377353,3.568040172556791
8,1.2111013501331982,0.010480898226204016
9,-0.3286685056903975,3.507994950080473e-07
10,1.0128747143663173,0.0026123978380772073
11,0.8365667990277443,0.0005834114196642259
12,0.724901053879655,0.0001885693195043947
13,2.577689027122581,2.9510885222502115
14,-1.810015591189532,0.223357231224995
15,-1.2435624808611672,0.012857624870748818
16,2.4763052720586156,2.216124724285368
17,0.35630109269684906,6.679068033088598e-07
18,-0.49719892927083054,9.489908918691725e-06
19,-2.528287986993952,2.5709411603607526
20,-0.4660571226207466,5.673049484955506e-06
21,-1.3219654522273523,0.02059390226450586
22,0.8181096985813499,0.0004894742360916915
23,1.4914220349754013,0.05183145486865459
24,0.4935123227364868,8.944593926418776e-06
25,-0.39640701385893706,1.5631856629116925e-06
26,0.9688446838744085,0.0018457731054124515
27,-2.760436035493769,4.79183740432039
28,0.6882422014154548,0.00012512614508186637
29,0.8521103417094018,0.0006742938978923085
30,0.25377349568522956,4.4509013252813645e-08
31,-1.6047946383363814,0.09038564906565338
32,-1.6589128348769404,0.116111806711728
33,-1.4113720448909208,0.03401867066107561
34,2.8137161989407353,5.4808270625113975
35,1.3099128355111347,0.019193181658242964
36,2.645596535581208,3.549558909469871
37,1.4264555465530258,0.03689954840956661
38,0.7690270602805236,0.0003006182214474462
39,-0.04199675170189021,2.531308496145357e-14
40,-1.7662118871552255,0.1859614182926589
41,-2.524389517234766,2.5427778626616773
42,1.4610409533423585,0.044306581500530906
43,0.7906320446570199,0.0003740003608933007
44,-0.05978949241054732,4.249933738265099e-13
45,1.3868223352090574,0.029742489499491265
46,1.2552328021392922,0.013818817265546901
47,1.2440467345000759,0.012896330746544005
48,2.34470764606741,1.4965172198123582
49,1.6610214287127834,0.1172290699412481
50,-2.2612119089926717,1.1510439737304772
51,-2.840362626477262,5.855245825773068
52,0.17723457149026345,2.5275136428248857e-09
53,1.6683875132905452,0.12120442778756857
54,1.9819116501758032,0.43825886653052426
55,-1.2307387202598048,0.01186842612238509
56,-2.5777323172707476,2.9514411963063547
57,1.7071007102996134,0.14404384990542154
58,2.033627661819044,0.5299669587111941
59,0.4938341974738383,8.99108963625661e-06
60,0.32139913680253773,2.934645697560967e-07
61,1.9763782820158955,0.4292973004130857
62,1.8287660814276379,0.24121869054528317
63,2.788996672216288,5.151554966045702
64,-1.0198687282520125,0.0027565820353605552
65,1.1584007019591214,0.007426263211877782
66,-2.3461716514272952,1.5032758744853436
67,-2.0329748920330495,0.5287155121994157
68,-1.2788683133106626,0.015956657038822875
69,1.6417103546175875,0.10733162700080862
70,-0.568854842237565,2.7655216037314467e-05
71,-2.69201953928324,4.014528902861345
72,1.64696002740153,0.10994878461698959
73,0.7124275707384635,0.00016440663146810586
74,0.3375504982681523,4.3395946947022424e-07
75,2.124661889138796,0.7309624531817548
76,-0.23006161924557134,2.0329540051378103e-08
77,-0.37180175684429306,9.379599479331091e-07
78,-1.2792895037810283,0.015997199157693875
79,2.665612098708711,3.744177867940771
80,1.4165554432826921,0.03498606760822176
81,0.5590035811939043,2.4074348731528694e-05
82,-2.994285115798213,8.460838352846242
83,-0.45486384400847335,4.675156116795698e-06
84,2.7824122549904517,5.066689175124311
85,2.6559965635083644,3.649597884271415
86,-1.749272166209221,0.17300522916212477
87,-2.044960725438921,0.552097053617789
88,-2.220482956820857,1.0086173526681794
89,-0.2635282720134766,6.015578613016714e-08
90,2.1227917065297763,0.7262647120009791
91,0.7841795947032022,0.00035061021166338247
92,-0.5440199166316413,1.9402586435846025e-05
93,0.18131082201692905,3.031324746771702e-09
94,-1.9380485303893928,0.3713800431054157
95,1.2237639191238667,0.011358497742173623
96,-0.7021096926911516,0.0001465029931481121
97,-1.8104012707197719,0.22371295045903725
98,-0.6516354786977598,8.11938306636284e-05
99,0.524102917834838,1.442714511212806e-05
100,-1.1365731353693407,0.006407284309529637
101,-1.554751758733545,0.07110046693018973
102,0.32586377445674675,3.276137093832787e-07
103,2.411354396425417,1.8313675295625413
104,-2.1412431067295223,0.7737478281484002
105,0.900507304682928,0.0010405891984062166
106,-2.248138836944637,1.1035917410016487
107,0.651643075207669,8.120132502076327e-05
108,0.9050523056053761,0.001082513024154963
109,2.7161488674015004,4.2756370312042336
110,-2.412554814305668,1.8379317146328098
111,0.10643904836841367,4.2853387505203955e-11
112,1.4734208935157884,0.04725115395641649
113,-1.6659182543996696,0.1198591798516016
114,2.058636307698925,0.579838088004599
115,-1.6370647540068501,0.10506019167854586
116,-0.5798857294935602,3.220819329885494e-05
117,1.661904591349976,0.11769974433334557
118,-2.769812426686788,4.9075422511541795
119,-2.196847499538868,0.9330027846364264
120,-2.806061089818063,5.377034423829551
121,0.4460940916293872,4.004009422797772e-06
122,-2.571177222170053,2.8984387594190104
123,-2.9464956598924603,7.565224771523597
124,-0.6763201461685453,0.0001089736005315256
125,2.8455046868985114,5.929898235288204
126,2.495894469391189,2.344669463322887
127,-2.3008462318271983,1.3055461449390797
128,-1.8178923423729239,0.23071834283859177
129,2.8031687935363188,5.338248235290562
130,0.4911933293457995,8.615765837216571e-06
131,-1.7090904909171718,0.1453106641647445
132,1.230401622482253,0.011843334662718641
133,0.9235797337873386,0.0012689560748728734
134,1.7251812063687497,0.15590876380461452
135,1.235944605677048,0.012261780991187965
136,0.9281968437770383,0.0013195360803194278
137,-0.43912597795527253,3.532326001476349e-06
138,-2.8574555397118813,6.106471385889102
139,1.8091016294759044,0.22251618889943153
140,2.0593569996998866,0.5813321376917479
141,-1.3525607596875282,0.02455108539907086
142,-0.21044493540263032,9.973694758969032e-09
143,2.8466394867846176,5.946479701470418
144,-2.3888605680888797,1.7119576450222669
145,-1.7893982586805341,0.20502878975022915
146,-2.4879817715177985,2.2920135051457073
147,2.9835333330174754,8.252020455473764
148,-2.046163809366723,0.5544915654208367
149,1.5027605594063633,0.054907659097194916
150,-1.0252829974994495,0.002872882860014858
151,0.836283271454918,0.0005818578133796048
152,1.3038346023950664,0.018518456044625875
153,0.24847523401983196,3.7606058711503465e-08
154,1.6661404429619102,0.11997970351793089
155,1.6609057880899458,0.11716755937308054
156,0.9619850840721704,0.0017459532337535943
157,1.0541821188157767,0.00356831138232816
158,-0.8674935245928705,0.0007761014402014599
159,-2.0545729578512235,0.5714751064923821
160,0.6529879563747691,8.253765624888221e-05
161,-0.1988569135402507,6.342773639644861e-09
162,2.9776147390983647,8.138914135149513
163,-0.4103728368225914,2.0597983814152343e-06
164,-1.6714920591863638,0.12291405284779816
165,-0.1570695315870898,9.623517538415172e-10
166,1.8967737698309053,0.3165631999763696
167,1.703811012000335,0.14197009055795123
168,-2.2221186845791934,1.014036067172243
169,1.0419548600451902,0.0032580981275895926
170,-1.603412900888167,0.08979862800790778
171,-2.579055384102608,2.9622369273976714
172,1.7772715869037183,0.1948588339967533
173,2.7642536515181177,4.838668848131069
174,-1.6771948173230875,0.12610814915295146
175,-2.6116402903088893,3.2387490392437064
176,-1.4130009795444198,0.03432017780706409
177,0.7375503079427643,0.0002161717639734828
178,1.6554511789525428,0.11429732394713005
179,-0.05767266782580771,3.185229857649574e-13
180,-1.217962480224426,0.010948859488876916
181,-2.2949054197279057,1.281333565192068
182,2.5886016977637345,3.041115641641551
183,2.916742480418364,7.048606827596351
184,-2.0688609972306633,0.6013414147489967
185,2.77707534167941,4.998761439158318
186,0.9918843723702233,0.002218156287051798
187,-1.686048217098039,0.1312072197858178
188,-0.4247420529282424,2.709460466210345e-06
189,1.8380371202045183,0.25048974362413323
190,-2.811433638152186,5.449705336907806
191,-0.626106141739823,5.9162666620315996e-05
192,-1.1485683790373484,0.0069511596887498195
193,-0.3317342629026552,3.77771840143204e-07
194,0.4991877507651301,9.795966104064746e-06
195,2.2834403717198333,1.2356738855991638
196,-2.5165215103868768,2.4867248501744887
197,-2.12184987495785,0.7239085848859653
198,0.010671488104559756,0.0
199,1.3571120922985402,0.02519226182356238
200,2.644295318482661,3.5372054027510957
201,1.2598222777438588,0.014213432966683703
202,2.375966007953754,1.6465066483683481
203,0.04912938408999912,8.826273045769994e-14
204,2.1142187879931944,0.7050553446423159
205,2.3447636176159232,1.4967751446367552
206,0.2891130804474136,1.260638842204287e-07
207,2.1881683848748557,0.9064648843280249
208,-2.1696556852841833,0.8519808159272292
209,0.08176383940227794,5.198508290504833e-12
210,-2.332234710335416,1.4399644592963154
211,-2.5785907112512176,2.958441609774422
212,-2.646059882231838,3.553966537384447
213,2.1888391482478697,0.9084928892247797
214,-2.5745890363296926,2.9259252385045564
215,1.429186802698732,0.03744299154948594
216,2.965187466049117,7.905620020758088
217,-0.40780026866363706,1.959143823393461e-06
218,2.91115542231603,6.954953965996314
219,-2.0039511927221607,0.47554387093613726
220,-0.4250862810626419,2.7269984042010975e-06
221,-0.13283753210838656,2.5203983344823655e-10
222,0.9673474081113778,0.0018235730033435704
223,1.7310731023014618,0.1599508473468576
224,0.7603245327280246,0.00027480864690077045
225,0.6740952018114115,0.00010616935803708927
226,1.6475003729105921,0.11022123458688549
227,-2.107665779031965,0.6891983527948672
228,-2.9647357852727003,7.897246741454422
229,0.11234842403610301,6.601708069098322e-11
230,1.9058558611938494,0.32799427963691813
231,0.012343534608690199,1.1102230246251565e-16
232,1.435529607836826,0.03873160492902322
233,2.258981652222145,1.1428292104084732
234,-2.4117992436567808,1.8337977651905204
235,-2.6227215194937465,3.337568663767094
236,-0.21400683194029568,1.140522587483872e-08
237,-1.3368755013131528,0.02244770002175056
238,0.39580348100706253,1.5443201802911588e-06
239,1.22301810156132,0.011305106471051762
240,-2.0126820688863534,0.4910395244900817
241,-0.3863001621794231,1.2723866920083537e-06
242,2.4784182945731956,2.2296993900299045
243,1.8144821274880902,0.2275064315030403
244,-1.8850335420332638,0.30228926952677676
245,-2.0508179457086357,0.5638376950593735
246,-1.4401394140004347,0.03969185892277366
247,1.3707326523507533,0.027197851523709515
248,2.408410681276351,1.815353856901201
249,1.1117558281097661,0.005397592408754814
250,1.9247535078851428,0.35290675970070895
251,-2.764098406004363,4.836756996401336
252,-0.3699516210299292,9.013870765350873e-07
253,-2.6488239909103197,3.5803555964354694
254,2.3831956358631343,1.6829390376466795
255,2.133610989915284,0.7537988065683309
256,-2.3488738786777024,1.5158182687666815
257,1.677705666612738,0.12639769988615868
258,1.3857546570743695,0.029567517786705744
259,0.314561923079939,2.4719222679880914e-07
260,-0.9259097574253374,0.00129426691926382
261,1.4250541251369508,0.036623343597453506
262,-2.1418712705887466,0.7754094092186447
263,2.8381638129161324,5.823563567646315
264,-1.5441164392754214,0.06749149748127414
265,1.3030834093953345,0.01843650397182306
266,-2.6495536656581593,3.5873491057326916
267,0.31185854702559457,2.3073839949816488e-07
268,2.6335553530601867,3.436608623791386
269,-1.5395598176239444,0.06599395301469485
270,0.8994745247921117,0.0010312616273934205
271,1.1423855152761044,0.006666044761616585
272,-1.7296552193940153,0.15897004968048864
273,-1.523956477847097,0.061079364108618917
274,-2.9030715217680307,6.8212846974450105
275,-2.305887045616534,1.3263915888739195
276,-2.842396097883446,5.884673506866844
277,2.72372053192096,4.360437697746992
278,-1.4927180511767855,0.05217541665631115
279,-1.2820148562262612,0.016261681653455706
280,0.6257182554555021,5.887286640737788e-05
281,2.4140104236609137,1.8459178481564305
282,-0.03126917039417032,2.4424906541753444e-15
283,2.718624226548128,4.303207448639771
284,-2.0645142878764897,0.5921189479975699
285,1.301191273873977,0.01823146210035892
286,-2.770303191599944,4.913661955028633
287,0.5618638759935815,2.5069770242081013e-05
288,-0.46567871641943803,5.6365009121206455e-06
289,1.0868319237433521,0.004525031803213175
290,-2.012067052139631,0.4899341634208023
291,-1.4803560110203087,0.04897284643097788
292,-1.7363829546573932,0.16366982398018542
293,1.5396031486415662,0.06600805870071919
294,1.9049085338841891,0.3267858000030611
295,-2.8536925434574,6.050406821773233
296,1.7961130990129295,0.21085202186772084
297,1.5505807281043031,0.06966586924584944
298,-1.904673280469328,0.3264862803102022
299,-0.2746131171566377,8.359342051900143e-08
