,data,labels
0,1.7525793649236174,0.17547241272314057
1,-1.5524444373163528,0.07030378647725638
2,1.3103844476433695,0.019246407123845732
3,-1.866276741361242,0.28061951498392707
4,0.6152077013705708,5.147671501282147e-05
5,1.8777938817272988,0.29376269475691175
6,-2.59917520198575,3.130526652258521
7,2.4348374918727993,1.9634156823287752
8,-1.0066375312823916,0.0024893724415346874
9,1.1612499760859585,0.007569075597554709
10,-1.9910722469660722,0.453443411400422
11,2.995875214735265,8.492090757566706
12,-2.5121885663394243,2.456301068568083
13,0.6284808367099792,6.096411843548033e-05
14,1.8516892949856407,0.26469269395493705
15,-1.1651192244195019,0.007766804821410678
16,2.0748899724731142,0.6143341052686739
17,-2.076636496938141,0.6181419902499135
18,1.1850991037592733,0.008860422169836346
19,-0.15538436247474552,8.828349162826044e-10
20,2.2116690494511984,0.9798376223118703
21,-2.7103678155477846,4.211822290168742
22,-1.7582372035265823,0.17976271317715337
23,-2.744810371806976,4.604078777930499
24,-2.2585343378631624,1.1411875665094853
25,1.2277288497561782,0.011646003975404606
26,0.09609439848743895,1.891697909428558e-11
27,1.7810675883194085,0.19799506618287835
28,2.3476477283851107,1.5101162275605193
29,1.0580149605616498,0.0036706703158974063
30,-2.1876631727910034,0.9049399348500065
31,1.6085576771005075,0.09200101241080638
32,-0.6486871747772733,7.833027299708473e-05
33,-2.036788804790359,0.5360628265093522
34,2.895998001649196,6.706084878768183
35,-0.670994413358228,0.00010236613801584138
36,-0.15482078890387374,8.57556692324124e-10
37,0.78734285390592,0.0003619129673828603
38,-1.0615339171823643,0.003766874031961076
39,2.7400682341167624,4.548327724324657
40,-2.325998061764883,1.4123684614768048
41,-1.7103380508485675,0.14610977286250273
42,2.4484961201937683,2.0438308486482257
43,2.5875402897124706,3.032259550306663
44,-2.6667028897803613,3.7550353026827734
45,0.0009903873536982744,0.0
46,-0.825648304058733,0.0005261185726493922
47,2.638609680752065,3.4836480355276884
48,2.2654930241302464,1.1669521542003438
49,0.9910018173749027,0.002202777312553361
50,0.380309218712088,1.1233428741652673e-06
51,0.35154914308496066,6.000837292630123e-07
52,-0.6373673505292161,6.813664867000302e-05
53,-2.5406870358704947,2.6622584513427117
54,-2.767457804010885,4.87826917110921
55,0.34928614796195934,5.699578258244742e-07
56,0.22922889924316614,1.9749025970128287e-08
57,2.8240409065500565,5.623458564339483
58,0.3771427409775372,1.0509128689495384e-06
59,1.0724836350811024,0.004080318161756913
60,2.643031396809139,3.5252404215033954
61,1.6323084346301862,0.10277729750388026
62,-2.98728102134198,8.324314233957303
63,2.1940425492834645,0.92435542682948
64,-0.887618907351023,0.0009292725091785137
65,0.8925133738808535,0.0009702631037744602
66,0.06943161381590368,1.4058754160828357e-12
67,-0.03941793768115076,1.5210055437364645e-14
68,-0.38093419785915517,1.138142783685403e-06
69,1.6481865369720552,0.11056803929306308
70,-0.3123915134614337,2.339042584065254e-07
71,1.7775503472085763,0.1950876955911631
72,2.0269335994643463,0.5172517805622788
73,2.3149234577338085,1.3644615765278352
74,0.184882109516892,3.5427873967819323e-09
75,2.698448843519568,4.082762510138989
76,2.681381380333897,3.9037209431746778
77,0.5887150514588306,3.631031842266097e-05
78,0.29510045509041927,1.4847616391922003e-07
79,-0.24293353100466764,3.140584237115718e-08
80,1.4533155954451615,0.04255004721442046
81,-0.5741380017822224,2.9760423447600104e-05
82,-0.2454918903827874,3.4147105365534e-08
83,-0.6972336855039982,0.00013865019853931404
84,2.7462970128038213,4.621673548633827
85,-0.4239027009153622,2.6671089732310804e-06
86,0.6252255234758177,5.8506517491507815e-05
87,-2.569486964676501,2.8849019047302473
88,2.249252555534193,1.1075689570571317
89,1.7562804559691036,0.17826892808417788
90,2.799686407246673,5.2918588420229815
91,1.862492727837072,0.27641184467339247
92,0.27288705499549604,7.948884495068143e-08
93,2.5544764326501292,2.7669919494326334
94,-0.5693345359933488,2.784084463880454e-05
95,2.180356518971429,0.8831261208275282
96,-1.1521217415908054,0.007119736895550122
97,1.1092471169923854,0.005303643840045225
98,0.4378269291589394,3.4499781444985445e-06
99,2.6619832119655413,3.708245655919932
100,1.9064267376342432,0.32872436173927205
101,1.5968381234796514,0.0870498279708753
102,-2.0202696482612916,0.5048513103129593
103,2.3855089587836904,1.694738690485148
104,2.549415277564764,2.7281576394786553
105,-2.469711481627626,2.1742091814111646
106,-0.3384442509536574,4.4321069603281416e-07
107,-2.2317274337075803,1.0463652844663798
108,-1.6246850418219414,0.09920671161602562
109,2.3870169276885056,1.7024678108761757
110,-2.8178371528686776,5.537389986363101
111,1.1605932035494302,0.007535948006042514
112,2.0936730082318906,0.6563451687625305
113,-1.5253732301172753,0.06151225471147692
114,-2.4985552709636467,2.36260238113515
115,1.0771970093020897,0.004222036270494001
116,2.9677887260757387,7.953986293554408
117,-2.599124984405167,3.13009686324554
118,2.312182398979215,1.3528177096722735
119,2.5028928586227135,2.3920828040181323
120,1.7718031669859524,0.19041528110464936
121,1.2887612231189518,0.01693264247027998
122,0.0692583870937229,1.3780088181647443e-12
123,2.8762722129256995,6.39336049899516
124,-0.13004095954151307,2.1260626592578546e-10
125,0.8286857556955707,0.0005415434573903255
126,-0.40110638951057354,1.7170996998716603e-06
127,1.6726382305361174,0.1235504132785967
128,-1.921531267459308,0.3485488500448385
129,1.5642104455253216,0.07444771045541043
130,-0.8888685772666727,0.0009395927319731934
131,-1.9083595796905208,0.33120648645645767
132,-2.578056835260422,2.95408608761759
133,1.1034365099652668,0.005091454002194129
134,1.6612462360687061,0.11734872645033773
135,-2.829529418145892,5.7005316914132536
136,2.455970934227903,2.088996789068228
137,1.9831325937634485,0.4402574516048172
138,-0.40960072600883857,2.0291249572812475e-06
139,2.5590476948541543,2.802464272121828
140,-0.4697448230223267,6.040205150936728e-06
141,-0.3398197607120692,4.577853934817355e-07
142,1.8618331747937784,0.27568396401853723
143,-2.111633483787802,0.698762989379145
144,-1.2305096157658206,0.011851368025956044
145,-2.64286532353856,3.523670799441222
146,2.911733711846689,6.96459916124422
147,-0.4274157927869977,2.8483114863364634e-06
148,-1.0029074737849817,0.0024182234371655786
149,2.6434229475225033,3.528943432212822
150,-0.4090589710953969,2.0078417087843192e-06
151,-1.2198607680253553,0.011081470990534914
152,2.561607848177914,2.8224965355452047
153,-1.7385192907204774,0.1651867512530234
154,-1.7806074625773978,0.19761263897581152
155,0.05147619448419771,1.283417816466681e-13
156,-0.7436904796305441,0.0002307930180662776
157,-0.4767075661389706,6.790317245375377e-06
158,-1.0108867373031598,0.002572626750524387
159,-0.6700277131836216,0.00010120497411947316
160,0.8670678702596395,0.0007731144878135865
161,1.0551252140221186,0.0035932654977138823
162,-1.653192472175488,0.11312648804134479
163,-0.33624463019493334,4.207459333160912e-07
164,-2.3416211183056763,1.4823518055103504
165,2.112014935383609,0.6996884062630775
166,-2.848763376670835,5.9776174530747515
167,2.907760254930494,6.8985507141478175
168,-1.837047725007141,0.24948612478581486
169,1.8680115086474514,0.28256662719060766
170,0.7623364495666043,0.0002805975117157189
171,0.2748592044915048,8.419345121080113e-08
172,0.18861571991914294,4.156699762170035e-09
173,1.4928695605523608,0.05221575458758032
174,-1.0216052265216815,0.002793430269034669
175,1.927250193409316,0.35631510921611365
176,0.11734935134213931,9.352263408146655e-11
177,-2.3439037927927533,1.492817071280159
178,1.06739149778151,0.0039318541283071
179,1.3670493118968734,0.026642406536848517
180,1.82174517064455,0.23439346549168402
181,2.086194577447066,0.6393365835128121
182,-2.396164615612901,1.7499921127128137
183,0.7729945737646164,0.00031306783640105973
184,2.285721646942979,1.244648205468828
185,1.1227512363301448,0.0058265332787688084
186,-2.4682765301587035,2.1651761406232914
187,-2.6862106012026543,3.9537013140628123
188,-0.2697533433437651,7.248545830229602e-08
189,2.2524386884896916,1.1190137629628827
190,2.955698379435745,7.731256139916271
191,-1.6593892376263968,0.11636343588920112
192,-1.3005600289920212,0.01816349525640626
193,0.5641726831763654,2.589925943108362e-05
194,-2.4848353983432077,2.2713530447834676
195,-1.696394334814866,0.13738800199192466
196,-1.653931508123143,0.1135084460746878
197,-2.5036211431795676,2.397062701594693
198,-2.7862270827821556,5.1157146494669545
199,2.9923871255287775,8.423659911438799
200,1.0357809543169143,0.0031105352366757044
201,2.613015640122513,3.2508793145409833
202,-0.013679250811910126,0.0
203,2.583527705437799,2.9989745159990773
204,2.916534023720926,7.045093811775455
205,2.8968837562094247,6.720420914927358
206,-2.069949672555139,0.6036702022723899
207,-2.440057911573498,1.993831356212538
208,0.6994156012529364,0.00014211764404747917
209,-0.8293576291522085,0.0005450079622961734
210,1.1522136629178297,0.007124144226456575
211,-0.10426461197892323,3.633227052546317e-11
212,0.09225071961006126,1.3647749597112124e-11
213,1.1269550118973486,0.005998140288104636
214,-1.4758692785128964,0.047852956163762284
215,1.416288984059637,0.034935767641005866
216,-2.216448954866147,0.9953580660304314
217,-1.6828095072391518,0.12932186701854884
218,0.4240489375176244,2.67444582346954e-06
219,-0.620666752801057,5.52101474087241e-05
220,1.1409760091993215,0.00660248030723698
221,-2.658880260708992,3.6777502264811432
222,1.8827782078113255,0.2996107770397932
223,-2.173936333105458,0.8643266978445684
224,-0.28783378853331776,1.2167877405655503e-07
225,0.569684814698026,2.7977078573271363e-05
226,-2.5640795102854597,2.841950038923997
227,0.1344690925315275,2.7788416012697326e-10
228,-1.5765006406068618,0.07899773229054474
229,0.3396298356029148,4.5574838070105983e-07
230,-0.0056454124807494566,0.0
231,-0.008663227149245945,0.0
232,-2.409895725700005,1.8234176643018938
233,-1.439528348112632,0.03956340676140696
234,2.1423637954233783,0.7767143128793401
235,-1.3346315277310714,0.022159851163939648
236,2.952316241116245,7.669888053376165
237,2.447239497468532,2.0363188966000996
238,1.9369794663831454,0.3698648763030745
239,1.6757031631162098,0.12526591357327754
240,-1.418113983103187,0.03528152338911461
241,2.6356771605877363,3.456290642674444
242,0.5206471968078032,1.3688316309212745e-05
243,0.5796432843168708,3.210150558430325e-05
244,-1.321172300402077,0.020499095177483606
245,2.0593133728033086,0.5812416032737542
246,1.4234698633186884,0.03631324230871519
247,-0.2643270576617227,6.162748411586705e-08
248,2.001185188005384,0.47072199771227485
249,1.2405042397148405,0.012615488243939044
250,-1.6351173858811665,0.10412032886621414
251,-0.22571718567982701,1.7457292500466792e-08
252,2.7410319443311497,4.559611719709558
253,1.7259961686521716,0.15646261651214446
254,2.2847666071133537,1.2408845144552687
255,-1.6319558528642257,0.1026097695332357
256,1.2443029409759907,0.012916849653963502
257,-2.479074229352072,2.233927463457438
258,1.5657944846824066,0.07502124824699835
259,1.9349205870904012,0.36696163315419683
260,1.2903919653094276,0.01709835974700291
261,2.4826201485322716,2.2569006437269716
262,2.582218910320817,2.9881842405566386
263,-0.9488621170480505,0.0015679639467276463
264,-1.903636580109824,0.3251691504243788
265,-2.0049992051256407,0.47738172930452283
266,0.23080032763604885,2.0856950500025562e-08
267,2.0565694266915004,0.5755712919005824
268,-0.131404999659825,2.3110768854195385e-10
269,0.7906574208739872,0.0003740949631141355
270,0.2502418781513591,3.9795574169332326e-08
271,-1.649750689216914,0.1113620871559497
272,0.7405823396157527,0.0002232877368525399
273,-1.0103444179136964,0.002561868687223412
274,1.8810136598967553,0.2975292374208376
275,1.1194929669015528,0.0056964586734810085
276,2.317300488192828,1.3746272383079619
277,-1.313409708771498,0.01959086497911755
278,-2.900634980065404,6.781418316998299
279,-1.3832828224579354,0.029165823148701808
280,-2.8702534706437963,6.300399042848474
281,-1.37148502497688,0.027312524760175316
282,2.56863027291719,2.8780611164639756
283,-1.6088502958119233,0.09212765278161777
284,2.107763066631483,0.6894315460395191
285,0.5130602940928153,1.218101861988341e-05
286,-0.4578226931759444,4.922748392255372e-06
287,-2.2699332288018317,1.183646740392265
288,0.5784583061542579,3.158447858642166e-05
289,2.0397380619853163,0.5418035152352354
290,-1.3121674581124534,0.019448784982170897
291,1.8058436332614,0.2195400162092371
292,0.5620189563551916,2.5124751104166343e-05
293,0.7642174212272685,0.0002861052479856685
294,1.589530074458386,0.08407921059715379
295,1.82310345392089,0.23570091692177647
296,1.5646109074842602,0.07459235129287678
297,-2.183931208751172,0.8937421493618689
298,2.4592689467945554,2.1091893976195046
299,2.141664286895062,0.774861575906861
300,-1.4139861799597107,0.03450364461699801
301,-0.5310092988759276,1.600862835549055e-05
302,-2.113914124363313,0.7043113460574517
303,-0.1411952959116931,4.105494832984391e-10
304,2.430513797809776,1.9385203988279014
305,-1.1213503965302254,0.005770298682377439
306,0.5944482669723685,3.92115165229745e-05
307,-1.9381345549236269,0.3715021928373514
308,1.5811313797276263,0.08077274712728544
309,0.09800048269088091,2.2134960531161596e-11
310,1.6064907902133694,0.09111073003320208
311,-2.6931355335551643,4.026303996779083
312,-2.1519098722019407,0.802374655522486
313,-0.753078304734836,0.0002548108884756761
314,1.5235317769286798,0.06095010567938974
315,-1.7710889186180914,0.18984131772467694
316,-2.035419199949575,0.5334144683506183
317,2.568638018715136,2.8781229066909564
318,-1.2681659052472518,0.0149557554166444
319,2.0406812521400397,0.5436503676642603
320,2.1720293058486693,0.8588080921453866
321,1.9071057882167741,0.3295945817492912
322,1.005075833879058,0.0024593662376236614
323,-2.1742953406653696,0.8653689434915626
324,1.6950639657248905,0.13657958273763987
325,2.3333947328699605,1.4451470374357382
326,1.0820432061619494,0.004372167651872316
327,0.9174710433955635,0.0012046258595225234
328,-1.1908268332571916,0.009197446523333486
329,1.665744744961673,0.11976513351813386
330,-0.15861768431012413,1.04085418062283e-09
331,1.216332073431385,0.010836056648917458
332,-1.4789541878348682,0.04862056215102667
333,0.976301194000901,0.0019598545074415163
334,-1.1862436780487078,0.008926904103114142
335,1.8954505692198502,0.3149263516850357
336,1.6940221785568959,0.1359493615773028
337,1.373181114040495,0.027572560559021353
338,1.8796708557794277,0.29595344912386334
339,-2.7772434057674795,5.000888889822575
340,-1.832606483289073,0.2450230498680991
341,-0.6088420927612113,4.74028175546648e-05
342,-1.0437555825487599,0.003302262462436034
343,-1.651278830403223,0.11214255246815236
344,2.303662060933866,1.317156265286988
345,-1.056357125762394,0.003626089013287759
346,2.9835898504265534,8.253106795068152
347,2.0429332892174177,0.5480816245473878
348,-2.513325443883584,2.464253297542278
349,1.8547506611330746,0.26796982673829034
350,-1.874613135184943,0.29008166533727103
351,0.6240382813564094,5.76319454793639e-05
352,-1.4503194484034292,0.04188507250741197
353,-2.7386848354967697,4.532170410412857
354,2.608277819074254,3.2092522134050077
355,1.9792205195160966,0.4338808431832215
356,2.668368186515722,3.7716619751578873
357,2.0436855636886753,0.5495686440387271
358,1.4576358956184592,0.043524847472166506
359,-2.761852237449297,4.809165877123141
360,1.1373821256429704,0.006442771271245484
361,0.045916792831397935,5.140332604014475e-14
362,0.19856559270627372,6.268889962690594e-09
363,2.7134185728142644,4.2453984698085465
364,-2.0867898158627076,0.6406765697949397
365,2.984855246219375,8.277460568642965
366,1.3701022291381362,0.02710208419670873
367,1.63293504728383,0.10307560707844854
368,0.5070417098290019,1.1090418041481698e-05
369,0.8699366237791928,0.0007934400296810695
370,2.5192454772485124,2.5060124169778772
371,-2.4663742676742686,2.1532499250925237
372,0.6327903604298055,6.435568384932644e-05
373,2.241567355890222,1.080368395669774
374,-1.746590003127962,0.17102609129374266
375,-0.8090286605379298,0.0004482940336203445
376,-1.8043423111158048,0.21818000541772453
377,0.6257087880701677,5.8865808563846045e-05
378,1.9525733182769844,0.3924934830219704
379,2.0111554824585207,0.48829968899591414
380,1.117712982307098,0.005626465113052759
381,2.5932580781173407,3.0802234909891584
382,-1.4463107205199364,0.041009323061810155
383,1.2319902813956745,0.011961985993628188
384,-0.2564382286832281,4.838171141496872e-08
385,0.7261375553497151,0.0001911248363184459
386,-2.220387633746462,1.008302327943265
387,-0.3001223217980886,1.698849992903817e-07
388,1.0591795022551835,0.0037022692109285327
389,1.9890661113357782,0.45008048946193513
390,-0.3276406612429672,3.4214143673771957e-07
391,-0.1724882561670107,2.034483581603297e-09
392,1.8347046294281997,0.24712297349176846
393,-0.9306312516227244,0.0013469020439955681
394,1.8762770023743034,0.29200231410708594
395,-0.6805825212086702,0.00011452634831843334
396,2.6918704715959674,4.012958239101607
397,0.43800985370560186,3.4614715023195686e-06
398,1.4337872563206728,0.038373890906050034
399,1.4241491939608792,0.03644593635448362
400,-2.7531119751461266,4.703050741672721
401,-0.452510144587956,4.486036771056412e-06
402,0.39769682205892254,1.6041791571774766e-06
403,0.8648424489361037,0.0007576599506523563
404,2.6092797208664287,3.2180176492490262
405,1.2891294594637355,0.016969941517458675
406,2.9141677317035395,7.005318029389792
407,-2.7202230837334502,4.321094258639052
408,-2.930255901038806,7.279477002750731
409,2.1732958625466328,0.8624699592700218
410,2.8243576507694854,5.627882723586725
411,2.6824538649411087,3.914774825339675
412,-0.39893060242271616,1.6442675658812078e-06
413,-2.9563358859082074,7.742869210505442
414,-0.7584947895948462,0.0002696344281751806
415,-2.195322634918001,0.9282933670860607
416,2.883617026730729,6.508349737695959
417,-0.515271107899852,1.260450164097815e-05
418,1.8260575832469659,0.23856592580061353
419,-1.8102882420923836,0.2236086522035788
420,-2.0371255119778358,0.5367156074937752
421,-2.7264089094947446,4.390882767014934
422,-2.0694273761587105,0.6025520068250408
423,1.5138595259582832,0.058069109510325345
424,2.887272959918832,6.566225784266103
425,-0.6591977391781301,8.895953939491719e-05
426,-0.5035784077847012,1.0502306191817468e-05
427,-2.6149744011900387,3.268220760901941
428,-2.4493911950861245,2.0491956792274566
429,1.5241789688083154,0.061147173282844025
430,-0.8164088217923391,0.0004815202251695627
431,-2.012499499918934,0.49071117560091304
432,-2.360384975698657,1.5702376292241143
433,-0.11314129782659599,6.983646994029868e-11
434,1.1191110335387924,0.005681376997990983
435,-1.4033135644985943,0.03256031888830968
436,-2.0420481331394855,0.546336300505543
437,-2.983806528535868,8.257272738911102
438,-2.6250358745612896,3.3585227277666005
439,2.425890080268019,1.912191407078359
440,2.421300446548555,1.8863541067364236
441,-1.3607161338802065,0.025710152302153677
442,1.8258905232559801,0.23840311923481627
443,2.9130105184822703,6.985934277494027
444,1.9073263204374333,0.3298776196089209
445,-1.1971850129389312,0.00958446965053622
446,2.055838011334882,0.5740677620461613
447,0.4329120342702586,3.153387809096131e-06
448,2.050077191637775,0.5623413037168725
449,0.7882306364697063,0.0003651415116106005
450,2.228871148109498,1.0366656734783888
451,1.3847411731138939,0.029402246529682707
452,2.619827942990667,3.311524336796308
453,1.2402650888934819,0.012596720302874342
454,-2.2607770253615698,1.1494382633012565
455,-0.6731223996347397,0.00010496315511876464
456,-0.965184553022711,0.0017919131165871072
457,-1.5668355133233614,0.07540023218338904
458,1.4047851944298309,0.032822558783872136
459,2.2170277977034942,0.9972515724333313
460,-1.7283383108814407,0.15806369652986993
461,-1.2751047739133234,0.0155983047926061
462,2.1583584931075217,0.8201109370048212
463,-2.651615497990199,3.6071723542883873
464,-2.969532474555959,7.9865462268568335
465,-2.0664491467100623,0.5962092742058978
466,-1.4965533177805077,0.053204781272743806
467,-1.2809214374323015,0.01615512166741978
468,1.734108159508449,0.16206765145103894
469,-1.3054620304884972,0.018697078140719914
470,-1.0680927892503629,0.003952018930829304
471,-1.173336198118779,0.008201559088683363
472,0.02252898405915449,2.220446049250313e-16
473,-0.5782225999345507,3.1482506140934063e-05
474,0.42786028818243116,2.8719870990290275e-06
475,2.015993218675611,0.4970269753625093
476,-0.08997768942493156,1.1178835634950701e-11
477,-2.2924495727738945,1.271435463425694
478,0.5348087810854691,1.694153533227105e-05
479,2.7249385540921685,4.374209510772432
480,2.1955253393392677,0.928918244756005
481,0.20245927737434943,7.321372508251045e-09
482,2.3261600622176815,1.4130796119914475
483,0.38821757552046066,1.323602819125469e-06
484,-2.688957149835411,3.9823647325641978
485,2.666824768224572,3.7562500805341488
486,2.662945921509153,3.717749912765518
487,-0.9670615828976432,0.0018193614872857866
488,1.1100056333673098,0.005331899206206692
489,2.1319852150286813,0.7496059350145656
490,0.3128241027469252,2.3650171909750384e-07
491,0.6964100819408361,0.00013736063000513443
492,0.37252680047210074,9.526420553518378e-07
493,-1.9779244793019188,0.43178566183703493
494,2.4759293043484654,2.2137166797503465
495,0.6705608759786861,0.00010184396224244274
496,-0.8986536066784607,0.0010238993343379965
497,-0.32594061790481543,3.282306360041787e-07
498,-1.0031550177610624,0.0024228900221141547
499,2.0313393458781164,0.5255909344280503
500,-0.2792505069909348,9.555263247307266e-08
501,0.2811926188856799,1.0098926306323364e-07
502,2.2869118866802776,1.2493522391880385
503,2.8965887882372856,6.7156439920877
504,-2.852396649919964,6.031199046339494
505,1.3734699655300684,0.027617057203749407
506,2.203959517679558,0.9552347761991299
507,2.264875996701462,1.1646479869220125
508,1.2027737096865438,0.009936178569462328
509,-2.3091223495345616,1.3399176813067644
510,-1.7173056638007365,0.15064206222042817
511,-1.3809678124707239,0.028793875968591787
512,1.3944535886567584,0.031019214758387925
513,2.9761871196945675,8.11182592245418
514,1.2764184551332773,0.01572259343670107
515,-0.011364977000878795,-1.1102230246251565e-16
516,-2.4422029640295335,2.006443183991137
517,1.1472379633704577,0.006888935807280783
518,-0.14820952103365492,6.049568623822665e-10
519,0.24382388033236735,3.23371623922597e-08
520,-0.05619101851763375,2.5868196473766147e-13
521,-0.23620253232332722,2.5091502653395992e-08
522,-2.248596493532294,1.1052246257827756
523,-2.474531440057095,2.2047827082408027
524,-0.7870240441318233,0.0003607596437308347
525,1.8027717081340509,0.21676491529913028
526,2.3788293950209,1.660856062870688
527,-0.2232151115342873,1.596971754835863e-08
528,-0.07637124037525123,3.0120350658080497e-12
529,2.12337223071958,0.7277202017604277
530,1.2008147958851314,0.009811653392298447
531,2.4562543449046963,2.0907256199548616
532,-1.5365091940015674,0.0650073390910062
533,2.644357158907397,3.5377916889057426
534,1.044982507903807,0.0033326498650440017
535,1.2399544284695452,0.012572376418365894
536,-0.29558476696410674,1.5043252421520492e-07
537,2.492373860905227,2.3211172800548265
538,-1.8307073172767587,0.24313537932602375
539,1.9330702548553749,0.364368983558234
540,-0.3169221631696981,2.623869258533418e-07
541,2.2993393301591363,1.2993684112329005
542,0.0033898793497399993,-1.1102230246251565e-16
543,2.0422791847539905,0.5467914267655589
544,2.886899092397698,6.560287575823159
545,2.5215467755082805,2.5224047690294906
546,2.868342338023095,6.271117753918294
547,-1.9792795715492815,0.4339765117150646
548,-0.22272274627404798,1.5690420407388217e-08
549,-0.5217234549431815,1.391479458801026e-05
550,-1.6247827343925425,0.09925178845092097
551,-1.91134036843423,0.33506555183298986
552,-2.7151589377896834,4.2646526372749465
553,0.3225193663988204,3.0172639198244866e-07
554,0.6678101827214178,9.858460403611158e-05
555,2.2337157153153298,1.0531623210439278
556,-1.1744351547106917,0.008261266950452706
557,-1.242316621535192,0.012758504569513107
558,-0.854423147919376,0.0006888160190001713
559,-0.01590831826398542,0.0
560,-1.9354764995088523,0.3677436177538621
561,2.1425343169326343,0.7771665274344897
562,0.03240033022369193,3.219646771412954e-15
563,0.28341786730008556,1.0754925350298095e-07
564,2.0516625861258238,0.5655480566590473
565,0.7995320500433509,0.0004084833112451003
566,-1.8762860318816426,0.29201276652324404
567,0.5114390875110573,1.187841731442596e-05
568,-2.717212368929105,4.287464116438327
569,1.8475266539654474,0.2602913705282478
570,0.5078472454664604,1.1231256180632698e-05
571,1.854315251664949,0.2675016362978495
572,0.5999483679226687,4.218261568755821e-05
573,2.4597692149325088,2.1122666274002815
574,-0.5661356725457236,2.662322997371014e-05
575,0.13776124177358096,3.371796175599684e-10
576,2.3799733839690536,1.666618291477535
577,-0.5691917882599173,2.778549188331425e-05
578,1.3262855675182346,0.02111694789082369
579,1.060254499416593,0.003731647036154806
580,2.8746389788642572,6.36802237401708
581,-2.9133999132693975,6.992451790475528
582,0.11582850945667467,8.425771191866716e-11
583,1.6000591782270286,0.08838736497834687
584,-2.539603112981128,2.654168630389916
585,1.9714731759508721,0.4214835901948417
586,-0.060453911159579654,4.64406291200703e-13
587,-0.14281056829409167,4.496415462185155e-10
588,-0.4547126227475413,4.6627996427295315e-06
589,-2.4420025418457967,2.00526197371985
590,2.696025094852441,4.056926575844869
591,0.06599094739304068,9.362510766663945e-13
592,0.1295420280460884,2.0617019202973097e-10
593,-2.951467081144715,7.654544122640664
594,-1.789263443517852,0.20491329239011713
595,-2.5248051136292293,2.54576784219404
596,-1.591878314782459,0.08502413230966505
597,0.9762933803167186,0.0019597318352606585
598,-0.8747998879155259,0.000828958005877567
599,0.36876526270887977,8.785967666735672e-07
600,1.2784042744954496,0.01591209300578511
601,-0.3591201830657691,7.112303757050853e-07
602,-2.645996977669985,3.553367883504295
603,1.3495090393655476,0.024129073113750177
604,0.6787611522392196,0.000112124156246729
605,-0.7050976844298749,0.00015150408681052774
606,-1.9417942731455593,0.3767304435056651
607,0.483204801357747,7.5623520744416695e-06
608,0.8695481777440195,0.0007906609613260729
609,0.7618795741234861,0.00027927372516955984
610,0.17109413517179117,1.9066882517293493e-09
611,2.989993754354554,8.376971715580138
612,0.44522834961349744,3.9425651032765074e-06
613,-1.051966195761375,0.003510267852212867
614,-1.0147050578547052,0.0026494850523079982
615,1.5860578136695622,0.0826984541003411
616,1.593985145936001,0.08587962741424354
617,-2.949012357800087,7.610332071385839
618,-1.822620227174537,0.2352350651439954
619,2.313854666321318,1.3599114191508404
620,-1.6696363075856833,0.1218896624022183
621,2.8582079837653573,6.117733785109472
622,-2.310364555776152,1.3451418205291155
623,-1.9070071526041261,0.3294680565055969
624,-2.417899955414703,1.8674007002911475
625,1.6123989889765706,0.0936753700288776
626,2.190149545434285,0.9124658264337223
627,-2.3192955709465926,1.3832085741236078
628,1.7545844267098163,0.17698274457609856
629,-2.407942749953451,1.8128191993642893
630,-0.8105214123852176,0.00045484885953372967
631,-1.9725462788583428,0.42318263108600473
632,-2.2720504043516394,1.191677590626669
633,-0.004983760362639256,0.0
634,-1.3498274908463979,0.024172817126784596
635,-1.9057833517790055,0.3279016474530114
636,0.021685089050966777,2.220446049250313e-16
637,2.2043250272870694,0.9563893159336484
638,-2.050749922987406,0.5637001425504986
639,-2.8933157034089847,6.662826922604761
640,-1.3558904514212315,0.02501876352667376
641,-2.3411483932215704,1.4801922566182313
642,2.9870882974237514,8.320583732188235
643,1.9392483303409476,0.37308676793936413
644,0.17850660106058047,2.676212806917988e-09
645,1.149578731221327,0.00699873787393579
646,-2.3305582777674316,1.4325023693809678
647,2.0170802118947098,0.49900598226500703
648,-2.551204549159279,2.7418342228471086
649,2.494264460811605,2.3337402338569886
650,-1.6578073891736589,0.11552971534378892
651,-1.2216666826741411,0.011208912930954607
652,-2.9262663864944964,7.210672364764277
653,-1.016308036665962,0.0026823389681365217
654,2.8968732669103208,6.720250995156946
655,-0.2535181137139362,4.4152513312134545e-08
656,-0.7418413674920465,0.0002263019425826629
657,-1.7193713805822974,0.15200859060983543
658,0.06156882665573127,5.374589662210383e-13
659,1.6097724770074997,0.09252773243801005
660,1.8332961654699718,0.2457116354344009
661,-0.8770445444608077,0.0008458116579150854
662,1.360185820519824,0.025633378227207126
663,0.2834917393555143,1.0777326853173008e-07
664,-1.4812704966026635,0.049203838384856924
665,-2.723915996702928,4.362645316535433
666,-2.7675554525708015,4.879480250996914
667,-2.8649916902217414,6.220054823688402
668,1.5311299181576672,0.06329836458865856
669,-0.9221345559807963,0.0012534739444602927
670,-2.541843707334798,2.6709140054642004
671,-2.9943261832865242,8.461644302840265
672,2.1490523357096194,0.7946194844554897
673,-1.3395859930950824,0.02279967640326197
674,-0.4850875900483258,7.799923221529781e-06
675,0.11506981136918437,7.994382933418365e-11
676,-1.0978205982694604,0.004893389073934218
677,-1.4675736453423787,0.04584012522323333
678,1.1260337250666188,0.00596016236760033
679,-0.7363034965610291,0.0002133033439404297
680,2.6944461359749603,4.0401692836486385
681,2.216308435990218,0.9948988592954957
682,2.3143912259680537,1.3621941116489533
683,-2.786413528402972,5.118120827677559
684,2.3083534191346455,1.336692483332666
685,-2.577157149882021,2.9467583302002778
686,-2.426695769437819,1.9167575428751606
687,-0.7622387333541187,0.00028031392325378324
688,1.9147022649387697,0.3394637553034239
689,2.196213437219477,0.931042094002181
690,-0.46526088134612475,5.596383038763975e-06
691,-1.448729854081795,0.041535907754214785
692,-1.063843921524754,0.0038312059624426853
693,1.8287183379832648,0.2411717132253665
694,2.789465339722767,5.15764051260851
695,1.113050769841978,0.005446647010029837
696,-0.46966268589607374,6.0318069133868946e-06
697,2.609843104093903,3.222955369810067
698,-2.3517335950337737,1.5291873734165216
699,-2.731671280204567,4.4509916745136255
