,data,labels
0,-2.6304232950870885,3.4077268692205447
1,-2.88788732306985,6.575993558701237
2,-1.7002249558953848,0.13973857854370192
3,1.4518687166998525,0.04222779999727544
4,1.6639729728729415,0.11880839076706706
5,-1.07205090739069,0.004067515983275816
6,-0.1603630713196198,1.1360247187397476e-09
7,-2.7626999260413934,4.819563096865317
8,1.142743012906804,0.0066822506118932035
9,-0.9440461950770773,0.001506712304020219
10,-1.2495804365972185,0.013345816445003211
11,-0.3775386839655206,1.0597404013212852e-06
12,-2.448628082119237,2.044621050147384
13,-2.0363802190618614,0.5352715958651542
14,2.2012602222413005,0.9467448172903257
15,-2.3389492295979757,1.4701805763982236
16,-1.6635474156210135,0.11857956772880457
17,-1.8528508897662967,0.26593212423163715
18,1.309999942782297,0.019203002908247113
19,-2.608645188899991,3.2124639344814216
20,2.12475808009897,0.7312047692844925
21,-0.8048443973844908,0.00043035613340847156
22,-0.4007236594134511,1.704087669307519e-06
23,-0.09566294878221626,1.824840278885631e-11
24,2.799508126556322,5.289493018735543
25,1.859134037654945,0.27272215386958787
26,-0.47318064403796534,6.4007785697262065e-06
27,0.13620282488796054,3.078595156580377e-10
28,0.17665588576971247,2.4622932581763735e-09
29,-2.1937980685223564,0.9236049332988474
30,-0.9218786063939213,0.0012507491175031138
31,-0.7522071630009268,0.0002524942314106049
32,0.2881882000222662,1.2288004780369732e-07
33,1.1271189760478624,0.00600492120482532
34,2.5929858446876644,3.0779255376186683
35,0.2791428211036515,9.52588202762783e-08
36,-1.7200447714299725,0.152456335444818
37,1.4007640137982387,0.03211025570744419
38,-2.8619093891047256,6.173387967595211
39,0.7250971987891455,0.0001889727029262822
40,2.524501699995252,2.5435846636104853
41,0.03661123945793365,8.326672684688674e-15
42,-0.9520780450899178,0.0016100579109424862
43,1.4145571171680569,0.03461035115356109
44,-2.0569459045282485,0.5763464944422152
45,-1.0003851905899461,0.0023711165420799984
46,2.876482011305068,6.396621409984031
47,0.7388256295494955,0.00021914043925719273
48,-2.5208985605219154,2.5177784102911502
49,-0.8606977118087391,0.0007295905666178104
50,1.258101633378752,0.014064364336821233
51,0.9455414372439153,0.00152550352650771
52,0.5506912302405489,2.137448184780233e-05
53,1.9511030838542975,0.39031105570337976
54,1.6379903460028515,0.10550944751440033
55,-0.2831122972360376,1.0662693905594267e-07
56,-1.870275310100862,0.28512478684057385
57,1.2973713745934372,0.017823493159079773
58,-0.46758125176208054,5.822361674900911e-06
59,0.229197013719749,1.972708874031781e-08
60,0.4761380030741016,6.726043800142634e-06
61,-1.1422700316424745,0.006660816993109164
62,-1.282690710054559,0.0163278498113289
63,-2.895431894787425,6.696935731539685
64,1.7169882403023795,0.15043300932521023
65,-0.8065952946431816,0.00043778481264988844
66,-1.3879918430213645,0.02993516951493569
67,1.8618017224141,0.27564929400569804
68,2.846128002090113,5.939001211305856
69,2.89891506376848,6.75339431598701
70,-0.22063931020752614,1.455529829996749e-08
71,-0.5775653581800184,3.119968146803043e-05
72,-1.8495592092834783,0.2624326330348127
73,-1.6557560990796458,0.11445617403870495
74,0.7275821370682278,0.0001941485266346854
75,-1.78405041103298,0.2004895158360067
76,0.9217981674225024,0.0012498938299940754
77,2.4980533994709475,2.35921116215635
78,1.3440336174012781,0.023387520251287708
79,-1.4584535539363421,0.043711477680910216
80,1.4794532131301095,0.048745719449654556
81,-2.385600593397523,1.6952075222821548
82,0.7343042595207807,0.00020877299926669313
83,-1.9932692024110066,0.4571506105501718
84,1.6807575528530068,0.12813936636465903
85,-1.5742689358934288,0.07815428256841905
86,2.5091933301159832,2.4354529306619686
87,-1.7533283269520694,0.17603528539126032
88,-2.642167239207249,3.5170793286098347
89,1.6765443385398378,0.12574027565779913
90,-0.1942440665534475,5.257923985091395e-09
91,1.642986454641072,0.1079628627599431
92,-1.3390269613166657,0.022726696177791994
93,1.9540735952893895,0.3947311660222181
94,-0.9766401726752258,0.0019651827680623457
95,-1.7341348015604137,0.16208633818513082
96,2.7829211194718884,5.073205986939242
97,-0.9949767648124164,0.0022727792850659734
98,0.6297179436153768,6.192138781480061e-05
99,-2.4888319501448954,2.2976231182146676
100,2.2944866069711853,1.2796409997502878
101,-1.9935216971187966,0.4575783172461523
102,-1.7590077726355586,0.1803538867425231
103,-2.8533029869363693,6.044627448753627
104,2.476818247726836,2.219413838431188
105,1.5618018192625236,0.07358280427522051
106,1.7738855377465352,0.1920970981686495
107,0.8616256584759014,0.0007357951558303322
108,-2.8042876878234475,5.353225019327039
109,0.4185188035962515,2.4089387326009515e-06
110,-2.0281200941780266,0.5194864655292081
111,-1.2973973732457569,0.017826243043909396
112,-1.1034235759838202,0.005090989996136885
113,-0.876261248900756,0.0008398969275039692
114,2.131908209810895,0.7494078283245569
115,1.435357433178309,0.03869612958569735
116,-0.9264172655907323,0.0012998376466060169
117,-2.1235794082242485,0.7282402333603049
118,1.792182203426992,0.20742623970482538
119,-2.4731461054186674,2.19595867646223
120,1.5229613211128452,0.060776855310036515
121,-0.053809519240322956,1.829647544582258e-13
122,0.09584987606408113,1.8535395440721913e-11
123,-2.5790697088848384,2.9623539929511176
124,-2.736984141110126,4.512372976317184
125,-1.6068257544066582,0.09125450896691817
126,-0.6307966793959006,6.276677348548976e-05
127,0.3206252641478873,2.8787329564572417e-07
128,2.1221430301779707,0.7246412615567039
129,-1.7562095883847633,0.1782150266889359
130,-1.4910048733241792,0.051721154842657935
131,-0.31815923082981,2.7067218688614503e-07
132,2.8045382016559737,5.356583031773333
133,-1.2978790070988095,0.01787725170222132
134,0.8207912910536281,0.0005022464326701614
135,0.5922492314833447,3.8075698274187e-05
136,2.4313487881820866,1.9433074061732867
137,-1.5800124139500025,0.08034073891765586
138,-2.5558799831134724,2.777843050677733
139,2.5860748016245845,3.020067422836727
140,2.1871504018554226,0.9033943833408857
141,2.414007402628365,1.8459012432708728
142,-2.0436195628917013,0.5494380438893384
143,1.9567484532413495,0.3987475975921855
144,-1.5185584180602572,0.05945380642944792
145,-1.7062115171575316,0.14348078881367568
146,2.2080010284095213,0.9680663358594205
147,2.9641734046660115,7.886831624581112
148,-1.0771494169507954,0.004220584297735086
149,-2.9366947913457664,7.3916776365536805
150,-1.1079937691969777,0.0052572391958969344
151,2.410551218903569,1.8269865579869151
152,2.0766037901819834,0.6180704979028957
153,2.9473858321010438,7.581153995075989
154,2.542143098017476,2.6731582302424415
155,2.6809037880762387,3.8988068992829903
156,-1.9947786992180592,0.4597126317649065
157,-1.4921290702421803,0.0520188597473113
158,-1.6355202246007932,0.10431416025037443
159,2.9287541894786973,7.253514038542354
160,-2.6309913544201944,3.412950005043425
161,-1.9903812174552777,0.4522826302624029
162,-1.7618625597005804,0.18255851079693736
163,0.4724167673341677,6.319029311030455e-06
164,-1.635624570045408,0.104364417736455
165,2.6829318771418498,3.919710023189156
166,-2.516486157393075,2.4864753469571297
167,0.7600412161705328,0.0002740018668117017
168,0.3074436173450268,2.059209367466508e-07
169,-0.9410223623210667,0.0014693232778992815
170,-0.7192969230035073,0.0001773561903071208
171,2.151654145117398,0.8016780351009414
172,0.24726123346935047,3.616323174249203e-08
173,0.5925050725465542,3.82063501546126e-05
174,0.8042493942741613,0.0004278567321722715
175,2.46104077238941,2.120105143541932
176,-2.1566892685823467,0.815488459937884
177,2.3563423494084734,1.5509418014191005
178,-2.8972040219183457,6.725610733188266
179,2.787930383235312,5.1377317561170495
180,1.518347593748226,0.059391078919858176
181,2.4347045832206176,1.9626464325384134
182,1.5591484081690892,0.0726399684349906
183,2.4892140918132952,2.300148297729394
184,1.7495447642811834,0.17320746426169006
185,-2.886849929085117,6.559507038714234
186,-2.3033948219003486,1.3160506764083788
187,0.8600655528330892,0.0007253897871973836
188,1.0929940456795064,0.004728522414764735
189,0.3055046093767353,1.957807944652501e-07
190,0.09699242302917321,2.0378032594692286e-11
191,2.830903080907645,5.719958752104824
192,-2.595129829015531,3.096062070963005
193,-2.915089519179271,7.020790354470879
194,2.006365473902215,0.47978673361175117
195,0.5272766159975717,1.5136086305211904e-05
196,1.5342524370961197,0.06428562631655643
197,0.3848881925676437,1.2357867211765239e-06
198,-1.2195198042880044,0.011057550235704927
199,0.3257349513507317,3.2658174453636946e-07
200,-0.49745388193948425,9.528670892433588e-06
201,0.3340031886573387,3.988841045243774e-07
202,0.8334266405575157,0.0005664041535091702
203,1.0365069308445332,0.0031275810242382684
204,2.3263486135458766,1.4139076950203315
205,-0.6184721136225555,5.368181120490867e-05
206,-2.291122101151994,1.2661120468587375
207,-2.0001389076686924,0.46890888585145335
208,2.6595237476469187,3.684057041360902
209,-1.7694423394134329,0.18852375322682968
210,0.6497819113326724,7.93831001228984e-05
211,0.07610967809373914,2.9304336734981007e-12
212,-0.4194937276630619,2.4540005536533016e-06
213,1.6439758201505672,0.10845444237907637
214,-2.976458324535869,8.116966087275097
215,0.2550282030823885,4.6297330635880485e-08
216,-1.920433232275344,0.34707428867073364
217,-0.11618424337428968,8.634970516396834e-11
218,1.971188757591829,0.42103424212063256
219,1.9626838464951764,0.4077838182445288
220,0.8418379038874919,0.0006129584220269102
221,1.517148357153376,0.059035342138989255
222,-1.5824075306764473,0.08126786530391866
223,-0.9428371925013668,0.0014916654413561492
224,1.132696681747844,0.006239574014125782
225,1.3531222206916933,0.024629415302173663
226,-1.1529944687685154,0.00716167646220589
227,1.346497194446977,0.023718707189550048
228,0.3651663649956207,8.12511285919193e-07
229,-0.4332542240154953,3.173290611724333e-06
230,-2.3108386354001027,1.3471400919483028
231,-0.30593387387286075,1.9798721595520874e-07
232,-0.5520135210917201,2.1785422099629415e-05
233,2.0142081774713,0.4937915055214634
234,-1.6205217076335228,0.09730187607351809
235,-0.397803127270524,1.6075993199970995e-06
236,2.82846342219554,5.685493767826169
237,-0.9132870164616058,0.0011622144258358613
238,-1.8654204643881112,0.2796626358074483
239,-0.057348693700525644,3.0453417565468044e-13
240,-1.8551224524425993,0.2683701605055758
241,-1.3275072798327376,0.021266920446500526
242,2.091103466570388,0.6504585077911311
243,1.828447897433339,0.24090575920360757
244,0.7389893157276051,0.00021952402207336963
245,1.9130388976580432,0.33728156828395517
246,-0.7281844409730844,0.00019542146774165214
247,-1.055460274730537,0.003602167421773439
248,2.2224838777246827,1.0152491968000035
249,2.7131469470638327,4.242399957304717
250,-2.173409614584047,0.8627994829204366
251,1.9147926580426287,0.33958268537970104
252,1.4443096759848268,0.0405780853645859
253,2.8732670916471275,6.346803540748004
254,-2.8928148525931503,6.654775422850896
255,-0.009081025186310931,-1.1102230246251565e-16
256,-0.42680438852567093,2.8160241796193475e-06
257,2.447420853394866,2.037401589264654
258,1.7906572828053946,0.20611008525405658
259,2.1709742177736544,0.8557676496441027
260,2.182009225537689,0.8880209866562576
261,-0.4184012628392457,2.403555028007709e-06
262,0.4910175611574754,8.591278200742458e-06
263,-1.2630299792727298,0.01449497098483804
264,-2.5830820017589673,2.9952962842257302
265,2.7365568135541647,4.507409914466756
266,-1.0654499176573249,0.0038764899750407533
267,-1.8432144669553998,0.25579769478523307
268,-1.4958901464278522,0.053025555129394275
269,-0.4826992432841424,7.499646437425511e-06
270,0.5170430639187336,1.2953139176485884e-05
271,2.1679000540394666,0.8469605932267127
272,-2.932632851465134,7.320730096393074
273,2.641785956941998,3.5134835318908597
274,1.4504819771012478,0.04192091449891083
275,0.2842994624564472,1.1024941226622786e-07
276,-1.110745591407235,0.0053595885513081365
277,-1.139311206950536,0.006528077832888446
278,0.644243177747124,7.418028215055994e-05
279,-0.7428124431185879,0.0002286508910332996
280,2.8004104911613297,5.301476669439666
281,-0.8516881679055506,0.0006716719694005446
282,-1.955368835115105,0.3966717267777987
283,-1.498846125068744,0.053828433549103105
284,1.0960444393389608,0.004832149805228947
285,2.6774855033432576,3.863786193854957
286,2.6066534713031784,3.1950835862403784
287,2.4349913050953136,1.964306239714122
288,1.0750123955516955,0.004155830435496388
289,-1.42533028245059,0.036677630297835884
290,-2.2781794964741504,1.2151856021072795
291,-0.14624141845490035,5.436304739703246e-10
292,2.0530926797780866,0.5684539465827562
293,0.8872262008368494,0.0009260497832889181
294,-1.4328161996329285,0.038175761344056924
295,-2.165766939070977,0.8408945765954889
296,-0.910295348007037,0.0011326894086256534
297,-0.9930119798275117,0.002237940720689613
298,-1.2032176551789922,0.009964588263700003
299,1.0007381200112562,0.0023776597347823225
300,-0.5541775228360413,2.2472823569819056e-05
301,-2.4363946480969294,1.9724470753056893
302,0.4846386481798648,7.742692010204166e-06
303,-0.5759108763434644,3.0497509745153195e-05
304,-2.7888781607952513,5.150017070373546
305,1.3099364698079228,0.019195845971960668
306,-1.0437931201426498,0.0033031885914128756
307,1.6402833948631823,0.10662950356710144
308,0.05079866398057309,1.1535217225855376e-13
309,-0.8491998998805896,0.0006563976256732662
310,-0.898933126048703,0.0010264010275521374
311,0.46138114042752054,5.235615507026559e-06
312,-0.4988293993312949,9.740192106422185e-06
313,2.9676240352828565,7.950916844715153
314,-0.20424831359417528,7.854659478390147e-09
315,0.8579135998229859,0.0007112468132269845
316,0.053014046170931195,1.624256285026604e-13
317,0.8688834727285917,0.0007859250493844616
318,-0.9357011632507257,0.0014054789704683879
319,1.4287897229055977,0.037363559561424564
320,1.2801708130561167,0.0160823176362499
321,-1.6354227640761925,0.10426723753132883
322,-2.942347998811175,7.491371268169178
323,-0.41512775925956724,2.2577794518419125e-06
324,-0.37761607245160267,1.0614733222391592e-06
325,-0.8273929147752739,0.0005349307466426811
326,0.8136419829681802,0.00046882121861802073
327,-0.8461682873817886,0.0006381963736324936
328,1.392876396573163,0.0307515561463243
329,-1.1958858014486935,0.009504264187843892
330,0.4225932091275517,2.602189810407829e-06
331,-2.316954311897514,1.373142820538864
332,0.3764246799388564,1.0350675249126695e-06
333,-2.6546377676576953,3.6363951220378574
334,0.92260297396966,0.0012584740379100179
335,1.7586302776705276,0.18006406944581654
336,2.950490955772323,7.636937572926468
337,-0.030234835384445713,1.7763568394002505e-15
338,1.228984072833697,0.011738321023718357
339,1.0261388258043107,0.0028916498342911323
340,0.7938937701043738,0.00038633189073489227
341,1.1190950266212871,0.00568074567560517
342,2.891772264009843,6.638041142627364
343,-1.912689289758832,0.3368244321258155
344,-1.6329989451314815,0.10310606825668889
345,-1.6910242527942705,0.13414961438190318
346,-2.7294862583687607,4.425950578982815
347,-2.374025773365023,1.6368428096132626
348,0.8844045228823312,0.0009031777440107192
349,1.6151567775268951,0.09489344248101766
350,-1.9999839243094022,0.46864081710355254
351,1.3873589982196055,0.029830773651107922
352,1.5002572719044318,0.05421537730997655
353,1.5867786933866705,0.08298350766152457
354,0.19038693538535423,4.479129733780951e-09
355,0.28261497473307706,1.0514063253364014e-07
356,-2.32403572441455,1.4037780669364803
357,-2.8660408823918133,6.236006803336995
358,-2.250563188061834,1.1122648381795233
359,-0.6334103850531982,6.485691814228645e-05
360,-0.33363727245109276,3.9541109830842913e-07
361,-2.7571822630388296,4.75222202856483
362,-0.9843700596842622,0.0020901411026278405
363,2.1617062376840046,0.8294483302560609
364,2.155082385607093,0.8110594204147243
365,-0.633081726151739,6.459080490262004e-05
366,0.7276606216250565,0.00019431399011782258
367,-1.933642576214215,0.3651692435911343
368,0.5531652427991878,2.2148950828082548e-05
369,0.41759534184763236,2.366923726238035e-06
370,-1.5719935871544535,0.07730228272690942
371,1.8218002847377965,0.23444639666493414
372,-1.9633593147905641,0.4088230880720263
373,2.070998890961322,0.605921801770016
374,2.771298748577129,4.926095847859023
375,-0.6445662086421025,7.447534726756633e-05
376,0.41316183898190584,2.1739965176958975e-06
377,1.1052665819934226,0.005157477480386752
378,1.49035111067285,0.051548700893772115
379,2.128871832454344,0.7416314961656958
380,0.4254850299993973,2.7474379680203498e-06
381,2.604514552024143,3.1765064192195704
382,-0.35631953503882663,6.681825523990881e-07
383,1.4823497723444925,0.04947765642726698
384,-1.2939849526039688,0.017468417737924347
385,-2.8145734331342673,5.492553310024616
386,-0.038502257523739036,1.2545520178264269e-14
387,-2.1026266449016298,0.6772106125428885
388,-1.6105023382614017,0.09284542800683154
389,-2.7705104968246808,4.9162489074233875
390,0.9149042930413698,0.0011784517606370226
391,-0.26947931975874706,7.189954231989759e-08
392,1.6219825770445393,0.09796667049679775
393,-0.27773543831729164,9.149086621640379e-08
394,-0.5970081422769544,4.0570819375695955e-05
395,1.9167552572418547,0.3421736089315168
396,-2.1991564980507614,0.9401722908414556
397,2.13832532595395,0.7660692566373614
398,2.5262883065627486,2.5564626066241978
399,-0.756642333505658,0.00026448251283128776
400,0.7329851768686275,0.00020582996312923374
401,-1.8078842692168233,0.22140014065884578
402,-0.9237539059085575,0.0012708331266889639
403,1.5720228358556572,0.0773131842086246
404,2.4261017010496673,1.9133898542366978
405,-1.9125231639908646,0.33660739576962634
406,1.1172168551918622,0.005607089093321305
407,-0.5274026889098202,1.5164865148964424e-05
408,-1.468579865234749,0.04608033369050235
409,-2.4786531198439317,2.231212272228967
410,2.693553279498243,4.030719141654642
411,-0.13322228301268435,2.5793689406583553e-10
412,2.4223143512879766,1.8920364970185954
413,-1.706824897343175,0.14386899641728765
414,2.68826851716127,3.975161790005482
415,0.8109120940713703,0.0004565780737251224
416,2.7777859530192455,5.007761919589715
417,-0.7786121375929742,0.0003314610529737694
418,-1.6720316190726339,0.1232132699201848
419,1.3020759908705504,0.018327089017159348
420,2.4352536206319817,1.965825792864572
421,-1.290777657415422,0.017137757665751374
422,-2.9562772395333288,7.741800278641463
423,1.1932124391721093,0.009341047136172342
424,0.9267674289910999,0.0013036933742415213
425,-1.7638699509564955,0.18412243967806402
426,1.340970080877507,0.022981233714236216
427,1.293870092587798,0.017456481956498904
428,0.36873776011670145,8.780744609193647e-07
429,1.4256278566100757,0.036736204417612384
430,0.7733121870085498,0.0003140835742955206
431,-2.3024577769204964,1.3121802166228946
432,-1.485407175632324,0.0502604407912603
433,0.4296330688224157,2.968130872416097e-06
434,0.46216115707941574,5.30647020102748e-06
435,1.9203660238478646,0.34698420608930813
436,-0.9038923805804373,0.0010716767993380616
437,-2.430214913456104,1.9368093001128324
438,2.742979225395576,4.5824836150529915
439,-1.6437650381659377,0.10834955253269718
440,0.17856975649779638,2.6837907451948695e-09
441,-1.0112983368447437,0.0025808178023164485
442,0.7424558252288351,0.0002277858102655017
443,-0.6442613087139586,7.41968164438278e-05
444,-1.8097476393083793,0.2231103777853153
445,-0.803138850762612,0.0004232254606550967
446,-0.7068787550328137,0.00015455526695629107
447,2.8673160797610446,6.2554408804009665
448,0.5002554251558955,9.96379519446755e-06
449,1.1136253259253515,0.0054685352929716435
450,-0.6656306843753708,9.606695371733309e-05
451,1.8532277234603107,0.26633526692149734
452,-2.754479866777282,4.719527993463191
453,-2.5101116611831893,2.441829081306358
454,1.5584488090987971,0.07239310972664098
455,2.386742259713511,1.701057793532261
456,2.838141105367572,5.823237126580012
457,-1.9259946180614895,0.35459758592397717
458,0.0383748384459377,1.2212453270876722e-14
459,2.9749745648459847,8.088877411001018
460,0.4465579427837598,4.037273054757762e-06
461,1.9146457546289248,0.3393894227327866
462,-1.6610414226637753,0.11723970774751796
463,-0.21940907451901603,1.3919322694455616e-08
464,2.696173448931601,4.058504019695755
465,-1.3230623832293738,0.020725642367045494
466,2.945104971630026,7.540394832904432
467,2.998954122693279,8.552877930196647
468,1.3823541534734698,0.029016123152567908
469,1.71975751952038,0.15226520120420206
470,-0.5972194589136226,4.0684842478544425e-05
471,0.25994047563952005,5.3917799447411596e-08
472,-1.7865976009957132,0.20264079086433145
473,2.689171377341279,3.984607727378788
474,-2.0883322123793455,0.644159829501937
475,2.911281940510775,6.957063190408345
476,2.5069795988967547,2.420139922817778
477,-1.0625296850286887,0.0037944898866600907
478,-1.9970598533409214,0.46360744234509577
479,2.5722607379108755,2.9071443165686786
480,-1.5762430445721123,0.0788999806776709
481,-1.2825404600739065,0.016313119867598758
482,0.5722458151234746,2.8990915671989193e-05
483,-2.0050157281965753,0.4774107532766906
484,2.2725489358785467,1.193575275976606
485,-1.8021234431600746,0.21618311972885898
486,-2.263202123272589,1.1584165277621796
487,2.631996210787869,3.4222057616741326
488,-2.592553512915729,3.0742791252995323
489,-1.8593056465925486,0.2729096547957196
490,-2.6602907734149666,3.6915864726381407
491,2.454373784216153,2.079276442937906
492,0.8918216335219427,0.0009643763190083643
493,1.8454762003750478,0.25814632100345936
494,1.047028875298217,0.0033838710877885925
495,-1.500505895972225,0.05428379773842368
496,0.11261498171922346,6.728029244840172e-11
497,1.8286920273619298,0.2411458281284199
498,0.01547728439734275,-1.1102230246251565e-16
499,1.7300337961818526,0.1592314209852762
500,-1.7955249520709495,0.21033640784965643
501,0.7470517042084239,0.00023915553423925484
502,0.7057247523133299,0.00015257229071730105
503,1.1964716156929995,0.009540356826620355
504,-1.7679248491134247,0.18731638796702715
505,-0.22829351873383708,1.911427827128165e-08
506,0.6461435802334199,7.593089657187413e-05
507,-1.9832651869800886,0.44047496011437437
508,2.238627146771446,1.0701119750421688
509,0.4351421157064692,3.2850806951367773e-06
510,-1.256301134533452,0.013909821948127399
511,-2.8177406575670867,5.536059976799952
512,-2.3582726447687916,1.560130257466153
513,-0.18403917525815494,3.4157154882308305e-09
514,1.3738983571287964,0.027683163205641625
515,1.6124235819824202,0.09368617302020266
516,-2.5801290691685526,2.9710220821354962
517,0.9173601876256194,0.0012034850900880523
518,-0.4183308712277354,2.400335923469221e-06
519,-1.2689833903086905,0.0150302503208386
520,1.7719000936880605,0.19049328427499046
521,2.174434642186151,0.8657736394509886
522,-0.6252465735973765,5.8522127651672307e-05
523,2.1757232572762177,0.8695248768263636
524,-0.3050576589895879,1.935063371760748e-07
525,0.026046046416835278,5.551115123125783e-16
526,2.892397164652918,6.648067021785681
527,0.297771337440742,1.5954840559828654e-07
528,2.9557935650341243,7.732989156871074
529,0.9705764175720253,0.0018717413275087802
530,2.8353690585219598,5.78350097415906
531,-1.0182977909789617,0.0027236103615148055
532,1.5633556217039448,0.07413976380419746
533,-1.9767287412206735,0.42986024137676065
534,-2.536915842212543,2.634201068628144
535,-2.300407171069783,1.3037436130758908
536,0.6512342063943053,8.079880995981448e-05
537,-2.617567278094538,3.291295208415775
538,-0.12734679995504994,1.798329263280607e-10
539,2.3389550972313122,1.4702072127895585
540,1.504302700744634,0.05533789689718127
541,-0.39122480431231565,1.4075583982808837e-06
542,-1.833381425938946,0.24579687452474983
543,-2.916298983868752,7.041134553023018
544,1.9553181317554351,0.39659560986781156
545,1.9671870979052155,0.4147550062118355
546,-2.906582907863459,6.879080894940096
547,2.8029755246566213,5.3356648094187005
548,-1.0565920407250478,0.0036323775420689097
549,-1.7906803826921018,0.20612996953567897
550,-0.105172461046382,3.894085054412244e-11
551,2.927580611655693,7.23327788290859
552,-2.852708710727832,6.035819767636243
553,-0.1405895981978742,3.96676580471933e-10
554,-0.865108455534322,0.0007594930129458666
555,-1.2703615614284882,0.015156562701917509
556,0.15432882548465798,8.360102610183162e-10
557,2.1444501767102793,0.7822625946506543
558,-1.7189401804984796,0.15172247032574795
559,-2.382771622778942,1.6807837630595193
560,1.4114207852589509,0.03402765911568478
561,-2.9643204939836134,7.889554568750011
562,-0.163388593987289,1.3191200354256694e-09
563,-1.285783006422334,0.0166335614972844
564,2.3392858866171053,1.4717095030125704
565,0.4242695620052288,2.685548151082351e-06
566,-1.5087770511776886,0.05660257490770271
567,0.22936901183920622,1.9845675769403215e-08
568,-1.7207154836642424,0.15290341664775395
569,-1.063987373765125,0.003835232159269286
570,-1.5815320140534126,0.08092790565755381
571,-0.8094840464331039,0.00045028491987586516
572,1.4669480127746386,0.045691314108132985
573,2.957691146852728,7.767605446596339
574,-0.06739691499281886,1.1081136008783687e-12
575,-1.7997029324520715,0.21402252420872386
576,-0.8123479374534064,0.00046298251107979027
577,-1.963082026946798,0.408396183926359
578,2.9971176828884314,8.51657750609765
579,-2.8189182698436035,5.552309419294732
580,0.9262970086293221,0.0012985157541466341
581,2.0728493397766155,0.6099101370953715
582,-0.904786635339752,0.0010800227273782825
583,-0.19873500056681292,6.311762446031821e-09
584,-0.3554164517183187,6.547959158220706e-07
585,-1.6491890641795857,0.11107641746950264
586,0.41785332519004204,2.3785963401135035e-06
587,1.5804785524777634,0.08052046397703749
588,-1.4904234675760049,0.05156776339540209
589,-0.581778376144912,3.305173231549219e-05
590,2.0401604303112553,0.5426298933010234
591,2.9229470740248082,7.153839922759126
592,1.3976935563659012,0.03157534126788564
593,-1.5110758041162489,0.057261893709371126
594,2.4977996969678156,2.357498411100617
595,-0.9218232301725884,0.00125016026153002
596,2.392439330276792,1.7305056478934737
597,-2.867704087856775,6.261364153041014
598,-1.4518223502711771,0.04221750804449026
599,-0.6900710537518568,0.0001277797632954769
600,-2.5396358712197804,2.6544128181604054
601,-1.7013205292485936,0.1404171289250075
602,2.863984523598166,6.204773818208822
603,-2.883311993621492,6.503540123830836
604,2.8577788329425555,6.1113082403073244
605,-0.9944477273457726,0.002263352754096948
606,-1.4053897857578617,0.032930819671525724
607,2.5089023238419186,2.4334353325146187
608,1.7236287134935733,0.15485830558467006
609,-1.8443898832293908,0.2570159910739176
610,-1.4957813266277653,0.05299619539220812
611,0.9016019365058945,0.0010505552248060157
612,-2.206014003008886,0.9617396011060824
613,0.4184936545085618,2.407785947289298e-06
614,-2.2502368702436204,1.1110941046146579
615,-0.31197636901551196,2.3143502692057893e-07
616,0.3174846018991806,2.661259592695586e-07
617,-2.405216258101306,1.7981095731852519
618,2.4972539024600975,2.3538172747598307
619,2.498875825603047,2.3647705540837243
620,-2.3167692253937835,1.372349715752664
621,-2.0567589308685674,0.5759613881079075
622,1.9989377453189157,0.46683467557068087
623,1.5392567193719948,0.06589535661989876
624,1.3942169133947786,0.030978922412197907
625,-1.2315979700042454,0.011932590753315375
626,-1.0237430330906387,0.0028393793591122707
627,1.2322886427154822,0.011984383490930117
628,-0.8290038640912489,0.0005431813856642265
629,2.3284909814399724,1.4233452926518746
630,1.7649826698014621,0.18499424835946832
631,2.7909524205186758,5.176989669467933
632,1.8233213212735073,0.23591120714092298
633,0.70123800625454,0.00014507137878128074
634,-0.92197705819025,0.0012517966218328347
635,-1.1424516820381005,0.006669041627208827
636,0.714393783658271,0.00016802624683287526
637,0.7772571871831819,0.0003269407674149072
638,-1.7915889711975785,0.2069133750171323
639,-1.6830826956523097,0.12948000033954737
640,-2.269585030311579,1.1823303323154144
641,-2.371575752014359,1.6247079940319769
642,-1.2468262466812663,0.013120442822585121
643,1.3173336296312943,0.020045539772788
644,-2.8857597304299167,6.54221846983713
645,0.5251558047177287,1.465905697861647e-05
646,2.6742996694146948,3.8313841090387966
647,-0.9587610894197907,0.00170067819949149
648,2.986369206575107,8.306676775951011
649,2.5831175406198437,2.9955894349790286
650,-2.1028242884102406,0.6776774486894926
651,-1.5762845667057883,0.07891573034698457
652,-0.2606324533665383,5.5074840576985196e-08
653,0.6765560106010291,0.00010927462272702915
654,-1.1146892452326218,0.005509267153818054
655,2.6896997418309176,3.9901442985976705
656,0.6828850458345168,0.00011762718402585914
657,1.8931676362058383,0.31211917531279765
658,0.5810870812694295,3.27414210621324e-05
659,-2.6731248194824158,3.8194925707190466
660,1.7189482397740674,0.15172781379619152
661,-0.3883232165053081,1.3264762011022668e-06
662,-2.5834044401719805,2.997956874079789
663,1.5557677379821468,0.07145371102349879
664,0.16367651944564088,1.337819077740221e-09
665,-2.4547892737526884,2.081801475602932
666,-2.9361370564056806,7.381902225046658
667,0.7542895145578008,0.0002580626164135902
668,0.10463159707060399,3.7367664518228594e-11
669,-0.6786007439088411,0.00011191471279614618
670,0.8526656412922424,0.000677756142895225
671,-1.4926872064718366,0.05216720782042222
672,-0.30464377346126215,1.9142077389844303e-07
673,-2.042534950278907,0.5472956087594874
674,1.5137189434630107,0.058028111310433506
675,1.4335854215813262,0.0383326370474506
676,0.3195250033385557,2.8008420827063674e-07
677,-1.962242421365584,0.4071058563074105
678,2.3630453776267917,1.5830457656570993
679,0.8864739689485983,0.0009199037117064712
680,1.2330546053097207,0.012042048700177499
681,-0.8936252644336982,0.0009797907756498025
682,-1.8614068470290306,0.2752143373842151
683,1.9516199837656387,0.3910771697068593
684,2.1470219122902963,0.7891475923646263
685,-2.3937409676607366,1.7372935082666465
686,0.5746248697885519,2.9961278547374626e-05
687,-1.3236085076360364,0.020791501219973862
688,-1.906467289281839,0.32877627484684013
689,-0.15976433785860067,1.1025541590825583e-09
690,1.733951723378798,0.1619579642023179
691,0.937954287645999,0.0014322122053529451
692,-2.6654368420245467,3.7424358610274635
693,2.566055573253828,2.8575835367946825
694,-0.37042998284729567,9.107216490944481e-07
695,1.6429218919971582,0.10793085020511667
696,1.3346460491075725,0.022161703655308784
697,-1.301806235415559,0.018297886150938747
698,1.445205284863884,0.04077061112974112
699,1.0736845627389364,0.00411603018389739
700,-1.9203599519726733,0.3469760686500494
701,-2.421834432349385,1.8893450207328564
702,-1.6329126501800462,0.10306493182270493
703,-2.257353636256439,1.136863930752351
704,-1.463494091908865,0.04487721061531352
705,2.802599329957408,5.330639204751172
706,-1.359643856661398,0.025555121246196078
707,1.8758549952219887,0.2915141596998072
708,-2.5365752816631537,2.631679570478437
709,-2.905922691440237,6.868182928808491
710,-0.5441609162535688,1.9442560699522993e-05
711,-0.03504745327420533,5.88418203051333e-15
712,1.7090099578297568,0.1452592080581475
713,2.537007477342092,2.634879877390449
714,-2.3679725389688433,1.606998921046678
715,1.1812372623850127,0.008639252454662183
716,-2.663442304454012,3.7226583584525583
717,1.9638514632606707,0.4095817170563195
718,2.6705637039726877,3.793676513942084
719,-0.5085661372434664,1.1358261048255436e-05
720,2.6217744639472897,3.329025664334676
721,0.4129090991804567,2.1634248903446007e-06
722,2.908521709787686,6.9111673452143725
723,-2.558983967689432,2.801967153563664
724,1.412098520010212,0.034152855097173196
725,0.3380055111424358,4.386479918183639e-07
726,-0.35705873055716,6.793172016017479e-07
727,2.207217504726059,0.9655673998457207
728,0.960664996516587,0.0017272903034254439
729,1.9787612728721315,0.4331374405560755
730,2.494481263668894,2.3351914319028055
731,0.9243671354724823,0.0012774610801188357
732,-2.3361787699018546,1.4576491997730059
733,2.8752580157581606,6.377616293492804
734,0.7015889650067999,0.0001456463045206302
735,2.4164335912629546,1.8592770826470675
736,1.9438805661512735,0.3797387445601135
737,-0.02325057306630729,2.220446049250313e-16
738,-1.1452350639739581,0.006796167179860424
739,2.1508660946524687,0.7995345352064236
740,0.024753036919376914,4.440892098500626e-16
741,2.9024178903252995,6.810570948171412
742,1.4115456192252855,0.03405068967327535
743,1.3258091890814594,0.021058716669828448
744,-1.58970095373803,0.08414766730166251
745,-2.730188242073119,4.4339826886889915
746,2.0800609789035125,0.6256662316105723
747,-0.4195773481745162,2.457899619834336e-06
748,0.21540986070699297,1.2016592720875963e-08
749,0.8126064480926845,0.0004641438276139498
750,-1.9172512038729876,0.3428309816998649
751,0.18043290429072467,2.915965136018883e-09
752,0.4898829616489584,8.434664806489245e-06
753,-2.4009187032988217,1.7751275567248714
754,2.261340935865258,1.1515207398897602
755,-0.12784912469955323,1.8558443670713132e-10
756,2.567293227193555,2.867411791842853
757,-1.110361184800703,0.005345188522994815
758,-1.443482703021622,0.040401007363198294
759,0.5734133039131852,2.9463627380099666e-05
760,0.9607272196799377,0.001728166092551886
761,-2.030326070956738,0.5236630090530352
762,2.4995847783328253,2.369571706765862
763,-2.974827363673459,8.086095200646804
764,1.2920413515328137,0.01726739047521797
765,-1.156446579163626,0.0073296685759137725
766,-2.749101811144175,4.655021962528331
767,-1.6655665755526772,0.11966862693937017
768,-1.4642353151550356,0.04505086326550062
769,-0.6678960020975229,9.868490319153711e-05
770,-0.8998172905281727,0.0010343492447508762
771,1.34071649644115,0.02294787710689039
772,-2.778027917812776,5.0108296891807536
773,-0.09064115000617079,1.1855405546157272e-11
774,1.4763616575940448,0.047974771288962215
775,2.8317816763405768,5.7324132397571805
776,-0.026963822606838495,6.661338147750939e-16
777,1.3913953540002328,0.030502023713440296
778,2.610019494252363,3.224502627904384
779,2.5502718680993963,2.734697977388426
780,0.8135359953512573,0.000468340610579987
781,0.21195861714205666,1.0561586938351297e-08
782,0.2159545809113621,1.2261564763527133e-08
783,2.717883240884083,4.294938859939061
784,-0.6717344700865837,0.00010326289075857087
785,-1.1134415158292303,0.005461524609407298
786,0.7708216794433058,0.0003061951453317002
787,-2.047372431488597,0.5569059441932755
788,-2.221588248888894,1.0122761976835883
789,0.40000977551497874,1.6800470998834527e-06
790,-2.568905440029959,2.880256876877276
791,-0.7562835124607812,0.0002634945479134121
792,2.083564273056602,0.6334436421293412
793,-2.5864138494779967,3.0228844755330484
794,-1.01707465312533,0.0026981754944908065
795,1.8856844840279319,0.3030661167704184
796,-2.6822658049764683,3.912834639861459
797,-0.6735022449071386,0.00010543270734086896
798,1.8317181324374285,0.24413853044628622
799,2.8168389632637236,5.5236446600855
