,data,labels
0,0.40161143770748,0.9225203225471176
1,1.4140284475005487,0.36797575535523064
2,1.2033535450910104,0.4847946512240679
3,0.002218070839684394,0.9999975400839006
4,-1.3019357418300281,0.4284769486128589
5,-2.825362545099454,0.018475001044252093
6,-0.5089414664523728,0.8785251809975786
7,-1.5590205832502464,0.2966291452824321
8,-1.7737844083786691,0.20738971725570424
9,1.5472181885403682,0.3021166549645553
10,-0.42247307901984144,0.9146244352463925
11,1.4818793483070225,0.3335430950385129
12,-2.428134652343455,0.052448741172322816
13,-2.6604042056135357,0.02904597763962608
14,-0.2454054418901368,0.9703369317726332
15,-2.4393367557236543,0.051038149120705104
16,-2.6661878539303707,0.0286019942026176
17,2.254611446207705,0.07873744939925874
18,1.8281084942178092,0.18806073058020817
19,-1.0746549676413342,0.5613326165728014
20,0.025878278094000784,0.9996652134149845
21,-0.8586358402407805,0.6916828393451863
22,0.990867102455379,0.6120698877227911
23,-2.145079927083377,0.10019029545302623
24,-1.4764770320205116,0.3362191118206257
25,-2.0805961470732015,0.11481419377228846
26,0.6643219680110022,0.8019878357769934
27,2.0861189440609422,0.11350071705845806
28,2.4072731054723233,0.05516194850028879
29,2.910120077019007,0.01448850892987755
30,-2.653085804487752,0.029616248187970574
31,0.22891502686295162,0.9741392243322171
32,-0.614608149892498,0.8278928104484659
33,-2.3831129663212747,0.058448239859682026
34,1.8916221863873517,0.16710761915908184
35,1.056595697718702,0.5722397487656213
36,-0.8034391802239087,0.724149614445146
37,-2.905604482352717,0.014680008101331505
38,0.3731696348285216,0.9327409325032188
39,-2.2724652803597625,0.07561888501393525
40,0.05708538506911953,0.9983719561093601
41,2.682490605563868,0.027381767015805296
42,0.7123308359357123,0.775918639801339
43,-2.1795264454034875,0.09299888611984457
44,1.0473818406774331,0.5778133651652376
45,2.768163990539473,0.021679981857120875
46,-2.0803685001961307,0.11486858441065247
47,-1.81387281969827,0.19299957290250735
48,2.367215465192425,0.06069739308771269
49,0.34844705411732013,0.9410983063564385
50,-1.7144767385161233,0.22999096729594867
51,-0.5745195237025751,0.8478628908698345
52,2.3863973813501005,0.057992230699956474
53,0.5630803816045056,0.8533975679451448
54,0.09590444393808628,0.9954117272489068
55,-0.32233110021663336,0.9493775980144457
56,-0.014947637276118364,0.999888290309923
57,0.5008769793948069,0.8821096824004867
58,2.935918661895257,0.013436113032164647
59,1.101528023821043,0.5451567049491315
60,-2.5849395224528164,0.03540309025302253
61,-0.14501571149608417,0.9895403087458386
62,-0.453750013174234,0.9021770093318849
63,-1.9760052520872566,0.14194744746739602
64,1.6968042653447846,0.2370291007414721
65,-2.4534160819781934,0.04931015498608482
66,-0.6087074923343692,0.830886226034936
67,-1.8056464056741524,0.19589441357381907
68,-0.9675142116898181,0.626227299896124
69,1.5538773583936987,0.29901324094819426
70,2.554820187440896,0.03825224241964605
71,2.2367741565562635,0.08195546297508659
72,1.2587613764855554,0.4528292747503281
73,1.054844005272189,0.5732989688282683
74,2.8174280450128304,0.01889325319583077
75,-0.10650191015556931,0.9943447231906941
76,0.7838610178872054,0.7354894759963329
77,1.7861165759190616,0.20288697845086676
78,-2.3959562665928376,0.056681737180591836
79,2.4466691226889505,0.05013204282643743
80,0.23332297764691878,0.9731473144449955
81,-2.093164217134987,0.11184198859433239
82,-1.2639640125409046,0.44986735222765606
83,-0.5890209100288808,0.8407400053378612
84,1.213303563258198,0.4790009164541898
85,0.9579740584275092,0.6320055215080731
86,-0.04669454053096622,0.9989104039835897
87,2.7369291809131333,0.023626397104157558
88,-0.9505546470731305,0.6364960489057424
89,0.6038855136188555,0.8333189168035368
90,-2.0743456733938315,0.11631479815018042
91,2.922826950920042,0.013961402898820337
92,-2.780968208512572,0.020923296235082538
93,-2.235382477709586,0.08221089765528
94,-0.07659258291553872,0.997071085784114
95,-0.29698425411874974,0.9568584356543685
96,-2.524926373588157,0.04126970447472348
97,2.1132084755175518,0.1072250877186194
98,-2.9905812093829733,0.011426866508969336
99,-2.616125124790594,0.03264526899797274
100,0.41526266835339687,0.917390968200244
101,-1.4155756449133505,0.3671711454561082
102,-1.8809331428733378,0.1705111234893837
103,-2.1909639688546596,0.09070329840641249
104,-2.888107919391909,0.015443243626275182
105,-0.969772047224593,0.6248592142692833
106,-1.3507578089207581,0.40161019330940445
107,-1.8872166386515958,0.16850441620495013
108,-2.184494600915328,0.09199617023186168
109,1.6233534391206819,0.2677669693283228
110,-0.42494558785406555,0.9136667534916305
111,-0.987768511362181,0.613949061489909
112,0.012452247534930017,0.9999224737709779
113,-2.947691865044549,0.01297872675146764
114,-0.47816235171588417,0.8919728203738785
115,2.9868965067095825,0.011553401642223857
116,1.2847460049073085,0.43810961009160315
117,2.179595092548249,0.09298497260940694
118,-0.008586911898216698,0.9999631331516251
119,-2.7339232262410365,0.023821467632686652
120,1.3232724119074604,0.41664325036476507
121,2.059058860402783,0.12004823059768278
122,0.9917994667966834,0.6115044228033716
123,1.2260310590277284,0.47162265218459376
124,1.3930027407895338,0.3789964965311479
125,1.9642806778248634,0.14526446654727096
126,0.7764841439369521,0.739734594725417
127,0.7308501876134446,0.7656187118571561
128,-1.3875085598686396,0.3819024758261197
129,-0.7263568324630318,0.7681293588367475
130,-2.135371347480656,0.10229388368670532
131,0.3632104403414216,0.9361674565026294
132,0.2273718737934356,0.9744822404239544
133,1.0085976632625258,0.6013160415554533
134,0.18367013035804458,0.9832740990422759
135,1.4544310939085712,0.34725881813805776
136,1.180794189700868,0.49800883596381296
137,-1.056884901696301,0.5720648912950894
138,0.8348813164111992,0.7057364536838232
139,-0.01502086937157987,0.9998871931048373
140,-2.862077031816276,0.016643384513536013
141,0.7480599503695289,0.7559372985459787
142,1.864641330467033,0.17579378524374512
143,0.5686596264039361,0.850707531832858
144,1.969147570229664,0.14388065947319206
145,1.914349262654416,0.16003438994099722
146,1.9146926901884314,0.1599292020390685
147,-1.8653604622142903,0.1755581719323716
148,0.454311816172436,0.9019469150399861
149,0.13753638109003852,0.9905864593496695
150,0.7350121735742619,0.763286789319824
151,-1.7430268914983573,0.21891508321341974
152,2.581291395229642,0.0357382893711275
153,0.9235335162639231,0.6528178853335519
154,-2.2865165694076706,0.07323520645883388
155,0.7151370851007854,0.7743660957883634
156,2.9554163404881946,0.012686169777342717
157,-1.2393195070607175,0.4639602399035021
158,-0.480351496729277,0.8910374863224565
159,1.4089258398022642,0.3706355622954659
160,2.5959080082012944,0.034411337393038074
161,-2.930088993212238,0.013667824923025818
162,1.1977031069804838,0.48809444050124456
163,-2.198551617375128,0.08920531935661923
164,-1.777487034233112,0.20603070283017522
165,1.280478768707109,0.4405140499940559
166,1.7121204019957625,0.23092134241675816
167,1.8548168132037883,0.17903522491411997
168,-1.8081301918603339,0.19501722414734027
169,-0.1161696370305414,0.9932750222726804
170,-0.17054916247694463,0.9855617375746027
171,0.43855600804397543,0.9083135086816041
172,-0.389320101248833,0.9270154280022034
173,2.1883514061270644,0.09122366432165148
174,-2.1068285049525057,0.10867829588746218
175,-0.508964546293301,0.8785148614143344
176,-0.1475510815883423,0.9891733735633352
177,-0.7595463107692058,0.7494203041596877
178,0.007138807491113397,0.9999745190384476
179,1.416761946844523,0.3665548144089886
180,1.7224778375975625,0.22685029997864795
181,-1.8882721800352453,0.16816898988992013
182,-0.8046173562184418,0.7234639618769543
183,2.6514202433317937,0.029747367051584695
184,0.19974627381870214,0.980248383429366
185,-0.4739749534871791,0.8937527319363541
186,1.9027135434800178,0.16362805007711959
187,0.36375630452306185,0.9359817275530439
188,2.042016037835059,0.12431771787559902
189,-1.5893236928626446,0.28281143796769925
190,-1.484958134184378,0.33202323414820983
191,2.0778838978599703,0.11546350805790107
192,-0.3531630129644725,0.9395426573363633
193,2.513680467739607,0.042455672517278026
194,0.9878031225069361,0.6139280719139083
195,0.39979960823675764,0.9231903247809914
196,-2.6457531428637004,0.03019723707145981
197,1.6810050556387441,0.24343897143212256
198,-0.5287124602407975,0.8695595735558983
199,1.4446116418222266,0.35223687201366494
200,-1.4923706608343865,0.32837957636991844
201,-0.4266429614484206,0.913006655895083
202,-2.563197310759222,0.03744095100421798
203,-1.0011433939392036,0.6058371565345075
204,2.3465919983937775,0.06372062385227624
205,1.4311391205723831,0.3591268568485234
206,-2.88073069275742,0.015775381893040157
207,-1.547907870512256,0.30179436992869624
208,2.1360929649299507,0.10213635166021282
209,1.686083240564555,0.2413665981666079
210,2.995342351747383,0.01126518928752225
211,-2.699002092360278,0.026191871949478834
212,0.1131914639214271,0.9936143219038792
213,-2.298904129314214,0.07118450590858419
214,-2.600977725508883,0.033960996850739146
215,0.5452107414733294,0.8618902157838307
216,-2.1733226897787734,0.09426307297632412
217,-1.3205903482904202,0.41812308252526753
218,0.45910744331097497,0.8999736244519413
219,-1.9286906053911352,0.15568450464766717
220,-1.135100671124766,0.525068385491692
221,2.0922109559599766,0.11206532238533329
222,-2.7921443259941405,0.020281726543728278
223,-2.758589578991904,0.02226123992706923
224,2.3553403787493856,0.06242345768037388
225,-0.26969679628731935,0.9642851966640829
226,-1.1202012859861907,0.5339647461950617
227,1.7400881060179376,0.22003837668780607
228,-2.5606699181307366,0.03768416818353517
229,-0.762406552483188,0.7477909074088648
230,-1.379278250040422,0.3862755726254434
231,2.8217597931065708,0.018663898827705847
232,2.248120803528395,0.07989647269910945
233,-1.0887434574934625,0.5528430362768798
234,1.566658246233219,0.29310949689282084
235,-1.5082631619437197,0.3206423720032803
236,-1.1926161436827092,0.4910709635153751
237,-1.8944656749391855,0.16621052075963733
238,2.653828572584734,0.029557934909105
239,2.2081416263437736,0.08734017554734554
240,-1.163658564598264,0.5081134002477015
241,-1.887567455248788,0.1683928815653112
242,1.7168357389850133,0.2290620211620791
243,1.01993326490199,0.5944421166054422
244,-0.458006097435411,0.9004282525691617
245,1.4199667737737647,0.36489237959153314
246,2.368789495991141,0.06047157626409868
247,-1.6049031228597885,0.27586131625594756
248,-0.02659967528429874,0.9996462912070948
249,-2.8983494387331326,0.014992357098457046
250,-2.6612264736605717,0.02898249731517078
251,0.5401875558870461,0.8642430016885909
252,-0.9390454513536675,0.6434550029644619
253,2.0591225671748656,0.1200324839409825
254,0.18495666905903008,0.983040966513836
255,-2.4189427109968022,0.05363025455245074
256,-0.48347622410077307,0.8896967277748686
257,0.5375973077576628,0.8654502106986622
258,-2.7650626750104284,0.021866799470602702
259,1.9157403810466729,0.15960861706534485
260,0.42259088896648445,0.9145789077740872
261,-1.8597683663684508,0.17739627833503832
262,-2.14921361385493,0.09930497792864176
263,1.8037622709856427,0.19656164829097705
264,1.0726312694914668,0.5625535664768316
265,-0.6673597507510047,0.8003673105797525
266,-2.1391788737116255,0.10146482149137577
267,0.5839175790476325,0.8432600646535338
268,0.5817354906111669,0.8443331873736655
269,-0.8725100596594499,0.6834259951151435
270,-1.3677455415354267,0.3924430164984854
271,1.0704132330750147,0.5638921637605514
272,-1.5421672999092748,0.30448300979345416
273,-0.5818534540452713,0.8442752423753067
274,2.723600645806851,0.024502007183752495
275,-0.4475669308513539,0.9046943937313289
276,1.1993425007440308,0.4871363493057781
277,-1.6032604189423065,0.2765891780369907
278,0.4895778938524562,0.887059466116744
279,-0.16830369235706755,0.9859367579659631
280,-0.7851073180386061,0.7347707373360247
281,-1.9410455598331209,0.1520069656298128
282,2.702878786618861,0.025919054971978776
283,0.1827957405023053,0.9834316489089935
284,0.0704680770879742,0.9975202048403221
285,2.9989100161366604,0.011145375255145147
286,-2.4884612793577725,0.04521982105128662
287,0.8427774573259308,0.7010774442096533
288,-1.0834317151879145,0.5560416148179773
289,-0.08896357672195165,0.9960505606396127
290,2.0503215113562288,0.12222286359318667
291,1.667986979558746,0.24880389029915004
292,0.46508846067471854,0.8974896972018845
293,0.5619488111784641,0.853940949650589
294,1.8418004575801712,0.18339472849741384
295,-0.03651919599093034,0.9993333964410273
296,2.994528459766335,0.011292682287945081
297,-1.954199381466319,0.1481622071296754
298,-0.2659008120104063,0.96526594888405
299,-2.9115242400246646,0.01442941135560767
300,2.2515828784392173,0.07927656405706654
301,2.313526165517189,0.0688240755960999
302,2.8994098859388373,0.014946339728445397
303,2.4805583895784533,0.04611647755935798
304,0.5024738232386001,0.8814033097110233
305,2.9665377824149743,0.012275213562967884
306,-1.0862168796508007,0.5543641183348793
307,2.6411258566303486,0.030568876505851755
308,1.941172353781397,0.15196955814695837
309,-0.4175919724946775,0.9165015433473214
310,1.4211567033477337,0.364276098052952
311,-0.9770624847480178,0.6204405122817613
312,1.5693601365013405,0.29187033924272315
313,0.3906722149292232,0.9265267238861798
314,-0.7144367544084238,0.7747538305977275
315,-1.6830096358780073,0.2426195459153203
316,-0.4850564323852593,0.8890161552050945
317,-1.3027875312114228,0.428001886482793
318,0.1438965341057088,0.9897003026658188
319,1.5728576382342636,0.29027092294009954
320,-0.3365935392163504,0.9449269979479789
321,-0.943715763585419,0.6406322361792727
322,-1.9154831709829456,0.1596872779426569
323,0.8950281522804797,0.6699597140507908
324,0.38831710890790294,0.9273770179119109
325,-0.5093021953293047,0.8783638503177001
326,-2.351209719226677,0.06303320853330889
327,1.4265743534503237,0.36147688079793894
328,-0.9763866629570437,0.6208501951450378
329,-1.4889283151230295,0.33006893124050374
330,-2.6896087042526338,0.026863212564602314
331,-1.2434442365415954,0.4615906661241566
332,0.9205684518558335,0.6546050925714553
333,2.987980723844207,0.01151604034292108
334,-0.6691356892772737,0.7994180245728812
335,0.9278005350053027,0.6502444457672438
336,1.5913180299239391,0.2819158840132193
337,-0.03133107471842633,0.9995093023100042
338,2.537288997457395,0.039998323897478434
339,-1.9750494083440777,0.14221573941240184
340,1.265549887369084,0.4489659367981003
341,0.8638409993538616,0.6885890458351446
342,-0.6931599799892005,0.7864427272320033
343,-2.698026203230312,0.026260937851912355
344,-0.602673899626561,0.8339282473762958
345,0.8551898734739121,0.6937283234784134
346,0.0782915014212957,0.9969399120454157
347,-0.5047358146361924,0.8803998309998409
348,0.2777767293703315,0.9621547719157294
349,1.4935697132297872,0.32779225369689297
350,2.4824413158239675,0.04590150181109562
351,1.886733534037421,0.1686580959413827
352,2.7101856666003563,0.02541150705911631
353,2.525995328260601,0.04115844289804775
354,-2.313480053840876,0.06883141810616343
355,0.026426711311350548,0.9996508754228068
356,1.9876149188577532,0.13871878386331402
357,2.244714195952265,0.08051023894722628
358,-2.638011954682935,0.030821168487407274
359,0.1241615403878562,0.992321586735149
360,1.7426312023150121,0.21906610319423253
361,-1.5215123510872413,0.3142709028001916
362,-1.9043352768192559,0.16312370766949874
363,1.0365919012276619,0.5843463628752621
364,2.1692203304103304,0.09510645641531938
365,-0.30094279219529474,0.9557267032263111
366,-0.39655623468620993,0.9243833396405519
367,-0.0370624527561052,0.9993134230997076
368,0.1308258535129534,0.9914788109280931
369,-0.27908985664258434,0.9618030547760861
370,2.748843977912575,0.022866744995773857
371,-1.4096552392325294,0.3702547685124351
372,1.2993322586411082,0.4299303074307334
373,-0.07159663136020278,0.9974402429685342
374,2.1988975058694447,0.08913750329526039
375,2.7648030260755085,0.021882503541891588
376,-0.33520446439849305,0.9453679932180646
377,0.019465257668280778,0.9998105698161172
378,-2.2663920156223423,0.07666834372914268
379,-0.2939998890489557,0.9577026193841093
380,2.3805702995838667,0.058803289860722585
381,2.536048525076896,0.040124383554714566
382,-0.23201862649345806,0.9734426943214375
383,-0.7652105615314797,0.7461910579326121
384,2.209126504395295,0.08715039660357736
385,-0.05923622280788443,0.9982470731278376
386,0.832553676538919,0.7071073314012114
387,-2.0406182066110286,0.12467295472012822
388,-1.882559519313411,0.1699900841982247
389,0.27117723851366016,0.9638992065643714
390,-0.24736153148483098,0.9698693923335443
391,2.0618196890527507,0.1193672725212492
392,2.2144086973746866,0.08613814455162125
393,-0.05385500962938039,0.9985508699733109
394,1.4384616127154892,0.3553735086303452
395,1.2200060338362846,0.4751107418905085
396,-0.31877943275028553,0.9504590853547479
397,-0.4396726418143726,0.9078682445960661
398,-0.27006666072059016,0.9641889468546712
399,1.7627110676096684,0.21149050948016535
400,-0.4478302426507659,0.9045877507333816
401,-0.6446464156160916,0.8123820857153613
402,-1.8922014092536779,0.16692459648390537
403,2.855000038626587,0.016983506525199015
404,-1.4325139707059562,0.35842059416516214
405,1.7921771919453047,0.2006988920417922
406,-2.505587376146779,0.0433267934160256
407,2.358555493962794,0.0619522092913693
408,1.3325435997255948,0.41154528242060684
409,-1.3580130901332044,0.3976831181054398
410,-2.1917776655823706,0.09054170844267376
411,0.4739064120033807,0.8937817656058008
412,1.8496374128485549,0.18076105111061816
413,2.3556767133772,0.062374022961700824
414,-2.165524748105403,0.0958712898977998
415,0.20524071837653945,0.9791583760564474
416,-0.434528681539053,0.9099118179302449
417,1.331128131633375,0.41232184747201517
418,0.017679780907993603,0.9998437248857507
419,-2.645943172579365,0.030182058025738548
420,2.35103680949576,0.06305883876477882
421,-1.2522157999638146,0.45656591153796733
422,2.763836648703082,0.02194103808884514
423,-0.3174683454119247,0.9508555933103349
424,0.7590238529137698,0.7497176540138244
425,0.6472320768818731,0.8110263937710672
426,2.751680928084599,0.022689024695807285
427,0.48655786801127565,0.8883679360016613
428,-1.1120701091956484,0.5388327980574001
429,2.00356076125255,0.13437406180841494
430,-1.1850570619558212,0.4955038674750507
431,0.0816829336862126,0.996669507606978
432,-0.19080442214940563,0.9819615131023106
433,-2.162690066450815,0.09646122529853284
434,0.9429916275487971,0.6410700120790992
435,1.2607589072800218,0.4516912033088405
436,0.11371520735586005,0.9935552826581102
437,-2.616666792532615,0.03259903632688286
438,1.983592624591858,0.13983112280609622
439,1.2654304225129085,0.4490338173174933
440,-0.1254098862777031,0.9921670191524998
441,0.6122172392514713,0.8291079012293336
442,1.0041798469247478,0.603995469148694
443,-1.0304081313096094,0.588092836386795
444,-1.2755705129573318,0.44328602317881305
445,-0.7293435067472238,0.7664613733997977
446,2.847833367579044,0.017334137693551764
447,2.8920917950942586,0.015266452948635559
448,-1.434579708830889,0.3573607616935019
449,1.0766874306268184,0.5601067369969477
450,-2.4787876733451295,0.04631941085751357
451,1.2974672422044824,0.43097266106375265
452,-2.662193843316609,0.02890796750352293
453,-0.06802111887690243,0.9976892376247521
454,0.026292792886848382,0.9996544042530773
455,0.694950487044486,0.7854660133794116
456,-1.8573974163483193,0.1781797189321288
457,2.5622928285409667,0.03752783819311338
458,-0.9382817861677815,0.6439164127764615
459,-1.6013637141887385,0.27743104239210403
460,-2.6601184992662277,0.02906806252994381
461,-2.836995437637377,0.01787644138754426
462,-2.1590011585385147,0.09723320590828236
463,-1.4168589790738533,0.36650442528124305
464,-1.968933446040253,0.14394133511223464
465,0.6906865846713552,0.7877897975225987
466,0.5519131390021705,0.8587271394724155
467,-1.137828000336636,0.5234434490860908
468,-2.211478762355556,0.08669845996338207
469,-0.8213043102936046,0.7137158357168005
470,2.536321593886184,0.04009660491133543
471,-1.9046813358286583,0.16301623277991983
472,-1.4355316012606494,0.3568729335080485
473,1.0162958099879198,0.5966476226331048
474,-0.8425020191788795,0.7012401797532334
475,-1.680353183900862,0.24370582621239
476,-0.1217897900302507,0.9926110569813767
477,-0.1206461495017157,0.9927486719753684
478,1.3218955282568157,0.41740266741422316
479,-2.678068048672563,0.027708273262113996
480,0.1257589620145554,0.9921235250164072
481,1.266915307462729,0.4481903725314783
482,1.9330847776904143,0.15436916361313086
483,0.8994985040995731,0.6672778324179053
484,0.3135804232801682,0.9520227561740519
485,2.729194808998094,0.024131140087731276
486,2.2928055299411243,0.07218820593957626
487,-0.23087746259625153,0.9736998341107302
488,2.890136438921936,0.015353001021177034
489,2.967344833035466,0.012245856071835015
490,1.9674150992277388,0.14437212860780468
491,2.7429154160340232,0.023242041891950924
492,0.8180084480021024,0.7156465275676399
493,1.0934859481954549,0.5499896828146089
494,2.478224745040648,0.046384081790692984
495,-0.5653225752636555,0.8523186608035501
496,-2.2307475278346676,0.08306621098633776
497,-1.5635467133578849,0.29454038268369964
498,-0.11779276056903853,0.9930864421439579
499,2.692229458208554,0.026674433268206392
