,data,labels
0,-0.5127869166202617,0.8768010099513669
1,-0.005938304798717375,0.9999823684234969
2,-1.555615016006191,0.2982065120552109
3,2.1583150818789427,0.0973773154548933
4,-0.001838074633718989,0.9999983107422472
5,-0.1600623936154486,0.9872717137071055
6,-0.23695991003659778,0.9723154409119015
7,2.628011796938334,0.031643484820870295
8,0.8993231393220853,0.6673830871001847
9,0.7349659998961653,0.7633126935372561
10,1.0751642096100715,0.5610254333130278
11,-0.19150023462225185,0.9818309148435186
12,-2.001314140518134,0.13497993455468726
13,-1.703355609822332,0.23440376321032333
14,2.4619788961721296,0.04828327543375312
15,2.664608438520875,0.028722655846364808
16,-2.8602765786151947,0.016729342706203788
17,0.9113804071667038,0.6601375059696462
18,-2.9910093379578084,0.011412244399218526
19,-2.029078730896906,0.1276350514271395
20,-1.4509292784401604,0.349029830745349
21,-0.20125402389942693,0.9799520950955658
22,1.6790376902145008,0.24424492099101022
23,-1.6704214081354802,0.24779491257163425
24,-0.6050972312172647,0.8327087568249664
25,-0.9063582844326792,0.6631575600604571
26,-1.9278969393885665,0.15592294992998396
27,1.153197407192156,0.514308432647089
28,1.4181733364749345,0.36582221822584987
29,-1.7044374513430023,0.2339720739663716
30,-1.35356726481351,0.40008743422925497
31,-1.9681269716599565,0.14417003342879248
32,-2.1847305792599228,0.09194875647248096
33,1.5936664916361485,0.2808635139064262
34,-2.3309486763163787,0.06609508672596574
35,2.8443035966990173,0.017509153544806515
36,2.6513458555029823,0.029753234722104487
37,0.31989553846174257,0.9501203884199481
38,0.7121966216731659,0.7759928180271997
39,-0.1162525896563209,0.9932654471307357
40,-1.6501369307476907,0.25628223915443915
41,0.06294823388025828,0.9980207212862716
42,0.720201666960449,0.7715566198646091
43,1.051101488270933,0.5755626647132717
44,2.483087068143348,0.0458279691559513
45,0.4178593472919072,0.9163991856352586
46,0.20658965952015684,0.9788864354810138
47,1.694580663103567,0.23792451680847437
48,-0.145261002530106,0.9895050806121635
49,2.5352572149435124,0.040204973465531244
50,0.12025895601448333,0.992794973308364
51,1.6181826454604566,0.2700204621715786
52,-0.8322867543416077,0.7072644620483497
53,-2.012454867422142,0.13199551995513792
54,-2.8533031637122432,0.017065959499743794
55,-0.3070021564557974,0.9539679895436646
56,1.1165503055849149,0.5361494712840336
57,2.242898071105903,0.08083899013374155
58,-2.051552512928716,0.12191467591761163
59,2.698207944499173,0.026248063715630335
60,2.046207445349572,0.12325715010718215
61,1.76830537957506,0.209411940920769
62,-0.8091120074437752,0.7208450170906884
63,2.7786967211113875,0.021055831339623354
64,-1.1108643533768543,0.5395554032807697
65,1.1881026984010736,0.4937164023408625
66,0.8967465457391754,0.6689291133088526
67,0.20648681643237232,0.9789072282581218
68,-0.22829284589110221,0.9742777889493144
69,1.1740254102062009,0.5019936383878245
70,1.019063812393254,0.5949692670039427
71,-0.17950184007158798,0.9840186239854193
72,1.6585778651667962,0.25272830327163376
73,-2.2412094014836472,0.08114563379076782
74,-1.6497090489526907,0.25646323112218733
75,1.5919724107632351,0.2816224096009648
76,2.5621402598120113,0.03754251122277109
77,-2.8718271863450617,0.016184590484034422
78,-1.1868405350715912,0.4944569309627004
79,-0.8110348493995172,0.7197230717913582
80,-0.09927812113981993,0.9950840503590243
81,2.345104663976562,0.06394333729780022
82,2.055004518906209,0.12105360846175185
83,-1.4515477043985747,0.34871672273773086
84,0.00010207235575032669,0.9999999947906171
85,-2.3595232524529637,0.061810934937580705
86,-2.3509759616958164,0.06306786020180456
87,1.2422035048787539,0.4623029930422546
88,-2.7823641314651018,0.020842208783282322
89,-2.804931133063115,0.01956878996483306
90,-0.22539856200099972,0.9749176667820071
91,-2.935683545265573,0.013445390586819482
92,2.312528207880943,0.06898312592373203
93,1.7628313603467296,0.21144566797364228
94,1.1393310806644896,0.5225484063595219
95,0.016350894178930986,0.9998663330639957
96,-0.5993269651830513,0.8356073898300371
97,1.4880768397272703,0.3304875335186714
98,-0.3792676964481059,0.9306034867665726
99,-0.7871049106826664,0.7336178177680962
100,-2.675935303286212,0.02786692231309619
101,0.965431358041366,0.6274891784990152
102,-0.18571228972155307,0.982903308577441
103,-0.9262624513278279,0.6511722594213155
104,-2.852669371190859,0.017096846107106788
105,0.6438130353540905,0.8128183612878594
106,-1.3852611781921642,0.3830942387450728
107,-1.2418387897193723,0.4625124563120037
108,2.111266169594396,0.10766589416010276
109,2.246355655537342,0.08021402808860512
110,2.949157561098147,0.012922760272146432
111,2.9376031110730034,0.013369811066861907
112,1.2550215278922288,0.45496284726101943
113,2.955128365979517,0.012696970850084335
114,1.0396253126197141,0.5825091442863586
115,2.947824634344644,0.012973648237679974
116,0.45926463663239403,0.899908665819276
117,-2.2304338427144277,0.08312435301098343
118,-2.2781489954533054,0.07464726280298106
119,-1.665503501215304,0.24983590508777603
120,-1.8370223985351408,0.1850136548995347
121,2.8219603464761,0.018653339289552737
122,1.2917562328001857,0.4341708831113385
123,2.038391355944614,0.1252404662104086
124,-2.5776442987643113,0.03607608619297583
125,-0.6549839890444726,0.8069431873921168
126,-2.7964730504475552,0.020037880718255602
127,1.239130100627703,0.4640691521099138
128,-1.3173769527657797,0.41989902308395194
129,-0.6172284400947223,0.8265577645250332
130,0.08929376443268033,0.9960212481080467
131,-1.2646170130701226,0.44949610294056297
132,-1.618660942316576,0.2698115239755113
133,0.5948211807292569,0.8378584402194404
134,-1.6748875601028523,0.2459507000354816
135,-0.37996478667789546,0.9303572567498326
136,-2.987900284693037,0.011518808525901193
137,2.2128091479354772,0.08644368110416763
138,1.3486589283366293,0.4027495184860816
139,-0.3097186856832437,0.953169213687911
140,-0.326501449470177,0.9480940258559947
141,1.0798845217296869,0.5581791615238098
142,1.8814875567638527,0.17033337835549445
143,0.40925053683912793,0.9196675794191836
144,0.9548132664748135,0.63391894043771
145,-0.5290019686955643,0.8694264466682791
146,0.5536695821330433,0.8578937659323264
147,-0.9818341752129918,0.6175475719772785
148,0.42464442562790294,0.9137836483756613
149,1.8472354772978115,0.18156538280727438
150,-2.880891806234966,0.01576806164536619
151,-2.1821933188273652,0.09245956729326661
152,-0.2210959821377516,0.9758545633255217
153,-1.4952883776656916,0.3269514251074706
154,-1.2431167811266153,0.46177862668309033
155,0.5690520246141562,0.8505176597845978
156,1.772339171737344,0.20792183361539193
157,-0.20549560471879902,0.9791071228244344
158,-1.4370351805971304,0.35610307442451866
159,-0.5688543200076328,0.8506133353579033
160,2.87251971380719,0.01615243037361134
161,-2.5243695555544363,0.04132776096464747
162,0.47177078897614777,0.8946847667554374
163,-1.6431639567805418,0.25924184345993345
164,2.950405349889424,0.012875282842449222
165,-0.5481392529637246,0.8605114817373317
166,2.954122370474491,0.012734766705619675
167,-1.1973369322122684,0.48830851763512834
168,0.3104481268713246,0.9529536430038095
169,1.7320917173861021,0.2231143499913135
170,-2.0678064660486237,0.11790078768340136
171,0.10127014016709879,0.9948853041840445
172,-1.5253421027066876,0.3124426754649228
173,-2.047453004612078,0.1229433125960191
174,-2.0909862110923325,0.11235276528903873
175,-0.3701311030187431,0.9337948451901777
176,-0.8573586506133823,0.6924412182681036
177,1.522381565687521,0.31385542916423576
178,-2.118924811925167,0.10593588998590195
179,2.5151003040662303,0.0423043750264486
180,-0.8042161272833055,0.7236975013712816
181,-2.9518266816754464,0.012821390380854197
182,-0.41073852002081157,0.9191066935572798
183,-0.28266820811475846,0.9608368476526566
184,-0.7444585907966923,0.7579716487789931
185,1.5515133023847056,0.300112833389914
186,-1.6441538276471976,0.25882039731621925
187,1.438741528327152,0.35523043313383257
188,-0.5397046422018539,0.8644683801522501
189,2.74705629216791,0.022979353590696937
190,-1.4487879669735577,0.350115112181832
191,-0.9017610737386823,0.6659194797313556
192,-0.5173652294104061,0.8747357919298161
193,-0.044306875004780366,0.9990189319758787
194,1.179042278347751,0.4990393407969988
195,-1.9046028312614287,0.16304060929518296
196,-1.4193253920701907,0.3652247781901445
197,-1.5351660230647028,0.3077808241621635
198,-0.6715723602680113,0.7981132953092319
199,1.919358685700761,0.15850504093131523
200,-1.8423258607366357,0.1832173202119206
201,-1.245282735646057,0.4605358639565447
202,2.7602842871592532,0.022157379604949276
203,-1.9676127369016478,0.14431599971560805
204,-2.568488037390131,0.03693611799849546
205,-1.5461961051927555,0.3025946379062916
206,1.9066532930810975,0.16240478457684002
207,0.40406568276478927,0.9216087101255429
208,0.843887101584718,0.7004216836409668
209,1.3727128258339807,0.38978099412880535
210,-2.0850625839996173,0.11375105009405724
211,-2.5268462090521746,0.04107006032830109
212,0.3844535448876454,0.9287624628515428
213,-1.7638854123743848,0.21105302495068698
214,-2.727156586420567,0.02426569817952277
215,-0.7502283346678924,0.7547103263454952
216,-0.5399318380665217,0.8643623643856088
217,-2.551356525402016,0.0385920084138941
218,1.4449587310562642,0.3520602802879088
219,-0.04763690893430805,0.9988660059113863
220,-0.43345104303544657,0.9103374688252788
221,-1.695217111649827,0.2376680022194198
222,-2.698734291684117,0.026210809196204565
223,-2.48036545392843,0.04613855278234112
224,-1.5107261717019977,0.3194524690389423
225,-2.5531994889681213,0.03841090730833598
226,-1.0745572073834073,0.561391589777058
227,1.6261937670961366,0.266534101204403
228,2.6380075378444197,0.03082152760736949
229,-1.123761757957211,0.5318359274143981
230,-2.5802432036084517,0.035835097279702646
231,-0.7196264294351993,0.7718762042764304
232,2.7327178100651217,0.023900083777321474
233,0.06674090684696043,0.9977753039891366
234,-2.883851656792479,0.01563411037629886
235,-2.756972497869689,0.02236073685665663
236,-1.031776868335276,0.5872634496044106
237,2.1298958600463394,0.10349539217446195
238,1.2249257859644072,0.47226189236824817
239,0.5843637796572629,0.8430403026796565
240,1.950983801673912,0.14909540182905848
241,1.174883618770707,0.5014879203907467
242,-2.9991723217712365,0.011136611021807507
243,-0.6430205288731337,0.8132329327880407
244,-1.9759556017540478,0.1419613743430247
245,1.465594311848374,0.3416449143364637
246,1.7157872743587799,0.22947458750786376
247,2.2547269878933474,0.07871694031310365
248,-1.260829065974577,0.45165125043229826
249,2.202257402458158,0.08848087665243594
250,-0.29301049072850827,0.9579807704245351
251,0.5111935965136309,0.8775165647974217
252,1.6273799194361445,0.2660202883565232
253,-1.0040395933280781,0.6040805358202612
254,0.31387118491786836,0.9519359171629931
255,-2.523692035856265,0.04139849522961579
256,-0.6891764512297831,0.7886110145112962
257,-2.7936583996262243,0.020196143131263524
258,-1.1685572769287385,0.5052191139843243
259,-1.3243342261150142,0.41605801420114896
260,1.6595992166383553,0.25230041463061575
261,2.7292890116655784,0.024124936724016173
262,-0.9262305618372126,0.6511914937250594
263,0.3204138182813945,0.9499627482993651
264,-2.366850762420202,0.06074981355713481
265,0.2695380265485925,0.9643264757869063
266,-2.8122420263662766,0.019171075745036608
267,-2.118094476426326,0.10612240302745528
268,-1.1153681675000857,0.5368572360167846
269,-1.2078063939734769,0.4821991178513291
270,1.5798666289790324,0.2870814565728251
271,-2.955886558157032,0.01266855079075854
272,0.5669862694253895,0.8515162331685594
273,-2.6777062913722496,0.027735128525610084
274,-2.026567241578288,0.12828673639545599
275,0.6148599785492443,0.8277646562248908
276,-0.6913678116624284,0.7874190356022982
277,1.1790568545035072,0.49903076437553284
278,1.2853535017714766,0.4377677272894841
279,-1.7242177473575369,0.22617111500706735
280,2.700673250807716,0.026073964172455423
281,-2.581862034158644,0.035685680335450526
282,-0.3360166093590724,0.9451103546654561
283,-2.1454571538007654,0.10010924899294425
284,-0.9179745784930899,0.6561678437563601
285,0.1913332375889878,0.9818623005787337
286,-0.6743703953063345,0.7966118640128861
287,-2.9814066560096095,0.011744234681061748
288,-1.5692835995608996,0.29190539821402034
289,-0.41485722060531316,0.9175453644401697
290,-1.8851673839581868,0.16915699466382167
291,-2.3591954836283833,0.06185875333183265
292,-1.0629232372400796,0.5684153348582869
293,-2.431291446550955,0.05204799272448245
294,0.0631149946302405,0.9980102309467319
295,-1.9589500631391583,0.14679141066991347
296,-1.5170062675708118,0.31642975412485863
297,-1.7463242627485458,0.2176593146729058
298,-0.20134388996073893,0.9799343679769873
299,0.39370649959448656,0.9254247997546706
300,2.263356118197766,0.07719732607452329
301,2.965234480122474,0.012322754564914934
302,-2.7406247253570477,0.023388473987168992
303,-0.8160113384254482,0.7168151713056431
304,0.2511211505747264,0.9689609994635461
305,-0.480324942122885,0.8910488517494712
306,-1.2066741054606622,0.4828587078797084
307,1.2313577331816585,0.4685460294675077
308,-2.282343107373099,0.07393676856631022
309,-1.3359538231573485,0.40967696961786476
310,-0.658863479239431,0.8048892874517011
311,1.2062908656496099,0.48308201990668487
312,2.2212226592892605,0.0848462018792843
313,-0.7079747292180221,0.7783226616326926
314,-1.8545010829407094,0.1791400936223425
315,1.8420914728868656,0.1832964489442927
316,2.149088414213029,0.09933170180592119
317,1.0600070798465646,0.5701775333316413
318,1.621131314851656,0.26873396404337374
319,-1.2387579121794994,0.46428319332327783
320,-2.7586998233331252,0.02225447075758339
321,-0.4702545820307211,0.8953239365071053
322,1.4192755592494466,0.3652506106290813
323,-1.217679197479397,0.4764600909371301
324,-0.23048577939364634,0.973787815873279
325,-1.6254824009638171,0.2668425438563568
326,-2.7641393745245884,0.02192268703068116
327,1.1923822151617491,0.4912079715688127
328,-0.37437884006604083,0.9323194570568709
329,-2.555538497876114,0.038182098186903914
330,0.6410482099236119,0.814263379135258
331,1.0873084861899773,0.5537068565554241
332,0.8154288953435902,0.7171558186640777
333,-2.0631624482273807,0.11903715069379811
334,-0.8945759067018688,0.6702308816865552
335,0.03387622318167516,0.9994263653427792
336,2.3991118669858364,0.05625452058584886
337,-2.9738538868428415,0.012011347270230817
338,-2.830958231017061,0.018184926308374805
339,-0.7109122425215775,0.7767023264320281
340,-1.149209038380871,0.5166752696458421
341,-2.6073607744029736,0.03340114480635067
342,0.3111432329935768,0.9527477929660607
343,0.8628372828117632,0.6891859997495069
344,-1.4277849552666555,0.3608528796742208
345,-1.7516189071466113,0.21565305318386307
346,1.9296561844253954,0.1553947702568679
347,0.1081950987475464,0.9941640062620131
348,-1.8807353647964633,0.17057456334264956
349,1.0196272817264713,0.5946276326540443
350,-2.585298409920659,0.03537025967318971
351,0.3552324635555335,0.9388542298681261
352,-0.5866623330268541,0.8419064743556656
353,-2.732624691784129,0.02390616620589994
354,-2.2314009184027164,0.0829452083675289
355,-1.128226711598939,0.5291688259360376
356,2.0979775403327547,0.11071954685081026
357,-0.7116976486933195,0.776268532535322
358,0.16523500785641065,0.9864414525765174
359,0.9660678006383585,0.6271036144380019
360,2.0987052191875897,0.11055061611412009
361,-0.0034472266542828756,0.9999940583318487
362,-0.6414094102178804,0.8140748077756205
363,1.074558927713869,0.5613905519923447
364,-0.6312968768401639,0.8193303871554093
365,2.591537555419289,0.03480363475844082
366,0.3690859366560799,0.9341556420566403
367,0.8507580638499315,0.6963557309006554
368,2.0718631850236164,0.11691495033553319
369,-2.586993834290793,0.0352155141940085
370,-2.772225969065186,0.021437395862800548
371,1.4806463833481178,0.33415281648340284
372,-1.5001197539470914,0.32459415264675784
373,-2.840103322099335,0.017719431085591947
374,1.8046363268654853,0.19625192055082244
375,1.0167061496401226,0.5963988064458728
376,-0.5938127908606834,0.8383607219811049
377,0.9473116616971229,0.6384578037695392
378,2.281409300707322,0.07409448331240089
379,1.698099807206038,0.2365084179968482
380,-2.917319783900358,0.014187735840379686
381,0.8085213981419859,0.7211894431705891
382,2.7966577561646533,0.02002753299166931
383,0.5713931074319802,0.8493830287265445
384,-1.0443661895187921,0.5796386603952036
385,-0.468614950757833,0.8960133325526035
386,0.09975037420625643,0.9950372865787884
387,-2.8769787243447227,0.015946701236554336
388,0.3273589446423175,0.9478282734188959
389,-2.552468679345949,0.03848263495678706
390,0.5414057093917157,0.8636738489547173
391,0.7807370735320416,0.7372891064677
392,-0.14918873590172943,0.98893305477841
393,1.720008585562816,0.2278165071601282
394,-2.891436912822046,0.015295391418807763
395,-0.7084857153683783,0.778041040865039
396,-1.9666320957749697,0.14459465990367656
397,-0.3604107101759819,0.9371162483749321
398,-0.6824314284506041,0.7922673925680881
399,-2.2852659765870285,0.07344486488523991
400,-1.1500791616511268,0.5161586812197051
401,-2.266131281093018,0.07671365987820089
402,-0.5111948510812669,0.8775160020218966
403,2.5271932225108245,0.04103406137401703
404,1.992940586669027,0.13725619115720522
405,2.737659812071798,0.023579192647742008
406,-0.8270506739104828,0.7103436523806537
407,-2.823377477222814,0.018578873271467487
408,2.4171508824311587,0.05386312382946318
409,-2.227927971932637,0.08358998823145972
410,-1.8301051932185834,0.1873751524177376
411,-1.7558070600225357,0.2140749233734497
412,0.9034657381852398,0.6648956486004095
413,-2.39608603233472,0.056664116351486375
414,-2.9720474584460046,0.012076026802830894
415,0.3211374731074228,0.949742258237021
416,1.529875099331604,0.3102865946315098
417,1.7669094494710924,0.20992929376534358
418,0.6714409547026916,0.7981837237037527
419,-0.36156720932228215,0.9367250995298473
420,2.8355951838149434,0.017947579440771234
421,2.4266881225945003,0.052633229341445584
422,2.5649582321674895,0.0372722809605912
423,2.1344579357391957,0.1024935571225747
424,2.5484981948461023,0.03887431518075935
425,2.095845466759087,0.11121565660519277
426,-1.8327515622851769,0.18646921052810986
427,2.3900491444600407,0.05748866641303041
428,2.7610587121579986,0.022110059213334365
429,-1.4721580897634199,0.33836681494977333
430,2.107536866179486,0.10851619861516848
431,-0.09168881732191636,0.9958054023920782
432,-2.2696568437090985,0.07610273356236717
433,-1.6049991618286588,0.275818798861844
434,0.5872849879548987,0.841598828880834
435,-1.1672659381804384,0.5059816449180523
436,-1.1841826531494042,0.4960173971317192
437,2.6310764380496847,0.031389507077225716
438,0.9092562719447441,0.6614152086703665
439,2.4928784373612682,0.04472505357418529
440,-1.5284699323575104,0.31095403751660877
441,0.14098809056119466,0.990110406019171
442,0.5204199936992082,0.8733503512499065
443,-1.864695047160027,0.17577617795050238
444,-2.110914806697965,0.10774578591848268
445,-0.6853755132715089,0.7906737909505862
446,0.5935937434448118,0.83846975718401
447,-1.1994691180400472,0.487062375707741
448,0.5824333186735364,0.8439902932419033
449,-1.1735349491138756,0.5022827160691252
450,-0.07826705010388313,0.9969418202215559
451,1.3145817137284066,0.421446456254297
452,-1.36230476555734,0.39536846064101555
453,-2.6938974791501673,0.02655487813996779
454,0.4909860555830665,0.886447254889538
455,-2.602649408999557,0.03381360735358729
456,-1.5605200794529397,0.29593617906041736
457,-0.6888629596295686,0.7887813743792971
458,-2.957520511191894,0.01260749517073604
459,-2.2640875113218715,0.07706961848366642
460,0.5739773344392667,0.8481269152108979
461,0.4470975897277665,0.90488435554976
462,0.7834093537567841,0.7357498411455177
463,-2.1472373877340973,0.09972746139785861
464,0.20441225980400368,0.9793245437947395
465,0.8593232922789062,0.6912745161821682
466,-1.050983850550396,0.5756338329837175
467,1.3813844057419349,0.38515422587729875
468,-1.4430157202047036,0.35304943675889483
469,2.1870839783175278,0.09147695794913291
470,0.33497676185952985,0.9454401284775753
471,2.5534029096586934,0.038390962082449916
472,2.2306177994393765,0.08309025240431911
473,0.8384759860473245,0.7036170811736441
474,1.0951467466360727,0.5489910179606889
475,1.302176885225526,0.4283424355618226
476,-0.39370112194555507,0.9254267590669427
477,-0.030353144496099382,0.9995394493956022
478,1.240605854610413,0.463220802536643
479,-2.62328597694928,0.0320385741989431
480,0.1861493388026707,0.9828234402234342
481,-1.4572834790123448,0.3458197584117305
482,2.911895204846874,0.01441383395851982
483,1.879593474654773,0.17094117030400907
484,-1.2139165561683871,0.4786447037287198
485,2.957515742016767,0.012607672999724736
486,-1.5718557303867995,0.29072856350448467
487,2.44734060416355,0.05004973757988444
488,0.4218713728818946,0.9148568009679728
489,-0.2683198550132042,0.9646424424174443
490,-1.4300396693166146,0.3596921587589072
491,2.2904096962745104,0.07258563161379873
492,-2.5343687889054145,0.040295616845284335
493,2.478272756884161,0.0463785630955415
494,-1.53934862711208,0.30580822233594385
495,-1.2556945304171216,0.45457863007631505
496,-1.0241666263224476,0.5918756959302554
497,-1.6190478075901835,0.26964259971035515
498,-2.085726042237841,0.11359377614697604
499,-1.8641135595701752,0.17596684515572683
500,-0.3341304804543732,0.9457078455373635
501,-0.7966110273663243,0.7281162463644028
502,-1.7824879041900186,0.20420486184745018
503,-2.648769529941182,0.029957067328006143
504,1.4555186234105264,0.3467097752554533
505,-0.10802146840892224,0.994182667768319
506,-1.6148829165931262,0.2714646319506815
507,-2.654730910278541,0.02948722668912422
508,-2.832361252043863,0.018112823135236406
509,2.340070246949896,0.06470192143382542
510,2.5163084400973634,0.04217599397935458
511,2.1715247314802646,0.09463197766907294
512,1.3889567560052543,0.38113545769796164
513,-1.327405504885545,0.41436722260305275
514,-1.5208151128766898,0.31460439957991115
515,-0.8273307646990671,0.7101790929887197
516,-1.7330363055650113,0.22274950870938026
517,0.18286323052692843,0.9834195142570226
518,0.3130546211958678,0.9521796081846946
519,-1.3067362978497392,0.42580240597425656
520,-1.933196208376499,0.1543359143520229
521,2.3671450083640266,0.06070751728668722
522,0.5706914425133283,0.8497234279910844
523,1.2390437471307445,0.46411880992864274
524,-2.7975185059550594,0.019979372841263946
525,-0.5107489854925182,0.8777159447004104
526,1.3664539898483996,0.3931365573927388
527,0.04814071110811069,0.9988419070748012
528,-1.2642272566021913,0.44971767672218205
529,-0.9862336136155543,0.614879865865791
530,-2.7838120782505174,0.020758388612750426
531,1.6635747798073632,0.25063927523354135
532,0.09680301058900342,0.9953255479874444
533,-2.749404588888255,0.022831530157612787
534,-1.6542860046915688,0.2545313945958135
535,1.7929534641948512,0.20041980999547562
536,-1.271584869823199,0.4455418751765553
537,-2.2174244592041026,0.08556443029424732
538,1.4362807743169546,0.35648923664016646
539,-1.5036544007388706,0.3228755647526012
540,-1.7514436509026088,0.21571926167142955
541,0.12923330793813204,0.9916841456698219
542,0.3050011698968431,0.9545522879848732
543,-0.927224371964555,0.6505920282212458
544,-0.10325612018865105,0.9946832709235189
545,-1.680524282244899,0.24363576591626776
546,-1.31552942032746,0.4209215402484244
547,0.4334065847627997,0.9103550107388515
548,-0.9582853127826167,0.6318170716351486
549,2.903525898526609,0.014768905003595475
550,0.46424191205898024,0.8978428046931766
551,1.9711581421742927,0.14331185618924505
552,1.204692650203044,0.48401364005702
553,1.1711024217983796,0.5037171185653649
554,0.5654965249610351,0.8522348369818264
555,-0.4516784991493674,0.903023471323255
556,-1.1925565763941948,0.4911058500113718
557,-2.621306397944738,0.03220532021688193
558,-2.6299302758702146,0.0314842887326673
559,-2.7471948040803467,0.022970611389097912
560,-1.5967126637264781,0.2795020462646477
561,1.9282499620091063,0.15581685653232974
562,1.9424894224964113,0.15158138883431946
563,0.7729443761046619,0.7417659593199899
564,-2.4483747733088865,0.04992319696085904
565,0.24629481761706007,0.9701247877515391
566,0.050012336559940085,0.9987501647913269
567,-2.4123837158323185,0.05448675707950756
568,1.0967264080058383,0.5480414221593619
569,-1.4795171655231232,0.3347117646527229
570,0.8725342928766704,0.683411544895394
571,-2.1476243397469372,0.0996446270155216
572,-1.7061675487145198,0.23328279424891074
573,-2.7037945195107858,0.025854970816590415
574,-2.8631640717073554,0.01659167441401558
575,-0.4164722137440142,0.9169296269075364
576,0.015006348679104775,0.9998874110882678
577,-1.0006390757818733,0.6061430407098093
578,-0.2051585069774191,0.9791748943501055
579,-2.928395868689539,0.01373577986186967
580,0.29673282833700343,0.9569298562151032
581,-2.6764043178980677,0.027831966732452154
582,-1.26911281450073,0.4469432419361508
583,2.071741836789821,0.11694434756878147
584,-0.14457171690992965,0.9896039259872215
585,0.4845447820643489,0.8892367015797111
586,-0.9006854095138319,0.6665653441355484
587,-1.279356156673002,0.4411474578828607
588,-1.2685934895136735,0.44723785096540997
589,0.22521497115942735,0.9749579943628253
590,-0.6132683571866551,0.8285740738228562
591,0.0455371962334441,0.9989637191897921
592,1.861755375205882,0.17674159320132868
593,-2.56695163484109,0.037082120683558095
594,-2.023867891930193,0.12898997097881545
595,-1.3473266871699001,0.4034734466565754
596,2.742288836932371,0.02328201668328512
597,1.9429322445875101,0.15145104318815775
598,-0.3820958374758021,0.9296021179810426
599,-0.23870745567697682,0.9719114060664811
600,-1.2178242434144124,0.4763759412532238
601,-2.6074494517932454,0.033393422757204215
602,-1.7840874888166853,0.20362319348444283
603,-2.5900346954612257,0.03493940995327821
604,0.7137946211343711,0.7751091812026182
605,2.8523744508776865,0.017111235165316877
606,-2.5369258045604264,0.0400351977147472
607,0.7858182016371567,0.7343605760160574
608,-1.9008165029971587,0.16421944127004212
609,-2.058861420097713,0.12009704273157852
610,0.9923421047048846,0.6111753170304185
611,2.4562205198458313,0.04897185071959517
612,2.8714387732224687,0.016202652522623123
613,-2.7541572230057816,0.022534878724214093
614,-2.384732193417099,0.05822305799875112
615,1.8166058618409346,0.19204444898114034
616,-1.3568389987241938,0.3983174278245509
617,1.1075188128961653,0.5415613294749804
618,1.8679945062539396,0.17469708675236548
619,-0.8373892848993814,0.7042580742679625
620,2.4663707014654017,0.04776356261690619
621,1.8116869187219624,0.19376586199582982
622,-2.697457916780859,0.026301229117049497
623,1.7445801258134495,0.21832294622435558
624,0.5021857284308018,0.8815308743945031
625,-1.3064863732072505,0.42594147631684703
626,1.75356298563276,0.21491953595187302
627,1.542257205797691,0.3044407949442613
628,-0.6350890139772045,0.8173654083759723
629,-1.7411446377697073,0.2196340943451249
630,-0.8525011482212497,0.69532278397613
631,1.7908747933189266,0.20116772569932237
632,2.5485496040716713,0.03886922229336348
633,-2.845150308823722,0.0174670306133202
634,0.36740406524080216,0.9347343819042041
635,-0.5563796944434296,0.8566043100848721
636,2.099261860533151,0.11042152630001843
637,-0.5261663648257606,0.8707280991705977
638,2.21090420781528,0.08680867602831582
639,0.07734383472537631,0.9970134343018907
640,1.6026593012722499,0.276855818821342
641,-2.5254812750587385,0.04121191623929804
642,-0.8928150067918343,0.6712864599222959
643,2.0599788162154606,0.11982099459377821
644,1.372964508320866,0.38964634047823005
645,-2.715166974757178,0.02507043914014228
646,0.22766736508386076,0.9744167281208914
647,-1.8972177523076534,0.16534557524668833
648,2.8109171960237775,0.019242618593907905
649,-1.974607443651275,0.14233992012586028
650,0.5719784540181689,0.849098843565911
651,0.6811470981708649,0.7929614394680327
652,0.768449214935409,0.7443401945125134
653,-0.9032689756033658,0.665013843570458
654,1.913866283039166,0.1601824061474494
655,1.011144503179609,0.5997714559045523
656,-2.183984358665212,0.09209875631520749
657,-1.3754480038395058,0.3883188083917394
658,-1.5835313388288088,0.28542221166633036
659,-2.5123483963292976,0.042598031645918216
660,2.60452269849894,0.033649090768868614
661,-0.48566286286136817,0.8887545234675767
662,-0.15110354296426998,0.9886487765138762
663,-1.3275595134787355,0.41428251648832964
664,2.076207437709561,0.11586626253124638
665,2.3156331472996445,0.06848925300664903
666,-1.8056994307833032,0.1958756583644783
667,0.9030173296960733,0.6651649999578078
668,-1.9634378249361568,0.14550511385841214
669,0.9530599627865275,0.6349800827475005
670,2.907709393626865,0.014590466268170328
671,-2.7382319727859867,0.023542283696890525
672,0.38578271854367596,0.9282871613403216
673,2.090561215540106,0.11245264290028842
674,2.524783790596027,0.04128456430041265
675,2.0247308408888776,0.12876483934603536
676,-0.7940898126885054,0.7295777657161852
677,-1.279942557828463,0.44081655035527934
678,-2.4096777304839776,0.05484340248294922
679,-0.6520142357723517,0.8085107677879528
680,-2.0530320395377375,0.12154505308079122
681,-1.131692526761424,0.5271005310836401
682,0.20960332471665133,0.9782727357973746
683,0.4206199823626222,0.9153391883192216
684,1.341801431372831,0.4064820369087278
685,2.2114414087154604,0.08670562207947208
686,0.3357451959296469,0.9451965172983613
687,-0.7115304840703924,0.7763608803685844
688,2.1674807659193327,0.09546587403395952
689,-2.3131815120294394,0.06887897128937698
690,-1.8272104049539344,0.18836966718856393
691,2.782582281833574,0.020829561452341737
692,2.502947515399784,0.04361417213732259
693,-2.9130636917850268,0.014364864256459043
694,1.265600034764768,0.4489374439496294
695,-2.646154232052988,0.03016520684764774
696,-2.933334683243448,0.013538386528092814
697,-1.6897601548585994,0.23987323313052927
698,-2.1532389975972004,0.09844875791442485
699,-1.2636132698595133,0.45006680670941046
700,-1.3530413499220966,0.4003722869694236
701,0.9325394425430771,0.64738448300542
702,2.938430679091468,0.013337343077783887
703,-2.7648195747500965,0.0218815023535493
704,-0.7471833943723247,0.7564328510026946
705,1.3524770711079341,0.40067802116746215
706,-1.162683632069267,0.5086899344590559
707,2.5518252890878346,0.03854587637127217
708,2.839287042914413,0.017760552085058893
709,-0.22215159606599322,0.9756262896747656
710,0.1085486103008706,0.9941259198699671
711,0.1348104673697712,0.9909542303305341
712,2.3225564161648142,0.06739838969369881
713,-2.7905103795503217,0.02037444032001028
714,-0.8466614884110841,0.6987810367421146
715,-2.844477986799322,0.0175004705701215
716,-0.7801107422480502,0.737649584358802
717,2.379263010793885,0.058986525809641054
718,0.6634854367316665,0.802433364451063
719,1.233671717834902,0.467211630516565
720,0.8519127163333193,0.6956715519666998
721,1.8320002716915633,0.18672608954355854
722,2.71864898312395,0.024834383694895816
723,2.146073563567901,0.09997692494985236
724,1.9016692001477562,0.16395342696727372
725,-1.3186854193489534,0.41917548941078286
726,2.437351258520822,0.051285840491942826
727,-0.8453559546162577,0.6995532618695266
728,0.6658657816463451,0.8011647925256992
729,-0.6772177947910922,0.7950804529324652
730,2.0022225701759604,0.1347347012096261
731,-2.5532759592618204,0.03840340843220423
732,2.017772901747671,0.1305885495757718
733,0.02878492016208911,0.9995857999901495
734,-0.9502917653743626,0.6366550965905264
735,-2.8307600488399043,0.018195131384094208
736,1.1460773494521241,0.5185355733529377
737,1.0205678380621315,0.5940573852959626
738,0.6409202477069513,0.8143301691920503
739,-1.8432371664148393,0.18290989474772654
740,2.778272705791201,0.02108065225557845
741,-0.3955658717801125,0.92474599474164
742,2.210215130059396,0.08694100788819983
743,2.4740398526072402,0.04686722870116107
744,0.6093808519338637,0.8305455446869624
745,2.3846404023317627,0.05823580401024929
746,0.8743965507198461,0.6823007991138966
747,-1.6133567814136704,0.2721341727701209
748,-0.9007599054847493,0.6665206189622639
749,-1.6757932862649574,0.24557777753669946
750,1.9834739350850832,0.13986404636574007
751,0.6857917200939716,0.7904482086567449
752,1.0460976340119865,0.5785906015857067
753,1.3893657350505482,0.3809189817222142
754,-1.8870008529773854,0.16857304703500925
755,-0.07088909408761435,0.9974905221868949
756,-2.7725701750247786,0.021416948429537463
757,2.508388734801416,0.04302357651755361
758,-2.175891438223476,0.0937379856447015
759,2.2047535426444096,0.0879955449017866
760,0.5011310951598906,0.8819973854976872
761,1.1468393608424066,0.5180827710640604
762,2.4196089435492523,0.05354388291717831
763,0.29438244625585774,0.9575948408544408
764,0.23187770593893653,0.9734745130465458
765,-0.6710250777121236,0.798406568085057
766,1.6381433560427263,0.2613860547652598
767,-1.4158122597535263,0.36704817319344885
768,0.45363537982227653,0.902223931257728
769,2.547115576985153,0.03901149700639641
770,-2.583564480839062,0.035529117290236056
771,-1.044781782343824,0.5793870837467054
772,-1.9715097352629158,0.14321256009830283
773,2.5403581491107268,0.0396878666924686
774,-2.6099931991319663,0.033172560035516274
775,0.23129142100615985,0.9736066950742519
776,2.2780126991155036,0.07467044393453912
777,0.7595365181391154,0.7494258782997758
778,-0.6840285868075604,0.7914033209159247
779,2.712946181407185,0.02522200398110489
780,2.9056339160360567,0.014678752675576272
781,2.2237088782188748,0.0843786739577276
782,2.485169381161529,0.045591525386014145
783,1.775988952093126,0.206579825114658
784,0.5794745446532223,0.8454422853438271
785,-2.856922492590365,0.01689051487970359
786,-2.495979306316335,0.044380444365761995
787,-0.5813374743826207,0.8445286401606575
788,1.3091624799731916,0.4244533388698471
789,0.9797069329940893,0.6188373290013094
790,-1.4035410848022862,0.373452750026864
791,-1.134560907959858,0.5253901093305735
792,2.67097150282312,0.0282391946606359
793,2.72905489893275,0.024140355889429855
794,2.367439195448817,0.06066525366544218
795,0.7348608844130657,0.76337166231703
796,-2.214021937149742,0.08621194230474376
797,-0.2505123996368144,0.9691089565176012
798,1.6185880876312106,0.26984334320822384
799,0.24361702332724233,0.9707613416714203
