,data,labels
0,-2.0492351504520494,0.12249533260289068
1,1.6086002200236962,0.27422747016262977
2,-1.6319359126009105,0.26405247902153817
3,1.4378254407125493,0.3556987909946893
4,2.757392437790765,0.022334861438226394
5,-0.9395599061683351,0.6431441420993517
6,1.7981300227325647,0.1985655931565132
7,1.716883561446907,0.2290432149216734
8,-1.0440693698311616,0.5798183439937472
9,1.1460773870971472,0.5185355509811829
10,-0.7922456892681882,0.730645699391751
11,-1.6828355431433457,0.24269064011916594
12,-1.0709480390226411,0.5635693679406584
13,-2.656345223784858,0.029361089313597533
14,1.2055714050977713,0.4835013333469265
15,-2.0028161491289533,0.13457464350177614
16,2.417682445826916,0.053793953617081655
17,1.2419807704974577,0.46243090992119273
18,-1.6243346506142282,0.26734066670556395
19,2.02740259712641,0.1280696982836619
20,-1.8195159665338245,0.19103107339501102
21,2.0196401387941743,0.13009723518963565
22,2.1283261306666965,0.1038418656879244
23,1.745689566253013,0.2179006550452634
24,-1.8279843026342246,0.18810343047429312
25,1.557769455846734,0.2972080623589689
26,1.8765033539047362,0.17193609384748526
27,2.6347912610487194,0.031083986540189228
28,1.6656085564300032,0.24979219378810122
29,2.8819423251753156,0.015720404153231657
30,-2.121312431502334,0.10540099359485272
31,-0.7174655801948169,0.7730756038797263
32,2.8225467334826178,0.018622494796262382
33,0.5831806841241982,0.8436227565938619
34,0.5892548603260517,0.8406241349830259
35,-0.7566251417937648,0.7510817317373415
36,-1.2062685558022315,0.4830950207444805
37,-2.433080999623431,0.05182194476252725
38,-1.1147897353183938,0.5372036193152302
39,-2.370570078098705,0.06021695946900213
40,-1.6958077831199336,0.23743009904344986
41,0.8094564242101829,0.7206441231992103
42,2.660745886906544,0.029019584848103595
43,-1.3455776282024785,0.4044247561345792
44,-1.862904339155862,0.17636381472031865
45,-0.502803543291523,0.8812572467974142
46,2.6885727419618046,0.02693815234547492
47,-1.671597422064107,0.24730844141526975
48,-0.6779496060672354,0.7946862993729965
49,-0.8661212438746859,0.6872322330243095
50,-1.6368852120273918,0.2619251249555756
51,2.7531606106592488,0.02259680681534665
52,1.3830046988305238,0.38429261494622613
53,2.273959029229048,0.0753625483722241
54,1.685074828053036,0.24177721208457512
55,-1.8750176496856803,0.17241591798481223
56,-1.7287427686093408,0.2244110688757028
57,-2.5572326691435823,0.038017090815365584
58,1.5840756983969086,0.2851762385012736
59,-2.151123899324297,0.09889792561713905
60,0.09989076113836859,0.9950233427182332
61,0.34659673288474924,0.9417036527134698
62,-2.2678186719406757,0.07642076974906459
63,-0.4919570021227284,0.8860243497483161
64,-1.7990055901375186,0.19825314462563165
65,-0.45279730196994894,0.9025666885854144
66,-0.5808374912365819,0.8447740400472685
67,-2.6876185927030427,0.02700733319818697
68,1.453997836294386,0.3474776773180242
69,1.9586912571410284,0.14686584610751102
70,-2.6546206043479166,0.029495862594267227
71,-0.35876620804138426,0.9376705703163307
72,2.792809680534474,0.020244078340114945
73,2.262062849355477,0.07742355881716675
74,-0.12237748603867349,0.9925398416118002
75,2.909755606562923,0.01450388339653836
76,2.561494630645533,0.03760465731813279
77,-2.4143468226531457,0.05422922604046716
78,-1.0055786536032563,0.6031470703142409
79,-1.3204169816744857,0.4182188149235768
80,-0.5195228889927073,0.8737578369963668
81,2.9737806997339966,0.012013961765493325
82,1.778344029614927,0.20571702001142603
83,-1.9568538982080863,0.14739509310041965
84,-0.2178997661735238,0.9765394266085972
85,1.7520878642383186,0.21547595745302436
86,-1.7745869505788328,0.20709463369396544
87,2.9122651219511067,0.014398315329279142
88,-1.375681258217515,0.3881942337750584
89,-1.060178943745551,0.5700736611697212
90,0.9539649396707066,0.6344323905001454
91,-2.1641579876735966,0.09615537581424519
92,2.627016959941522,0.03172630746087395
93,2.4608447710061334,0.04841824887288592
94,-1.2681434185748317,0.44749323216405645
95,2.1042473331168274,0.10927054372175302
96,-0.64034864686802,0.8146284210710932
97,0.801989069705586,0.7249930329022651
98,-2.6050434571494776,0.03360347795451948
99,-1.680584094675787,0.2436112773595269
100,2.4914421770744477,0.04488542887466694
101,-0.5167707042465319,0.8750047357235105
102,2.859408541997663,0.016770924020968647
103,-2.889080704451131,0.015399909311925156
104,2.7456013911599904,0.023071354415475125
105,-1.3634689240382745,0.39474165998274263
106,0.971257046417012,0.6239593074822303
107,2.586084760271225,0.03529841582059206
108,0.9149037861022133,0.6580170284343736
109,0.23938489960117781,0.9717540271067776
110,2.0208362191770384,0.12978325199274202
111,2.573334145180471,0.036478788971659314
112,1.3858845147417407,0.38276351144509374
113,0.31549467430336753,0.9514497121647514
114,-0.5670404504753561,0.8514900738173039
115,0.24478199944774914,0.9704852123579005
116,2.4635982004063726,0.04809110498479068
117,2.0811966782855933,0.11467080660061044
118,-0.30316884496256513,0.9550842960534922
119,2.1497418036335327,0.0991922977708453
120,2.501094185900257,0.04381688369563755
121,2.669741076533928,0.028332132118784388
122,-1.1721199828318527,0.5031169519422525
123,-2.5194906012279166,0.0418394148460676
124,-0.5897367077556366,0.8403853921042819
125,2.542461875912175,0.03947624441400056
126,-1.8927140780405327,0.166762724107405
127,1.635492612860597,0.262522616291511
128,1.0992973756073843,0.5464965086176998
129,0.191809301220478,0.9817727587079668
130,-0.37527901654578644,0.9320049341764811
131,-1.1486941566775521,0.5169810118078493
132,0.6912607415402166,0.787477321810971
133,-2.1769000151258204,0.09353245057499547
134,-0.32497299362146137,0.9485661756585658
135,-0.6856089017810403,0.7905473043281367
136,-0.7095100222758806,0.7774762081438982
137,-0.669410690348887,0.7992709045496271
138,2.051496030110431,0.12192880370558977
139,-1.1742213165467743,0.5018781839877542
140,2.510310016969261,0.04281665182839277
141,-0.8198433273186905,0.7145719830257619
142,0.6191086473012017,0.8255976269592679
143,-1.319267897990865,0.41885357073144985
144,0.6914297194241135,0.7873853324659851
145,-2.668266747813596,0.028443838387823283
146,2.9356038371726916,0.013448537103193473
147,0.5733274720453001,0.84844315173154
148,2.4550681239812437,0.049110631177395045
149,-0.6415780376270277,0.8139867512785149
150,2.66145332321563,0.02896500517331714
151,0.24163130910585018,0.9712291499437335
152,-1.229610713397104,0.46955433700970495
153,2.2886915564785655,0.07287172900349007
154,-1.710395951101064,0.23160379329440636
155,-2.812738893544833,0.019144304138284336
156,-0.7539647832847463,0.7525924391218501
157,0.5232262419560518,0.8720723833094843
158,1.2409261162228091,0.46303676918537434
159,1.3714795399136799,0.39044113480553466
160,-2.1261349678407626,0.1043270136762656
161,0.5653767216464023,0.8522925703321986
162,0.32648270717760486,0.9480998274602408
163,-0.42917217918238393,0.9120190694041059
164,-0.7521733042650656,0.7536084523462266
165,0.19825688944688036,0.9805389621565959
166,-0.1512799783363996,0.9886224040914826
167,2.9551522103966015,0.012696076207360192
168,0.2677524563143132,0.9647891596433957
169,2.3132219180771827,0.06887253365608066
170,-1.120536133687065,0.5337644653494908
171,2.901653779905587,0.014849377568066454
172,-1.7547131339684854,0.2144863688194255
173,-1.6296837724123447,0.2650240773941669
174,0.6596564620882841,0.8044686159105301
175,-0.2286137703372373,0.9742063611724718
176,0.7556503159843171,0.7516355601038843
177,-2.7142704550935832,0.025131529853651673
178,0.15235744271307272,0.9884606992039544
179,-1.8663500924942396,0.17523430166633455
180,-0.350773162196905,0.9403332872470734
181,-2.59736167914431,0.03428169138637793
182,2.021546346926952,0.12959710718883935
183,1.6887217614480505,0.24029436321579306
184,-1.4119655208848734,0.36904993603708247
185,0.6217789097344131,0.8242309524084446
186,-0.36649109503822963,0.9350475817920094
187,2.3687645985332537,0.060475142772804684
188,-2.803946728358305,0.01962288821984803
189,-0.2284097875593858,0.9742517723931197
190,2.1855750140916994,0.09177924730653997
191,0.6516414544917635,0.8087072510585258
192,-2.3454220840004085,0.06389575344553251
193,2.9012811847020084,0.014865439507750034
194,2.1374326330516222,0.10184439900414578
195,-1.7898080767111266,0.20155228028687103
196,-0.8264429310718313,0.7107006538371851
197,-0.5799190841316646,0.8452244445265175
198,-2.0751131768170135,0.11612973027964037
199,0.04725664705091548,0.9988840278153741
