,data,labels
0,2.417317987876123,0.05384137112794651
1,0.4964570452139365,0.8840560628239866
2,2.153412647321109,0.09841195239995847
3,0.966821493379463,0.6266469970341949
4,-2.4130116770208296,0.054404267760400915
5,1.0594497698791159,0.5705143780542786
6,-2.6875656318227024,0.027011177621165044
7,0.8336629668955613,0.7064541536441619
8,1.9002110468053406,0.16440851370066706
9,1.3974570007833194,0.37664844451075685
10,-2.575898817003208,0.03623871133170515
11,2.6233213033776472,0.032035605259427606
12,2.2950612053852826,0.07181564223479908
13,0.7340181911415562,0.7638442648119564
14,-1.9309341086179646,0.15501191936163902
15,1.5137652417899012,0.3179876912774975
16,-2.9678142342743064,0.012228809647243724
17,2.7234822570505806,0.024509908803544343
18,-2.6297332729984046,0.03150060447798243
19,0.10727049165498581,0.9942630403746023
20,-2.70168660409659,0.02600269081639313
21,-2.547603963663658,0.038962993114518875
22,-2.6667027812394677,0.02856274988276798
23,1.9128300237873503,0.16050031882729254
24,-0.8627082682967799,0.6892627174583336
25,0.8630490491674729,0.6890600678013902
26,-2.9673797693756123,0.012244586624694163
27,-2.782436176344436,0.02083803122111998
28,2.622859600863184,0.032074426682471985
29,0.19459029298911146,0.9812454066055499
30,-1.7114391328735137,0.23119079597676542
31,-1.82992187527288,0.1874380225149617
32,1.3965898682241757,0.3771049946111864
33,-0.04972491599811413,0.9987644802482792
34,-2.9572846666927743,0.012616291803800517
35,-1.1594307358299574,0.5106147864656345
36,1.8941343000961162,0.16631488773974581
37,-0.40404997426391986,0.9216145597261503
38,1.6767147437475858,0.24519875168257613
39,0.8258779074441289,0.7110324864578192
40,2.8292528637418233,0.018272905619541382
41,2.914494974528645,0.014305081169714217
42,-1.5348945540723253,0.3079091071981888
43,2.626573065641745,0.03176332252467982
44,-0.19464874495183881,0.981234244126418
45,-1.3618134681928276,0.39563312028962727
46,-2.2388222240122184,0.08158070727941229
47,1.9167053488315222,0.15931375853008836
48,0.21455228999394294,0.9772465129224266
49,1.4704688354805686,0.3392088454352908
50,-1.3404446643037644,0.4072223415250708
51,-2.2784192580607128,0.07460131401757326
52,-1.4928294465466405,0.32815478440413354
53,-0.4886740419081055,0.8874517195517458
54,0.9773460700307899,0.6202685991622892
55,0.0902604965821503,0.9959348067385152
56,-1.9660486613122916,0.14476063853236415
57,2.566561170569166,0.037119304003832086
58,-1.6281940094124299,0.2656680010384396
59,1.242751671395494,0.4619882327891389
60,-0.28021254730864076,0.9615011327618012
61,-2.933503913998952,0.013531667405661472
62,0.6740589311175622,0.7967791650695754
63,-0.34336898977832586,0.942752838881873
64,0.5781626016480703,0.8460845385770929
65,-0.366679211737476,0.9349831023962721
66,1.8236822394385515,0.18958677281632189
67,-1.1313653254469351,0.5272957197302215
68,-2.07536354546131,0.11606940789207969
69,0.3749790827828763,0.93210980355562
70,0.5666649658971861,0.851671328042555
71,2.5320076044272195,0.04053736026383269
72,-1.9550302157661117,0.14792179274564918
73,-0.9686861626771037,0.6255172066120855
74,2.2849734150885768,0.07349398198792785
75,1.2275807548584163,0.4707268663107683
76,-1.440363251569983,0.3544020952241621
77,0.033782406214394545,0.999429537290942
78,0.849404646436354,0.6971573596054929
79,-0.8564098675839258,0.6930043999712279
80,2.9589007754505765,0.012556122302582578
81,2.4743412642946723,0.046832290496843204
82,-1.9091310426838664,0.16163886362666954
83,1.66652637717623,0.24941051563002228
84,-0.8405830042293645,0.7023735503347152
85,-1.6235628642299893,0.26767594593419425
86,0.15290129571487476,0.9883786525222495
87,-0.09574929820893852,0.9954265262742542
88,-1.0470168815003822,0.5780342389806871
89,0.8948548258746847,0.6700636442466549
90,1.4596674664860352,0.3446194354813018
91,2.8496862830260667,0.017242880319005706
92,-2.5957447382127707,0.034425924715693695
93,2.9678489937261476,0.012227548185861446
94,-1.9412236783461618,0.15195441800036147
95,-2.6256358267944044,0.03184159746983656
96,2.0415242514573713,0.12444260982142553
97,0.7902655397714269,0.7317913755843205
98,-2.3063069090847668,0.06998140049551888
99,2.6468611101355464,0.030108827789767992
100,2.243136443832599,0.08079577916916049
101,2.1193320201328376,0.1058445145316347
102,1.5002575248500065,0.3245270716990996
103,1.3910271471789741,0.38004019250898796
104,-0.11820871894329965,0.9930376992852268
105,0.635043813428247,0.8173888714732823
106,1.0210224496259865,0.5937817678482584
107,-2.920767417659655,0.014045669462379673
108,2.7437297339196247,0.02319017859423751
109,-2.6091935934035835,0.03324185168795883
110,0.1438953314121858,0.9897004739460464
111,-0.5854759909502945,0.8424920373729882
112,-2.708707503084155,0.02551348434772306
113,2.5528336725784238,0.0384467973677877
114,-2.740525031972023,0.023394864993256468
115,-1.569044061906661,0.2920151384349855
116,-2.0277003129713815,0.1279924143624332
117,2.2569697803964752,0.07831968562011164
118,-0.8849647904623392,0.6759870633496456
119,-2.4857673393441138,0.0455238173074348
120,0.9249239458542555,0.651979504211966
121,-1.0138276386978533,0.5981443055621787
122,0.16894128087968197,0.9858307638656811
123,0.9104203009482994,0.6607150890782842
124,1.9926874121062443,0.137325458469906
125,0.8167085715895004,0.7164072810549933
126,0.9319993514941212,0.6477105298743792
127,1.130813092337645,0.5276251846573649
128,1.8446782944763767,0.18242447904498602
129,0.0934734780544586,0.9956408831013547
130,-0.580071519840776,0.8451497198503637
131,2.4616166104512587,0.048326357249057456
132,1.4981574153617636,0.3255504553463045
133,-0.21075653134074823,0.9780356499193545
134,2.09475835088519,0.1114692763702072
135,-1.6788680116425654,0.2443145119634097
136,0.8253360385668884,0.7113506527395544
137,-2.486439607048597,0.045447795665220614
138,-2.4729291492983765,0.046996164418238104
139,-0.7587920164689534,0.7498495728300261
140,-2.2368028977338206,0.08195019439686509
141,2.896606762529233,0.015068250444104328
142,-0.43670839637368264,0.9090482447036126
143,2.647008305745654,0.030097099158501502
144,-0.9438154958977969,0.6405719401941097
145,2.8485341285107513,0.017299575062432446
146,2.7409926775907527,0.023364898912169682
147,0.5464608969907085,0.8613022800510753
148,0.42122468880775576,0.915106232611949
149,0.5065974590798108,0.8795714376777899
150,1.0396572656493586,0.5824897938351955
151,-1.0923817956107356,0.550653792163574
152,-2.4826298885944595,0.04588001857450789
153,-2.745077063611432,0.02310458855160554
154,0.2287435635734707,0.9741774462368994
155,-0.18752747771378253,0.9825704063011012
156,0.4564539680709365,0.9010674954378152
157,-2.5543848983068207,0.03829480221723693
158,0.10626139565065351,0.994370165148974
159,-1.32452819906043,0.4159511410352337
160,2.361160881678292,0.06157247426941725
161,-1.5381548721890643,0.3063704753999042
162,-2.1127820673470703,0.10732174089187374
163,1.9538243145572718,0.1482708328163367
164,-1.592271507730464,0.2814883332595614
165,0.7895151542035741,0.7322252532354804
166,1.5820199626805582,0.2861058072498396
167,-1.4393460204209307,0.3549215558890055
168,2.231970253737151,0.0828398869790638
169,-0.7309574907030418,0.7655586680835613
170,2.1504271172640363,0.09904624731474235
171,2.0723658484147336,0.11679323791376926
172,2.996206599355971,0.011236060413078267
173,-2.3259374052162274,0.06687083162886091
174,-1.4362943513489481,0.3564822849816767
175,2.291979946409816,0.07232495593583121
176,1.5309375389138093,0.30978248966068533
177,-1.2331654680543258,0.46750345691935896
178,0.1607441355369339,0.9871637578643974
179,-0.33717584846081694,0.9447416487869291
180,1.0688033487134083,0.5648639919024554
181,2.3475155298352677,0.06358265401751217
182,-0.6310998095148657,0.8194323088288024
183,-1.7040208505354024,0.23413824920149556
184,2.0462360941771838,0.12324992475621711
185,2.548726870339599,0.03885166562739306
186,-2.177311578790733,0.09344868138424331
187,-2.150468091633925,0.0990375204139037
188,-0.8299337218703813,0.7086489625516237
189,-2.276451734799728,0.07493634565351046
190,0.5202507320978946,0.8734272730451877
191,-0.8282589463245431,0.7096336407360806
192,0.3459382563443034,0.941918394122825
193,2.1686480627498694,0.09522457687656466
194,-0.7259998510492149,0.7683285084900255
195,-0.8797642247910145,0.679096157154647
196,0.6637078590946119,0.8023149350422026
197,-0.17214555148197963,0.9852921868051383
198,-0.45340891209816636,0.9023166017478759
199,-1.7893850999086407,0.20170490462394766
200,1.9558720341282294,0.14767849386147075
201,1.0654436381427033,0.5668927916983231
202,2.2975652602972323,0.07140388047940693
203,-2.1001909063343662,0.11020633235531625
204,0.7105021510358309,0.7769287331775605
205,1.4277386085597303,0.3608767588415526
206,-2.2636665767835207,0.07714309652181259
207,2.9740018254914364,0.012006063933792516
208,0.013276662374592352,0.9999118690018601
209,1.9133835648047857,0.16033044166949248
210,-1.4377911305435962,0.3557163385629256
211,1.3485916777672395,0.40278604784022826
212,2.28912685450171,0.07279915885757426
213,1.5969837812299028,0.27938106665449636
214,-0.6448066602176867,0.8122981596508876
215,0.27292181991549924,0.963441836450303
216,-1.5392616795346015,0.305849154097059
217,1.4503949537438157,0.34930047723025925
218,1.580935914725634,0.28659672714796525
219,1.4681317874074526,0.3403756315289954
220,1.9299440493844635,0.15530846904278772
221,-1.5622071388526062,0.29515767546209537
222,1.830950419613667,0.18708546778899723
223,0.5268858022610767,0.8703983275874634
224,2.121797109306553,0.10529266856492356
225,-1.8743693002272295,0.17262560944250813
226,-0.9332735601919921,0.646941265032879
227,0.9985477382307133,0.6074115003821594
228,-0.6909086465201781,0.7876689599970815
229,-0.20788317891330532,0.9786240661147634
230,1.274184112343093,0.4440702199235634
231,2.7895200446079977,0.020430813753682688
232,-0.7643519130017138,0.7466812263206501
233,-0.4459270109827713,0.9053574421465329
234,2.6057357538128407,0.033542921905261855
235,-2.5339756853549473,0.04033577902190805
236,1.5559047634424266,0.298072117580555
237,-0.739590554276786,0.7607145469984659
238,-1.4744704731006086,0.33721600552108594
239,0.7224764799106529,0.770291601935666
240,-2.027804216344818,0.12796545044277016
241,-0.815907894586994,0.7168756773567335
242,0.5404095047818851,0.8641393690383213
243,0.9968467948364692,0.6084431689771671
244,1.7037858106926427,0.23423203687727562
245,2.0442825339111037,0.12374335954357973
246,-0.48078340926122287,0.8908525590074808
247,-1.1981117881835073,0.48785554636697387
248,-2.543311432630228,0.03939105489114697
249,0.4330695620291891,0.9104879423614796
250,2.134044328864558,0.10258407232644708
251,-2.229958578453741,0.08321250592852478
252,-1.0857841573503115,0.5546246955700819
253,0.15341894683391688,0.988300293501607
254,-1.1775733100599122,0.49990387437992745
255,1.4613772307377548,0.34375994302385515
256,2.3809655945672503,0.05874797578607865
257,1.3773283629536897,0.3873150983184281
258,-0.8398364730513412,0.7028142472607045
259,2.376182646784904,0.059420144004949736
260,-0.49666791840576696,0.883963496643532
261,-1.6498352867900914,0.25640982470978113
262,1.0357544846975877,0.5848536252623512
263,-2.7514592378109746,0.022702869139580764
264,-0.6194614314239861,0.8254172751034382
265,-1.2048977111710122,0.48389407612776253
266,1.7544642202762963,0.21458006430076934
267,1.8586523198511529,0.1777647515966207
268,2.5101362143474217,0.042835336096590716
269,-1.549610044394973,0.3009998101859581
270,-0.21023858181749944,0.9781422881319601
271,-2.385571195390633,0.05810666160413142
272,-0.5911519750972847,0.8396834286520337
273,2.329349969886776,0.06634176495655215
274,-2.0332555333717197,0.12655680351057877
275,0.7703067101825543,0.7432772058469667
276,-2.9383965903023155,0.0133386791058441
277,-2.405435213129392,0.055406449098629997
278,-1.0617899120520793,0.5691001164977855
279,1.721360687724081,0.22728709870510436
280,2.4675969571382543,0.04761928887129861
281,-2.121131330672247,0.10544149169640517
282,-2.675718435650292,0.027883098187984488
283,-1.2866911396864886,0.437015312491614
284,1.191488978060205,0.4917312299133111
285,-1.7252030358029848,0.2257871003906953
286,-0.0842778023450741,0.9964549246860125
287,0.5135225577773896,0.8764700820138007
288,0.5047822821132355,0.8803791815700653
289,-0.9063643841607734,0.6631538937657606
290,1.8529518772775182,0.17965528819585067
291,0.13197338730620967,0.9913293215657458
292,-2.9536871889330305,0.012751147581529622
293,2.1041978034579953,0.10928193264710484
294,0.1346836578677566,0.9909711631161623
295,1.0784837651369124,0.5590235847047725
296,-0.7409143019837989,0.7599694822501002
297,0.5207098699928396,0.8732185731199319
298,2.2568705194277987,0.07833723308110606
299,0.8026117146072433,0.7246309543476892
300,2.949119106570577,0.012924225896047628
301,1.0378224846309436,0.5836009965157871
302,-1.45540729107502,0.3467659606907578
303,-2.276969610227448,0.0748480438332995
304,1.6301276933197908,0.2648323887829472
305,-1.9912224969019139,0.13772676558235472
306,0.6851207557149355,0.7908118326153866
307,-2.2970448407639736,0.07148929932731155
308,-0.07917640279552085,0.9968704558843743
309,1.6497576376174727,0.25644267427912
310,2.964279489147428,0.012357693617505671
311,-1.0233850951941244,0.5923494526976562
312,2.857509991662586,0.016862186043787267
313,-1.3484743450173151,0.40284978454540094
314,1.3149083272575215,0.4212655203027574
315,1.9821687586565861,0.1402264737291143
316,-2.718862254920017,0.024819988051438837
317,-1.507133374693937,0.32118901269118383
318,-1.1035540617079633,0.5439402984983693
319,-0.1440590778385804,0.9896771412874299
320,-0.995911809300785,0.6090102588862006
321,-0.45695159576655175,0.9008627349412904
322,-0.29197294816133557,0.958271535466139
323,-1.2963075093541536,0.4316213501374557
324,-1.8938037480586687,0.16641904265994145
325,1.0111133038607196,0.5997903769130823
326,-0.02213780067428628,0.9997549889107733
327,1.9967091460123205,0.13622822061889214
328,2.852429035548157,0.01710857119772517
329,1.855154543371495,0.17892309722532104
330,0.16163677151739897,0.987021730618848
331,-1.5950559821364554,0.2802419916778745
332,2.9177768620853204,0.014168828427765066
333,0.4309688138850518,0.9113146430767894
334,-0.9473161953913589,0.6384550617066145
335,0.9677109503859711,0.6261080983318122
336,-0.9952833799644054,0.6093914131354138
337,-1.3506913944553756,0.40164622243300596
338,-1.1793278818305497,0.4988713029417564
339,1.5866659542554231,0.2840075589378922
340,-2.742861900710305,0.023245453762066316
341,2.6080775838602843,0.03333876844122134
342,-0.7003196739685231,0.7825293706668556
343,-0.8131191211135773,0.7185059067429406
344,-1.9008844339494266,0.16419823754383214
345,-0.013542153127448664,0.9999083092481903
346,-0.022493588330945613,0.9997470512389327
347,1.1085719580648696,0.5409297324679133
348,0.9468319411700721,0.6387479400692426
349,1.10853860578478,0.5409497325494758
350,1.4020219012547175,0.3742494572942757
351,-0.4002073733458369,0.9230397578251383
352,2.3599229059231197,0.061752670283575395
353,-1.2044582771732497,0.4841503060792525
354,-2.245169801328974,0.08042793455728664
355,2.304768734608425,0.07023001747301184
356,1.0695033781177372,0.5644413839464607
357,0.8541090648223566,0.694369425081584
358,0.17928910866652847,0.9840561778552507
359,-0.27292161850287666,0.9634418894105858
360,-2.9835663471759823,0.011668830242462418
361,-1.996335261279868,0.13632994874939358
362,0.8464818870124118,0.6988872913032759
363,-1.6955715582457593,0.23752522406298385
364,-1.4311395075330493,0.3591266579660565
365,2.9907368572438155,0.011421548658321075
366,-0.6161978600045819,0.8270832687196282
367,0.8081876893911866,0.7213840138600429
368,-2.3659809855221914,0.060874980864135675
369,-1.9601656808538177,0.1464421589122335
370,2.720810752957335,0.024688800068516717
371,1.635438331931165,0.26254592266255194
372,-2.52201560597956,0.04157395629355176
373,-2.5072551689516387,0.043146057147621146
374,-0.515769590433524,0.8754570945896029
375,-2.9279540744861103,0.01375356066209522
376,-0.3136326187082803,0.9520071728061569
377,2.7168137382671187,0.024958559631471627
378,0.2806155298996873,0.9613924873727117
379,-2.2789197097141756,0.07451628985981593
380,-1.8430152401124908,0.1829847271823545
381,-0.08071097989027098,0.9967481675597876
382,-1.8488774638517014,0.18101526067130116
383,2.328588970656668,0.06645944964195113
384,-1.8864454347256905,0.1687497907722019
385,-1.715985702336533,0.22939646932607316
386,2.023073407372449,0.12919750411587871
387,2.348164504192254,0.06348584766284861
388,-1.966501946220803,0.14463167332836088
389,1.1841478221314574,0.496037856128795
390,0.6637943288240873,0.8022688879973534
391,-0.7360821655781682,0.7626862963648753
392,-2.8225473467124944,0.018622462563169483
393,-2.4286574241788284,0.05238219989583578
394,-1.329084970063704,0.4134439066143961
395,-1.742696875210526,0.2190410334348516
396,2.894479351740129,0.01516135748630858
397,-2.834009100509203,0.018028457615385792
398,-2.6093855972676625,0.03322520190125916
399,-1.7490101556366535,0.21664000584887957
400,-0.5462604383854894,0.861396617366
401,-0.11471112951134277,0.9934422747305234
402,-0.7552960617124507,0.751836746952088
403,0.5690306550395134,0.850528002287991
404,2.3903792651636557,0.057443322344114055
405,1.2984167334127212,0.4304418641737612
406,0.8186872016724687,0.7152491273674721
407,-2.4853190236661344,0.04557457313374325
408,1.0892829769727683,0.5525183121584317
409,1.221862114480058,0.4740352877155299
410,-1.9490451445049468,0.14966011025018808
411,-0.9931746898063087,0.610670355214541
412,1.4176400972229573,0.36609891496496744
413,1.3812976450008438,0.3852003879026537
414,-1.636311605115477,0.2621711263258425
415,0.37993602910567414,0.9303674223086226
416,2.0579710814685788,0.12031734489177548
417,-2.114583832040056,0.10691379842947386
418,1.9842737738834266,0.13964228898151382
419,-0.8447068285500254,0.6999370944141264
420,0.2799946648754439,0.961559814635098
421,-2.0041771014750496,0.13420820354862556
422,-2.5186560786379744,0.04192746316790162
423,1.156804823789206,0.5121699885436886
424,-2.2695282576128575,0.07612494647656554
425,2.8781805706805415,0.015891646284699978
426,1.8411133291372295,0.18362692791189547
427,-0.9566347306611211,0.6328163635179258
428,-2.965429044877231,0.012315647013955046
429,-1.8815441527476726,0.17031524116003624
430,-1.023596347816297,0.5922213916471489
431,0.9069610484842574,0.6627952422371172
432,1.4149440528029231,0.36749949433801177
433,-1.211934593509658,0.4797967369411149
434,1.9953550354246827,0.13659692286669362
435,-0.39383003060882693,0.9253797857874031
436,2.1159791149457376,0.10659871652316559
437,-1.4520239265062076,0.34847571290842216
438,-0.9114368992932311,0.6601035180722502
439,-1.8739988890441441,0.17274549098412809
440,-2.822325181250665,0.01863414340023369
441,1.1430484809885577,0.5203363159912506
442,-2.9147613202683824,0.014293980461802159
443,0.3643998728627218,0.9357624441788371
444,-1.0811810351922932,0.5573977417010109
445,2.7414383832502383,0.023336369688056954
446,0.7719903771973335,0.7423127926233845
447,2.887284518274141,0.015480007215040613
448,2.2666849322141545,0.07661745999304326
449,2.7655282011833817,0.02183866807001546
450,-1.507199484963288,0.3211570112760973
451,2.6230584457866346,0.032057702239374423
452,-1.9980013698042511,0.13587706486335233
453,-1.260632727894884,0.4517630612706244
454,-2.6412130886204017,0.030561834417036537
455,-2.290374192437822,0.07259153435052199
456,0.08766233388661604,0.9961650299609117
457,1.8183528488148086,0.19143565320994377
458,-1.9843671807880239,0.13961640878879558
459,2.0566699300048317,0.12063985212313164
460,-1.3960804721707145,0.3773733201441847
461,1.2857845770281902,0.43752519369154436
462,-1.5273891284328458,0.31146796883330025
463,1.7261684108478779,0.22541126714220786
464,-1.2045258118411044,0.4841109244888207
465,1.388114331756615,0.3815815464205384
466,2.0651300193424813,0.11855467903274347
467,-2.2757406398506603,0.075057729870249
468,0.1596142083038825,0.9873424416006445
469,2.1823421724703573,0.09242953774339469
470,2.033704842826481,0.12644122619157727
471,-2.1704112081296083,0.09486101997296709
472,1.9644395629065974,0.14521913548957266
473,-0.10599514915274177,0.9943982627486007
474,-2.806927521166382,0.019459477460939616
475,-0.4320888336284896,0.9108742921761424
476,-2.9305709557619686,0.01364853535132058
477,-0.25583203674524846,0.9678046542681473
478,1.5166360473645497,0.31660749763662055
479,2.8094440855443077,0.01932244249793517
480,-0.9599060695608981,0.6308356996874206
481,-0.7608196707423365,0.7486952263423958
482,-2.212733502601476,0.08645815176218673
483,2.2941537452128244,0.07196533722377772
484,0.9578338847187959,0.6320903884528475
485,2.2164725867336355,0.08574518347761996
486,-0.4032778716078127,0.9219018440906984
487,-0.39399844582522814,0.925318397063001
488,-0.09296630346797397,0.9956879568800501
489,-1.2636990102191774,0.45001804626333153
490,1.16822962965536,0.5054125594601175
491,0.18118112161906907,0.9837206648500258
492,-1.8056295892391951,0.19590036187927148
493,2.9494627901151613,0.012911132243564973
494,-1.1242029154983062,0.5315722801938628
495,-2.298688443583104,0.07121980918772057
496,2.7771558613081204,0.02114615177961328
497,-1.1702464210302634,0.5042221455862483
498,-1.2156829120167483,0.4776187440754359
499,0.32047906673678117,0.9499428860822565
500,-2.4622565315891656,0.048250281661180845
501,2.9403774183670555,0.013261241366522437
502,1.8604090938962061,0.17718498160486598
503,1.8211646840006201,0.19045860528380099
504,-2.9877369666459717,0.01152443066947389
505,-0.38793264611323597,0.9275154110416948
506,-1.1507942293375013,0.515734242991278
507,-1.699438394363655,0.23597122057265799
508,-0.43434414266592825,0.9099847688542657
509,-2.197728877823311,0.08936679287028006
510,-0.6329890856812601,0.8184544033513956
511,-1.5308839927114613,0.309807884953131
512,2.334800988894063,0.06550375374688105
513,-2.216827756530046,0.08567770395941467
514,0.5121909986994413,0.8770688270608477
515,-1.0461221883528318,0.5785757397863435
516,2.3081182444956427,0.06968954898484553
517,-1.7662861964832324,0.21016056105675737
518,-1.0699573772377384,0.564167325789223
519,0.7448657902311981,0.7577418468931986
520,-0.44643414056987485,0.9051526088515313
521,0.029424071016691755,0.9995672057048844
522,0.25162085144460367,0.9688392956178816
523,-1.4001930193718055,0.37520968632623913
524,-1.6785039603949936,0.2444638649681319
525,-1.7199582542291803,0.22783622987453464
526,1.0302668136118038,0.5881784718312572
527,1.7138179359171177,0.2302508392883641
528,-1.9483063841270123,0.14987571676682482
529,2.676126282145466,0.027852684134487323
530,0.6688445850266462,0.7995737230939413
531,-2.957438185429706,0.01261056517630105
532,-1.627626545833165,0.26591353316075467
533,2.0905322044116046,0.11245946326085904
534,2.7241073433265495,0.024468213572781856
535,2.8833555235999544,0.01565649334635577
536,1.313154078860208,0.4222377151868034
537,-0.7431333202231354,0.7587191732173225
538,0.11521964845886146,0.9933841977278335
539,-2.3626381887101524,0.061358006847717285
540,-2.530711091796178,0.04067061997791681
541,1.2367244675602338,0.4654532093300375
542,-2.1283735182269417,0.10383139300528223
543,0.7243215357185186,0.76926417065952
544,2.4941769303075922,0.044580475723970565
545,2.7131355137956934,0.025209051609385687
546,1.2634251615799474,0.4501737905929412
547,0.4165868419695169,0.9168858481934375
548,-0.7885030825907586,0.7328101933149754
549,-0.8341741411679111,0.7061530721620084
550,2.288940316540824,0.07283025012845953
551,0.6743968771228586,0.7965976375253387
552,-0.9405602984553632,0.6425395950881754
553,0.19538371743358063,0.9810936123668522
554,-2.614639307165513,0.032772374698021425
555,2.0899962736057054,0.11258551510318295
556,0.20657056842683996,0.9788902960603346
557,-1.5377420296027913,0.3065650611622729
558,-1.4530580077324813,0.3479526794944683
559,-2.9920408110378887,0.011377084166975342
560,2.5906666916584076,0.03488225772666147
561,0.6391170789170215,0.8152704989289807
562,-0.530560664665789,0.8687087984735399
563,-2.2299271588665706,0.08321833632416402
564,-0.335766017941725,0.945189909351185
565,-2.0398999382492518,0.1248557910795332
566,-2.69999646062085,0.026121659479595563
567,-0.06793675320889081,0.9976949594770834
568,1.7221373513575937,0.22698336900712773
569,-0.26793346361234294,0.9647423863221767
570,-1.0845441326049103,0.5553715177775639
571,1.4876967015545555,0.3306745109855643
572,-0.7746548714538877,0.7407848216943155
573,-0.596296365073365,0.8371226554271715
574,2.272823514814082,0.075557345744936
575,0.7032226439235032,0.7809368084719379
576,-0.08696193898223292,0.996225950279243
577,-0.5921429149425421,0.8391912774355461
578,0.19653628159842818,0.9808720510451692
579,0.07102378434183354,0.9974809890750462
580,1.4053164225453108,0.3725227669364397
581,2.6268266074902105,0.0317421758825127
582,1.4323086956867614,0.35852599903019483
583,0.290383388001743,0.9587151695203421
584,0.7711858430178173,0.7427737404548729
585,0.9330243533337796,0.6470917268547692
586,-2.668588854547369,0.02841940088446446
587,-1.016952641431932,0.5962493437210405
588,-1.0735138912258932,0.5620210145625465
589,0.7144977940295352,0.7747200436910385
590,-1.08488015495221,0.5551691286763749
591,2.3436261174605555,0.06416536568148962
592,-2.257799695184714,0.0781730959811719
593,0.5530929989907083,0.8581675380476398
594,1.1139111975379086,0.5377297986360091
595,2.8341411656690685,0.018021711140279364
596,1.822358028243804,0.19004500022933277
597,-2.9615747955905256,0.012457123700363799
598,1.9515329772825414,0.14893571922640209
599,1.2768588152122957,0.44255779318584637
600,2.986883425769083,0.011553853057809857
601,1.4202113681110298,0.36476565778545317
602,-0.077043944859569,0.9970365150963008
603,-2.697583382290535,0.026292329082611608
604,2.0341558202282606,0.12632530031529474
605,-2.191717574513534,0.09055363397453546
606,-1.9426126513074182,0.15154510788863879
607,-2.9311034455355562,0.013627251502222616
608,-2.9001005267387887,0.014916436807587755
609,0.1871398591373774,0.9826417572687888
610,-2.848425437643714,0.017304931904732944
611,-2.340297186320795,0.0646675686718449
612,2.865779967312137,0.016467814975660387
613,0.6371578283173185,0.8162904456168983
614,-0.1903356320209637,0.9820492428579266
615,1.712577043214262,0.2307408488965
616,-0.38331765479952384,0.9291675397505156
617,0.062399315004427525,0.9980550566019301
618,0.04985629969315841,0.9987579466779797
619,2.278533407997431,0.07458191363930412
620,-2.1382464542222115,0.10166736222621303
621,-1.0228606571769512,0.5926673716892262
622,1.4832733816456205,0.332854453092207
623,-2.2880276595401217,0.07298252241947549
624,-1.2295789584361072,0.4695726714623507
625,1.8124211175347877,0.19350824576589157
626,-1.4046086704896974,0.3728933748153846
627,2.7455834470417857,0.023072491105313366
628,2.433126379868275,0.051816223166607445
629,1.9832804963956772,0.13991771716506315
630,0.9598539203721819,0.630867278197056
631,2.30470892338718,0.0702396992951281
632,2.2616588378306446,0.07749434218372502
633,0.10383364835552511,0.9946237905556617
634,2.352964577933422,0.06277357009179153
635,-1.1659105160150922,0.5067823458574594
636,2.4235111485759413,0.053040307074302954
637,1.7990658675704578,0.19823164697135875
638,2.4727801329260153,0.04701348549993516
639,-0.11220018128844877,0.993725328150078
640,0.7118972174423215,0.7761582694633071
641,0.329056770813394,0.9473002528264265
642,-0.5953018371308048,0.8376188301131143
643,-1.5146792532522733,0.31754789548141354
644,-1.7392470233853532,0.22036057342158558
645,-2.970666782163785,0.012125670250123666
646,-1.673166442645094,0.24666035431438882
647,-0.4839854658006937,0.8894775905066785
648,-2.924063497277169,0.013911023883125147
649,2.7335121311413317,0.02384825367390726
650,0.9824032919787813,0.6172024962382042
651,-1.518323162766203,0.3157979674749222
652,0.5384138935163434,0.865070077945658
653,0.8830861353546187,0.6771106612013459
654,2.296355507034349,0.07160257031945247
655,-2.5298274799519365,0.040761652096101324
656,1.5495855443335191,0.3010112379332774
657,2.5322908949169065,0.04050829187223257
658,0.11424442281758562,0.9934953533297046
659,-0.42495071594772504,0.913664762455036
660,2.858435121639997,0.01681766137733321
661,1.9603780197636969,0.14638121622124914
662,2.1568558167246747,0.09768439004396821
663,0.17638755691712493,0.9845640888866233
664,-1.740645616273937,0.21982498307132892
665,2.569348725604055,0.03685454106446976
666,-0.07288252386581817,0.9973475927221868
667,-1.302016879299069,0.42843168710039986
668,1.881652974389981,0.17028037121197176
669,-0.40588919115764366,0.9209283719897736
670,-2.8871224787886143,0.015487251090983015
671,1.9913542446971233,0.1376906380003793
672,-2.3969974875240823,0.056540477715167466
673,-0.39242823927847903,0.9258898892610296
674,-1.8359253492532381,0.185386778083709
675,-0.8367372198652125,0.7046425771085383
676,-0.07456854180319716,0.9972236275571824
677,0.8660607135185661,0.6872682619778963
678,1.3959396719966133,0.37744750335371874
679,1.0593943025567985,0.5705479043489058
680,-1.1333591991659584,0.5261065410831692
681,-1.088714756141111,0.5528603117847225
682,-0.652696065519712,0.8081512260888247
683,-1.5803655933221437,0.2868552045549473
684,-1.0450799803658197,0.5792065769865108
685,0.6181534397780828,0.8260856341293826
686,-0.2937508264397639,0.9577727194253345
687,-1.0123185480365404,0.5990594594017594
688,-0.5829652010278452,0.8437287580095312
689,1.848512158654394,0.1811375484114543
690,-1.4749466877637492,0.3369792693268124
691,-2.375559194993876,0.05950822477565857
692,0.32483605028148554,0.9486083816365155
693,-2.3617976911562417,0.06147995040633357
694,-1.227924739110321,0.47052810733192113
695,-1.8695531061750288,0.1741889919807881
696,-2.5070013170887844,0.043173525728745964
697,-2.5325967640014806,0.04047692644954528
698,2.989168198968529,0.011475243986030705
699,0.11965649436046588,0.9928667251238393
700,-1.4758870192748859,0.3365120748681141
701,0.8727041699962994,0.6833102448148412
702,-2.6924878190358212,0.02665588498412815
703,-1.679551025326265,0.24403446263933823
704,-1.4844928665385888,0.3322526732898703
705,-1.8513494945156186,0.18018927092062442
706,0.9244718101435456,0.6522521466171527
707,-1.6420306601361176,0.2597248845813561
708,-2.2399668494564953,0.08137186184351361
709,-2.857130053625639,0.01688050164980748
710,-1.0753569402809398,0.5609091808653882
711,-0.6764723301392266,0.7954817231856286
712,0.8863018868209411,0.6751870487141118
713,-2.6280233778104467,0.03164252177443175
714,0.187326219654099,0.9826074706994911
715,-0.3059950746735143,0.9542624955032574
716,1.343223912595045,0.4057065192806365
717,-1.9805623665059346,0.14067350461201894
718,2.1041080948838484,0.109302562713013
719,0.32896061934957377,0.947330220829093
720,-0.7674466930756259,0.7449134712238095
721,2.890453299403384,0.015338946868867064
722,0.5228325241093703,0.8722519841808266
723,-1.9128736564494329,0.16048692357741118
724,1.1239564563539135,0.5317195672295011
725,0.20837691440612804,0.9785235067069236
726,1.2696766212293786,0.44662348209853897
727,1.8624156663607447,0.17652441966208743
728,-0.029713802007353962,0.9995586424120619
729,2.3121591150386243,0.06904202604849266
730,0.9400840163244588,0.6428274264469988
731,-0.7754641241671627,0.7403203330613628
732,1.0477932456968961,0.5775643912140948
733,0.48230996695155826,0.8901979260945528
734,-1.0634292071473934,0.5681096464835199
735,-1.254006067668205,0.45554279778771434
736,-2.132669558746336,0.10288538025966022
737,-0.863914086933717,0.6885455705774288
738,1.431372422103939,0.35900695932338295
739,-2.597332174071611,0.03428431866137753
740,1.5634911052798568,0.29456599239894016
741,-1.7211731403177146,0.22736048317638508
742,2.1158564900469603,0.10662637866305884
743,-0.7655787462609749,0.7459808059766025
744,-1.4077168338883834,0.3712671694691142
745,0.5502610593649422,0.8595093148237243
746,0.4577528448352055,0.9005326715330049
747,0.3534858349351526,0.939435498379093
748,2.915751887054965,0.014252762471129804
749,1.318604505677878,0.41922021631452483
750,1.4395365895758747,0.35482420960440014
751,-1.2205161889830562,0.474815066811897
752,2.081032954884008,0.11470988472021632
753,-1.5520753526943891,0.2998511931495754
754,1.4737689550929023,0.33756490822375845
755,-1.752320877211206,0.21538799951817855
756,0.5657370346621304,0.8521189099738924
757,0.9857504824634598,0.6151728419508772
758,2.472524702732871,0.04704318813017846
759,0.8849383707880807,0.6760028682015106
760,0.8326934836644648,0.7070250241542243
761,1.74955341614662,0.2164342272396164
762,0.23465364023008295,0.972844362961665
763,0.018237948314517638,0.9998337024496093
764,-1.2147938485054024,0.47813505374433257
765,0.7983849822043201,0.7270868900845116
766,0.7265895127053232,0.767999528331244
767,-1.317657161102273,0.41974403368334556
768,-1.4385667129955926,0.3553197843958566
769,-2.7839543846234704,0.020750166508489185
770,0.28149039502068307,0.9611561259463565
771,-0.16600585726507333,0.9863155232010137
772,2.140217448241332,0.10123959305923667
773,-0.24648705775288882,0.9700788376885556
774,-2.8356853925519663,0.017942989045538225
775,1.6447457448330098,0.25856858978415803
776,-1.7502101718571403,0.21618563419073134
777,1.865186898439691,0.1756150170278918
778,0.09134774261271383,0.9958364865153773
779,0.06990494813977355,0.9975596316649318
780,-2.867849449627311,0.016370403602991523
781,0.7416909785580295,0.7595320539377642
782,-1.3333903143832624,0.4110810568797007
783,-2.768403872674047,0.021665589787215205
784,2.545251643743968,0.03919708234263144
785,0.013676078177682793,0.9999064868154693
786,-0.35830979012358233,0.9378240262537197
787,2.7135693620591574,0.0251793933962508
788,2.7841334946148226,0.02073982201553176
789,1.1347768140070684,0.5252614140444597
790,0.21996957645050053,0.976097004860595
791,-1.924819116125222,0.15685016146851716
792,-0.4086914325014943,0.9198778923080049
793,-1.0941830615735326,0.5495704608692902
794,-2.1144488338166587,0.10694432196554506
795,-1.9684641504386595,0.1440743842072335
796,0.20876057851616903,0.9784452080535634
797,1.0345814653224243,0.5855642280422141
798,-1.880852065634186,0.17053712800575507
799,-2.67321829438933,0.02807016459957865
800,-0.2750352523939599,0.9628841312558555
801,-2.4156552621628267,0.05405813849359329
802,-1.068605783837825,0.5649832690213032
803,2.4174323666464,0.05382648624055828
804,-1.500737473969321,0.32429344362214
805,-1.4492880423216028,0.34986150080179823
806,-0.25263135523321,0.9685924916254749
807,1.7073554397325106,0.23281030496473537
808,-1.1206313158616497,0.5337075372834188
809,-2.5665040462943454,0.03712474651272603
810,-2.9081774844444883,0.014570619504219503
811,-1.8658308751164685,0.17540416961891392
812,-0.762589237652679,0.7476867495906713
813,-0.002598666141639505,0.9999966234728427
814,1.3161445771201077,0.42058096482014157
815,0.25850564572313184,0.9671394505774731
816,-2.318244478593768,0.06807612387014443
817,2.9142437687490217,0.014315557846175013
818,1.9821894437115901,0.14022072435349964
819,-1.514531046233545,0.317619185082458
820,1.0565548623498895,0.5722644389491571
821,0.45498132284199055,0.9016724141807486
822,0.8480058117181586,0.6979855151606791
823,1.7817840277043775,0.20446117788969403
824,-1.8946159795215765,0.1661631976944013
825,2.8110881179237905,0.019233375469189795
826,1.5571194347861992,0.29750909974251266
827,2.2253287685904883,0.08407516455154707
828,2.084042795637833,0.11399311957378479
829,2.736783962897441,0.02363578906647947
830,-2.597766339827677,0.03424567573453484
831,-0.6559055095556521,0.8064559362085365
832,1.412560877658894,0.3687397690927464
833,-1.292931640931609,0.43351186449401913
834,1.3901990228013563,0.3804780991193621
835,2.876984701681498,0.015946427008456967
836,-0.9248477016840484,0.6520254815709532
837,-2.8043545586796865,0.019600459965494227
838,1.1476375097190834,0.5176085968578752
839,-1.4235923720515988,0.363016271416971
840,2.3178395768175477,0.06814004870774605
841,-2.722960364061594,0.02454476778936803
842,0.017314573108611064,0.9998501140130603
843,1.7387340168644192,0.22055724777373711
844,-1.344816754568449,0.4048389069243378
845,-2.8814051461395778,0.015744757785968354
846,-1.7995919586163127,0.19804408753444386
847,-1.7330678556325652,0.2227373295647103
848,0.2661559468233472,0.9652004355143067
849,-2.6080928054801533,0.033337444942341976
850,-1.6675303899268106,0.24899342196821211
851,2.2715693786607343,0.07577296433225059
852,1.604159153869828,0.2761908144408468
853,-2.6036931644692123,0.03372185797249171
854,-1.013803790995689,0.5981587671766793
855,-1.8777159218891601,0.17154519118117148
856,2.847582307863556,0.017346535074956513
857,-1.9860644269895178,0.13914677689664415
858,-1.300394436769513,0.4293371180931064
859,1.1534452093611778,0.514161466602349
860,1.114631838771297,0.537298180300168
861,-1.458626199873005,0.3451434347415558
862,-0.6622063720512483,0.8031139742182474
863,-0.9733977296669662,0.6226619212182076
864,0.31691683625412637,0.9510219454208703
865,-2.991383644024201,0.011399474138267751
866,-0.40116745787934693,0.9226847384531689
867,-1.7510975421306676,0.21585005524737966
868,0.8781005966967612,0.6800898691976786
869,-1.2251341965257447,0.47214133495828464
870,-2.704547091695018,0.025802407289879724
871,0.3746531502409489,0.9322236814908169
872,0.926383689835812,0.6510991329583229
873,0.690433557366986,0.7879274604963978
874,-0.4792126740583935,0.8915244703970784
875,-1.2177996497009953,0.4763902091730963
876,0.3009821442592875,0.9557153841495692
877,2.3314399788943376,0.0660194299173632
878,-1.7468419320436035,0.21746260641281126
879,-1.2722352753098942,0.4451734498247034
880,1.8803218691592587,0.17070725206401652
881,-2.3110824206830958,0.06921407939451871
882,2.4969773639174244,0.044270002402979305
883,-1.8448590090264132,0.18236367314012447
884,1.0044709581385085,0.6038189045720525
885,2.4489915005671055,0.0498478613636956
886,2.2601769878941695,0.07775441007549262
887,1.8257939991988632,0.18885762328587394
888,2.122605117654069,0.10511227201938088
889,-2.2359306155207976,0.08211021418830618
890,-1.0715851966946317,0.5631848260480475
891,-0.15610953727945365,0.9878888438237845
892,0.3689527077057546,0.9342015700668151
893,2.01942397582787,0.13015404128106609
894,-2.737560440508357,0.023585608017999325
895,2.0811708649622904,0.11467696714206979
896,2.7636371633377035,0.021953138068333218
897,-2.202904239277716,0.08835490678625325
898,-0.3678234502538116,0.934590283423199
899,1.7984749979297474,0.19844244726846993
900,-2.3867843914500613,0.057938691787863296
901,1.5333149131377706,0.3086561788388134
902,2.3635528486019943,0.06122552911342645
903,-2.4849304792929514,0.04561860033903058
904,-1.1485125899077004,0.5170888385126764
905,1.637573048256586,0.2616303251767147
906,1.3681439258894947,0.39222920596456246
907,1.4442244689220018,0.352433911886693
908,1.4798533809688186,0.33454528929178645
909,1.5780472060728847,0.28790736718658766
910,2.2075240497194413,0.08745934562257383
911,0.6556480089009371,0.8065921282313844
912,-2.4452351883472545,0.050308181392432066
913,1.14455649886224,0.5194395747024466
914,-2.1406179349347747,0.10115284677391556
915,2.0247781853041076,0.12875249643476383
916,-0.9112469348181671,0.6602178067949203
917,1.247292830591486,0.45938359332946405
918,-1.9573826227496383,0.14724265101383513
919,2.538300089887688,0.039895821967545014
920,-2.7487431066129293,0.022873086237339354
921,-2.7504447955121574,0.022766314116032776
922,-2.7954148801809637,0.020097252271573825
923,2.0389137992277284,0.12510714606229145
924,0.3034331203472167,0.9550077443552017
925,-2.543373815642153,0.03938480554806196
926,-0.6654728177755258,0.8013743918172431
927,-2.8707577710544285,0.016234363330863467
928,-1.2692330767690658,0.44687502857834105
929,1.656645277578023,0.25353921139314206
930,0.7235174386021068,0.7697120908975413
931,2.7496494820062276,0.022816161944018164
932,-1.3074497854734504,0.42540549001330863
933,-2.211090360442058,0.08677295440886512
934,-0.8624168704105108,0.6894359846650645
935,-0.17530559026864134,0.9847514299972853
936,-0.6459934275876305,0.8116762264439635
937,-1.6057528586165948,0.275485269108956
938,1.4470918655832294,0.35097600007153645
939,0.7954525715985072,0.7287880012850124
940,2.0325436286632064,0.12674009301161385
941,1.5106968125234417,0.3194666381078873
942,-0.2367808893366261,0.9723566725353028
943,-2.5004550510003933,0.04388697363627022
944,2.4417327521444374,0.05074057378961219
945,-2.4491527566608102,0.04982817894406337
946,-1.8323894096392124,0.18659300567078715
947,-1.2780444801961914,0.4418879893943434
948,0.11708488252550531,0.993169003198487
949,1.7735774430820959,0.20746586200487094
950,-0.16609545804445736,0.9863008486431548
951,-0.04376987809473132,0.9990425575266026
952,-2.8167168289258444,0.018931144667039428
953,-1.7271810371618033,0.2250174852520863
954,2.3935516681445543,0.057009076097717305
955,0.13073109838017682,0.9914910973420775
956,-1.4141579450644834,0.3679083772066686
957,-1.5266233972105128,0.31183237397357777
958,1.2605925913899547,0.4517859195175781
959,-1.1610519864229898,0.5096552014019776
960,0.46579121872865326,0.8971961838699469
961,-2.6005387020666375,0.03399979545296913
962,-2.7081228843893883,0.025553914147296887
963,-0.8797591794162365,0.6790991714841265
964,-0.7085690862891969,0.7779950828854615
965,-1.6285244333373918,0.26552509712537126
966,1.8933736926795497,0.16655462087342737
967,2.628971403333309,0.03156377048482436
968,-0.30155845939700043,0.9555494609077003
969,-2.0219440388725713,0.12949294887506116
970,-0.46149933941417176,0.8989833006643226
971,0.31179462459863494,0.952554511245943
972,2.1262928787763133,0.10429199150764701
973,-1.238877177562006,0.4642146014548671
974,2.5819598945118747,0.035676664890684995
975,-1.4873831087197769,0.33082880062894265
976,-0.6333836560076236,0.8182499490656209
977,-0.6583728717839294,0.8051494077058093
978,-0.39608504248436294,0.924555978057207
979,-0.6700981013164817,0.7989030077045126
980,-1.1431534020852951,0.5202739129869726
981,-2.971723325913554,0.0120876650597273
982,-2.2710054958286126,0.07587007196957811
983,-0.19061406525776947,0.981997161720295
984,-0.6995218436721835,0.7829664711733748
985,-0.5152506436399449,0.8756913302348509
986,1.1306364325710945,0.5277305902001934
987,-0.8353690921728347,0.7054490277806166
988,-2.586038221138761,0.035302664348544927
989,1.9552720727044868,0.1478518619658151
990,1.9297798305189984,0.1553576971624193
991,1.5173076398991343,0.31628510629682594
992,1.9312885310541432,0.15490586097987707
993,2.1463608115112773,0.09991530852332982
994,0.3687602380515438,0.9342678948263613
995,1.6194538889654684,0.2694653551427413
996,-2.078789831086309,0.11524631392501301
997,1.8479210282010294,0.18133555605126517
998,-2.5730218692674014,0.03650811297284278
999,2.2760223931682777,0.07500961549213937
