,data,labels
0,0.27053930849188035,0.964065771772124
1,-1.7308439221305918,0.22359691351688654
2,-2.3463439709547487,0.06375771931258419
3,0.8003109112422351,0.7259684101263466
4,-0.3024471245127618,0.9552930455780699
5,-2.418024099855681,0.05374953443203614
6,-1.6486268777428084,0.2569213451299025
7,2.9920548010005446,0.011376607947705283
8,1.0741408901744958,0.5616427395536424
9,1.0891199334373267,0.5526164410823788
10,1.1024540760257926,0.5446006556277438
11,-2.2406799622948266,0.08124196567068302
12,-1.4728257423423814,0.3380343255907723
13,-2.418046404449318,0.05374663562078135
14,2.7039320846786348,0.025845355656961666
15,-0.16559759877867286,0.9863822891214826
16,-0.2618405052707571,0.9663006849877511
17,0.35711505178283076,0.9382249123392592
18,-0.1096923079291452,0.9940018598911949
19,-0.5640588493358614,0.8529271046545073
20,0.7910873333700721,0.7313160318776215
21,0.7667774140703125,0.7452960169264442
22,2.192289137965357,0.09044025317374234
23,0.48794716128945836,0.8877667706913469
24,-1.0311617576502434,0.5876361675770513
25,0.6563048973146048,0.8062446398683417
26,0.9683363975298733,0.6257291373920533
27,2.291445832029548,0.0724135385472763
28,2.528719406380997,0.0408760517951669
29,-1.286661870559761,0.437031770753476
30,2.4053215826266214,0.05542159510047848
31,-0.5907239637438395,0.8398958350973573
32,-2.6061588358478414,0.03350596022427731
33,0.09251099611576397,0.995730000282512
34,1.2177932304007166,0.4763939333209633
35,-2.887308313074406,0.015478943734186639
36,2.535982906900352,0.04013106115789268
37,-2.745500433787085,0.023077750303093978
38,-1.3158233404472939,0.42075879977460817
39,-2.373528560830395,0.05979585621208422
40,1.5184330762661684,0.31574526826972543
41,2.035338171261155,0.12602175405583899
42,-2.8681326120697945,0.016357114474809413
43,1.7310227728072718,0.22352770341086436
44,-1.647550387220142,0.2573775671790382
45,0.7754977328414117,0.7403010384284217
46,-2.293154535547191,0.07213045950679926
47,2.4431683698524367,0.050562967323017946
48,2.2166090806083645,0.08571924568952304
49,-1.3964902592379618,0.37715745655898586
50,2.6920934292442453,0.026684203552861895
51,-1.670285482110097,0.2478511794321453
52,1.458187015025839,0.3453645734048001
53,0.7548746366202224,0.752076028430623
54,2.8376407914752155,0.01784373824817809
55,-0.32777786550650845,0.9476982163809852
56,-1.1449982343894853,0.5191769663144377
57,-2.7073486760045173,0.025607540329843744
58,-1.0482001472456155,0.5773181520824099
59,-1.2086819930580073,0.4816892510685469
60,-0.1677495172128829,0.9860285688931643
61,-1.3708529718323414,0.39077671824529037
62,-2.797136920565471,0.020000710597281472
63,0.45228668934059746,0.9027752720701461
64,-1.583164797392733,0.2855879081418839
65,-1.8079206317438228,0.19509112822638314
66,1.2981564366646028,0.43058735218272004
67,1.0577743424782007,0.5715271560075493
68,-1.3680462899396952,0.3922816015841002
69,2.3003525795763444,0.07094779208414173
70,0.262065403263013,0.9662437592885265
71,-2.64911059261584,0.029930014700506415
72,-1.8446807049892942,0.18242366787376607
73,0.5354230727540026,0.8664603467547094
74,0.228712269296115,0.9741844193021031
75,0.8800648384202816,0.6789165502648101
76,-2.499117448362184,0.04403396502984033
77,-0.3247246168785005,0.948642713702092
78,0.4663763150131519,0.8969515483472942
79,2.2085668907619525,0.08725818988003242
80,-0.02645556309037378,0.9996501128155881
81,-0.11145817226317511,0.9938077891683806
82,-2.8599664142882824,0.01674419001885442
83,1.5493808124629682,0.3011067424512916
84,0.5281159410899106,0.8698337099278765
85,-1.0457390409630445,0.5788076479245734
86,1.2340274802973346,0.467006589532654
87,-1.8544331557138334,0.17916266110790502
88,-2.0770884732261967,0.11565446735667002
89,2.759471249967353,0.022207154001455964
90,-0.38976120319136154,0.9268561552780482
91,-2.959289755827288,0.012541678143664487
92,-1.2033560837985313,0.4847931701951935
93,0.6955899964370102,0.7851168478036414
94,-2.1311387870335774,0.10322169090836586
95,-2.027727247182913,0.12798542426400492
96,-2.733010197673783,0.0238809939101826
97,-0.9280364657123759,0.6501021069292476
98,-1.8511074929098579,0.1802700138473831
99,-1.7303721731185355,0.22377953539987708
100,-1.803373575981374,0.19669949375645776
101,-2.9619388787074232,0.012443698104101815
102,-0.4655284080283142,0.8973059898002739
103,2.176575604510676,0.09359852248166241
104,-0.3562565837898406,0.9385122439467988
105,-0.6382774775486233,0.8157078058806898
106,-2.8839199880298025,0.01563102983007091
107,2.4102585710725437,0.05476668599342662
108,-2.0566911520524105,0.12063458667375952
109,-0.6466017988426147,0.8113571471027489
110,-1.401532147923548,0.37450647710588925
111,2.61613217697089,0.03264466671754618
112,2.6271528403597015,0.03171498416125553
113,-2.913425378281827,0.01434973624035777
114,-0.02840809254057941,0.999596571538258
115,-1.4903640912676428,0.32936373471671065
116,1.9269036050461938,0.1562217586143655
117,-2.8122110710004495,0.01917274472695402
118,-0.7379688390726975,0.7616264978835159
119,0.2420704074543938,0.971126014465852
120,0.7955046442889584,0.7287578135352611
121,-1.485910469606574,0.331553875618039
122,0.7429177121860402,0.7588407314901824
123,-1.1035615329848985,0.5439358137367564
124,1.2712180086924603,0.4457497367521074
125,1.0210121932746716,0.5937879859114422
126,-2.46089266295125,0.048412542838188424
127,2.0535288350320293,0.12142113299058639
128,0.12558201859677443,0.9921455866820067
129,-1.5740414977953179,0.28973072599919275
130,-0.44161638182468455,0.9070909898324915
131,-0.3915828334642182,0.9261967835015156
132,-2.338641549697897,0.06491853200329843
133,2.332968275067002,0.06578453581805846
134,-0.7983803031877508,0.7270896062285366
135,0.812298822278481,0.7189850686270999
136,0.6356978924872263,0.8170492493176768
137,0.1449872827262233,0.9895443878513492
138,2.215797823102162,0.08587349994924418
139,-1.8168773943129854,0.1919497359830452
140,-1.7296884924161908,0.22404437582219194
141,-1.0547287076468548,0.5733686944564077
142,-0.4388492269678883,0.908196674462073
143,-1.9340801835172534,0.15407233514134716
144,1.0609106711753276,0.5696314386736665
145,-0.480326867468408,0.8910480277138172
146,2.244998845506407,0.08045880954661946
147,2.6718953945812576,0.02816958301107204
148,0.026328413162502784,0.9996534673864731
149,2.3591228818842804,0.06186934934906622
150,2.150431281746134,0.09904536031758329
151,2.05317845751334,0.12150852072964037
152,1.2009065385069864,0.4862228324811487
153,-2.0573258245873722,0.1204771977489324
154,-1.6495538073662088,0.2565289175606054
155,-0.6277980288259255,0.8211371077996215
156,0.8750746929631417,0.681896181591123
157,-1.125599827498235,0.5307376297239592
158,2.5624098475361796,0.037516587391119155
159,-1.0730241714877697,0.56231649103067
160,0.8902233448848591,0.6728392714287627
161,0.5247710755829944,0.8713667344297908
162,-1.2810231250117916,0.4402070373057537
163,-0.25851972195787365,0.9671359312744225
164,-0.25657920617001384,0.967619406115899
165,-2.4112434590729745,0.05463680661800518
166,-0.753684063884708,0.7527517144227539
167,1.219923831536983,0.47515839024848566
168,1.8723835122459018,0.173268994862646
169,0.5262895613843392,0.8706716521555946
170,1.1656225544187073,0.5069524992183327
171,0.7422295711154638,0.7592285947187775
172,-1.3241536820568252,0.4161574990646438
173,-1.1550704889617975,0.5131978081302687
174,2.693801498247282,0.02656174500667279
175,1.1893848166713203,0.49296449732892644
176,1.6761085222301801,0.2454480681520821
177,2.6479652630498096,0.030020943712073287
178,1.7270536135018304,0.2250670115621596
179,2.067760538258657,0.1179119851027412
180,0.4758546822189782,0.8929552250405669
181,0.8568649247521734,0.6927343063447813
182,0.8091516903105518,0.72082187208651
183,-2.9115864698135923,0.014426797192685853
184,-2.2423325680892536,0.0809415756401225
185,2.7747559487642244,0.02128749883753446
186,-0.9390650208901445,0.6434431783805055
187,-2.0184148650983245,0.13041947612897067
188,2.124352897572365,0.10472288409851399
189,2.9503123226172185,0.012878817126943703
190,0.755710081933735,0.751601614043703
191,0.46948487775837666,0.8956477985837885
192,2.0308413657247844,0.12717917928129188
193,2.558608335537407,0.03788354964819884
194,-2.3529686887278496,0.06277296291347152
195,-2.044348131139716,0.12372676649592226
196,1.8522180058038522,0.17989970631594537
197,-2.310253121180317,0.06934683703663469
198,-2.5640113204624493,0.03736290073895893
199,-0.5056423887936727,0.8799967077830695
200,-1.9553370142888977,0.14783308884329507
201,0.7520808555828582,0.753660854943193
202,-2.8204086480941153,0.018735175652960123
203,-1.2059257701469288,0.4832947893672555
204,-1.1451960742785092,0.5190593622263582
205,-1.4044913292514267,0.37295483704732163
206,-1.0642979617636537,0.5675848214375756
207,-2.370702116032132,0.060198113673856406
208,1.2561018264623147,0.45434616240336284
209,2.040254410595053,0.1247655341352761
210,-1.0822255047927618,0.5567683459010563
211,1.4445788712691074,0.35225354736726183
212,0.9880659331260535,0.6137686925142675
213,-2.958638720747922,0.012565861586862057
214,-2.9163993802356094,0.014225876663269755
215,-2.927786984429291,0.013760290798383746
216,0.28485645394435055,0.9602404091469943
217,-0.9578621679172423,0.6320732647204121
218,1.3023568725864312,0.4282420474676364
219,-0.8821376021768659,0.6776777665545033
220,1.9032611104412034,0.16345763632586158
221,-0.1641265850424558,0.9866215300407688
222,0.6932814984692381,0.7863764807707361
223,-2.653749401027743,0.02956414581982123
224,-2.01444178519179,0.13146851930252101
225,-1.6637247898583514,0.2505767324506179
226,-2.234685709288174,0.08233902452313824
227,-2.5903813393464823,0.03490805264353203
228,-2.0133917527777765,0.13174682703495968
229,-1.7091130174452007,0.23211237416142685
230,2.4495604929540455,0.04977844080142299
231,-2.761103991242635,0.02210729520339973
232,-2.371221677071686,0.06012400371589344
233,1.8071957394877876,0.19534692073582566
234,-2.2420120418934717,0.08099976723160898
235,1.277356557465649,0.44227656166570384
236,1.5969130263932847,0.2794126362141583
237,0.7797749891545376,0.7378427766441178
238,-0.007945344009390176,0.9999684362524318
239,1.4796359042209106,0.334652966653832
240,-1.178044829682541,0.49962632479729696
241,-2.503959369196325,0.04350383163110119
242,0.3557515874107793,0.9386809855723689
243,1.567703621204254,0.29262969116826226
244,-1.506447802707543,0.3215209766827872
245,1.962453104402356,0.14578664036300482
246,2.7116251494073325,0.02531253692251537
247,-1.3064817046051003,0.4259440743352941
248,2.4445768818154896,0.05038921748647604
249,2.966366483407251,0.012281452801607525
250,-1.2651993789407292,0.44916510834450163
251,-1.9805096789590466,0.14068818459969593
252,-1.1521767099987854,0.5149138954839417
253,0.7611273208420757,0.7485199671447866
254,-1.8840349725662966,0.16951838551542278
255,2.534887897516385,0.04024263285666272
256,1.0287946953663516,0.5890705857033417
257,0.516800874359689,0.8749910932060038
258,-2.602776853804863,0.033802393163317734
259,-2.266748452750323,0.07660642917087576
260,1.8577990137528317,0.17804684525042203
261,2.7576397433568367,0.022319635392351378
262,2.0008094663448546,0.13511631751334735
263,0.45755698513849374,0.9006133954350309
264,-0.21036791510024777,0.9781156837967586
265,-0.6986316399937236,0.7834538790519685
266,-1.1787691150048594,0.49920007422218443
267,-0.6823736058689542,0.7922986546897194
268,-2.7416294709347797,0.0233241475871159
269,-0.8679957052088385,0.686116203921251
270,1.691408405365852,0.23920575522949558
271,0.12084607594392605,0.9927247069734331
272,-1.7117855888144444,0.23105374087521896
273,1.3399533828015766,0.4074905511057138
274,2.1069002402643324,0.10866187186345656
275,-2.6019477244250697,0.03387540716171788
276,2.5824455603839365,0.03563195126592507
277,1.5662674271526438,0.29328899451086204
278,-0.9747834549786969,0.6218220054607062
279,0.3829738745535618,0.9292899358503209
280,0.9674801804222373,0.6262479188670808
281,-0.15452078433551542,0.9881326428034832
282,2.514808292360984,0.04233545460515863
283,2.317719774624277,0.06815897212897266
284,0.112184045761905,0.9937271270716265
285,1.5755537013562781,0.289041577935527
286,2.3821001898199414,0.05858944856847531
287,1.4016133940752535,0.37446383358478663
288,2.245017647237712,0.08045541344857844
289,0.28150617216163987,0.9611518572326297
290,-2.606531328908193,0.03347344690030257
291,2.1428828557252277,0.10066335313641393
292,2.3887343342459717,0.05766955660891082
293,-1.4070513007395833,0.3716150837678765
294,0.8348610797354015,0.7057483772144717
295,2.986658572813986,0.01156161505008345
296,0.09453633359854763,0.9955414099706854
297,-2.9868855574434474,0.011553779493909464
298,0.604583616357238,0.8329674821735523
299,-2.782405920607122,0.020839785527956414
300,-1.9422974721289294,0.15163791545181843
301,1.180255696202245,0.4983255233234418
302,0.089678761422741,0.9959869338329967
303,1.41323355469219,0.3683894766374266
304,-2.553113899131894,0.03841930194074049
305,-2.8069657263718515,0.019457390739003783
306,-0.5506683606929368,0.8593166301326696
307,1.2987290160267184,0.43026734603141065
308,1.552419919729247,0.2996908596110963
309,-1.9614733615304403,0.1460671437930613
310,1.2885651794200115,0.4359620368770872
311,1.7303158265312604,0.2238013547398093
312,-2.918915862880527,0.014121809447493566
313,2.486667798938514,0.045422015383065804
314,0.5189537504235742,0.8740160868061055
315,-1.5983478282027814,0.2787728769051983
316,-0.35731326585634715,0.9381584837947515
317,1.9155021503222533,0.15968147265150212
318,0.06131326636066792,0.9981221071354635
319,-2.528687512796619,0.040879348557858984
320,1.834960526347185,0.1857153661960215
321,2.9087105470738486,0.014548046968702199
322,-1.7591345982002582,0.21282665576779236
323,0.033879652765107515,0.9994262492222201
324,2.194225865975535,0.0900569009672004
325,-2.1521623528958247,0.09867719661107772
326,-1.009358216103498,0.6008547800313242
327,0.5061262291532067,0.8797813397710653
328,-2.208801246302972,0.08721303521446377
329,-0.04561603442453066,0.9989601297418738
330,-2.750902431095623,0.0227376737705069
331,-2.0508955029906506,0.12207908798674197
332,-1.3505229040066171,0.4017376332170278
333,0.10014388253889184,0.994998152504185
334,-0.9939509059425253,0.6101995759035713
335,-0.1845961021226339,0.983106463067936
336,0.7288659540957374,0.7667282909065417
337,-1.863571257042362,0.17614479645748177
338,-0.5972120970308112,0.8366653205584708
339,2.1822655833119917,0.09244498778300644
340,2.5313395123977767,0.040605982804539434
341,0.035105993978699956,0.9993839744151051
342,-2.428452208463022,0.052408312518121364
343,1.37840479981819,0.3867410636442776
344,0.8572242453057619,0.6925210090724895
345,-1.8540427527197,0.1792924039218379
346,2.3126380849380475,0.06896559954995042
347,-0.8272436612326488,0.7102302700425831
348,-2.5718559364901967,0.036617775794596845
349,-2.5359573292752193,0.04013366430720148
350,-2.3974944877023607,0.056473153712571944
351,1.3798973179389318,0.3859458115230255
352,-1.5558368496401904,0.29810361506540334
353,-0.9171978709138555,0.6566356587541567
354,1.511934144442753,0.31886979407465504
355,-0.672079399217075,0.7978414707895024
356,1.868286071192224,0.17460195791796873
357,-2.7801496507332555,0.020970972901229096
358,1.225169182798287,0.47212109776618216
359,0.11796070487559618,0.9930667824782323
360,2.5082881838006177,0.043034429117993336
361,1.393364597104637,0.3788054803051309
362,-0.9288517661619284,0.6496101912539297
363,0.09141060884630736,0.9958307657851907
364,-2.933448819435463,0.013533854551539257
365,2.035209445125682,0.12605477519013752
366,-0.6411647852327857,0.8142025256539103
367,-1.1992320313013292,0.4872008916435105
368,0.08581858854350344,0.9963243567058605
369,1.483900415775814,0.3325449560135955
370,0.16960595015725355,0.985719853327912
371,-1.20509869519729,0.48377689824191744
372,-1.9295809959876788,0.15541731734380995
373,1.6372021701584956,0.2617892539904151
374,-0.23038319852595102,0.9738108347071041
375,1.5660367776207877,0.29339495909178354
376,-2.460743299401881,0.04843034045399278
377,1.6053076466445173,0.27568225672980745
378,-1.400986843902608,0.3747927515219629
379,1.1609809384920826,0.5096972434811272
380,-1.2083900388506161,0.481859238930204
381,-0.3160052025580464,0.9512963515316258
382,-0.5209916660438543,0.8730904170133342
383,-0.7184903095046176,0.772507035795347
384,2.2583866966891977,0.07806954586489596
385,1.6873775712482306,0.24084022456175347
386,2.4499035935723397,0.04973661937202242
387,-0.22448527356145265,0.9751179713737501
388,1.022791868678091,0.5927090724520748
389,2.848564320816986,0.017298087289077314
390,-2.074541302121024,0.1162676047694958
391,1.7987461983345083,0.19834567383738697
392,-0.023607854433525866,0.9997213734281177
393,-1.4927040617270195,0.3282162109787977
394,-1.779622735804848,0.2052495873971838
395,2.0911763863501376,0.11230809463130055
396,-1.4609994524146253,0.3439497527111129
397,0.09769722938061243,0.9952389953699867
398,0.28937368919412165,0.9589958169468223
399,-1.9740923294479789,0.14248475569246588
400,-2.0616284012028356,0.1194143581998849
401,2.6514808674269412,0.029742585790819287
402,-0.25682145949475643,0.9675592351138355
403,2.262083595294383,0.07741992550516888
404,0.3334977300744715,0.9459076199935618
405,-1.8977273868264142,0.16518576046289637
406,1.094332948305886,0.5494803305954042
407,-1.57655631008883,0.28858520478132704
408,-1.4308086559225044,0.3592967231742522
409,-1.8872101413899252,0.16850648237145688
410,1.022484799501692,0.5928952246027099
411,-0.8259749022666467,0.7109755275108761
412,-1.334372415091636,0.4105428908745382
413,-1.506751770226844,0.32137376748270957
414,1.7141217986886854,0.23013095319421029
415,1.9715917924636557,0.14318939305341333
416,-1.646178705971291,0.25795963339867906
417,-1.952806765952417,0.14856582802846918
418,2.6444882554190885,0.0302984395884256
419,-0.9706326438404225,0.624337704032737
420,-1.2638803169369972,0.4499149438407274
421,-0.671723406135535,0.798032331111951
422,1.3194238824333162,0.4187673806109118
423,-0.48929754151711213,0.8871811923388784
424,0.48717348508424685,0.8881017117549975
425,0.39649223757793983,0.9244067974637016
426,0.46045639424662044,0.8994156129498342
427,-2.2621924900841073,0.0774008566129853
428,-0.19908565513192045,0.9803775278116229
429,0.08803892077081699,0.9961320739858666
430,-1.3098905059439316,0.4240488709231759
431,2.702657025563984,0.025934594697823252
432,1.9426485202544228,0.15153454857620735
433,-2.6791797971637634,0.02762588198029868
434,2.367335055308507,0.060680211922572225
435,2.759038163266978,0.022233707335537468
436,-2.5306431129524496,0.04067761724834283
437,-0.8037015736403257,0.723996942453424
438,-2.795032967495155,0.020118718176684754
439,1.5918170006037577,0.28169209064949524
440,-2.8785288014273,0.01587572556567765
441,1.2126552932083223,0.4793777213177489
442,1.4717438034381356,0.3385732170556847
443,-1.8932655314565299,0.1665887320483243
444,-0.9059298738676178,0.6634150489262086
445,2.6008621773326954,0.03397120473581203
446,1.2917919128690754,0.43415087238123984
447,-0.5178590139215897,0.8745122477849451
448,-2.3898436404022125,0.05751690854320904
449,2.434946936358169,0.05158711786512206
450,0.36570122024613916,0.9353180087172385
451,-2.1073192974903066,0.10856596582555601
452,0.8721675993505906,0.6836301932704993
453,-0.5874223172222717,0.8415309475443514
454,-1.9673192477872832,0.14439935614584196
455,-0.3401245886985711,0.9437987086665078
456,-2.766420486237921,0.021784835874046962
457,2.3157056496206305,0.06847775521488138
458,0.4352423359873745,0.9096294633561836
459,2.8350983454430176,0.017972880175223888
460,-0.5259773065289757,0.8708147045661611
461,0.30946341148972856,0.9532445462045199
462,-1.4954893009863535,0.32685320453190353
463,2.9916013583447505,0.011392052183310825
464,1.244214777754559,0.4611484794567603
465,1.8071272859998366,0.19537108791619007
466,-2.6797765294582074,0.02758174539207664
467,-1.436428519908731,0.35641359227952785
468,2.5409841418887744,0.03962479561951532
469,0.1401541278789864,0.9902264845147485
470,-1.2649839692695002,0.4492875283471667
471,-1.9957951181632279,0.1364770136314525
472,2.382142560176958,0.058583535355743996
473,-1.157457085143029,0.5117835731636343
474,0.6045728765031742,0.8329728907173904
475,2.6896667859796137,0.026859016353404073
476,0.2139666190739673,0.9773691509153355
477,-2.776883203254957,0.021162169217116132
478,0.7380069612112528,0.7616050708310563
479,1.9462969704219564,0.15046331953226505
480,-1.9880057470616102,0.13861105615426814
481,2.468316527828324,0.04753479828070743
482,2.334106106252486,0.065610098284036
483,2.377686943993136,0.05920805975684468
484,-2.779595609935511,0.021003296500027892
485,1.2900603550294294,0.4351224210396972
486,0.43079348070239654,0.9113834934600864
487,-1.7609916996202017,0.2121321428700734
488,-2.080297786484379,0.11488548375034018
489,-0.7687923249187865,0.7441439219117686
490,-1.464933862822534,0.34197569516220433
491,-2.170206626994178,0.09490314802201319
492,-2.1674502224377594,0.09547219426945537
493,2.747327362581329,0.022962247639995104
494,1.2225905347680337,0.4736134445393139
495,0.49019616502248997,0.8867908315451085
496,2.491551631354419,0.044873190062667566
497,-1.221017305891791,0.47452468901419054
498,-1.8374076817193108,0.18488273968222504
499,-2.48114056858092,0.04604991967744025
500,-1.6110467635352446,0.27314954848116074
501,-1.7854165798042767,0.2031407517719048
502,-1.7008520043132476,0.23540478193304146
503,-2.905009489764267,0.01470540643955217
504,0.4376258186000861,0.9086837287164384
505,-0.4617920184343607,0.8988618436356155
506,0.031854287953049454,0.99949278084865
507,0.33247980339646377,0.9462282974347349
508,-1.7770318034475423,0.20619746214050788
509,0.5968661060553013,0.8368381684838381
510,-2.037770361884613,0.12539907541612222
511,-0.8950667976040139,0.6699365409475359
512,-1.3313908854599605,0.4121776451794564
513,-2.7181453928683292,0.024868404212466666
514,2.9565779228144926,0.012642684811604297
515,-2.4245069989770194,0.05291242481619635
516,2.251051419722714,0.07937147381628606
517,1.1233428337610194,0.5320863125945816
518,1.2783594953369777,0.44171009769568687
519,2.4072921744890543,0.055159416376028586
520,-0.873564185070022,0.6827973339056279
521,1.7095859349302742,0.2319248146890053
522,-2.18100392633309,0.09269979078283906
523,1.7670923551006883,0.2098614567534345
524,1.7356017187956247,0.221760643068882
525,0.20134697663663292,0.9799337589596326
526,1.5384993804038096,0.3062081523794983
527,-2.3519456141648174,0.06292422300477016
528,-0.982597078799782,0.6170849947925232
529,-2.4671412437679594,0.04767286273690532
530,-1.639038898209261,0.261002770983309
531,1.8359948544727338,0.1853631226069487
532,-1.7535691989252686,0.21491719432622017
533,1.579532434309547,0.287233054684564
534,-0.8597584746737557,0.6910159884239748
535,-1.1085329043895615,0.5409531514710249
536,-0.4226801418845554,0.914544409179446
537,2.7901042559139473,0.02039754192153088
538,2.624222095811964,0.031959979354172476
539,2.591826969388939,0.03477753941700159
540,-1.660657327082476,0.2518576129850106
541,-1.9016754041265171,0.1639514926668798
542,-1.0234882897330477,0.5922868961523972
543,-0.5008546419545787,0.8821195515518437
544,0.41172843269551507,0.9187326149431758
545,-0.8261922213796655,0.7108479019764483
546,2.6397482555124228,0.030680272324332864
547,-1.8014477315612423,0.1973834560483998
548,-1.0867792189113403,0.5540255161135614
549,2.3946612104590077,0.05685784028901688
550,-1.4505290378299254,0.34923255052679403
551,-0.9947299257337496,0.609727091702708
552,2.5537045772159273,0.03836139997835348
553,0.047308039198616036,0.9988816005889084
554,-2.7854856499701413,0.020661873165877732
555,1.1272504166065715,0.5297517645810564
556,1.3408825298048193,0.40698335980804035
557,0.5107338426776105,0.8777227330368095
558,-2.4613049227409114,0.048363447798274506
559,-2.223413419507268,0.08443412647171704
560,0.7438011754016927,0.7583425410731175
561,-0.46442572646797053,0.8977661759608047
562,-1.3027922612881317,0.4279992490165443
563,2.7409042179809315,0.023370564727882185
564,2.575462474769024,0.03627946212626727
565,0.7071511267158455,0.7787763618133207
566,-1.5500013049340353,0.3008173459088748
567,-1.9655225198492687,0.14491043920939822
568,-1.1956575585039,0.48929069462184616
569,-2.7132397955883922,0.025201920068263075
570,0.4613682380310382,0.8990376859516201
571,1.0941106975429093,0.5496139758654551
572,-1.0877434785049491,0.5534449789226333
573,-2.687270271311664,0.027032626447702896
574,1.6626947343869611,0.2510063880240809
575,-2.727811971767249,0.0242223606979355
576,-1.9944658722378679,0.13683943363573178
577,0.1794733819625831,0.9840236502453364
578,2.4408286172357068,0.05085269446690431
579,-2.441044163581094,0.050825946125891995
580,-2.0779036644952766,0.1154587657262542
581,2.580097624637861,0.03584856013537451
582,-2.7724723892849688,0.02142275563080312
583,-2.184551660018794,0.09198470390618459
584,2.702955587345053,0.025913675097373516
585,2.6826922822798966,0.027366957041944806
586,-1.4458152700726483,0.3516246886659104
587,0.2975695529751521,0.956691960758445
588,-0.6266581122344341,0.821724420654485
589,-0.07428236291619683,0.997244867642561
590,-0.941905548556583,0.6417265303674515
591,-0.8560794477937055,0.6932004926389054
592,-2.395284507961361,0.05677302732732048
593,0.1746735066801639,0.9848603574288814
594,0.3433593042403227,0.9427559741686156
595,1.8749640316226603,0.17243325241063506
596,-1.819610895116328,0.1909980797190478
597,-1.720610546962946,0.22758071161946938
598,-0.5352610877080499,0.8665354872110643
599,0.6582896108624645,0.8051935417838434
