,data,labels
0,0.7215972622519686,0.7707807595283503
1,2.416344413013368,0.053968207211202116
2,-0.7152766876733381,0.7742887832810733
3,-0.3293610940950078,0.9472053514115873
4,2.1317482115338926,0.10308769773579625
5,1.4920955695154579,0.3285144039809233
6,-0.6336313333818469,0.818121571242319
7,2.5188982266346294,0.04190189869888542
8,2.657193945645358,0.029294958799488607
9,-1.0867154000171084,0.5540639418921527
10,1.1507302830302182,0.5157721957217858
11,-0.676603163628458,0.7954113151963197
12,-2.635540296622315,0.031022692456601338
13,-2.8100380634304134,0.019290221703185086
14,2.997724001697451,0.011185079289219897
15,-2.060409714084527,0.11971467270431994
16,-0.6535307462638587,0.8077107896338055
17,-2.535647947790335,0.040165162740462675
18,-2.4969359124649992,0.04427458469512167
19,-1.9825150884378506,0.1401302351184586
20,-0.34584825883141335,0.9419477160588585
21,-2.0365951781566163,0.12569964848553805
22,1.829176473874261,0.18769381521836856
23,-1.6354516606547025,0.26254019964540637
24,-2.2833303404891465,0.07377032548773721
25,-1.4990697266909345,0.3251056661950607
26,-1.1452916335583603,0.5190025601642146
27,-2.157882631853679,0.09746823719351574
28,-2.345646749388883,0.06386209178364101
29,2.880465145403651,0.015787453653697145
30,-0.2372363111265985,0.9722517231083426
31,-0.14415044261128518,0.9896641111863205
32,0.059424157074031037,0.9982359425596273
33,2.428551581427679,0.05239566648057404
34,-1.869898925701972,0.17407639991379054
35,-1.012456479599834,0.5989758124639388
36,2.9003145790534717,0.014907179614910698
37,-0.8520152129899827,0.6956108061734718
38,-0.6956251388389161,0.7850976556050822
39,-1.4254987932973724,0.3620317351472724
40,0.35844311619655667,0.9377792172246379
41,-0.7096016689234377,0.7774256517425873
42,1.2537246801177737,0.4557035517141642
43,-2.6030592499451033,0.033777555708188314
44,2.830950223587128,0.018185338541097325
45,-1.9190386414272231,0.1586024291577672
46,-2.7606326622758273,0.02213608164846453
47,0.4199696535005053,0.9155894120381519
48,-2.00953372375674,0.13277319682363
49,-0.03691485821883145,0.9993188786898453
50,0.8584324054601362,0.6918036562467058
51,2.029803825782336,0.12744736978792434
52,0.9961174441702658,0.6088855370172335
53,2.0789396603207972,0.11521042320222318
54,2.3925602446631453,0.05714449252386881
55,1.1049496284391687,0.5431027009773841
56,2.882906604652555,0.015676770542463858
57,0.6869153578225613,0.7898388399412767
58,-1.2955993244401178,0.43201766311013906
59,-0.8760406265875957,0.6813197249332984
60,-2.918579532716011,0.014135679110368463
61,0.9486125369698861,0.6376709553476452
62,-0.6726886087788104,0.7975147236867843
63,-0.565550032339659,0.8522090490286076
64,0.2965734292833364,0.9569751068883223
65,1.9648251669295327,0.1451091634692798
66,-0.08967937676033344,0.9959868788715485
67,-0.22583097893916637,0.9748225587967876
68,1.305607063454226,0.4264309168518491
69,2.018658654882355,0.13035531267070707
70,2.6169754779435976,0.032572714288932596
71,-0.3920411046944059,0.9260304940996715
72,1.0721466427911928,0.5628460062315692
73,-0.5231221236572945,0.8721198881352947
74,1.3690467150848633,0.39174488522930645
75,-2.004258966429312,0.13418618511480276
76,-0.4734049686987869,0.8939940742427994
77,-2.7804818702505667,0.020951611477690358
78,2.8312257444872637,0.01817115907310979
79,1.7982119712850988,0.19853633518079603
80,-1.8207765473765813,0.1905932662254782
81,2.7417069580604885,0.02331919303844942
82,1.4974243353691232,0.32590810623132477
83,1.0224742930225528,0.5929015939087486
84,1.0149120035475558,0.5974867402502813
85,-1.3100533653627024,0.4239584134488386
86,-0.647488567939809,0.810891740397323
87,-2.602594956852159,0.03381839970236843
88,-0.86097419848742,0.6902935857913168
89,-0.2510675537481224,0.9689740396932088
90,1.2866601602986094,0.4370327324544614
91,-2.713155118388962,0.025207710772807417
92,2.786584010800256,0.02059874299674574
93,-2.896047902603822,0.015092660286305569
94,2.092482626168014,0.1120016393873075
95,0.6807502026625203,0.7931757785197551
96,0.8743551102946636,0.6823255223943377
97,0.9512178724523297,0.6360947680106055
98,-1.5462611253189387,0.3025642177871101
99,-0.9598845530839233,0.6308487288283269
100,1.3090998895720363,0.42448811959644434
101,0.6365452348982563,0.816608968000112
102,-1.979475662224413,0.14097651698649613
103,1.1339458303504237,0.5257567776524277
104,2.4655717507810007,0.04785775864316064
105,-0.9034861513496981,0.6648833861739942
106,-2.2473049033047365,0.08004313003002982
107,0.2174721983270178,0.9766303227600566
108,-1.231133454925423,0.46867543239065174
109,-1.6877227618866195,0.24069996959911327
110,1.1121205056611707,0.5388025996569492
111,-2.2442974043219914,0.08058559080982336
112,0.783051358208426,0.7359561691616974
113,1.5604747550737947,0.29595711094535776
114,2.8746551391187003,0.016053617194397105
115,-0.9271883393162472,0.6506137646691724
116,-1.2807159559606935,0.44038026797102137
117,0.576609111527822,0.8468437857498977
118,1.27576227307547,0.4431775989546455
119,-2.3456961443863094,0.06385469286709725
120,-2.36838395101202,0.06052969125982831
121,-2.3274795550215326,0.06663132014567712
122,0.6380888927472919,0.8158059835681848
123,-0.38331974466456487,0.9291667954092391
124,-1.2841584060622364,0.43844039490504244
125,-1.799512960080124,0.19807224388134687
126,1.6063987437695921,0.2751996452483536
127,1.4764294777120028,0.3362427191693517
128,-0.4271940225156121,0.9127918888931716
129,0.16363394758208116,0.9867011867229277
130,0.8511198683854886,0.6961413743696727
131,1.7481383312379402,0.21697051449618399
132,-2.3996078236241134,0.056187618732812486
133,-2.642994931329099,0.030418293140174475
134,0.9415748869323659,0.6419263934252245
135,0.029417222594267933,0.9995674071027204
136,-1.1522124110282814,0.5148927151774598
137,-0.4794885065311236,0.8914066004153097
138,1.0438036731990934,0.579979190756139
139,2.957046027680769,0.012625198200287017
140,-2.5850079220843387,0.03539683114173452
141,-1.9361819412067471,0.15344696834727367
142,-1.5462710411575575,0.30255957874925815
143,1.9274577337580912,0.15605501748662173
144,0.7700595664609762,0.7434186991017122
145,-2.5491970269515836,0.03880513323978215
146,-1.1140425419491427,0.5376511266517815
147,1.030473998143453,0.5880529227687828
148,0.8164414688350607,0.7165635532854069
149,2.32955186057975,0.06631057212754017
150,-1.6150708662905298,0.2713822455957781
151,-2.5921779344190057,0.03474591659809625
152,2.8341073015099187,0.018023440861228722
153,-2.299580812376652,0.07107383900786096
154,2.478739359154684,0.046324958376979676
155,1.090600088650734,0.5517256998996997
156,-2.501554725026625,0.0437664375570811
157,-0.04124605348929311,0.9991497432091091
158,-1.4074665791970917,0.371397973753032
159,-2.5725751118671027,0.03655010013570914
160,0.16852321687655403,0.9859003076875386
161,-0.7250360174864321,0.7688659720206397
162,-1.6556525580371666,0.2539563958791909
163,-1.2713595476157329,0.4456695371665396
164,-2.3897835611309772,0.05752516731370654
165,-2.5898571009235427,0.034955484389337356
166,0.9046065531991774,0.6642102699358399
167,0.26022867256489235,0.9667073358299471
168,1.4709340367898607,0.3389768475341402
169,0.4710467148108206,0.8949902060151105
170,-1.7821507220962507,0.2043276189414073
171,1.3485871055787255,0.4027885314286406
172,2.59896633828384,0.03413906279644908
173,2.6245856414798254,0.031929501178250934
174,1.7084217211414856,0.2323867222913844
175,2.082706111345148,0.11431101162822764
176,-2.0493374643755247,0.12246965163487297
177,-2.019044271745165,0.1302538701386479
178,-2.8783270018003613,0.015884949908544426
179,-0.8030233267259943,0.7243915400279788
180,1.8346544021136406,0.18581970792305594
181,2.09522934423598,0.11135934074209435
182,-0.8695778734475681,0.6851737392110541
183,-0.28436316181405763,0.9603752323107974
184,0.3165736576433842,0.9511253273093662
185,-2.2159404436979893,0.08584636575714798
186,2.9918034976576875,0.011385165028684278
187,1.1377563403093696,0.5234861293782809
188,0.21299742990198567,0.9775713938798894
189,0.16175768746994112,0.9870024327811711
190,1.9831204272860656,0.13996214097372045
191,1.8984942423945554,0.16494549479947992
192,-1.8959578889774786,0.16574113120807846
193,0.41257444455894454,0.9184123224990949
194,-0.28671195342815814,0.9597313551005199
195,-0.7148010429154921,0.7745521671577041
196,1.9578201173901224,0.14711660048702413
197,1.3366771139719376,0.4092811898128582
198,2.94439281665779,0.013105483751352724
199,-2.9872515278761314,0.011541156048586288
200,-0.2987604537746007,0.9563523141553779
201,2.4836862004924525,0.045759833463751245
202,2.1439500680736465,0.10043335084062188
203,2.6080172280585456,0.03334401673622959
204,-0.3138757483582846,0.9519345536653523
205,-1.9244262539208719,0.1569688025283231
206,-2.1194348359890887,0.1058214528660978
207,-1.0019462669091541,0.6053501906500443
208,-2.906567479083046,0.014638982778123644
209,-2.9958502693889724,0.01124806215228742
210,2.1911406415378947,0.09066819403702447
211,1.737456432979311,0.22104755309156904
212,-2.143485694926066,0.10053338051766968
213,0.5506294035599781,0.8593350641344172
214,-2.5141772542798426,0.042402683316971126
215,-2.396450152032946,0.056614696862971096
216,2.2339279707064286,0.08247854425084034
217,-2.329045238683676,0.06638886967562455
218,-2.7832541371113817,0.020790652426183345
219,-2.5488539753748762,0.03883908112121037
220,-2.8955685133386893,0.015113626759306345
221,-2.357944980068432,0.06204146888628315
222,-0.44649492233090715,0.905128046148563
223,-0.5938781667180741,0.8383281748026894
224,2.270709960312143,0.07592100691466314
225,-1.64725159529028,0.2575042873553704
226,-2.549657795074958,0.03875957581157585
227,0.48415873171624124,0.889402990307464
228,0.4859759037352349,0.8886193707800402
229,-2.7045155717452687,0.025804606953494034
230,-1.6824991816139097,0.24282803815507636
231,-1.8517414086604465,0.1800585645724287
232,-1.2612589814640904,0.45140645752035313
233,-2.3250813480780574,0.06700408859880845
234,-1.2269158188557667,0.4711111557786156
235,-0.8538527261308797,0.6945214449820558
236,-1.440293009737689,0.3544379523540775
237,-0.4837029518894096,0.8895991839280871
238,0.28395060468388067,0.9604878246095013
239,2.7608158607470603,0.02212488892419162
240,0.7410974342301726,0.7598663598159502
241,-1.588398619096253,0.2832274237505494
242,-2.060633826814385,0.11965940252886902
243,-2.643943182494338,0.03034213992327765
244,0.4566127487606635,0.9010021806104205
245,2.2329460126589513,0.08265962986371468
246,-1.7961047483100478,0.199289620389965
247,1.3042830943680963,0.4271683013165566
248,0.6135266801234263,0.8284427928106107
249,-2.5359043623545032,0.040139055441034834
250,2.8882228053094217,0.015438120260940937
251,0.261026494329724,0.9665063450572952
252,0.7885276258713381,0.7327960115571117
253,0.614849543392253,0.8277699672676713
254,-2.576689199307536,0.03616499507312803
255,-0.4503437853629704,0.9035672287217386
256,0.5796530689034025,0.8453548151734659
257,2.097751183030195,0.11077213638631787
258,0.29018727179293435,0.9587697504010398
259,-2.5461109822651307,0.03911142844879586
260,-1.326054883711835,0.41511039698014857
261,2.6620993069523875,0.02891524367738258
262,-0.7801130182597218,0.7376482746308596
263,1.926725963511589,0.1562752397150056
264,-2.384376576881527,0.05827245133274053
265,-0.26466057103051543,0.9655835851999618
266,0.6473581590635602,0.8109602066771657
267,1.0292703269889056,0.5887823413034894
268,0.9887182095775167,0.6133731203746803
269,-1.0513830272210039,0.5753923431458864
270,2.2225428988091975,0.08459767724128957
271,2.9930188968908276,0.011343832684262338
272,1.8800371608296,0.17079865659112978
273,1.8516945610080713,0.18007418508562617
274,1.1953929087852435,0.4894455284481384
275,1.2390194317858878,0.46413279286962006
276,-0.19205639002169672,0.9817261997722687
277,-0.6428096708781617,0.8133431851986136
278,-1.9007782082242213,0.16423139533728492
279,-0.9411347748320447,0.642192399689946
280,0.08810462451570666,0.9961263097395785
281,-0.31321994559056465,0.952130315853735
282,-1.2306930728285679,0.4689295571673529
283,-0.06174899688251401,0.9980953468502795
284,1.5143929527223836,0.3176856180716532
285,-0.12651580412447716,0.992028815390331
286,0.8664268611364481,0.6870503135387569
287,-1.533910911855716,0.3083741863158907
288,0.716508530892912,0.7736062641909383
289,-2.764469753140187,0.021902674901146797
290,-2.102886110796817,0.10958387979030887
291,1.5252855916547166,0.3124696082751161
292,-1.7652343145160447,0.21055126999968551
293,-0.07604940517924064,0.9971124210850104
294,0.9657910435752521,0.627271279071079
295,0.12099686266346588,0.9927066064397484
296,-1.7327149978733296,0.22287356711253514
297,0.9581756598763382,0.6318834618850763
298,-0.7117102250518608,0.7762615844632228
299,-0.6017544553753313,0.8343901232769562
300,-0.9939694657872549,0.610188319200179
301,1.8234978809219617,0.18965052153514222
302,2.8980199929582184,0.015006678557637163
303,-1.2896713476350312,0.4353408060501991
304,2.923255505969026,0.013943924621384185
305,-1.4124024010934744,0.3688223189733149
306,0.04422118850697476,0.9990227210919002
307,-0.9160579501993729,0.6573221248608712
308,-1.7991496251774144,0.19820177790126406
309,1.894011095410777,0.1663537032830147
310,-1.656622799427414,0.25354865287968725
311,-2.6222586167896718,0.032125019567437005
312,-1.6805244658987417,0.24363569072181346
313,-0.07841578204550892,0.9969302040518245
314,-0.23457630473314017,0.97286201447363
315,2.608410173485014,0.03330986043827049
316,2.595809688236371,0.03442012113891944
317,-1.3210437750984778,0.41787274614655895
318,1.1016627523784877,0.5450758007806014
319,-0.9182427832640716,0.656006288137669
320,-0.32832129139520294,0.9475292846776177
321,-0.19827158407926504,0.9805361054388613
322,-0.7479182744282147,0.7560174110247071
323,2.095772169767728,0.1112327424752771
324,-1.2323494213947614,0.46797399623623076
325,2.3435463438017567,0.0641773629318098
326,2.3160188325497835,0.06842810709191972
327,-1.3380008557441847,0.4085572837618756
328,-1.8890794757589264,0.1679127746590994
329,0.8298278889625816,0.7087112050011819
330,-2.260316365731729,0.07772991909420132
331,0.6054034687831722,0.8325544282317189
332,-2.099481658496642,0.11037058540573651
333,0.1347512296608806,0.9909621422483792
334,-2.4047086814434078,0.0555033488003703
335,0.4604338319149295,0.8994249567711686
336,2.721702501590099,0.024628960962727233
337,0.0798964955826893,0.9968133631362971
338,-0.7057876609581206,0.7795268770807688
339,0.0034641529974202,0.9999939998400063
340,0.6863047671988367,0.7901700395541311
341,2.936502513193437,0.013413099096502007
342,-2.964301482819949,0.01235688797609538
343,-1.3887378857266568,0.3812513318741316
344,-2.894210968562747,0.015173139306449606
345,-0.43675732290793157,0.9090288205271347
346,-1.091639180481026,0.5511005223947185
347,-1.4852551704661472,0.33187680085412363
348,2.222002050412801,0.08469941737651893
349,-0.2235025959658694,0.9753326319405999
350,-2.5625521854240416,0.03750290615616683
351,-1.8632342364868215,0.17625545101764675
352,0.23387275077081338,0.9730223452206281
353,2.9827022986691247,0.011698946297895075
354,-0.05002127407006984,0.998749718324431
355,2.0186276935619825,0.13036346011384742
356,-1.432145569343239,0.35860977267037153
357,2.316821826308203,0.06830094425241207
358,-0.10769498471912486,0.9942176774852575
359,1.0993770771160305,0.5464486273277183
360,-0.6250165281843549,0.8225690650092
361,1.1552787611788338,0.51307435232096
362,2.003057093827448,0.13450971385656474
363,0.3109046331510976,0.9528184992523951
364,-2.9190822014523636,0.014114954378399217
365,2.0786751043121114,0.11527380186622083
366,2.676360190428059,0.02783525393687406
367,-2.7010053942119847,0.026050584594652187
368,0.7088581493232371,0.7778357168745323
369,-2.2160947902187873,0.08581700834989546
370,1.2202294870674981,0.47498122570770585
371,2.2110704371235226,0.08677677702037671
372,-0.09004998651230789,0.9959537083524517
373,-1.4576312870857748,0.34564450145915765
374,-1.5812673877955414,0.28644656327219936
375,-2.0908251085112104,0.11239061772652802
376,1.384256786334272,0.38362743249173875
377,1.9487713170682843,0.14973999986007847
378,-1.7450410768127116,0.21814742574280754
379,-2.3376969585594916,0.06506207043132375
380,2.8490702607751066,0.01727317298744666
381,-2.1253631449120913,0.10449832369780025
382,-0.02409092315051531,0.9997098558108468
383,-1.467571916947343,0.34065546953945763
384,0.43985535179827284,0.9077953009733588
385,-2.5591134381490184,0.0378346172698183
386,1.416060552588755,0.36691915389875507
387,-0.2189929793957095,0.9763062485725571
388,0.9861882627152108,0.6149073673234239
389,-1.9481216357417661,0.14992967115180567
390,2.534056634806431,0.04032750590431278
391,2.0473695296960237,0.12296432632385752
392,-1.7473635050686298,0.2172645356873946
393,1.4333602641018368,0.3579862062495084
394,1.9077079329759332,0.16207845371751478
395,-0.5902136603278683,0.8401489491741189
396,-1.4160692105070527,0.3669146554336425
397,-1.6384646195133463,0.26124851636666685
398,1.199623176427334,0.48697237482646977
399,-1.230609615282382,0.46897772205507726
