,data,labels
0,-0.9339697510373104,0.6465209035214999
1,2.82154356634327,0.018675289456838207
2,-2.595720082798466,0.03442812800606457
3,-0.4686743423001367,0.8959883936871802
4,-2.1044018322474276,0.10923502385921134
5,-0.585052738283899,0.8427007608885712
6,0.6795813771685548,0.7938066001061289
7,1.6430290002888155,0.2592993358149173
8,-2.0639918514415725,0.11883358839596346
9,-0.707691980858776,0.7784784497228439
10,0.12222507983610642,0.9925583422048929
11,1.5755589955821847,0.2890391669482587
12,-2.7779954382050125,0.02109689665363494
13,-0.948825204343013,0.6375423108454605
14,-1.8026342617901197,0.1969618663340853
15,-0.3674637463232404,0.9347138844758855
16,0.6728206714820626,0.797443871003545
17,-2.549655855687755,0.03875976746930792
18,0.10190159036064328,0.9948214879059736
19,1.8366643430189198,0.18513537690540066
20,1.8232446710228452,0.18973810257358942
21,1.3596651945124751,0.39679134310371383
22,-2.4377482631428338,0.05123623424052688
23,-2.743886696513827,0.023180193308509494
24,-2.2875686135343987,0.07305920926137158
25,-1.8684588268530502,0.17454561040346891
26,0.6957216207930541,0.785044961676077
27,-1.07166141451914,0.5631388287937908
28,0.18886790426372269,0.9823225692607251
29,-2.9547773345967827,0.012710148012082617
30,2.458567465942867,0.048690224777473555
31,-0.10286289621325917,0.9947235817468955
32,-1.526351290414867,0.31196192593601296
33,1.7822440582114352,0.20429363322119176
34,-2.905013341339557,0.014705241903588987
35,1.2709269144709143,0.4459146954944156
36,1.2631793196237382,0.4503136239929986
37,-2.0889572810570023,0.1128301982189309
38,-0.9335497950898555,0.6467744786312586
39,-2.0425561537089836,0.12418066219387214
40,2.484592589891376,0.045656916639059686
41,-1.011823849478464,0.5993594656945955
42,-1.0191295327766465,0.5949294200193957
43,0.6545176162694131,0.8071896315335468
44,-1.0972391422030978,0.5477332571352287
45,-1.5194367699934872,0.31526426700349947
46,-0.18078253465342176,0.9837916300649554
47,-0.9299013202906856,0.6489768502836076
48,-1.8961487172085443,0.16568117351708783
49,1.165301597648524,0.5071421668341057
50,-2.134237800733657,0.10254172448980664
51,-0.4405022917816659,0.9075368255640978
52,2.2815688643645533,0.07406751466270144
53,0.5464594118976862,0.8613029790361963
54,-0.8543775351658836,0.6942101973566787
55,-0.31170394275597735,0.9525814403421321
56,2.3180986887980524,0.06809913515749103
57,-1.408996154154119,0.3705988451826731
58,-1.8402212342328605,0.18392870018575344
59,-0.10982900390299388,0.9939869461584592
60,-1.062462818484497,0.5686935193241582
61,-2.1132970564080336,0.10720501772427436
62,-2.33420295180027,0.06559526863520364
63,-2.4000945857715115,0.05612202110969294
64,1.6002702042423662,0.27791711331453245
65,2.493726026182646,0.044630636138712265
66,0.6411167756579408,0.8142275879231249
67,-2.631094261439423,0.03138803510521192
68,0.27484167344419674,0.9629353795266599
69,0.39496179567499157,0.9249668221847057
70,1.6762414816249018,0.24539337290182234
71,1.6734367545813527,0.24654881176009816
72,-1.9621978355706207,0.14585968617773942
73,2.7543793356473723,0.022521097052263545
74,-1.119683010901474,0.5342747696501547
75,2.602569395316058,0.033820649580004705
76,2.4524459773460343,0.0494276331388281
77,0.9967815851102335,0.6084827202735758
78,-0.05031426251798354,0.9987350382331127
79,1.9911798984316675,0.1377384483547489
80,0.4482004708283176,0.9044377210975184
81,0.10077850837970903,0.9949347181498466
82,2.7662270518553784,0.02179649610555789
83,2.750896083149846,0.02273807083195081
84,-2.4333525561135843,0.05178771442173826
85,2.007319740885179,0.13336490366612816
86,-2.344538835326702,0.06402823153335907
87,-0.21629161269741637,0.9768804186867022
88,-0.5169105252298598,0.8749415056483716
89,-2.1347091653676458,0.10243860757312147
90,2.5797555723325054,0.0358802093712192
91,2.7207663029262346,0.02469178609119325
92,-1.2680960083499244,0.44752013708970945
93,0.019061006628293242,0.9998183555125161
94,0.950424233048353,0.6365749520343094
95,2.2903331199243855,0.07259836339955837
96,-1.7441300288933757,0.2184944251753069
97,2.647753381351327,0.030037791175650377
98,-0.6718652531055529,0.7979562886461062
99,2.8055665472356512,0.019533939766475765
