,data,labels
0,1.2998084660398712,0.42966432091503487
1,-2.6036465975635696,0.033725946821963275
2,1.132694783495797,0.5265027436664681
3,-2.2408911034959926,0.08120353738865077
4,0.07412322377272318,0.997256643746896
5,0.23353134451247382,0.973099983184143
6,-1.9057678314789723,0.1626791352268289
7,-2.413728676960681,0.054310208765010894
8,0.6297721997516486,0.8201184386383937
9,0.8317205909096161,0.7075976974910265
10,-1.2714209541691017,0.4456347443493083
11,0.5552258177222176,0.8571538504944451
12,0.8801242364235091,0.6788810602471599
13,0.4881451915938717,0.887680974014175
14,-0.6515869037978925,0.808735997881922
15,2.647767149677996,0.03003669616107577
16,-2.7212720508166806,0.024657829866742906
17,-1.808173602904055,0.19500191711270443
18,-2.5810897783448343,0.03575689283197494
19,0.041353317297510905,0.9991453170239843
20,-0.6133952222453782,0.8285096046729006
21,-1.81471660673304,0.19270434007401518
22,0.3646171880696185,0.9356883223332355
23,2.9223033098906672,0.013982785438446247
24,-1.2809383133894332,0.44025486490003096
25,2.428080379372142,0.05245565335484056
26,0.7162184860695509,0.7737670188876284
27,-0.5862935079856548,0.8420886049425311
28,1.2487721538874244,0.4585362417873095
29,-0.6599247777323791,0.8043262117111827
30,-1.367879208088668,0.39237127240003017
31,-2.725242595721126,0.024392645580137325
32,-0.9115434867948569,0.6600393898450955
33,1.812698485276064,0.19341098479408966
34,-0.058646894439587705,0.9982817487730985
35,-2.3512457797755992,0.0630278643907433
36,1.2137444747609614,0.4787446923584027
37,2.3989131642275954,0.056281342968466756
38,-0.9915418820659854,0.6116606449701544
39,-2.875998103868133,0.015991746289851942
40,-0.6023159811617624,0.8341080984439507
41,-0.48759338815362163,0.8879199769610059
42,2.3894023810892167,0.05757758885462821
43,2.8879448720852423,0.015450517329302344
44,-2.2704554726415953,0.07596488943016079
45,1.3083291632352854,0.4249165001116931
46,2.2837525843187274,0.07369922958812342
47,-2.8370510565689475,0.017873620847032066
48,0.6719352771580134,0.7979187463406916
49,-2.639636479323544,0.030689326020096833
50,2.5036825306923562,0.04353399694140798
51,-1.5640336226034843,0.2943161979601031
52,-0.8326833419822215,0.7070309949076933
53,-0.11297281310539464,0.993638889820374
54,-2.30719870134721,0.06983758662982299
55,1.2582196182849437,0.4531381179115125
56,0.44311848293128087,0.9064884456701433
57,0.05962807570990103,0.998223825561699
58,1.7395049876867343,0.22026172049102072
59,-0.020279023786591743,0.9997944017353521
60,-0.7141668935767971,0.7749031881556728
61,-2.5810092099835265,0.03576432928421065
62,1.3618633743168038,0.39560623236345877
63,-0.9137746041048604,0.658696752473404
64,-0.7522840695745465,0.7535456636702929
65,-2.479165374666882,0.04627606170177107
66,1.5974456437283893,0.27917504503564283
67,-2.394046276046103,0.05694161775711555
68,-0.20713033628595579,0.9787769586425162
69,0.23888223647887363,0.9718708424850512
70,-1.5243292280278566,0.3129256058415515
71,0.9506721888737832,0.6364249328390467
72,-0.178888989796111,0.9841266948048185
73,0.8428876904465517,0.7010123114867751
74,2.0710543079625845,0.11711101202951517
75,-2.0865706483237307,0.11339380313890272
76,-2.7241778664005065,0.024463513315633064
77,-2.530076864542885,0.04073594241398385
78,0.8383082650434144,0.7037160279278788
79,-0.8958113520805875,0.6694900409888748
80,2.7754904159436506,0.02124415406044174
81,-1.4225861643695519,0.3635364552366606
82,-0.43854099267691815,0.9083194899155099
83,-1.7881445922739263,0.20215298000731827
84,2.493668286099566,0.044637062800691775
85,-2.0299328997324753,0.12741398255237554
86,0.659668602691136,0.8044621731878635
87,2.1670737942866376,0.09555011402503444
88,-1.9740986687071365,0.14248297260622153
89,1.1614047461274186,0.5094464717643785
90,-1.0697040312439228,0.5643202569150032
91,-2.030158427233032,0.12735566181700894
92,-0.17490754403417208,0.9848200700659657
93,-2.906470008895833,0.014643130573729374
94,0.17527739493707273,0.9847562970465087
95,-2.8093795343949175,0.019325946955353536
96,0.6855422159703792,0.7905834475239898
97,2.874437818314086,0.016063649002152777
98,-0.5359592766628323,0.866211500684029
99,-0.3890954666314732,0.9270964800792686
100,2.003040779240772,0.1345141095599597
101,1.7370325340465858,0.221210396017366
102,-0.6241829956612035,0.8229974258812235
103,-2.9907210362031647,0.011422089098177067
104,-2.9918599892752127,0.011383240945670045
105,2.771618779156795,0.02147350716625103
106,0.5776176190816757,0.8463510464364526
107,0.18891997569269403,0.9823129072056732
108,-1.3023672912669484,0.42823623673591826
109,1.7879432718855401,0.20222576205353437
110,-2.854452738514092,0.017010062160931417
111,-1.2090160674563908,0.4814947623004253
112,-1.6947749752136667,0.23784618201454163
113,-2.52676257873257,0.04107874006615003
114,-2.803950790220918,0.019622664731050135
115,-1.7110463984116615,0.2313462232120883
116,2.5748741073608903,0.03633447243906072
117,0.635212263998532,0.8173014256118981
118,-1.5344835129066976,0.3081034038115597
119,-2.3865543067263717,0.05797051675577576
120,-2.388271178149859,0.05773338883421776
121,1.614507968603803,0.2716290336783
122,1.0921221036877524,0.5508100067201308
123,-1.4918347413609923,0.32864226909487027
124,2.0120460232613286,0.13210415693443853
125,2.6269310515103816,0.031733468237040534
126,-1.139523502528228,0.5224338498023654
127,-0.49663180836599086,0.8839793498279829
128,0.5537892964509084,0.8578368986038549
129,1.8564482465223175,0.1784940438675605
130,-0.9993807093453095,0.6069062784339501
131,-2.503827772328431,0.0435181687035649
132,-2.9520556680239807,0.012812726636259875
133,0.6826277999311445,0.7921612125995366
134,1.729955837865706,0.223940788195675
135,-2.85805204147705,0.016836085732131238
136,2.6745463208235503,0.02797066459335644
137,-2.376113637695358,0.05942988827067297
138,-1.645208799911562,0.25837170918306646
139,-2.6406983986034995,0.030603404556587378
140,1.257412395758414,0.4535984396482301
141,1.2822449215718574,0.4395182582677776
142,1.5990414190144744,0.27846393373170497
143,2.0142758052737957,0.1315124822447658
144,2.473142162451226,0.04697141386977123
145,-2.817703910356622,0.01887857376512805
146,-1.4320500827711078,0.3586588145157053
147,-2.3055924310056146,0.07009679341798834
148,2.4768131092564643,0.04654658736615917
149,0.015039087872826151,0.9998869193120797
150,1.151213717491391,0.5154852898271127
151,0.2964154701141348,0.9570199269262395
152,-1.957743386171381,0.1471387024412029
153,-0.41110442336169584,0.918968509325233
154,-2.109230587698187,0.10812937673873226
155,0.9860426519513967,0.6149956676120576
156,1.4309378521025256,0.3592303085143112
157,1.4438780558044204,0.3526102569311421
158,-0.6148904214202506,0.8277491618022284
159,-2.8315595016164545,0.01815399548474656
160,2.246538583949337,0.08018107178775438
161,-0.9386358927929388,0.6437024655713863
162,1.241456514167318,0.4627320406713078
163,-1.0851594960733497,0.5550008875992335
164,1.7742304871692731,0.20722566492477165
165,-1.1088157978164908,0.5407835153204791
166,-2.6087720733127755,0.03327842914721954
167,0.9674623499209334,0.6262587220485165
168,2.72669129187976,0.024296506592242067
169,0.8461292039593649,0.6990959246557878
170,-0.19820432615606487,0.9805491790856475
171,-0.41497240947306224,0.9175015127215479
172,2.602663016396013,0.033812409853210365
173,1.4337461927512338,0.3577882054223066
174,2.2784298215205308,0.07459951853131729
175,0.8250766840846184,0.7115029129881351
176,0.20608923477053542,0.9789875179347899
177,-2.623152007638261,0.032049835520691856
178,-2.120120843864596,0.10566768080508447
179,-1.4368197020609776,0.35621335063020637
180,1.1006940498502553,0.5456575511580892
181,-2.870347147759229,0.016253510312169154
182,2.9486933901535535,0.012940461129538504
183,1.5535719635072125,0.29915515626810674
184,-2.1617153919334653,0.09666472627764922
185,0.09126641085388076,0.9958438817890425
186,2.4296820047811707,0.052251988984187286
187,0.8279391677815706,0.7098215825043058
188,1.4511298207692924,0.3489282803376677
189,2.972226718865576,0.012069594571930305
190,-1.1160995334587007,0.5364193339644896
191,-0.879252374105894,0.679401939397781
192,-0.12306904535251739,0.9924556079156646
193,1.322268048915907,0.41719714605452707
194,1.733576908042239,0.22254088353093823
195,-1.8406724044100793,0.18377603751270274
196,1.3154040012319896,0.4209909915683529
197,1.3174920773627061,0.4198353421990056
198,-2.35796397614921,0.06203868999363787
199,0.6819958535357382,0.7925028538853932
200,2.1621463887943886,0.0965746974446628
201,0.37829822721832285,0.9309452842677876
202,-0.16639854488498518,0.9862511528797149
203,1.8906194086480195,0.1674248183452677
204,-0.0041508908528773425,0.9999913850896723
205,1.5784948574979314,0.28770402807301
206,2.8827828472690893,0.01568236459378545
207,0.07382904793792955,0.9972783462736649
208,2.1812239035621737,0.09265532451828125
209,1.9691763686477923,0.14387250041222616
210,-2.4745007160110966,0.046813816429778485
211,-1.2466818157446384,0.45973374382326965
212,0.0719859255984705,0.9974123669669175
213,-1.3856634703414212,0.38288077659734776
214,0.4359473043843569,0.9093501766950123
215,-1.8784467560052158,0.17130989561511173
216,1.2365223308257685,0.46556957182249725
217,0.16405989612474503,0.9866323268971823
218,0.4358281015846899,0.9093974268797751
219,-0.463773033445273,0.8980381634800899
220,-0.800914539346703,0.7256176544348136
221,-2.6319589485393946,0.031316694488170024
222,0.2163581684758933,0.9768663539845919
223,-0.29981133035128416,0.9560515766612769
224,2.366186184673773,0.06084543211803086
225,-0.2917636066503886,0.9583300877858048
226,-2.14433390597151,0.10035072790042393
227,-2.6150694935520966,0.03273553060708306
228,1.9700772230139965,0.1436174470307984
229,-0.4909036123632684,0.8864831346328753
230,-1.6143560950499365,0.27169564243899424
231,0.48907842971993354,0.887276291600576
232,-2.2110560646849677,0.08677953468878313
233,0.40360776600253434,0.9217791530898819
234,-1.0504085742356657,0.575981874643657
235,1.41445425596224,0.3677542285593453
236,-2.5724371507722803,0.036563074279023396
237,-1.5825340277405948,0.2858731853172161
238,0.3775444003105921,0.9312105364963719
239,0.07319444680005294,0.9973248710305047
240,0.5135778062232053,0.8764452144129408
241,0.49759271010566053,0.8835571949120611
242,-0.7949180209386744,0.7290978507353738
243,-1.577094989758252,0.28834018345294893
244,2.1345293361694893,0.1024779379089204
245,-1.0416282766481935,0.5812962627868151
246,2.9705542253366737,0.012129725297346471
247,-2.57139332800758,0.03666136425065074
248,-0.6344019617164856,0.8177219418832579
249,0.1990663116023592,0.9803813030882139
250,2.439408979554777,0.05102915796806225
251,2.9056166283456264,0.014679490030597429
252,0.6882353594670523,0.7891223069450629
253,-1.5565609541656547,0.2977678860016007
254,-1.3906345939677818,0.3802477416535756
255,-0.37278321198389763,0.9328753749804412
256,-1.9750620565982298,0.1422121867644133
257,2.104974757110784,0.10910338456429623
258,0.42260302738914035,0.9145742163068306
259,1.8496248151932972,0.18076526307567603
260,1.195835382385468,0.4891866666867201
261,-0.34584180473173154,0.9419498185999488
262,0.7626049544463092,0.7476777881841395
263,-2.7338376854245574,0.023827039133636905
264,1.1852352801871513,0.49539922084873
265,2.2705114689615913,0.0759552319653633
266,2.054643509853813,0.12114344056261064
267,-0.9251423909465424,0.6518477727041935
268,-1.520021944910476,0.3149840247554206
269,0.35813019838739724,0.9378843615564652
270,-0.47790434129247306,0.892082840933138
271,2.536062733358321,0.040122937779167304
272,-1.7113163351115122,0.2312393866039036
273,1.7061207749129705,0.2333014116232335
274,2.9867868291208843,0.011557187036347597
275,-1.0167311478885284,0.5963836484559012
276,-1.3451134440586734,0.4046773934445858
277,-2.73476826818749,0.023766488414658886
278,0.8745106136191945,0.6822327479763837
279,-0.17903709124176181,0.9841006111824245
280,1.6555919037458118,0.25398189961163187
281,-1.4383614803321574,0.35542469732329734
282,-1.2803922253161055,0.440562867483502
283,1.361644147882866,0.39572435128003386
284,-0.6498373039766654,0.809657256636284
285,2.812048323416935,0.01918152147377312
286,2.395000129178676,0.056811710178884256
287,2.881407892407548,0.015744633196391206
288,-0.7230839036316157,0.7699534920869995
289,0.37384089468772075,0.9325071058577074
290,-0.3549063895714504,0.9389629356733085
291,-1.8411988705503552,0.18359800984880545
292,2.902283288277877,0.014822275287774613
293,-2.2289443946648086,0.08340086839564533
294,-2.8215757416289415,0.018673594107205264
295,1.4388177345033721,0.3551914864210027
296,-1.1816845941401612,0.4974853151955033
297,0.8765418369452069,0.6810205507619427
298,0.7997992918863814,0.7262656270092324
299,-2.5695859235576024,0.036832086082745186
300,0.7595723450080052,0.749405484857741
301,0.4922449851984294,0.8858987941470943
302,-2.491552549761937,0.04487308738125146
303,-2.991571608138507,0.011393066124662054
304,2.5047736655465,0.0434152048177747
305,1.9582332848351411,0.14699763233200497
306,-0.6501365904836405,0.8094997674481692
307,-2.4625554973378927,0.04821477407879268
308,-1.3526211903242529,0.4005999252854309
309,1.6127749432606393,0.27238970235837995
310,2.1625047929557555,0.09649988235295455
311,2.1011992560431434,0.10997313648382964
312,-2.133472892444011,0.1027092301306019
313,-1.153891563935286,0.5138967698009693
314,-2.52109472109478,0.04167060576876833
315,-2.285984822335503,0.07332429316100109
316,1.8564160037984916,0.17850472820326146
317,-2.7516758411081916,0.022689342292713438
318,-0.021145993635633076,0.9997764484679492
319,-2.7888029293651515,0.020471719345273896
320,0.7915481331246061,0.7310494141310373
321,-2.9797507409636,0.011802342631320965
322,-1.5617614752683964,0.29536321201357185
323,1.6619478140776858,0.251318236516012
324,-0.9469695585295153,0.63866471026036
325,-1.0071648441620888,0.6021850362846124
326,-1.9441841012063474,0.151083002207908
327,0.8851466434751667,0.6758782719541372
328,-0.5438705455997583,0.8625194451877961
329,0.43115531474355073,0.9112413822979807
330,0.5224886313610808,0.8724087761298034
331,1.4522561295815208,0.3483582297100605
332,1.7464776708438983,0.21760100893132658
333,2.394685902508521,0.056854478418541236
334,-2.9462358679938916,0.01303453513678034
335,-1.1928618722614102,0.4909270565865051
336,1.563022225198921,0.294781982502578
337,0.31473991277937285,0.9516760303627738
338,0.08043403695301077,0.9967704092337344
339,1.9047333740977725,0.16300007579085005
340,-1.4893499689496945,0.3298617456095228
341,-2.5192461742394356,0.041865187560464985
342,1.8863556620171114,0.16877837051128142
343,-2.797113157899246,0.020002040031668153
344,-2.012951577618315,0.13186362598610268
345,0.2718781677102369,0.9637157730900093
346,2.592037227053427,0.034758591739972824
347,-0.110675892997107,0.9938941403434837
348,-0.24730078601877414,0.9698839639998399
349,-1.1345485801104134,0.525397457813812
350,0.3411758992748495,0.9434607673028873
351,-2.668141541940883,0.028453342345683738
352,1.8901570011628,0.16757123332763624
353,-0.9620844482498336,0.6295164822352705
354,2.738614144855222,0.023517658435993755
355,-0.49405696026206947,0.885107528706434
356,2.7519182724474174,0.02267421078464521
357,0.09482065237703541,0.9955146114781251
358,-1.5918846730644165,0.2816617471546597
359,0.09091846213668031,0.9958754460554576
360,-1.4684554610387257,0.34021390714761846
361,-2.944134068362955,0.013115471616215043
362,-2.0850788665707882,0.11374718827591686
363,2.3005344598490245,0.07091811336159029
364,1.9736974920417403,0.14259584697180436
365,-0.3194098067055844,0.9502679207464652
366,0.6982574107347332,0.7836586837200549
367,2.1996036328188087,0.08899918462980311
368,0.9874635537636256,0.6141339991389946
369,0.7811373015938239,0.7370587005714992
370,2.229832506086616,0.08323590259989874
371,-2.7078932739719064,0.025569808176315646
372,2.481556764790306,0.04600238718845964
373,-1.1105336518358295,0.5397536237086965
374,0.8674126385660301,0.6864634180776368
375,0.8111254962350225,0.719670158364078
376,2.5388936166024205,0.039835755196600695
377,0.06833069074316533,0.9976681812742979
378,2.450765404440075,0.04963170013368509
379,-0.7681735238787235,0.7444978748009407
380,-0.9299802218155158,0.648929234168697
381,2.3323997843473734,0.06587183116650927
382,-1.9995353919698151,0.13546108278019137
383,0.7251879585843897,0.7687812674076782
384,-2.3218030212450333,0.06751640762396098
385,-1.600562930273194,0.2777869442011574
386,0.6848885293626283,0.7909376419072048
387,-1.580265634057698,0.2869005218437249
388,-0.16331334162420763,0.9867529017034304
389,0.5154050330670312,0.8756216619797801
390,2.326328218143982,0.06681006813142121
391,0.0366353510234565,0.9993291506478075
392,0.4244786405998182,0.9138479681654872
393,-0.17358094412480085,0.9850477398993585
394,0.5953848277823104,0.8375774461220836
395,0.39259986439302264,0.9258275185403105
396,-1.8378948459114548,0.18471729971294396
397,-1.5697882089357453,0.29167429992698785
398,-0.576760416691589,0.8467698972949353
399,2.9912234989709052,0.011404936278708463
