,data,labels
0,-1.8185472103039717,0.191368004788309
1,-2.406105698470299,0.05531714866382836
2,-2.2281135727879846,0.08355542903144228
3,2.455504311603508,0.04905806354190237
4,-2.9834857361952345,0.01167163699152172
5,0.8690484600144766,0.6854891466007533
6,-0.9631356203854051,0.6288798162847128
7,0.8931376326968157,0.6710930919659036
8,-1.3972371305097062,0.37676418190474525
9,1.3564291206806809,0.39853897561897594
10,0.5219107815178763,0.872672067833891
11,0.2463135622165451,0.9701203088185595
12,1.463634063950673,0.34262718862038877
13,2.0363636828034846,0.12575892173596234
14,-0.3751143324394919,0.9320625235423827
15,1.2238513133915667,0.47288359570849375
16,0.30517795149251326,0.9545008063407042
17,-0.41399278670641415,0.9178741275491128
18,1.526973205561009,0.31166587288725006
19,2.359595716997445,0.061800367135247294
20,0.1572511154865328,0.9877121630148578
21,-2.0124168625010737,0.13200561568410005
22,2.4475903969667003,0.05001914856034706
23,-1.726913854557463,0.2251213406126821
24,-1.6832701143161701,0.24251319956865233
25,0.938742075971303,0.6436383090258916
26,-2.0211374003871505,0.1297042791379007
27,2.4681515083260317,0.04755416346838731
28,-2.2072580591409676,0.0875107120379023
29,-2.462038246091663,0.04827622079645992
30,1.9356584473171274,0.15360255683666432
31,1.9908423787448513,0.13783104045124908
32,0.5721087232494719,0.8490355713505621
33,-2.9801090884690353,0.0117897462211537
34,2.692650308080669,0.026644225239409635
35,1.9126187915538573,0.1605651787201807
36,-2.4937823472854523,0.04462436816204618
37,-0.8587053673313685,0.6916415465113268
38,0.18490034282132317,0.9830512062433123
39,-1.1611997589042726,0.5095677610150433
40,2.273394600117184,0.07545932543023066
41,-2.58372228955292,0.03551463426010528
42,2.247278712887515,0.0800478413080075
43,2.6717692214538493,0.02817908095690657
44,-1.8680462696076054,0.17468019523423858
45,-1.7278044997767747,0.22477526577116472
46,2.3946532244003604,0.05685892764152956
47,-0.9195894435821259,0.6551950035093456
48,-1.6767509697300884,0.2451838584451566
49,-2.5016381335276128,0.04375730644960781
50,-2.982220829348869,0.0117157576279389
51,-1.4862314785306896,0.33139574819904966
52,-2.9471236773148144,0.013000480187603688
53,1.1825746325896223,0.4969621658555803
54,-2.118478993495721,0.1060359996761612
55,0.8528935451208501,0.6950901708142158
56,-0.801058134042421,0.7255342005859903
57,-2.347017977519368,0.06365695481580085
58,2.5538128149198878,0.03835079785490527
59,-2.4850910948438427,0.0456003961574533
60,0.9701184343211171,0.624649311510819
61,0.41900771237310996,0.9159589483591597
62,1.9927101385585884,0.13731923955629152
63,-1.0998040330496504,0.5461921426343651
64,0.6271379712039158,0.8214772645150622
65,1.5810500473058804,0.28654501749513417
66,1.4662793864817179,0.34130198072626133
67,0.948781091739832,0.6375689952124569
68,-0.7214243349170957,0.770876935026022
69,2.1763931157096783,0.09363570570300812
70,0.16789916336779864,0.9860038058191475
71,-2.91554156471512,0.0142615053109328
72,2.3735356143140613,0.05979485513798328
73,1.5731169937932608,0.29015252729438096
74,0.5251883998106868,0.8711758504228891
75,-1.0913561091651984,0.5512708231536647
76,-2.206365760185409,0.08768320230069959
77,1.1753677110627514,0.5012027204486991
78,-0.8739615560268366,0.6825603023691824
79,-2.8248531141074453,0.01850160936199414
80,-0.6273271423107927,0.8213797985066374
81,-0.345405590208407,0.9420918433842946
82,0.2955256868746394,0.9572719909877669
83,-2.1077666978340095,0.1084636455450522
84,-2.2433296857218865,0.08076076287200967
85,0.9258783299335867,0.6514039378680153
86,0.09968612158461632,0.9950436619611719
87,0.9876793238082611,0.6140031482905065
88,2.632299561716212,0.031288630466536835
89,-2.633938139407868,0.03115392429475144
90,0.2333605654585713,0.9731387791955768
91,0.2744041170792517,0.9630510956788683
92,2.895854503621436,0.015101115660756791
93,-0.9575846699307826,0.6322412708303541
94,0.33967985337080986,0.9439413902223027
95,-2.9550475169003354,0.01270000472374267
96,-0.5077182922499839,0.8790715967223716
97,0.8891878686108532,0.6734594230422729
98,2.63821422591883,0.030804726255521296
99,0.4645054404872062,0.8977329373055553
100,2.8041811279501925,0.019609994893514997
101,2.191509418893186,0.09059495366477255
102,-0.09434348018070482,0.9955595419900666
103,-1.082449643517391,0.5566332937546989
104,-2.7228775037635407,0.024550306250659844
105,-1.7418784631778557,0.21935358884289294
106,2.386224609015742,0.058016145160479565
107,0.04729673170944393,0.9988821348620629
108,-2.476029933723745,0.04663695080408431
109,0.07777969165669063,0.9969797300028416
110,1.8285773081169294,0.18789960290808752
111,0.4624526945670855,0.8985874511295455
112,1.6237136606788232,0.2676104164766798
113,-0.7650323201940878,0.7462928276242972
114,-0.1076874223971096,0.9942184871720489
115,-1.8072953903641664,0.19531174317248862
116,0.10211284759841721,0.994800049969361
117,-0.1712209041871917,0.9854486108399964
118,-1.3741601303129594,0.38900696452105377
119,-2.258810028507522,0.07799493639262542
120,-0.166905285838455,0.9861678681271573
121,1.5087767649131116,0.32039404081313616
122,-2.3364753970166405,0.0652480811788755
123,-1.970161174493557,0.1435936954704504
124,1.2160283475682814,0.4774181864375512
125,-1.9130425038303664,0.16043509499893457
126,-2.3166879495554493,0.06832213173299803
127,0.248866717823498,0.9695072544847327
128,1.5255465035312792,0.31234527037722937
129,0.3292668657467206,0.9472347443244659
130,-0.3805641018120536,0.9301452541302095
131,-0.0870393280088928,0.9962192428177563
132,-0.7896887865048114,0.732124871736448
133,-2.1446425776613145,0.10028432343807829
134,-0.13117051605175067,0.9914340465048256
135,0.322931264611503,0.9491937861667676
136,0.2743347346252065,0.9630694289024359
137,-0.435408565771783,0.9095636412605026
138,-0.59734330678454,0.8365997547874681
139,-2.777139704682135,0.021147100614732284
140,1.0681609024456433,0.5652518715838967
141,-2.51973248803213,0.04181392313236607
142,1.9448264428909807,0.15089441178217872
143,1.8462911975907295,0.1818822838587317
144,2.597312376504302,0.0342860816290849
145,-0.088066492026603,0.9961296556553669
146,2.3959708917290765,0.05667975101398709
147,-2.473849190497157,0.04688934060083176
148,-2.2840345470198864,0.07365178456725721
149,-0.2354468934117273,0.9726629887864428
150,2.0709069912111824,0.11714674689564858
151,-2.4492464437205,0.04981674676602987
152,1.935682904922852,0.15359528517648308
153,-1.3859280741405522,0.3827404049983626
154,2.1680007700205373,0.0953583222757387
155,2.422560053836394,0.05316268134719207
156,-2.4290372972612917,0.052333891552883406
157,2.723863402324783,0.02448447790127729
158,0.028448743768167972,0.9995954163550513
159,1.2677701149146694,0.44770509557124627
160,-2.3780467060646,0.0591574309160728
161,1.99835841556715,0.13578015907649382
162,2.531691101364439,0.04056985741292201
163,0.30477109890861875,0.9546192478371449
164,-2.340545475203504,0.06463000122535471
165,2.456560063920355,0.04893102264068539
166,2.5710393124808917,0.036694750468390214
167,0.04687214474086332,0.9989021041528304
168,2.224665267694972,0.08419937533006873
169,2.5759107779211883,0.03623759482746831
170,-1.5886612461124419,0.2831092884976234
171,-0.8563844926323947,0.6930194598390736
172,-1.972788398073894,0.14285187399257035
173,-0.3756602281767485,0.9318715427000572
174,2.034203640400488,0.12631301264145814
175,-0.06238293696579511,0.9980560764592935
176,0.7573549808863413,0.7506668880037615
177,0.7696987587888628,0.7436252333744799
178,0.6455438998015524,0.8119118829159043
179,2.3787442425993035,0.05905936905456417
180,-1.8611320949418637,0.17694676799871728
181,-0.18849653692685653,0.982391403421206
182,-1.398213398115375,0.3762504174813544
183,0.9030077221580601,0.6651707707729029
184,-0.6937322484646469,0.7861306992999993
185,-2.841414867821131,0.017653535120630934
186,-1.6616287710045303,0.2514515162604304
187,-2.6873776623247037,0.027024826107547563
188,-2.9732441808866783,0.012033143481599751
189,2.743819201803178,0.023184486574944933
190,-0.9924388346981088,0.6111166507296947
191,0.1037691158018963,0.9946304531333264
192,2.1660440885064354,0.09576351647284646
193,-0.00034706809779061487,0.9999999397718695
194,-1.6248215978858727,0.267129261442954
195,1.4395489303214921,0.3548179061973052
196,1.8314940576571805,0.18689931275199087
197,-2.8218571104148302,0.018658774223130697
198,1.5806779568822424,0.2867136198367282
199,2.07823728851373,0.11537874657259503
200,-0.1897111686313142,0.9821657823443809
201,2.918458483664601,0.014140673901263803
202,-1.7577121800560513,0.21335964692142784
203,2.3754725986747225,0.059520467527274606
204,-0.4036274299232625,0.9217718372302068
205,0.03924877515912506,0.9992300633776834
206,0.5920436534382576,0.8392405998934792
207,1.7393940886834471,0.2203042137845727
208,-1.4774484193243278,0.33573708317267653
209,0.09849562587528071,0.9951610514594861
210,1.3100995434720346,0.4239327660745066
211,0.590945726550026,0.8397857947924353
212,1.411856861896113,0.36910655885624744
213,-1.2246430931691448,0.47242543556782557
214,-0.7491041517460877,0.7553466356112081
215,-2.4258040380729113,0.052746249136805014
216,2.921749777640504,0.014005419998025626
217,-2.7954079681648887,0.020097640593000832
218,-1.0914464490437896,0.551216472151231
219,-2.1897364578047487,0.09094749860911441
220,2.5462880613328407,0.039093797916139206
221,2.6104880844684013,0.03312973638877223
222,0.2735690682273413,0.9632714594555722
223,0.26653699165644396,0.9651024823450218
224,1.5429868950280596,0.3040982986214121
225,-1.6292408348651277,0.26521542757677596
226,2.4708907088715932,0.04723356824227066
227,2.373374046125604,0.059817789355003224
228,1.6257824005460737,0.26671243939984846
229,0.7136683477737016,0.775179041277333
230,-1.850816386994165,0.1803671741864423
231,-2.0027095760795746,0.13460337025270658
232,2.611936491546653,0.033004673116959406
233,-0.7418961104722097,0.7594164881332317
234,2.4347001570357367,0.05161812402684448
235,-1.1875993404291432,0.49401169069790146
236,1.5710833154811805,0.2910816717970442
237,-0.6060333599171175,0.8322368387867073
238,-1.5819240856978045,0.28614920555473355
239,0.6667130928647458,0.8007126189752285
240,1.9210705098076248,0.1579848791959536
241,0.1515335586856148,0.9885844478678244
242,2.2166115929789196,0.08571876832495533
243,-1.0132431708515885,0.5984987385700623
244,-2.8662761073250222,0.016444415187223674
245,-0.6585644060806644,0.8050478692069458
246,2.3701468485495276,0.06027739978058175
247,-2.903179175843178,0.014783779728291497
248,0.5777955058880591,0.8462640744760445
249,-0.5444646442279302,0.8622406470163674
250,0.36031361332334555,0.937149038675847
251,-2.377255804615883,0.05926878040738252
252,-1.6177950690844984,0.2701898435563485
253,2.454916424598543,0.0491289244047406
254,-0.3305765997797354,0.946825523403313
255,1.0503674835458359,0.5760067352310166
256,2.7678265865351044,0.02170023895890422
257,0.8948156034334254,0.6700871622996292
258,-0.006255851019485448,0.9999804323554599
259,0.46249930953273566,0.8985680793178598
260,1.5772802888504556,0.2882559279322581
261,-1.8524515744274093,0.17982189003073895
262,2.1838833235200585,0.0921190805231007
263,1.4499243401972324,0.3495389438649938
264,-1.691754470166201,0.23906576592627068
265,0.5797543003004808,0.8453052076462882
266,-2.7917158563984223,0.02030600322195161
267,-1.0935909096196643,0.5499265589785253
268,1.6038260088046625,0.2763384398148693
269,-0.2680731993208485,0.964706257748055
270,-2.1049707668785764,0.10910430096348803
271,-0.889914379695111,0.6730243278709654
272,-0.06978754449549207,0.9975678118908108
273,0.18516730303459772,0.9830026479877507
274,-2.9579833153911883,0.012590249081255727
275,-0.01432677025815332,0.9998973770930758
276,2.1048959185783787,0.1091214917747704
277,-2.0583318763864327,0.12022803393348785
278,-1.2121848740509231,0.47965121029242125
279,-1.4650932276509583,0.3418958628581079
280,0.7973164357116018,0.7277070254688742
281,-1.397798052975521,0.3764689525643105
282,0.5180588112789168,0.8744217519743156
283,-0.603962092014557,0.8332803787647952
284,1.187308482174565,0.4941823423052237
285,0.6289210697753118,0.820557857503668
286,-0.21541311939708763,0.9770656770610656
287,-0.8809618020044656,0.6783805615466566
288,0.5184005226013753,0.874266918756332
289,-1.855570616105805,0.1787850280159187
290,-2.03368918742905,0.12644525193378395
291,1.5171985865565203,0.31633744364219135
292,-1.2323372985303058,0.46798098760071977
293,-2.6911695857228533,0.026750640297810158
294,-2.500119128213754,0.04392384993902833
295,0.3697419142183267,0.9339292981180739
296,-0.43013057615371775,0.9116435986219876
297,2.914574541835295,0.014301764181968706
298,-1.3359354900871505,0.4096870035356298
299,2.2948375998868507,0.07185250484458315
300,-1.156540426939222,0.5123266446292823
301,1.2696566421551871,0.44663481163462787
302,1.460853470674417,0.34402311421150567
303,-0.6883581305282358,0.7890556266218551
304,0.9315983338766833,0.6479526036366733
305,1.9844141200313796,0.1396034047129597
306,-1.4382745439552467,0.3554691431727828
307,-0.4964874047460279,0.8840427378440213
308,-0.8445024085598956,0.7000579518336355
309,2.4947209415522407,0.044520020677993
310,-1.4262807049102242,0.361628323741834
311,1.9647811822286032,0.14512170453082884
312,-1.8461281904983728,0.18193702870969164
313,-2.3305105307063414,0.06616261743400659
314,0.2805163906324091,0.9614192289763759
315,0.7240987330825739,0.7693883060075426
316,0.2822422807274467,0.9609524484908503
317,1.006353566853476,0.6026770783890335
318,-0.045934536595789055,0.9989455654810365
319,-2.5521087532959528,0.0385180027022383
320,-0.8427546650158746,0.7010909110449312
321,1.7646326038236761,0.21077498986902277
322,0.9102058377692019,0.6608440921752752
323,2.5232498745485845,0.04144471267250595
324,-0.6496143454823557,0.8097745536137504
325,-2.854938370581227,0.016986496910885208
326,-1.9119318382182158,0.16077624278992098
327,-2.9839078076556946,0.011656947762187371
328,0.28275628473104275,0.9608129227882118
329,2.879886353051866,0.01581379366163752
330,2.0727740754787627,0.1166944633816724
331,-0.9409005748220194,0.6423339457250252
332,-2.0517731070110248,0.1218595116878456
333,-0.7347544396044361,0.7634313728819994
334,2.664010598723693,0.028768442617405653
335,-0.8515047877199438,0.6959132955584025
336,2.5626228359997976,0.03749611693400466
337,-0.38720715291858276,0.9277762458674439
338,-1.6243094043415671,0.2673516300569461
339,0.8296692598765398,0.7088044933095315
340,2.1888053083247367,0.09113308768240876
341,-0.38552612252112306,0.9283790267606452
342,1.1050906231233988,0.5430180911014433
343,-0.18983687421321704,0.9821423524169792
344,-1.4234288580387964,0.36310077834672577
345,-0.3930182755175333,0.9256753660285147
346,-1.4700827783725392,0.33940143856632443
347,-2.6245956088059366,0.03192866590861477
348,2.2111054276478592,0.08677006361022764
349,0.018657311939191068,0.9998259675010144
350,0.6125434325796899,0.8289422998349993
351,1.9305440587943083,0.15512870039345897
352,0.5044158928122915,0.8805419608619561
353,-2.53883471044501,0.03984171326781333
354,1.5623630257912131,0.29508580156185227
355,0.8633508889222936,0.6888805579191574
356,0.17023222688096906,0.9856149621803968
357,2.9919628793168336,0.011379737292079533
358,-0.5440164104214755,0.8624510136963527
359,-0.8083826493109871,0.7212703448066055
360,-2.525534490120034,0.0412063779336441
361,0.32583613712952797,0.9482997884937606
362,1.0330751583599422,0.5864768158073245
363,1.1940202306640302,0.4902488519771291
364,-1.1134736053072845,0.5379919214323993
365,-1.7151090581988946,0.22974172386214947
366,-2.7413125056381022,0.02334442394064216
367,-2.4610900647617777,0.04838902953581351
368,1.1250164050038425,0.5310861893435836
369,2.5034078371598056,0.0435639459019155
370,-0.7424614539429859,0.759097914499992
371,1.8440402482138634,0.18263928007915298
372,0.909266093850051,0.661409301810994
373,-2.315823439675889,0.06845907880870922
374,-1.0404020553543913,0.5820387699745602
375,1.711072293503447,0.23133597294173713
376,0.028725107028100716,0.999587519206715
377,2.0450251545585214,0.12355560993474926
378,-1.5956752834133328,0.27996524597117783
379,-1.4327062099041177,0.3583218973575033
380,-2.070203170105642,0.11731758934691783
381,2.275533095713527,0.07509318764015088
382,-1.2261844711722951,0.471533948390647
383,0.9121378076036359,0.6596817943277942
384,2.777457962147613,0.021128417033623413
385,2.8848992866088894,0.015586939188014586
386,0.25567944211504656,0.9678424254714424
387,-0.3616617568442333,0.9366930736772869
388,0.18025222394744045,0.9838858132397361
389,-0.8840053834582067,0.676560936709216
390,-1.7610443507194502,0.21211247498827826
391,0.32476605666364655,0.9486299475453712
392,1.0175217310038134,0.5959042754171042
393,2.5298500611345407,0.04075932358185288
394,-1.1093508986750904,0.5404626709578775
395,-2.623885108484558,0.03198825319398653
396,-1.6716017130201575,0.24730666753746647
397,2.482878776238511,0.04585167683539689
398,1.384756379838036,0.38336217279251095
399,-0.9541090192054984,0.6343451891908728
400,1.919854186623171,0.15835434788359357
401,0.2060431374619096,0.9789968174759407
402,-1.9652817080192406,0.14497904040547682
403,1.952026979490043,0.14879218705261169
404,0.9879174508488129,0.6138587385296927
405,1.5430662790061156,0.30406105141896694
406,-1.4007247450784732,0.3749303866899563
407,0.2487479039077738,0.9695359152596711
408,1.1121306128871957,0.5387965432779978
409,2.8563182204543303,0.016919696061229735
410,2.8955040681555824,0.015116447276089672
411,-2.8051345055221204,0.019557629810787205
412,-2.324730850276903,0.06705871077245701
413,2.1939803953620682,0.090105417583161
414,-0.04499491639313824,0.9989882409230955
415,-0.05140103801873952,0.9986798388257581
416,0.6528252346647996,0.8080830884501937
417,-0.347041579278045,0.9415583767031027
418,-0.14266387799722846,0.9898751142404474
419,-2.969989810729138,0.01215007741127587
420,-0.9782635340960875,0.6197124052434353
421,1.2701913402767424,0.44633163794030634
422,0.09076308419169576,0.9958895025906678
423,-2.164492292390264,0.09608582832250333
424,2.4273269998624,0.052551681602137086
425,0.7177923279301774,0.7728943515527416
426,-0.7961693321518721,0.7283724148482584
427,2.2912155665362466,0.07245175505342165
428,-2.813582448994147,0.019098927475068948
429,0.8555859990208505,0.6934932996898807
430,0.8331050775169482,0.7067826860465234
431,2.2632623765520012,0.07721370648579427
432,-0.020095358534862662,0.9997981086654766
433,1.7209859337023925,0.22743374995249058
434,0.4701196891055286,0.8953807241553123
435,1.3668629736330926,0.3929168785894828
436,2.4536681253462556,0.04927967106137378
437,1.2484271966213054,0.4587337820894368
438,-2.634510753050705,0.031106967361556985
439,-1.8387002207546745,0.18444402466156262
440,-1.210427585044883,0.48067329053284585
441,0.7003307831580079,0.7825232825763003
442,0.5919949408567717,0.8392648029244246
443,-1.7992110567622361,0.19817987256309566
444,1.0626553950717152,0.5685771628828296
445,-2.9135007295249284,0.01434658634457573
446,-0.9373023811702907,0.6445081076864311
447,1.3383331501029687,0.40837565288132827
448,1.755489638374769,0.2141942564642049
449,0.8310763309739766,0.7079768143254225
450,-1.9411994212261612,0.15196157342908337
451,0.06685562243903487,0.9977676582633586
452,0.6179524078632213,0.8261882802936008
453,-0.767742038281396,0.7447446145210922
454,-0.09143581034363546,0.9958284713919846
455,-1.8253455027367134,0.18901231597048399
456,1.4558858577472025,0.34652447934261665
457,2.7057183462279104,0.0257207843447885
458,-2.8864197881286513,0.015518698975325792
459,-0.4607717237807156,0.8992849866209485
460,-0.2547325022548428,0.9680763470923817
461,-2.3549096794694298,0.06248680908034722
462,-1.1357386383833203,0.5246881843775723
463,-2.1324500795875823,0.10293354728389432
464,1.4641742541750258,0.34235635069267956
465,1.3593640381162055,0.39695383326510986
466,1.5018046329558885,0.3237743107124454
467,-0.8591248102039204,0.6913924165870752
468,2.3455420457007268,0.06387777775312964
469,2.474293180752741,0.0468378626502357
470,-1.7568738278060456,0.21367420652259195
471,-1.9862655956584274,0.13909119132693815
472,0.5830809014568885,0.8436718453475157
473,-0.6450898845328421,0.8121497947319027
474,1.6339891607890449,0.2631686259936127
475,-1.8939702881037666,0.1663665610346393
476,0.30795284717425364,0.9536891701837171
477,1.2964448825918424,0.4315444906595076
478,-0.8267240084926435,0.710535553127166
479,-0.14412223127670964,0.9896681354443267
480,-2.7206443135483838,0.024699982584693834
481,-0.8257794931619187,0.7110902767903418
482,-0.4750312316167977,0.8933048888376197
483,1.6378604408906243,0.2615072132004079
484,-0.022287893568817996,0.9997516557426741
485,-2.510345714297218,0.0428128151146237
486,-1.105401245803761,0.5428316971393482
487,-2.9863554933605503,0.01157208477106454
488,0.9284772617539376,0.6498361577949237
489,1.0494543800973508,0.5765592045859799
490,1.179302629483396,0.49888615978895895
491,-0.1409562783547016,0.9901148463141377
492,-2.286374956701219,0.07325892310908112
493,1.2897296379031626,0.4353080796700009
494,1.099029122121964,0.5466576692611438
495,-0.5434341978008379,0.8627240776286133
496,-0.009431136550454688,0.9999555278206
497,2.7885078093934315,0.020488574257202175
498,-1.6794886610156274,0.24406002465943585
499,-2.24351504942513,0.08072718556526123
500,2.4715638343938293,0.04715506305780772
501,-1.4662773179627293,0.3413030159051395
502,2.3719137951214,0.060025396834463174
503,-0.1862990940669711,0.9827960315697455
504,-1.3511867586626192,0.4013775279399026
505,1.4867893798283136,0.33112102698899065
506,-1.723106152053688,0.22660487756437844
507,-2.5099813926963948,0.0428519856334734
508,0.6587861377882627,0.8049303012010489
509,2.449120338382208,0.049832135298628365
510,2.420591253594668,0.05341674483453529
511,-1.8512101078733776,0.180235773621955
512,-1.8751094222754265,0.17238625130336455
513,0.14655203184596743,0.9893187054990248
514,1.409021193006848,0.37058577070062504
515,0.9226411464356579,0.6533558560015942
516,-1.1472650546485463,0.5178298566162917
517,-0.44140502425593864,0.9071756404552441
518,2.397717404314892,0.056442978785407306
519,-1.7474880293568886,0.2172172647302919
520,-1.0046661228214555,0.6037005336753877
521,-1.8265162557455437,0.18860869325177124
522,-2.4189562121495105,0.05362850309169392
523,2.2112674599603412,0.08673898088343103
524,0.06655311783924445,0.997787791800245
525,-2.9540107156000426,0.01273896778202118
526,0.3589233144101489,0.9376177089426643
527,-0.816000421400727,0.7168215569790788
528,-1.8911322092346103,0.16726255485353525
529,2.0768795949607366,0.11570465340877938
530,0.2942078134063477,0.9576440563625653
531,1.3416273877599831,0.40657696838631247
532,-2.879174428623375,0.015846245317306554
533,-0.9866318592046937,0.614638362370057
534,1.301761874153124,0.42857394510219265
535,-1.1057051186817053,0.5426493647475026
536,0.1168498592085605,0.9931963058487282
537,-1.274132762550564,0.44409927539891053
538,1.2233052184064759,0.4731996773665048
539,-1.0782927299585863,0.5591387610677657
540,1.5483642794140362,0.30158120245065695
541,-0.0023706780481154155,0.9999971899467442
542,1.6795164109692937,0.24404865023429678
543,-1.4269459758884897,0.36128527074104566
544,-1.8301441005267367,0.18736181080311556
545,-2.1929596549343247,0.09030738634311172
546,1.400883462070496,0.37484703715298584
547,1.3075080661787055,0.42537307501227883
548,-2.5730312436534346,0.03650723238790979
549,-0.6073215313161984,0.8315866960017645
550,0.9422243773983228,0.6415338119469647
551,-0.33431376323852646,0.9456499159339135
552,-2.2992482739957953,0.07112820594622818
553,2.0021596590068818,0.13475167348623945
554,-2.577840200080481,0.03605787297822542
555,-2.4852137860614336,0.045586494425259375
556,0.5443278568677798,0.8623048574726516
557,-0.04596139719163528,0.9989443325934009
558,-2.887479579356461,0.015471291084109915
559,2.5802573244012175,0.03583379164529504
560,-2.2694391125560136,0.07614034912008105
561,0.19355836468921028,0.9814419410798871
562,0.683743832187119,0.7915574536145237
563,2.5178099649319936,0.042016893736308826
564,-0.8060369203867563,0.7226373606541874
565,0.9037818981066099,0.6647057219363843
566,1.068861507003045,0.5648288802199858
567,1.773293428821364,0.20757038492912308
568,0.8756037665541943,0.6815804557172149
569,-2.4091655281800732,0.05491112712749084
570,-2.679807728048684,0.02757943949631464
571,-1.483123900804909,0.3329282583610909
572,-1.5490995772185454,0.30123796352798077
573,0.7363478402707528,0.7625371343224182
574,0.2773119912412172,0.9622788838829789
575,-0.06851347378120787,0.9976557041189036
576,-2.1328304222748713,0.10285008822400345
577,-1.2616214329354334,0.45120011676031474
578,2.357547709741315,0.0620996080378015
579,0.9977116227272358,0.6079186282653881
580,1.7130548024652459,0.23055210774495163
581,-0.6220352444952151,0.8240995669484924
582,-0.6651456965405416,0.8015488193443738
583,-1.9026872508013994,0.1636362361170755
584,1.105932897730888,0.5425126981346066
585,-1.3041292830941764,0.42725400056324025
586,0.12341633388192808,0.9924131309580654
587,-1.6593118808974723,0.2524207454245965
588,-1.4983675336924824,0.3254479841532872
589,-2.5219960651969107,0.041576005190416605
590,0.13940056371250664,0.9903307917510272
591,2.1123356096474,0.10742301109060637
592,1.0008227118522255,0.60603165986271
593,1.2846516484299464,0.438162720806688
594,-0.47248228596924324,0.894384277752434
595,0.383187445591779,0.929213909165382
596,0.5417253856439217,0.8635243378054127
597,-2.5976016356977416,0.03426033085714528
598,-1.868728412070487,0.1744577060296071
599,2.241141024704973,0.08115806985283872
