,data,labels
0,-1.8135854697752694,0.1931001856575665
1,-1.7253832744353046,0.2257168995382925
2,2.541306474463096,0.03959235247958461
3,-0.0653614266598126,0.9978662217009742
4,-0.13709395397940538,0.9906466412395757
5,-2.4136830991253975,0.05431618384062361
6,1.6102325408316611,0.2735079970773634
7,-2.5218610876792438,0.04159016022378512
8,0.2158307028676152,0.9769777058854066
9,2.3324178438589147,0.06586905656087727
10,0.20516656269308164,0.9791732760386962
11,1.4154382349319556,0.3672425689456943
12,1.7525377811353309,0.21530614420247282
13,-0.6229521397166815,0.8236293368577435
14,0.9738256930841791,0.6224025305979735
15,-1.2879350720481864,0.4363160665837564
16,2.9391842795572662,0.013307837726266583
17,-0.7259537134134217,0.768354243970992
18,0.5326475741631742,0.8677455789198439
19,-1.918223858453237,0.15885056116990967
20,0.6094921896992913,0.8304891913425265
21,-2.4582673695039503,0.04872615984443719
22,-2.898115558023391,0.015002522972925638
23,-2.5067015307051883,0.04320598368833324
24,2.242946131908253,0.08083027643222532
25,1.2823129290394402,0.439479931950308
26,-2.097418420814253,0.11084948199188185
27,1.971200247129424,0.1432999623130306
28,-0.14375799785013044,0.9897200229286974
29,1.914384882694808,0.16002347759482008
30,2.0066096714932886,0.13355509537171706
31,-2.210561208582761,0.0868745262416619
32,-0.655100125862135,0.8068818019275813
33,2.3368921498173636,0.06518457225276525
34,-1.6291257945999678,0.2652651393562996
35,-1.754738519910059,0.21447681465813964
36,0.2724825531530368,0.9635572531034889
37,0.5445496525784468,0.8622007368428576
38,2.488568474217315,0.04520776000133102
39,1.7840273929018045,0.20364502602673695
40,2.9333794144362226,0.013536610238281541
41,2.203618279946329,0.0882160145264374
42,0.061482701949132856,0.9981117237216233
43,-1.707273858405133,0.2328427342053742
44,-1.9232485251580231,0.1573248591639634
45,1.1670965202200927,0.5060817083618931
46,-2.9165498577273423,0.014219634810948803
47,1.015154828028086,0.5973394928758776
48,2.900484931780534,0.014899815930824572
49,-0.1488330313962063,0.9889854734196547
50,1.142440562047291,0.5206979171561669
51,-0.8016962731916388,0.7251632643846943
52,-1.8678884569186907,0.1747316966166433
53,-2.875160497428455,0.016030310494074728
54,2.9686813531926344,0.012197375316297537
55,-0.060506206680328134,0.9981711738208766
56,-2.9725661383405133,0.012057423828393046
57,-1.3857512421221754,0.38283421117098854
58,0.6145593415934698,0.8279176449454342
59,0.14753947426111136,0.9891750676293593
60,2.4063989590572676,0.05527812739113557
61,1.6731597833246603,0.24666310265126268
62,-2.24657922294488,0.0801737517586565
63,-2.4027744838511027,0.05576200195414612
64,-0.7598186625783665,0.7492652644640329
65,1.8404640327015578,0.18384653324692565
66,-0.21304634264924083,0.9775612081418118
67,1.5282107217363965,0.31107725010861614
68,-2.91195583836439,0.014411289272509455
69,0.8068233835067553,0.7221791894222919
70,1.1420496854187938,0.5209304486660837
71,-2.735195984220538,0.023738702733530914
72,-2.4847412637971855,0.045640053854321024
73,0.5057682084236781,0.8799407174386964
74,-2.090534079829955,0.11245902235042829
75,1.5155948402957673,0.3171076857955952
76,-0.2761690554103682,0.9625832976198844
77,2.435348790035083,0.05153666079009924
78,1.0482322501339603,0.5772987252103164
79,-0.20678330920288523,0.9788472565585705
80,2.6120842400274285,0.032991938392372196
81,1.8500546175957773,0.18062159995995408
82,-0.43168999029965516,0.9110312094447868
83,2.399879231087165,0.0561510351850984
84,1.5165548802387612,0.31664647368861176
85,-2.168285090471078,0.09529955700301984
86,0.952445118814325,0.6353521593391089
87,2.0441582656995445,0.12377479826186213
88,-1.1922811871587957,0.49126714550007616
89,-1.7945247596277663,0.1998557232595959
90,1.440848221630941,0.3541545784432487
91,0.33144346728907337,0.9465538785173163
92,-1.9566924793590936,0.1474416566791103
93,-0.4890299283412327,0.8872973378680865
94,-1.7282883978314603,0.2245873876353149
95,0.11412392792750037,0.9935090225385055
96,1.1245336737316576,0.5313746283697254
97,-1.7992275817034495,0.19817398036801048
98,2.5313278483133397,0.0406071817418908
99,0.9060267564522593,0.6633568212070748
100,2.9781087031547733,0.0118602153974581
101,-2.211588453876077,0.0866774306396157
102,1.58646608502643,0.2840976336422164
103,-0.32467126226729404,0.9486591482563506
104,1.8025452280996426,0.19699347952054788
105,2.3078660731542513,0.0697301207683509
106,0.8389683368534104,0.7033265856270902
107,-0.6560241250252359,0.8063931902690165
108,0.9030299329827072,0.6651574297143453
109,0.10590545264693851,0.9944077129298926
110,0.9987506490953924,0.6072884289466327
111,1.006067601710881,0.6028505183382942
112,2.07279767671963,0.1166887547909641
113,0.8320438379986355,0.707407447571168
114,-0.06072633402282257,0.9981578550138045
115,-1.8251421075911973,0.18908249901235447
116,2.41490122110841,0.05415667990543564
117,-0.18473548563302167,0.9830811588559356
118,2.184268936330705,0.09204152978243225
119,-2.0396619741175703,0.12491641013018713
120,-2.2900745791700032,0.07264136242019721
121,-2.4482467393217684,0.04993884868805519
122,1.3493668030724937,0.40236510360642425
123,-2.4629736105637106,0.04816515218266002
124,-0.36930669200178645,0.9340795095499691
125,-1.6157100203386248,0.27110219254806234
126,-1.949748085903548,0.1494551697158442
127,-1.810875989801874,0.19405067838965523
128,2.556168718653133,0.0381206457996585
129,2.249717739488325,0.07961004873705156
130,1.6811807511421346,0.24336707980208247
131,-0.31499938833961094,0.9515982806755765
132,1.2257696511010714,0.47177381263192625
133,2.741630013491399,0.02332411289272024
134,0.23580345883759168,0.9725812731685507
135,-0.8618315514247366,0.6897839740378043
136,0.8396749862035096,0.7029095620160403
137,-0.1985291468748911,0.980486000782046
138,0.1992243912886562,0.980350440352279
139,0.9991949242240548,0.6070189627486176
140,-1.7443310576788131,0.2184178256006504
141,1.808303151735858,0.19495624225557176
142,-0.84429573336012,0.7001801340509415
143,-0.7914891472404597,0.7310835464748897
144,-2.494964112347156,0.044493019781773994
145,2.5909895560102143,0.034853091405241274
146,-1.3373913990808937,0.40889050318034054
147,1.714056955348802,0.23015653304525552
148,-2.7895459194415424,0.020429339137292377
149,2.2473740693277247,0.0800306891300811
150,0.8076707046344955,0.7216853895778658
151,-0.7023749895879936,0.7814021749219372
152,-1.0643830026820296,0.5675334502458269
153,-0.5933581438969964,0.8385870024556983
154,1.4295387428706183,0.35994986947595214
155,-1.1200043729969098,0.5340825319417914
156,-2.918241574506308,0.014149628019846192
157,-2.746159541337885,0.023036022024664683
158,-1.8099524361593577,0.19437540536346765
159,-2.212046071565598,0.08658974301494517
160,-1.6309492400007077,0.26447786649604643
161,2.226724126264129,0.08381442357735469
162,1.3592928150975396,0.39699226639902535
163,0.11551122245181222,0.9933507832686131
164,2.241990413978866,0.0810036949902489
165,0.6990853677313407,0.7832054918785912
166,2.547860919615645,0.03893749414310444
167,2.3285364551245333,0.06646757717986594
168,-1.232310650395547,0.4679963559440474
169,-2.6426883237243395,0.030442951538948475
170,0.5711452887896113,0.8495032853769807
171,0.9980995217787365,0.6076833566335086
172,-2.708303190912817,0.025541439000492727
173,-2.7923077157665013,0.020272475701010758
174,2.232731863099974,0.08269916396524413
175,-2.8825472026846537,0.01569302099839352
176,0.7484897824454131,0.7556942036089183
177,0.520802209820455,0.8731765840845326
178,-2.287013227070763,0.07315207757126163
179,-2.8620822359553846,0.016643136617819368
180,1.4267593742480624,0.3613814768532511
181,1.6054118288305022,0.27563615275913445
182,-0.2050059288839634,0.9792055342437923
183,0.8988073473358207,0.6676926448615516
184,-1.2704003939759605,0.446213125824901
185,0.35298657810895673,0.93960118768789
186,2.272020360467831,0.07569537179417224
187,1.018614278079383,0.5952418271912088
188,1.3607142964418628,0.3962255345051163
189,-0.5565924077776527,0.8565029181176868
190,2.6332030991475177,0.031214289860222344
191,-0.6479900989427128,0.810628355789792
192,-1.1877450092433768,0.4939262307102049
193,-1.3581669678754347,0.3976000190393715
194,-1.6534973748714212,0.25486359860901675
195,2.3912868987547444,0.05731880546044439
196,1.8414478755277912,0.18351384969786289
197,-2.2075993237446694,0.08744481353090869
198,0.4479227126728107,0.9045502878737909
199,-0.2089311972976171,0.9784103437063907
200,0.6636194551401218,0.8023620086348743
201,1.040917083150494,0.5817268990512614
202,2.6278920820557206,0.0316534415842232
203,-2.568819158157837,0.03690471591012171
204,-2.303767519233097,0.07039222999230996
205,0.9698260499646674,0.624826490120689
206,-2.9370716098831906,0.013390700295068192
207,2.8146847219295354,0.01903977547568707
208,1.247544363546976,0.4592394765804112
209,1.9484174282209779,0.14984329405114144
210,1.040338803544616,0.5820770724779455
211,-1.0600304125607476,0.5701634312398569
212,1.0835728352018972,0.5559566004105306
213,-1.9639503283367283,0.14535875118958622
214,-1.8892417639889076,0.16786130241862215
215,-1.976217008173322,0.14188806147888236
216,0.7035738498336519,0.7807439115276197
217,-2.869573199804795,0.016289652731025346
218,0.12865608443590126,0.9917579593776066
219,0.6190769957726436,0.8256138048965626
220,1.9336388387520822,0.15420389182390842
221,0.8094614775141631,0.7206411754521509
222,-0.706803788091035,0.7789676220687535
223,0.8990309916911956,0.6675584266272252
224,0.8605525757310488,0.6905441508311594
225,-2.8549101895934914,0.016987863607441603
226,-0.059231232245278154,0.9982473682193247
227,-1.6248555162547083,0.26711453985456624
228,2.8018357211316998,0.019739339527862856
229,0.3022480945133257,0.9553505332556773
230,-0.8660357339298717,0.6872831301761979
231,-0.040856611616184146,0.9991657168514909
232,-1.3540040067035164,0.3998509504924218
233,1.0996163177569143,0.5463049060373996
234,1.2475606175539538,0.4592301643421455
235,1.7866859186654382,0.20268073216169255
236,0.8024732135132799,0.7247115037354126
237,-2.0395187067602887,0.12495291687791577
238,1.1059239713274023,0.5425180538265599
239,-0.9285632593459097,0.649784270120235
240,1.3692248125784605,0.3916493739396056
241,1.8862664239625762,0.16880678348853526
242,-1.8579239486163053,0.17800552329558242
243,-2.1588047670050967,0.097274440581795
244,0.8623894186072931,0.6894523069252595
245,-0.8784885521845536,0.6798581753955064
246,-2.7306357884170143,0.02403640063583279
247,-1.6436573070143394,0.2590317413152753
248,-2.4780520164004782,0.04640394053682668
249,-2.760360847734293,0.022152697538946057
250,0.7698053503664744,0.7435642221068475
251,-2.62375414310271,0.031999247191514105
252,-0.49429987644743356,0.885001283291847
253,0.269899798331358,0.9642323845902134
254,1.3463953168144753,0.4039798919866363
255,-2.510526712917505,0.04279336601163727
256,-0.5181207124756142,0.8743937093893931
257,-2.613648215705412,0.03285739327500696
258,0.07488882969366273,0.9971997596013263
259,-2.041288817281684,0.1245024334133503
260,1.5787936617012042,0.2875683484919392
261,2.176760016563538,0.0935609592205195
262,2.5184888359068207,0.04194512727769142
263,0.015028422682980214,0.9998870796318156
264,-0.8388130003198762,0.7034182423454004
265,-0.8008411874775803,0.7256602827405383
266,0.7116594172885629,0.7762896539017801
267,-1.1254768466558507,0.5308110993271105
268,-0.9585683782601473,0.6316456844593682
269,1.6535417494642468,0.2548448988678041
270,-1.5152049484757935,0.31729510170326414
271,-2.0468931283747716,0.12308430652569
272,0.5305080244615561,0.8687330596219036
273,-0.8873011237196913,0.6745890137410436
274,0.8542786468292629,0.6942688488524842
275,0.24883399766803826,0.9695151486544493
276,0.926790642835805,0.6508536644557071
277,-0.8397018501390048,0.7028937064280529
278,-1.1974207681044022,0.48825950206314367
279,0.572607957066988,0.8487930020413532
280,-2.9615329198100717,0.012458668695998008
281,1.0053347868144353,0.6032949786016432
282,-2.2320785596675883,0.08281986356251463
283,-2.4684684058825024,0.04751698107938502
284,0.036386378206066716,0.9993382348037609
285,2.136776537396079,0.10198729978282704
286,0.04415420065176612,0.9990256782423798
287,2.02876070022217,0.1277174356319837
288,-1.980648447556056,0.1406495228658203
289,1.447286125070514,0.35087734398941756
290,-1.4250181937087625,0.36227980410616273
291,-2.922103974125587,0.013990932779432592
292,1.154250683408507,0.5136838297153676
293,0.7813972900323112,0.736909004069764
294,1.2632220581377887,0.45028931342334116
295,-1.2698052107904225,0.44655056541169164
296,-2.610919464142344,0.03309244653109032
297,0.7212938218688931,0.77094951401768
298,-2.7760060361240937,0.021213770499707147
299,1.2059654712866195,0.4832716510156997
300,0.5931741797773293,0.8386785305734127
301,-2.165821274856132,0.09580974303884772
302,-1.1878450848019309,0.49386752155765834
303,2.3634586285039774,0.06123916492895173
304,0.7000662459938951,0.7826682416379859
305,-2.543570673652139,0.03936509039844519
306,0.46761631873809595,0.8964322945393663
307,1.8239629404727467,0.1894897389192699
308,-0.9662657981933735,0.6269836618281099
309,2.2600224414112073,0.07778157369303391
310,1.400438637768647,0.37508065764824255
311,2.2477782437735687,0.07995802123509768
312,0.4797406602411316,0.8912988032533335
313,-2.604171117268783,0.03367991531509897
314,-1.7801618379887687,0.20505273588317313
315,-0.09998998754146982,0.9950134753954248
316,-0.3117467056227303,0.9525687422603971
317,2.3857374223428804,0.05808362339211704
318,-1.2525141155112571,0.4563953704008024
319,0.2647317465540797,0.9655653938850255
320,-0.5076960978626022,0.8790815023768447
321,-1.4652997528198854,0.34179242083775785
322,-0.9387046426154368,0.6436609265938372
323,1.1183273897555734,0.5350858512473665
324,-2.5815323955280056,0.03571606274402688
325,-0.5480891243215398,0.8605351256649713
326,2.87750630957507,0.015922512656745894
327,2.9476884432087083,0.0129788576622086
328,1.7383153510804723,0.220717841186222
329,2.8760893699179215,0.015987549244769222
330,-2.191026020503741,0.09069096769108125
331,2.5897154307283285,0.034968311753170764
332,0.9907376198581188,0.6121484162237852
333,-0.8517479214301522,0.6957692153120119
334,2.1621098888785246,0.09658231917862058
335,-0.49708118563853176,0.8837820004717392
336,-0.17765287091157722,0.9843435848588662
337,2.126759129384446,0.10418863786510231
338,0.6224883647596391,0.8238672370568276
339,1.2162834846826147,0.47727007299417423
340,2.9538166904872787,0.012746271003099776
341,1.9753279313527043,0.14213752300356594
342,1.58055807459192,0.2867679538057042
343,1.1084059154800734,0.5410293031929979
344,-0.2894335159304897,0.9589792129669497
345,-2.557063707801709,0.03803351999773656
346,2.0580417688714903,0.1202998429835389
347,-2.3447658710633847,0.06399415710325214
348,-2.886764759793997,0.015503253262234099
349,-2.272517339368588,0.07560993955334619
350,0.7710064107744268,0.7428765173740152
351,-0.37338018315612365,0.9326676290280432
352,2.366144636156303,0.06085141416696278
353,-1.1024798213401208,0.5445851982516643
354,-1.8254704955626961,0.1889691952909644
355,-1.7423231705662943,0.21918371592172214
356,-2.579960974055675,0.03586120122182121
357,-0.9382477958907982,0.6439369488089766
358,1.4531427284910077,0.34790984645422435
359,2.636531429889761,0.030941746409287114
360,-2.6840298526096875,0.02726890805674203
361,-2.3492060241465165,0.06333073821112234
362,0.8024233239200789,0.7247405172843896
363,2.446647844069213,0.05013465284450199
364,1.4225285508956613,0.3635662513497559
365,-2.452324910564997,0.04944231050106913
366,-0.5514294944011007,0.8589562894799335
367,2.6244494059447465,0.03194091969402891
368,-2.28179680398292,0.07402900320710752
369,-2.600779763397095,0.033978487036480126
370,-2.9333998879935343,0.013535797295559595
371,-1.2790532992923553,0.44131839883864804
372,2.579058879436298,0.03594474604036714
373,-0.9172621363227957,0.6565969537434843
374,0.3376123344770918,0.944602529004188
375,-1.559231056632575,0.29653182106764775
376,0.5646941711707507,0.8526213333197725
377,-1.2925361956515788,0.43373353480959287
378,1.5120098733853222,0.31883328556017604
379,2.1926043686680057,0.09037776911002696
380,1.1128762844976006,0.5383497633531382
381,-0.7637552948056108,0.7470216772666265
382,-1.227776121977524,0.47061397695216123
383,-2.100698749628206,0.11008883828746721
384,1.0736713317949027,0.5619260258467919
385,1.8481390370306237,0.18126251305269186
386,0.668519690991789,0.7997474500256875
387,-0.6911272316808534,0.7875499945257184
388,-1.9961754184894922,0.1363734568080582
389,-1.9502122934785409,0.14931994476928057
390,2.6613995076483086,0.028969154017246986
391,1.811864147218654,0.1937036541038055
392,2.7345238971852064,0.023782376111219864
393,0.8539768990305374,0.6944478066393911
394,-1.5433846907234408,0.30391167827466464
395,1.5578659442465828,0.2971633919750255
396,-1.07227793499823,0.5627667782211365
397,-0.43725130499157894,0.9088326075626902
398,2.9428047505533197,0.01316689044664876
399,-2.859652460653364,0.01675923050016151
400,2.377084308766853,0.0592929477212808
401,1.104902122123832,0.5431312097061561
402,0.9255817795010604,0.6515827895048099
403,-0.23170178004814135,0.9735142100214784
404,-0.0055590935397153984,0.9999845483588862
405,0.07932089961714706,0.9968590406084835
406,-1.2892061961635848,0.43560199496982255
407,-0.6238696953530187,0.8231583439007593
408,2.177219840217492,0.0934673486179813
409,-0.5445141384112446,0.8622174107564784
410,1.0608779953515732,0.5696511856294021
411,0.7548577243056269,0.752085629896341
412,1.1537134317700737,0.5140024015182769
413,1.4771971396063748,0.33586173904884
414,2.95853235904781,0.012569816436771783
415,-2.7990971427106786,0.01989130838636137
416,-1.6182608513651517,0.26998629203036234
417,2.0970256364241884,0.11094083254624246
418,-1.7697538247890254,0.20887604268339374
419,-0.46933902700028707,0.8957091203936297
420,-1.5354476566611854,0.30764777035238394
421,1.2307337076316802,0.4689061066821019
422,-1.157926372496894,0.511505601737526
423,0.6022003320671256,0.8341661966055348
424,0.5682831092995713,0.8508896360747652
425,-0.12559671568268094,0.9921437553836372
426,2.7911675409954118,0.0203371071948201
427,-2.14535089358717,0.1001320736091143
428,-1.949379487399523,0.1495626077398582
429,-2.4818696562399998,0.045966679885236866
430,0.3137500384649332,0.951972107639136
431,2.864326129223171,0.016536551804404054
432,-2.0652409607905438,0.1185275195281632
433,0.03941036236209072,0.9992237131359185
434,2.56141509814303,0.03761231887851203
435,-0.04503796338009014,0.9989863050634799
436,-1.626309221196567,0.26648406215141024
437,-1.9493966294248448,0.14955760997054432
438,2.230179971426038,0.083171432251848
439,2.257091665015004,0.07829814304710526
440,0.44608982700604694,0.9052916999050837
441,0.9695847746142059,0.6249726953863856
442,-0.627322454807417,0.8213822138490373
443,-0.21895894766154544,0.9763135241624875
444,0.8029849685283663,0.7244138529290066
445,1.6755833821379067,0.2456641707582305
446,2.2891134082990128,0.07280139964822463
447,-0.9829454166370164,0.6168737802854404
448,-0.5002489960579375,0.8823870129450406
449,-2.1457614768908613,0.1000439031485745
450,-2.1074912418962235,0.10852663336366222
451,-2.03884189456626,0.12512548871761842
452,0.8254682159735678,0.7112730489633612
453,2.846655200146939,0.01739238322548904
454,2.728296111745986,0.02419038988972614
455,2.6393187106928107,0.030715077280869862
456,1.092374018111526,0.5506584705206141
457,0.7990081446918582,0.7267250960858965
458,-1.1252717343472056,0.53093363959694
459,-1.1425501859203342,0.5206327065501519
460,-2.662814668794143,0.028860223534950415
461,-1.0552108041705879,0.5730771548584468
462,-1.09093785318688,0.5515224688603086
463,-2.6495092751293305,0.029898418304547838
464,-1.8745883772593728,0.17255473438144484
465,-2.46895538945637,0.04745988943786767
466,0.4055879507974547,0.9210409391856013
467,0.3061822552440776,0.954207823696267
468,1.4512105332923158,0.3488874135967713
469,-2.699815776371448,0.02613440553077753
470,1.7993262487127826,0.19813880180821405
471,1.8044075338070673,0.1963329622575601
472,1.8489628793250743,0.18098667584155234
473,-2.8964749470198266,0.015074004736313422
474,-2.752982700144379,0.022607877451245626
475,-2.1254537280668364,0.10447820696905745
476,2.067527097615738,0.11796891166579053
477,-0.8303983728466706,0.7083756628120312
478,2.5078980155474806,0.04307656228856864
479,2.684251133965576,0.02725271649101409
480,-2.495656929903129,0.0444161669250153
481,-1.700051456900454,0.235725454849675
482,2.072288133231938,0.11681204912791261
483,1.8794917571212846,0.1709738543780799
484,2.091942723348147,0.11212822697237737
485,-0.21618760586815666,0.9769023893613458
486,2.465000569194995,0.047925195869137405
487,-0.8529466923019702,0.6950586628823622
488,0.14017373393345078,0.9902237633150475
489,0.5018219368646029,0.8816918784605444
490,-2.835387029432209,0.017958175586053112
491,1.7270336790135987,0.22507476024212905
492,2.044186636257927,0.12376762023550758
493,-0.7781692779145342,0.7387662509920391
494,1.1312369730684892,0.5273722913662677
495,1.9804786750170642,0.14069682355932725
496,-2.1372876577312336,0.10187596185490601
497,-1.9199843967229133,0.15831476537159445
498,1.6318615640821905,0.26408451825541635
499,-2.358482478611652,0.06196287888179256
500,-0.38973530193231243,0.9268655119107778
501,-1.1176874821391063,0.5354688001241219
502,2.3994021420264318,0.05621535607817509
503,-2.4660110377802322,0.04780594765831775
504,1.8789571673011496,0.1711457034580799
505,-2.2790455481700618,0.07449492286984975
506,2.36277597049766,0.06133803573544489
507,0.6508330308726382,0.8091331277653926
508,-2.9801595053092607,0.011787974957176447
509,1.8509366457062537,0.18032703180232962
510,-1.679229563209388,0.2441662427401869
511,-0.6856907374504448,0.7905029474795598
512,1.689947603409279,0.23979726275961324
513,1.245912650058397,0.4601746600576167
514,-0.39626370640429,0.9244905383902932
515,-0.11260540074080216,0.9936800671809188
516,2.4991342030198913,0.04403212127835554
517,1.9925948311254915,0.13735079469935066
518,1.3208455270155035,0.4179821907950788
519,1.239282716089086,0.4639813946956165
520,2.3768945267035795,0.059319701394293434
521,-0.18133454512714042,0.9836933087332352
522,-2.5641329791587193,0.03735124751078199
523,2.4516086500552863,0.04952921970403998
524,-1.8368783030578886,0.18506263379984964
525,-2.9689722749624097,0.012186845035883194
526,-0.16811506128403497,0.9859680417576616
527,2.1966599285805506,0.08957693438184708
528,2.611467937149298,0.03304508646831418
529,-2.6783135896893633,0.02769005813360737
530,-1.0910402681682756,0.5514608486985375
531,0.4326758803288504,0.9106431155378961
532,-2.8893165084800847,0.0153894211628763
533,-2.7618260116733135,0.022063260836466685
534,1.2025925858233668,0.48523864198048705
535,-0.2673358567742583,0.9648966998519479
536,-1.8983830696483095,0.16498031098526394
537,2.773568325951354,0.021357749533479173
538,-1.6351617241076062,0.262664708703858
539,-1.0502776772073599,0.5760610699889547
540,-1.145392202183023,0.5189427820576795
541,1.7306558516844186,0.22366970680800874
542,-0.15777261629845807,0.9876310331355207
543,0.016075277164737223,0.999870801078938
544,-2.4573576089572544,0.04883523445410825
545,-2.7475000236153573,0.022951357592147465
546,0.7135032666414354,0.7752703624005963
547,2.922152834803189,0.013988935336188427
548,-0.7101329988945029,0.7771324824544484
549,-0.0943061268822758,0.9955630496935269
550,0.2706136647352402,0.9640463758787255
551,-2.856944372698594,0.016889459086402953
552,-0.25029535451287277,0.9691616279939576
553,2.8422479577507653,0.017611789791809503
554,1.7422196900324654,0.21922323637448188
555,2.897287510308253,0.0150385637751454
556,0.8385651430428975,0.7035644807449938
557,-0.9898485270195367,0.6126876272789908
558,1.0678348616953226,0.5654487326803124
559,-1.5705388906268611,0.29133070799744687
560,0.1557088458205591,0.9879505606310838
561,-0.5366523250916124,0.8658896019155005
562,-2.818091673617009,0.018857956843212648
563,0.5874377216954385,0.8415233325232084
564,-0.5189578377458521,0.8740142328979578
565,2.42439768278492,0.05292645015506323
566,-2.2452048587890743,0.08042160427822966
567,-0.43029468954997707,0.9115792355228525
568,-1.9567957097923119,0.1474118771297347
569,-2.8894416648299424,0.015383856982817174
570,-0.645610166219182,0.811877150005751
571,-1.7909998864329382,0.20112266235142512
572,-2.1077336055821903,0.10847121116973954
573,-1.369236717908602,0.3916429896586816
574,0.1893918166831492,0.9822252382122767
575,-1.6517644978153245,0.25559452468674604
576,-0.34011046886291396,0.9438032411797174
577,-1.9072840798691255,0.16220954682790628
578,1.5014146579228012,0.32396396532337945
579,1.0804469008550708,0.5578401914985379
580,-1.6227179323033474,0.2680433001201489
581,0.6570063860690918,0.8058733396442063
582,-1.7631079399001484,0.21134259191074117
583,-0.6992592109660145,0.7831103018773463
584,2.421125232106032,0.05334773835280132
585,-1.2745704395902289,0.44385164612250533
586,-2.5057833953646624,0.043305518145541066
587,-0.9040835244100984,0.6645245147037226
588,-2.130740848665675,0.10330925824042943
589,-0.4056388943375846,0.9210219075599289
590,2.6535384203407517,0.02958070246197134
591,-1.6175633820531956,0.2702911284184706
592,-1.691107647858115,0.23932746023238977
593,2.6994330719673547,0.02616142045796083
594,-2.4726212130810143,0.047031963606326534
595,-2.2700514320079157,0.07603460206495878
596,0.9274682387658224,0.6504449141349944
597,-2.1536918035717925,0.09835280712224528
598,-2.4573658489709285,0.04883424561438861
599,-2.4563808741737185,0.04895256556132292
600,0.9358471260908572,0.645387142248563
601,-2.874757455733734,0.01604889603483084
602,-1.1117680738798006,0.53901378942629
603,-0.8536138405623568,0.694663103297821
604,-0.6755556449869733,0.7959748296050597
605,-0.5257575895406683,0.8709153260620389
606,-1.039707804812864,0.5824591878961857
607,2.7292827860400495,0.024125346646649833
608,-0.4273548605183257,0.9127291621937652
609,0.9725059339897246,0.6232024233820922
610,1.8065320153111468,0.1955813328677553
611,0.34763194542131926,0.9413653244298296
612,1.6884124245325172,0.24041991043109906
613,1.963731442703076,0.1454212480332237
614,-2.2162557147762656,0.08578640828449999
615,-2.888503487880877,0.01542560944516198
616,-0.7744272649193342,0.740915426613097
617,1.4858781418135196,0.33156980241763406
618,1.652497542693264,0.25528516505808013
619,-1.3460316984979788,0.40417769173920187
620,-2.1721220035632207,0.09450930353885252
621,2.189136068974319,0.09106712889596194
622,-0.630303472295525,0.8198439730525858
623,1.3880311037621267,0.3816256317507686
624,-1.3510879586929136,0.40143111233783274
625,2.7100742608437622,0.02541918056333264
626,0.9538451380625714,0.6345048971691423
627,-1.4768727649147895,0.3360226932471661
628,0.10156766325161826,0.9948552845057027
629,-0.9021172927361958,0.6657055622453955
630,-1.7766895910832077,0.20632288145993377
631,2.877013622876863,0.015945100221186823
632,-0.33130156595179283,0.9465983886126488
633,1.295035746334941,0.4323331565916784
634,0.2090402792634416,0.9783880395556822
635,-2.803445067148493,0.01965050733825192
636,-2.863805262083698,0.016561239404327653
637,0.7347259216823412,0.7634473694281039
638,1.4570246513342244,0.34595020955564626
639,0.27219400242472824,0.9636329756918591
640,1.0593138463754528,0.5705965351226796
641,-1.2756904147375463,0.4432182276052394
642,2.1477507818535706,0.09961757137974567
643,-1.7225355866647498,0.22682773558569796
644,-2.42704500933249,0.052587662569386795
645,2.822045412266025,0.01864886198274849
646,-0.09974420265721395,0.9950378991192363
647,1.0214099606761877,0.5935468355549733
648,-2.241503681279001,0.08109212891874763
649,-2.750685731612999,0.022751231639520853
650,-2.8763158304163308,0.015977139204770924
651,-1.8377646462986497,0.18476150502915076
652,1.6131237538234648,0.27223649526325877
653,-1.611216618679732,0.2730748088742342
654,-2.9585302540433274,0.012569894718333651
655,-0.8462769328455328,0.6990085370894913
656,2.585814781325265,0.03532306808447425
657,-0.26056043621368286,0.9666238261245514
658,2.9273746420305296,0.013776911779510808
659,2.399525638966872,0.05619870044919301
660,0.8890237131791889,0.673557722658809
661,0.5228904650268227,0.8722255596420809
662,0.6319612952130975,0.8189866142139799
663,0.09933028017484435,0.9950788962238005
664,1.2669566277165512,0.44816691032772493
665,-1.7432055713642938,0.21884691058802425
666,-0.27969070562911114,0.9616416091336698
667,2.031881623196873,0.1269107157512553
668,-2.4526802323840498,0.04939924387083821
669,-1.6051328364837532,0.27575962645419555
670,2.575248942275195,0.036299418491964525
671,0.23533218926243205,0.9726892511944806
672,2.8970136395638475,0.015050500780191801
673,2.502933302912627,0.04361572365223112
674,-2.2257352838170514,0.0839991350837309
675,-1.766386342837266,0.21012338859376922
676,0.8405500766907648,0.7023929907494134
677,0.4576059363373619,0.9005932226764405
678,-1.1575982230253883,0.5116999693979475
679,-0.7307859666831589,0.7656546461087641
680,-1.3639907696256195,0.39446083948862787
681,1.7952299259849491,0.19960292845863298
682,-2.584768493416641,0.03541874489143644
683,-1.1589097743349843,0.5109232312128771
684,-1.3666555629179813,0.39302827865857765
685,-0.9767754562725202,0.6206145104056114
686,2.1135076976849474,0.10715730391178097
687,0.4503466719840419,0.9035660541067663
688,-2.416429843379108,0.053957067550961996
689,2.701770524826907,0.025996795867720256
690,-1.2628261538191532,0.45051453090862514
691,-0.6530679389666232,0.8079550392894053
692,-2.555343431267345,0.03820113598973536
693,-0.9908538196682279,0.6120779434654465
694,-0.21023860930075244,0.9781422824802144
695,-2.2938302823972037,0.07201875684039392
696,2.522639481820967,0.04150858616426399
697,-1.3854472644891338,0.3829954915272058
698,-0.9807577579539188,0.6182002221753844
699,2.5973611768355056,0.034281736112958976
700,1.485975544775597,0.331521816573958
701,-0.7824021771833802,0.7363302266019065
702,2.073903420247273,0.11642154128083076
703,0.941652760141372,0.6418793249416073
704,-1.3267451191060278,0.4147305256120616
705,2.766840059419925,0.021759562623803626
706,2.54303371478143,0.0394188860065425
707,-0.24229944269761816,0.9710721486843149
708,0.902660384677537,0.665379393123741
709,-0.6443859920781296,0.81251845320985
710,2.1623515781821663,0.09653185959964804
711,-0.8545791282793287,0.6940906251261922
712,-0.3700415412694733,0.933825796873374
713,0.25657915381296315,0.9676194191146361
714,-1.7451254453029157,0.21811531025282654
715,1.2432399035475967,0.46170795081147964
716,2.0207891614893114,0.12979559428840384
717,-1.1538573745736382,0.5139170435474176
718,-0.3827102929239703,0.9293837153597067
719,2.725003000390333,0.02440857739026367
720,-2.4230191022875536,0.053103587860357515
721,-0.9470559147516324,0.6386124821135657
722,-2.737894029334214,0.023564077699843193
723,-2.9859796561196332,0.011585079562782022
724,-1.3306022144657361,0.41261054279682086
725,-2.0733324828100725,0.11655945507831973
726,-0.4885280319528853,0.8875150331620545
727,-1.3471865392161573,0.4035496357919118
728,-1.38635065414795,0.3825162786235377
729,2.036697092005328,0.1256735606665452
730,-0.6974454838448643,0.7841028339600796
731,2.063546331418137,0.11894290023847279
732,0.7728417165220032,0.7418248169842172
733,2.258195198329706,0.07810331504491161
734,1.4200918233617221,0.36482758991606595
735,-2.8480080993429926,0.01732551398743812
736,1.7432249096736427,0.2188395332001532
737,-0.6925121989877141,0.7867957667078165
738,-0.760060041290509,0.7491278369571208
739,-2.850836676925007,0.01718643482574894
740,-0.22404170109110044,0.9752149781154524
741,2.4090770232674146,0.05492283647512859
742,0.45908296316001884,0.899983739060242
743,0.21195770170342731,0.9777873817502726
744,1.0100347228828266,0.6004444963971654
745,0.6307996746761413,0.8195874994181342
746,1.0713425058105122,0.5633312925803206
747,-0.1521404538032849,0.9884933548604747
748,0.5423298534287793,0.8632414605591466
749,0.38796319441276506,0.9275044189832428
750,0.5725772203237058,0.8488079406167837
751,0.7297763548244007,0.7662193718382804
752,-2.4678636840334676,0.04758795568998858
753,1.266059686244219,0.4486763099087504
754,-1.5220989172411503,0.3139904972919254
755,0.3709755415952163,0.9335026976036586
756,2.2937328275166227,0.07203485772777395
757,-1.9188289273433785,0.15866626797178202
758,-1.5191385874573953,0.3154071219707942
759,-0.9957378897240399,0.6091157446001562
760,1.8821161663830246,0.17013200693471742
761,2.194091781486814,0.09008339984521041
762,-2.5034831840835894,0.04355572934401674
763,2.708033675935101,0.025560088296495552
764,-1.1362454641308775,0.5243861820918633
765,-0.8791194995680369,0.6794813127366846
766,1.1880239405747162,0.4937626011927967
767,-2.1750359913735373,0.09391259385636139
768,-0.42673543855744445,0.9129706302911309
769,-1.345893897969925,0.4042526633001772
770,-0.7055784572802875,0.7796419682915159
771,-0.7568212303529496,0.7509702909236576
772,1.7930210401577735,0.20039552803315508
773,-2.708579308368858,0.02552234502935998
774,-2.9352195676561674,0.013463715467187835
775,-0.03511821767608225,0.9993835454798391
776,-1.3860778696228104,0.38266094983838667
777,-1.9837495133578105,0.13978761193546632
778,-0.45566145552012527,0.9013932284402247
779,0.5985451105897353,0.8359987804373984
780,-1.294679797159574,0.4325324664087323
781,0.9736534979480895,0.6225068995854606
782,-1.4424349163396832,0.35334539514006386
783,0.21782569231400695,0.976555186063793
784,-2.675072396875528,0.027931333263733975
785,-0.0776166640521847,0.996992358773033
786,1.284492856135909,0.43825210643120527
787,1.7459509885648163,0.2178012286672903
788,-1.1613467185251611,0.5094808054610039
789,1.8643146490857418,0.17590089213905527
790,1.7439044315782528,0.2185804077601627
791,-1.035995058702123,0.5847078952415619
792,1.9527306506929527,0.14858791182531916
793,2.60855178377195,0.03329755845644899
794,-2.2462316268214932,0.08023637922456511
795,1.381324245946276,0.38518623429142024
796,2.484948437345583,0.0456165646693022
797,2.7496299237801116,0.02281738898628116
798,-0.3982384859306065,0.9237655753706614
799,-0.7932284290958025,0.730076708398043
