,data,labels
0,-2.2392490605735396,0.08150277765662232
1,-0.12505693417265196,0.9922108752888191
2,-2.560453328708848,0.03770507326388059
3,-0.6317449346355715,0.8190985839753246
4,1.0614779370994016,0.5692886354910457
5,-2.910710510619082,0.014463633154482222
6,2.254887834256344,0.07868839662075977
7,0.5788188623786201,0.8457633913720994
8,0.6772927989588919,0.795040066280374
9,0.026611589487414822,0.9996459743343571
10,-2.491203294233146,0.04491214968132693
11,2.866186795475194,0.016448625306146283
12,-0.8683338406383942,0.6859148190830485
13,0.8544805484651201,0.6941490973617316
14,1.3486142949178106,0.4027737624260738
15,1.0580705639428327,0.5713480792663732
16,2.182377782244341,0.09242235501389005
17,-2.2340617246380385,0.0824539028821
18,-0.5796146786177072,0.8453736264801802
19,-2.8168323868771674,0.018924983568916462
20,-0.9831465239374229,0.616751837799046
21,2.184503108751067,0.09199446046604418
22,-0.7472301439949391,0.7564064280283407
23,-0.03242427432961836,0.9994744713556761
24,0.15691198919320648,0.9877647803218842
25,-2.6548367810017934,0.029478940059199755
26,-1.8650743591604968,0.17565188256905784
27,0.6920907441632389,0.7870253665886913
28,0.1398101992176004,0.9902741590055454
29,2.773234608336713,0.02137752598427988
30,2.1959121524287353,0.08972417016928733
31,-1.5601459001386393,0.2961090101683932
32,2.217596743592898,0.08553174729247295
33,-2.482729831325209,0.045868635970193035
34,-1.1537143754042365,0.5140018419324663
35,-0.4145233287200547,0.917672418143145
36,-0.6672341973612204,0.8004343692803111
37,1.9291591593725173,0.1555438597138679
38,0.8155815273053482,0.7170665582854396
39,-0.05487265287687393,0.9984956286857987
40,0.09441766859875322,0.9955525711608079
41,-2.039431097597004,0.12497524504617666
42,0.5849392056772582,0.8427567316600456
43,-0.030997517039172973,0.999519692353369
44,2.2962138546965516,0.07162586456889314
45,-2.085833150160812,0.11356840173197026
46,-0.5171415972982887,0.8748369823843125
47,-0.11361799416776641,0.9935662613979722
48,1.7958645313579522,0.19937561765439293
49,-0.17790006191325025,0.9843003290836354
50,-1.4188103987841234,0.3654917858245876
51,2.020776730174246,0.12979885492311732
52,-2.0226957630886835,0.1292962397774032
53,-0.10199860280496775,0.9948116487442632
54,-2.2795434572981734,0.07441042791212052
55,-0.34081303318729717,0.9435775139529257
56,-2.498837472786624,0.04406478429041983
57,-1.5133501782271852,0.3181875211115682
58,1.9454628802980656,0.15070772568898164
59,-0.2550935273169377,0.967987259138196
60,-2.337505368692552,0.06509121570148693
61,1.077301280150122,0.5597365658235327
62,2.770857986689091,0.021518828321465202
63,1.2942918147504479,0.43274975508988683
64,-1.5232197027844727,0.31345510607524535
65,-1.5905071763180265,0.28227978938812986
66,-1.778918688711527,0.20550686268891571
67,-2.5566111929638806,0.038077550509095365
68,-0.2574820488998837,0.9673948881175217
69,1.2946658053329392,0.43254030173499214
70,0.6012615877218703,0.8346375264541375
71,2.665305284640466,0.02866936550897637
72,-2.542663384714192,0.039456023989929485
73,-1.2725663075094709,0.4449859797445968
74,-1.4526186167704764,0.3481748708789405
75,1.7443604513464006,0.21840662701188926
76,0.5899656460775766,0.8402719145108077
77,0.6334745128079367,0.8182028590397926
78,0.6573753775470115,0.805677940797113
79,2.585043764640435,0.03539355163801694
80,0.8465302024417598,0.6988587078847133
81,2.363599898220646,0.061218720884553005
82,0.9223269269962358,0.6535452667593096
83,1.1335210959263229,0.5260100092384671
84,-2.280506548069994,0.07424721147513096
85,2.0775352091186594,0.11554718866779179
86,-0.7732169520353125,0.741609668504758
87,-1.9925396052462157,0.13736590978777355
88,-1.835144619833695,0.18565263819932679
89,1.6094983665091256,0.2738314532754665
90,2.7118515527825817,0.025297001143169653
91,-0.2979265853576538,0.9565902643530112
92,-2.1031378324355985,0.10952588432717308
93,1.836483345987804,0.18519692880289418
94,2.0289300103151344,0.12767357171666857
95,-0.37154099763005366,0.9333067477371649
96,2.383390363197619,0.058409612114395854
97,-2.873301516023149,0.016116191953381168
98,-2.337522396410014,0.06508862495824393
99,1.7609538792575874,0.21214627147479698
100,0.931945554218522,0.6477430053262867
101,1.4951035148080418,0.3270418089977128
102,0.2546340561431135,0.9681006195669313
103,1.9197970377429296,0.15837172282399212
104,-1.9938898115158032,0.13699672065939175
105,-2.473609775151915,0.046917118981493755
106,-1.3885042622266413,0.38137503540477
107,0.14823137964334254,0.9890738577211774
108,2.934280328072848,0.013500878496263684
109,0.14720345757749254,0.9892240520706622
110,-2.269875807511034,0.07606492015500017
111,-0.6199912869633928,0.8251462810881072
112,2.029920776672551,0.12741711811205933
113,0.6072941256959847,0.8316005367529453
114,0.8753145505766144,0.6817530515408743
115,0.5137099639017064,0.8763857215926902
116,-1.5565194753481553,0.29778711154350224
117,2.5018377279991046,0.04373546243404994
118,0.46117782642791383,0.8991166534615717
119,0.9635469468515621,0.6286306734269045
120,-2.0160456546710894,0.1310442743348261
121,-0.3034687879761764,0.9549974080032002
122,2.488831669575287,0.04517815796771018
123,-2.6505772549767297,0.029813919646426497
124,-0.25256556164119903,0.968608589146471
125,-0.2833427458213622,0.9606534434557431
126,2.5933418636977814,0.03464121880504462
127,2.32170089766619,0.06753241804160762
128,1.5395740479207332,0.305702117154029
129,-0.6097031191230844,0.8303824121783239
130,-0.6293179846388748,0.8203529841321449
131,0.7723642899682552,0.7420984978404486
132,-0.0023899211097875295,0.9999971441426224
133,-0.6820570970025814,0.7924697519973537
134,-2.0715200346786857,0.11699809492168445
135,-1.1650771696375184,0.5072748024281764
136,1.4835097423462686,0.33273776962875995
137,2.003686816461861,0.13434012761122327
138,-0.7481601268866775,0.755880648415877
139,-0.19403602129536912,0.9813510946670759
140,1.5374779874540003,0.3066895499610636
141,1.83422317007238,0.1859667622505041
142,-2.1269998132806265,0.10413531676282838
143,-2.8781665398639937,0.015892288051998868
144,-1.9510007434204275,0.14909047382790103
145,-0.5449402646196386,0.8620172938903717
146,-2.6253349240859176,0.03186676276967668
147,1.7696934295156872,0.20889836916252844
148,2.746451538522745,0.023017556532782566
149,0.26651873255310665,0.965107179085371
150,1.5134945332888607,0.3181180142202184
151,0.07236559076910432,0.9973850356277766
152,-2.664649783100764,0.028719491703941048
153,-2.2994818664998578,0.0710900122175221
154,-2.739600088624134,0.02345423219923426
155,-1.6886870495332835,0.24030844924288225
156,0.1043809326042302,0.994567122206214
157,1.2584870487889805,0.45298565259119
158,-2.0144538751613434,0.13146531747661017
159,0.570592921342898,0.8497712010703212
160,-1.4027527914747704,0.3738660514227613
161,-1.3627164904416693,0.3951467292267146
162,-0.5680709583313641,0.8509922079043878
163,2.902445942171486,0.014815279626026655
164,-2.994907170913197,0.011279882144001276
165,-1.2298092645508683,0.4694397044594215
166,0.3857829644525861,0.928287073276101
167,-1.3022965592054732,0.4282756862283265
168,1.8314821288218752,0.18690339608303722
169,-1.5675958829487073,0.29267911928255363
170,-1.0900052910345057,0.5520836152680678
171,2.6202240033220114,0.03229680681709359
172,0.9867908469538005,0.6145419485291433
173,1.9122140473570344,0.16068951061512246
174,0.11319402915858223,0.9936140333918673
175,-2.6594001365207935,0.02912365515600716
176,-0.3693819231913569,0.9340535553796311
177,2.7992603514369465,0.019882223109674333
178,2.0888779521049736,0.11284889704599221
179,1.9458629580339917,0.15059045796883186
180,-2.630315902232836,0.03145237214488868
181,-1.406654601817114,0.37182253893447864
182,-0.9971440513125129,0.6082628754412178
183,2.3071539175125615,0.06984480291555742
184,2.0521161653594646,0.12177376048594793
185,0.7394053245668966,0.7608187545232906
186,2.4334068790339884,0.051780869144628164
187,0.5753295219269825,0.8474681433510179
188,0.7392742106826535,0.7608925101248885
189,-1.0320846427913961,0.5870769632169174
190,-1.1274604094485219,0.5296263678104965
191,1.9791821881294265,0.14105843146351607
192,1.461445396799057,0.34372569982696516
193,-1.1158680124721312,0.5365579484997084
194,-2.243884311604692,0.08066032970681927
195,-0.05783892230428789,0.9983287276669367
196,1.5318056889393148,0.3093709197808127
197,1.4272860675751042,0.36110996337455786
198,0.6933154536676138,0.7863579688312571
199,-1.5590910315548836,0.2965965674505246
