,data,labels
0,1.1009048352799926,0.5455309555690355
1,2.2163800861419753,0.08576276482143888
2,-1.4547349348933605,0.3471053768687533
3,0.14124831969659812,0.9900740467945132
4,-0.6363322123392372,0.8167196879240813
5,-2.0535756265023117,0.12140946634886862
6,-1.2956539528680724,0.4319870868259743
7,-0.2782032711214928,0.962040691810839
8,-2.672148572170974,0.028150532842845757
9,1.552367569758128,0.2997152158079312
10,1.8109162945800357,0.19403651558076163
11,-2.1608656467885785,0.09684241862632095
12,1.8798672954253934,0.1708532079465935
13,-1.1365967088857756,0.5241769088527037
14,-0.679838482608822,0.7936678888709808
15,0.20952916090930174,0.978287940455843
16,0.35597308165958097,0.9386070002820283
17,1.295315095088358,0.43217676431110696
18,2.320121602769934,0.06778040579894748
19,-2.450800057140426,0.04962748527900642
20,-1.1444269262431817,0.519516610596282
21,-1.2562394285519856,0.4542676346823115
22,2.3441125113260544,0.06409225604541295
23,2.9474790041948253,0.012986872491266774
24,0.15142392092769708,0.9886008662064791
25,-1.200202110697727,0.4866342069298456
26,-1.750851528096586,0.215943055776483
27,-1.8716219349614116,0.17351619626624723
28,-1.8065479493472723,0.19557570304754107
29,-0.3340048526351782,0.9457475360190533
30,-1.524440343248242,0.31287260625534213
31,0.7099001782415253,0.7772609581438326
32,-2.95527614012968,0.012691427261690143
33,-0.7877582285890634,0.733240510171033
34,-0.04810833710065232,0.9988434632554258
35,1.5526436060210242,0.2995868010173058
36,-0.5839823919933669,0.8432281499563982
37,-2.0987003724843136,0.11055174061745926
38,0.8714039371534619,0.684085471492898
39,-0.44911060158541094,0.9040684827288586
40,-0.8313169297033429,0.7078352438426501
41,-1.5036272678974902,0.32288873771418464
42,-1.331867144649066,0.41191632476170237
43,1.018504476528343,0.5953084024024882
44,-1.7225813332709277,0.22680986199138933
45,0.5861768494820088,0.8421461967778491
46,-1.7373366669302952,0.22109355369983263
47,1.44985458927526,0.3495742949198064
48,-0.6446787929787492,0.8123651294676028
49,1.2082122597806304,0.48196275854689813
50,-2.892040690144691,0.015268709480332605
51,-1.961375575172075,0.14609516223934046
52,-0.4029376932679738,0.9220282718093299
53,-1.1322276858727909,0.5267813214700648
54,1.2802112194093933,0.4406649763112537
55,0.24476382625862003,0.9704895293811803
56,-0.4990603940352951,0.8829112099233791
57,0.5817521563810706,0.8443250014268795
58,-1.9973648917248368,0.13604993992106756
59,-1.2233085301656144,0.47319776029761407
60,-0.6829336625733169,0.7919957972075596
61,-0.9662819511011134,0.6269738758602554
62,1.9251477353573065,0.15675097153848
63,-1.1878682875313946,0.49385391000698214
64,2.6724983794629678,0.02812423007014224
65,-2.911393182224473,0.01443491822762626
66,-2.9014066700466703,0.01486002834097251
67,2.87747748695217,0.01592383327477396
68,1.8073642781419954,0.19528742780071062
69,-2.2726146951322606,0.07559321290123026
70,2.002821233488497,0.13457327312838593
71,-2.022850674671728,0.1292557310182434
72,0.154847245127133,0.9880827450784275
73,-2.9291673466523807,0.013704779034423287
74,-2.7812213554196656,0.02090857088422186
75,2.6149455729486153,0.03274614038315789
76,0.2402261790330842,0.9715580018534902
77,2.1596699685227243,0.09709288450233886
78,-0.31811813536566946,0.9506592629907628
79,2.1297984134740746,0.103516874489688
80,-2.3492097666722236,0.06333018141156009
81,1.4011651014058701,0.3746991578565641
82,2.604909749690022,0.03361518424586857
83,-0.9083144272726473,0.6619815792121362
84,-1.4155429824688295,0.3671881222368995
85,-0.2709803508079105,0.9639506532447196
86,-2.1245628030984554,0.10467619486379537
87,-1.0598372558426794,0.5702801746541543
88,0.7203385035707837,0.7714805795184374
89,0.3959965975762336,0.9245883637806921
90,0.8063603782238848,0.7224489421590212
91,2.7654798429032663,0.021841588859987954
92,2.31526849569034,0.06854710515388732
93,2.096382384422359,0.11109056039828652
94,0.24400834320256326,0.9706687269646085
95,-1.887819759384354,0.16831269969436952
96,-2.5580517780315226,0.0379375288559299
97,1.0450291250352688,0.5792373606617344
98,-2.145438236606428,0.10011331209445833
99,0.9256563538883658,0.6515378139425347
100,0.8556245787419168,0.6934704085380761
101,0.6073660264534211,0.8315642236356144
102,-2.9135236392243664,0.014345628775058173
103,-2.603104584887639,0.0337735698348072
104,0.6822484223097214,0.7923663310732936
105,2.3692574487455564,0.06040457516059245
106,-1.3480017848432726,0.4031065314373459
107,2.6755877794252534,0.027892847564807994
108,-1.383490412911613,0.3840345097433185
109,-0.6688701792397769,0.7995600354057691
110,0.9589780881888288,0.6313976108153934
111,-1.597201902192766,0.2792837585758837
112,-1.2171689901764382,0.47675613065254974
113,-1.1706367635946329,0.5039918326308168
114,-0.8771907148384539,0.6806331744884098
115,2.174903089431065,0.09393974393633843
116,1.5403819431587005,0.30532201714818047
117,-0.04197593419606438,0.999119398431519
118,-0.4007976550807628,0.9228215684166646
119,2.7093701179461984,0.025467727463741294
120,2.5805245826993914,0.03580908807464797
121,0.9104205074663287,0.6607149648518158
122,-1.2707258623678106,0.44602864228899175
123,-0.9684020842398864,0.6256893366597714
124,-2.2483735581284625,0.07985108404101658
125,2.1881759733901074,0.09125869117872593
126,1.5962829716816929,0.27969385112426015
127,-0.40289082230238993,0.9220456844595064
128,-2.123873293430808,0.10482962316233685
129,-1.9176974455095641,0.1590110239324303
130,2.628051902613528,0.0316401498052309
131,-0.3076633673224114,0.9537741517235119
132,-0.17360065266626545,0.9850443698386682
133,-0.9503102337072349,0.6366439230891006
134,-1.8681129859093166,0.17465842595982659
135,-0.7145591641331874,0.7746860724298636
136,0.46436106009557454,0.8977931368549695
137,-2.0757188427871305,0.11598384588901184
138,2.5330179229043113,0.04043377215152478
139,1.611562783197055,0.27292252859968297
140,0.9103123081425055,0.6607800491616119
141,-1.7900508279487473,0.20146472331480553
142,0.6004679554214465,0.8350356313685896
143,-0.5605701087075396,0.8546019932577089
144,0.16101046737397695,0.9871214620145107
145,-1.0341338364755095,0.5858354119285502
146,1.3715656564866903,0.390395022203865
147,-1.420662765614677,0.3645318516682053
148,1.3834518410442138,0.3840550035485718
149,1.134407094241337,0.5254817974853393
150,1.9464764234200143,0.15041077413970516
151,-2.1497116397140523,0.09919873002297214
152,1.2098393650364194,0.4810155674708402
153,2.3402079707246983,0.0646810718309614
154,2.708549815348376,0.02552438393142874
155,-1.4130757735799881,0.36847162527083166
156,2.6876620048824957,0.02700418226567973
157,2.8856599856088065,0.01555276603250315
158,0.41302890501861533,0.918240042635396
159,1.403992241554171,0.37321631025509167
160,-2.1565139045658146,0.09775644876298736
161,-2.742214465169411,0.023286765443778678
162,1.6211509589127493,0.26872540613276924
163,-0.3580786531622673,0.9379016737234283
164,-1.294926967526713,0.43239406215235937
165,0.8682408735125469,0.6859701898573318
166,2.619665306775971,0.03234411601428214
167,0.8487968331208622,0.6975172517100534
168,-0.9670507167120275,0.6265081196801852
169,0.2658533450604912,0.9652781309781769
170,1.860934908955083,0.17701171402183755
171,-2.2001516858564987,0.08889194745367143
172,-2.803004504847328,0.019674790611529488
173,-2.224562109918863,0.08421870014213022
174,0.7475437587998166,0.7562291534822891
175,0.8610696244824498,0.6902368709270339
176,-2.4823059729973034,0.045916925996842835
177,2.169063496974201,0.09513881656328144
178,-1.0475785722444153,0.5776943060332062
179,-1.294295505156077,0.4327476880792029
180,2.7353545284505163,0.023728410389492683
181,-0.226729975248523,0.9746242753804948
182,-1.249974742651058,0.45784781642497546
183,-2.0564636245413754,0.12069104817564696
184,-2.1543702343481703,0.09820918314071636
185,0.3505469156423233,0.9404078921360962
186,0.5263339547098402,0.8706513093858812
187,2.379432892749877,0.058962687785350444
188,-0.6733455210348347,0.7971622098646258
189,-1.940866339309346,0.15205985184038318
190,1.6703727798075372,0.24781504142735927
191,-0.07062499946914569,0.9975091620228286
192,0.7904270931332267,0.7316979441546405
193,2.8353676680115427,0.0179591614618863
194,-0.9564636335589212,0.6329199404871602
195,0.8919225760343097,0.6718212701858376
196,1.6750467328922918,0.24588513605821313
197,1.2631042077516916,0.4503563503996664
198,-0.11313097269281513,0.993621123476651
199,-0.3566333103775663,0.9383862268358996
200,-1.533094424502051,0.30876053899688866
201,2.5672704425027515,0.03705178454755258
202,-2.328141310373419,0.06652875754354078
203,-2.280729169229402,0.07420952470971283
204,1.8669772168962968,0.17502928709979362
205,-2.0404822148760036,0.1247075560118466
206,2.5106056395935585,0.04278488731868988
207,1.1883603425411664,0.49356527869661393
208,1.0985169780017436,0.5469653765871934
209,1.7080950238787613,0.23251644964418336
210,-2.868056599171925,0.01636068091378225
211,-1.2383405451784935,0.4645232570807731
212,1.7338933228856375,0.22241883563829398
213,-1.5126486594431974,0.31852542384781607
214,-1.6186891506899606,0.2697992046112898
215,2.80615318790304,0.01950181273450452
216,-2.567145456188631,0.03706367510777059
217,0.8493928755502926,0.6971643299423445
218,-0.7607740804074501,0.7487211952749588
219,-1.9619241893684873,0.14593802080871637
220,1.4845316027495672,0.3322335678555097
221,0.602514063310692,0.8340085722128157
222,2.764027648860276,0.021929458219908774
223,-2.5711655521181997,0.036682842201010604
224,0.7925785118772755,0.730453029663665
225,-1.6108080414690324,0.27325461214228813
226,-2.2060530265835725,0.08774372071067982
227,-1.9784068622092768,0.14127501091319072
228,0.7765466697241905,0.7396986798278532
229,2.962018934800625,0.012440747748730219
230,2.9673776489957824,0.012244663667507786
231,0.5558047413621638,0.8568782333427045
232,-2.831608863175475,0.018151458252525614
233,-0.15861971040814815,0.9874986924934699
234,1.9603832102784464,0.14637972674366895
235,-0.9276529056170721,0.650333509168687
236,-1.084557576816379,0.5553634200027986
237,0.6267592273657403,0.8216723498501498
238,1.8170736886629806,0.19188128700730098
239,-2.203411226786981,0.08825627179764228
240,0.7541475312546657,0.7524887373493252
241,1.7559900450739212,0.21400615146724974
242,2.993082883124357,0.011341660388905174
243,-2.587296591708233,0.03518794147744983
244,1.2120669497350445,0.47971977611406114
245,-2.124530267640777,0.10468343065631797
246,-2.7878586903161238,0.02052568934489285
247,1.828685213248738,0.18786253046089862
248,1.024337515208587,0.5917721070426876
249,1.9164724975761045,0.15938487296335252
250,1.242491367050576,0.4621376915721796
251,1.6445451612489075,0.25865390275765526
252,-1.3826799222814532,0.38446524519176495
253,0.5314602602543399,0.8682939200116625
254,-1.4411398566363618,0.354005778267179
255,-2.5306957779270984,0.040672196192686895
256,-1.0519479150128854,0.5750506196130103
257,-1.7532718456197216,0.215029278227954
258,0.011243771181900897,0.99993679080259
259,-1.3930158260187133,0.378989588304441
260,-2.7483470400937238,0.022897999589772036
261,-0.1759886908865722,0.9846332820097782
262,0.7730311849836857,0.7417161868601503
263,1.8300881223846552,0.18738100634805357
264,0.5363364221425533,0.8660363654556573
265,-1.9620097842249866,0.14591351486962573
266,-1.2057612344627509,0.48339068663760476
267,0.20222083735475938,0.9797609814641719
268,0.8659807465269163,0.6873158590647638
269,-0.3605462633981542,0.9370704582262015
270,0.14205660816990529,0.9899606937125368
271,-0.012490323659421598,0.9999219989496816
272,2.9921577584423193,0.01137310381408838
273,0.3707124124913652,0.9335937930951251
274,-0.3559545866882088,0.9386131796599659
275,-1.0872964000561072,0.5537141330216724
276,-1.0933674764702448,0.5500609331748612
277,0.3467115240045291,0.9416661804192549
278,-1.9937613289429836,0.13703181985678334
279,-2.005773350430846,0.1337793649000324
280,-2.01917132211186,0.13022046060900105
281,0.24914198883137173,0.969440803167832
282,-1.0932714987888696,0.5501186564455447
283,-1.252589065436422,0.45635252663157794
284,-1.7631235563889718,0.21133677295210884
285,0.9540131842128021,0.6344031915701162
286,1.306530165452891,0.4259171068017999
287,-0.6516180296856069,0.8087195955031514
288,-2.7931867113460975,0.02022277160722757
289,-0.4959351080439083,0.8842850481213018
290,-2.7289457666256944,0.024147546491677423
291,0.6538436237150269,0.8075456103003209
292,-0.03618036786981449,0.999345704635029
293,2.268685083227931,0.07627073214788563
294,-1.8366045199832006,0.1851557194109316
295,0.893436100632433,0.6709141906623434
296,-0.6030566478466568,0.8337358442926953
297,-2.665577519879599,0.028648569786949157
298,1.546094611270532,0.3026421261011261
299,0.3198583338703602,0.9501316957661287
300,-0.6005621671738126,0.8349883900829221
301,0.16673838371484972,0.9861953263009811
302,-1.3208998361463617,0.4179522077310912
303,1.8441113019208117,0.18261535071065477
304,0.36716138618757377,0.9348177001978535
305,1.8203517842125478,0.1907407106391421
306,0.5528867622905773,0.8582654148974107
307,1.19662206075043,0.48872653545352135
308,-2.777530929260781,0.02112413546098512
309,2.7791750641018957,0.02102786074383584
310,0.5340915435269524,0.867077525202796
311,0.545720132403881,0.861650768419034
312,-0.3149546250392783,0.9516116977448087
313,-0.4713635479173801,0.8948565998706834
314,2.0503910950501503,0.12220542713422204
315,0.3584697516773536,0.9377702636707634
316,-2.2775988828492104,0.07474086096093971
317,-0.7827543336004732,0.7361273293477569
318,0.8435795925326488,0.7006034355756566
319,2.5164248187592655,0.04216364448963556
320,0.6982717485689931,0.7836508380806302
321,-2.5190304534415304,0.04188794456427315
322,1.3694304054778517,0.39153913074697483
323,-2.651078284032107,0.02977434881916047
324,2.8792235780574824,0.01584400305791449
325,-2.967373981924286,0.012244796909511078
326,1.7170152357173656,0.22899143912901443
327,-1.8756948200141323,0.17219709984486525
328,1.798697084607321,0.1983631968498248
329,-2.698209618774877,0.02624794513907849
330,2.658482182031067,0.029194826616031556
331,1.653131688032123,0.25501773454978044
332,0.2933603650967642,0.9578825076493716
333,1.9912226775609199,0.1377267160375984
334,-2.1579304450426884,0.09745818129112657
335,0.26807332415476814,0.9647062254645117
336,0.5290885629710553,0.8693866171628166
337,-0.3646807283664941,0.9356666427766698
338,-0.4062669122738676,0.9207871269102196
339,-0.14022750620329738,0.9902162981397373
340,0.6009264507506482,0.8348056801431165
341,-1.1920433170790983,0.4914064786596136
342,1.2039843376248651,0.4844267031310864
343,0.7820181115421461,0.7365514681895715
344,2.32947878500069,0.06632186118224483
345,0.5508429214179413,0.8592340191418003
346,0.4031768752408813,0.9219393888466202
347,-0.8800390731298133,0.6789319447324449
348,-2.98820284480081,0.011508399477865628
349,-1.531468509264378,0.3095307316021347
350,-0.33714329819135047,0.9447520170385545
351,-0.2999504053166362,0.9560117044809172
352,2.786379726802105,0.020610471832457355
353,-2.422253057302675,0.05320223156487617
354,2.6114973944172046,0.033042544501946124
355,-1.4487650950911544,0.35012671387469113
356,-0.8492896239226244,0.6972254710532106
357,2.3471601296051023,0.06363571962264314
358,1.4897060592718558,0.3296868311840911
359,-2.462119672242892,0.048266543464994385
360,-0.4567412738594525,0.9009492983277424
361,2.372953723408367,0.059877487051519365
362,1.6329871759002312,0.263599714791934
363,-2.925824722748044,0.01383954570489982
364,2.41661002255369,0.0539335794032385
365,0.1441416794139938,0.9896653613113896
366,0.3713719802467481,0.9333653450043313
367,-0.018866925579807514,0.999822035397162
368,-1.5015716427986487,0.32388761222027124
369,0.6523059678293608,0.8083569583888954
370,1.4675506696786247,0.34066609191121694
371,-0.8967778830086521,0.6689103152740856
372,-0.821128795371,0.7138187151051213
373,-2.39437190870529,0.05689724151226883
374,-2.474354824580193,0.04683071916563903
375,0.805704494736478,0.7228309754227117
376,-0.04359798881331045,0.9990500591654538
377,-2.735207712046603,0.023737941256313913
378,2.5051381733788265,0.043375581526243046
379,-1.3589494282960757,0.3971775876206067
380,-2.816931364164631,0.018919707880315845
381,1.7653816953866999,0.21049649744733162
382,2.0293241307775647,0.12757150936025738
383,2.0487895266054457,0.12260723279387574
384,-2.359809709815475,0.061769168334604836
385,1.0387061726873306,0.5830657871241491
386,1.4504559893121147,0.34926955588598124
387,-0.358290157868848,0.9378306231527873
388,0.6903759976934123,0.7879587729411012
389,0.7405091978013862,0.7601975570349073
390,-1.373561385769347,0.38932709004331323
391,1.2378736056643511,0.4647918854270602
392,1.575046940312328,0.2892724121939093
393,1.8271775254136635,0.1883809842690575
394,2.9587140810945414,0.012563060128248574
395,0.7892336913341502,0.7323879568161302
396,2.081177136251126,0.11467547042897004
397,1.4083035163060451,0.37096060907191386
398,-0.9283247184203409,0.6499281950066915
399,-2.8484890740596853,0.017301795399960018
400,-2.0231076503179115,0.1291885540648421
401,-2.1792110301075827,0.09306283611133304
402,2.326002068236626,0.06686077472933752
403,0.5248776973093459,0.871317976131274
404,-2.8957637987289155,0.015105082702050583
405,-1.982960829462599,0.14000644445770724
406,0.0845655942935708,0.9964307152257964
407,-0.37127566507105847,0.9333987265907311
408,-0.0485502518905232,0.9988221307538614
409,1.6271179884417437,0.26613369753642097
410,-0.8877946917730641,0.6742935644247865
411,0.5303081714351405,0.8688251533899751
412,-1.6804344030406917,0.24367256747711002
413,1.0377000232497346,0.5836751685562508
414,-1.8907764219178969,0.16737512320988412
415,-1.037850499357843,0.5835840287351244
416,1.8855998386856632,0.16901912989405757
417,-1.9201776770807826,0.1582560234543286
418,1.3244094384887592,0.4160165730803163
419,0.9055000375415352,0.6636733727815644
420,-1.2028879217045103,0.4850663098299475
421,1.7112395327097554,0.23126978045283486
422,-0.7236255397156022,0.7696518872316053
423,-0.927997898915569,0.6501253749226741
424,-0.1445313665442387,0.9896096980743652
425,1.6036357002863326,0.27642279218499727
426,-2.612783787183368,0.032931699999468905
427,-2.189098389414829,0.09107464087542659
428,-2.1020181089107766,0.10978404555162914
429,1.8926625061763938,0.16677900252188063
430,0.7894770001091107,0.7322473100286614
431,0.6505015932133507,0.8093076407133835
432,-1.5715915149037998,0.29084932050729667
433,1.9844482801041536,0.13959394155424573
434,-0.4624466475496041,0.8985899639800697
435,-0.3680378008598111,0.9345165787897699
436,2.1537838414318156,0.09833331302789866
437,1.4849533698055861,0.3320255831849402
438,1.4497270420762849,0.3496389430420533
439,0.05144688476156034,0.9986774843198408
440,0.7500025999517219,0.7548381300779989
441,-1.4098802748552444,0.3701373245709705
442,0.3251681684951624,0.9485059952084163
443,-1.3053988826641343,0.4265468282700431
444,2.023435302239932,0.12910293963454678
445,0.24107078254367398,0.9713605502774448
446,-0.3075891618514568,0.953795924300912
447,-0.537603653319012,0.8654472583269013
448,2.8868490638905495,0.015499480700017318
449,-1.5371501569369463,0.30684415384558966
450,2.850052539101682,0.017224891900759765
451,0.34968810080895363,0.9406907022429177
452,-1.0449142817790176,0.5793068779229807
453,1.384259669816224,0.3836259012521827
454,-2.388121748687473,0.05775399564722893
455,-2.5325087866093403,0.04048594601260256
456,-1.0645937352630908,0.5674061540689096
457,2.246044718796366,0.08027007123340585
458,2.8855317862851173,0.015558520553976966
459,-2.777362277234486,0.021134032788596557
460,0.151646422448815,0.9885675343045864
461,1.8245662290428202,0.18928130919188046
462,-0.7452069788560429,0.7575492549563179
463,-1.9059823613300573,0.16261263467634768
464,1.0691750755699907,0.5646395753598975
465,-2.994484970487342,0.011294153017730107
466,-1.161237136463531,0.509545644464921
467,-2.9577929669311294,0.012597339758247932
468,0.5288436495327877,0.8694992542842703
469,2.7177155880976507,0.024897471947106238
470,2.6271775195741496,0.03171292794337657
471,2.586270404766677,0.03528147277873044
472,-0.5000211284444376,0.8824875795434773
473,-0.8352526466864161,0.7055176488612551
474,-0.37836508756788856,0.930921735944505
475,2.7369355109945603,0.02362598778026459
476,-0.9137126456338627,0.6587340450909793
477,-1.6961510463163296,0.23729191522716248
478,2.529467225566446,0.040798815795742134
479,1.846392279093517,0.1818483421540403
480,1.059291884110162,0.5706098100289158
481,1.441033376042392,0.3540601038284423
482,-2.521075018873911,0.04167267563962225
483,1.3469371032839597,0.40368525352081897
484,-2.749232622541561,0.022842327235244958
485,2.025163482490905,0.12865208091090072
486,0.18614936431751516,0.9828234355554437
487,-2.4710985460342396,0.04720931698565828
488,2.4257237123154756,0.05275652781448232
489,1.5140599570222317,0.31784584536868526
490,0.6993271137969019,0.7830731175620844
491,-1.1800808552572621,0.49842835928661094
492,-2.4073903146623206,0.055146386123339
493,1.3795538177879934,0.38612876846582395
494,-2.8937215381227284,0.015194645694956776
495,-2.5474748103743545,0.03897581494819008
496,1.980007951127523,0.14082803494344154
497,0.2937350875419349,0.9577771474012006
498,-2.274591062468413,0.0752542987506287
499,0.369796179147019,0.9339105585562036
