,data,labels
0,-0.3426748689598449,-3.3243411657779554e-05
1,-0.31367911871185994,-1.9604264091865886e-05
2,0.11217251640621728,-4.143761855868178e-08
3,-0.74301130943708,-0.0032762148183334006
4,0.9709166483050746,-0.01557533051545057
5,0.8461952784290552,-0.007010250574987609
6,0.02550317081903919,-5.731748409232296e-12
7,-0.7998363236190065,-0.005044923085488762
8,-0.9784018263389509,-0.016282130320839805
9,-0.7646389090997905,-0.0038765174010192416
10,-0.07546260932483784,-3.844506379913071e-09
11,0.3987743560437971,-8.213733486261976e-05
12,-0.5314087977801318,-0.0004530664839540455
13,-0.14344837102143138,-1.8105739418849964e-07
14,-0.10727397809544437,-3.170301976496148e-08
15,0.4051423879830496,-9.02711146961721e-05
16,0.8167214241798355,-0.0057000720259509086
17,0.4238544166476008,-0.000118133113938379
18,0.5231176678521405,-0.00041271540832188425
19,0.092118255785969,-1.2716643071897238e-08
20,0.2176962535881537,-2.2044300266310657e-06
21,-0.9852841361487679,-0.016954847868562384
22,-0.9993512042951305,-0.018400328805569965
23,0.9199320524064862,-0.011396605220667988
24,0.5377461722805019,-0.00048606396369466065
25,0.12287894569226498,-7.158209358593126e-08
26,-0.5036263442725875,-0.00032943532433504785
27,0.16804913641477603,-4.6756824445548517e-07
28,0.3816078608342528,-6.318298504992548e-05
29,0.11715741255139456,-5.378146683554519e-08
30,0.8470699795284886,-0.007052603812696345
31,-0.8800394344071902,-0.008808925695488745
32,0.4683594552044177,-0.00021400478873656592
33,0.22082713551979816,-2.4012144885787734e-06
34,0.5664823974497395,-0.0006617048046949625
35,0.5609154625344059,-0.0006241125914565604
36,-0.8164800830391179,-0.0056902399807644555
37,0.2566413287480849,-5.904070849882537e-06
38,-0.7746562370078367,-0.004183663059882825
39,-0.6072966461108906,-0.0009986576959432059
40,-0.1054922041151547,-2.8673260210609897e-08
41,0.9631246590640425,-0.014866322398491616
42,-0.9792142806145796,-0.01636039350264351
43,0.6482963602266323,-0.0014687218845190753
44,0.25245292265650776,-5.3504412703686555e-06
45,0.2080243936403423,-1.6791865365961556e-06
46,-0.5711793443671038,-0.0006948604524764646
47,-0.8881648817021646,-0.009292573563496997
48,-0.7358935403945641,-0.003096266378245116
49,0.9368739721638122,-0.01266854544969731
50,0.9829069599024571,-0.01671997803407388
51,0.9252914546955031,-0.011787141931160705
52,-0.6974435375382129,-0.0022588202808341284
53,0.2709347449158612,-8.165315486197144e-06
54,0.3941103631534748,-7.657425914553428e-05
55,-0.3490615571216267,-3.71181645499874e-05
56,0.7649759782740255,-0.003886542050734243
57,0.5817735512353575,-0.0007747109247785433
58,-0.9776219669777271,-0.016207294085541668
59,-0.8187227142918656,-0.005782140947846237
60,0.39348316272399075,-7.585061430115392e-05
61,0.3346922831382668,-2.887867564760338e-05
62,0.132513369308642,-1.1255487353256655e-07
63,-0.20983832340260555,-1.768810008462296e-06
64,-0.647973649796767,-0.0014644149195808254
65,-0.5885777968371781,-0.0008298846463564713
66,0.1898231132229493,-9.702861842875166e-07
67,0.3563896181707731,-4.201908521972442e-05
68,-0.6381641737596233,-0.0013383774529365233
69,-0.42701389143992996,-0.00012347511023858004
70,0.5268706577081577,-0.0004305948973446494
71,-0.5501458167004378,-0.0005563910035375486
72,-0.8517343932822283,-0.007282009935500544
73,0.5772776786301805,-0.0007399464496031793
74,-0.25271408279663565,-5.383648800094676e-06
75,-0.4383033777601155,-0.0001442292576083748
76,-0.841430264122212,-0.006783169242492337
77,-0.17357988695542015,-5.677032179907116e-07
78,-0.9256920469762044,-0.011816766144992163
79,-0.2419963230309261,-4.153738770162896e-06
80,-0.00997573378196459,-2.0539125955565396e-14
81,0.6555477711794022,-0.0015682920567572367
82,0.9688887774965496,-0.01538821354317188
83,0.4281315185257424,-0.00012541209738947678
84,-0.18828859376882234,-9.242315338608975e-07
85,-0.862479745753765,-0.007833810336380531
86,-0.5944553556569854,-0.000880120691230557
87,0.1013639887491522,-2.2568534041589317e-08
88,0.8225190187919178,-0.0059404821250449436
89,-0.4606227416098667,-0.00019382237490683796
90,0.4919397073352496,-0.00028655685161327327
91,0.5615437706887634,-0.0006282648484661202
92,-0.27109234578286046,-8.193768193831552e-06
93,0.07817309823939245,-4.750847049095341e-09
94,0.025141336235150913,-5.260791802186304e-12
95,0.4024786894567247,-8.679114369114505e-05
96,-0.8863919904197581,-0.009185237716221817
97,-0.3432079074469818,-3.3553366012184505e-05
98,-0.475461618918565,-0.00023403599383675644
99,-0.6983990090645633,-0.0022770849252919945
100,0.16440702870893187,-4.100295695197431e-07
101,-0.2042343502115731,-1.5040789551612477e-06
102,-0.9086738464285011,-0.010610579910795281
103,-0.8801297549340579,-0.008814186260005852
104,-0.5120640894634954,-0.0003635876366721025
105,0.15232830323379098,-2.5952776039339653e-07
106,0.9375570124809798,-0.012722156635080362
107,-0.4793957717771973,-0.0002457845525949409
108,0.01747102643093812,-5.924150059399835e-13
109,0.3643185859239271,-4.791561623007645e-05
110,-0.28814463106830845,-1.180126781674673e-05
111,-0.3253315296783219,-2.4377697465771675e-05
112,0.3293226625512147,-2.621952099612912e-05
113,0.8311155715861687,-0.006312207170527273
114,-0.6396825321975068,-0.0013572782377678783
115,0.7802517664265962,-0.004363748198792039
116,-0.6660704221427527,-0.001722626319278664
117,0.5310953671032861,-0.0004514839057894182
118,-0.19246105896439647,-1.0539206827253622e-06
119,-0.309401449802694,-1.805986914482638e-05
120,-0.8033456517536022,-0.005175727436000033
121,0.6256290393922916,-0.00119047467410216
122,0.3853949404782553,-6.701566964517625e-05
123,0.2576615481625162,-6.045904983875694e-06
124,-0.551867981075955,-0.0005667919612262207
125,0.13051597885683286,-1.0275825435002162e-07
126,-0.7546736387376756,-0.003589596694875019
127,-0.13285188471620746,-1.1428982682470945e-07
128,0.7692533913619297,-0.004015616059786398
129,-0.03135001976404217,-1.9775736603833138e-11
130,0.9643024646918068,-0.014971772149336315
131,-0.6757988434868842,-0.0018762454701383158
132,-0.24195617783072465,-4.149616091075892e-06
133,0.11419093003632064,-4.6114859819645915e-08
134,0.930723762853435,-0.012194072283344237
135,-0.2123878053200834,-1.9014791259319708e-06
136,-0.4104965333937076,-9.761701667931888e-05
137,0.6759855422362511,-0.0018793003564372412
138,0.2531298500263768,-5.436868943498041e-06
139,-0.850063668758664,-0.007199148149852341
140,0.5936562607227946,-0.0008731468196802039
141,-0.6805705059110871,-0.0019556191084476593
142,-0.8760363163166793,-0.008578336404084896
143,-0.49976336393115917,-0.0003147114283666985
144,0.21450428609627759,-2.0178136891368936e-06
145,-0.47752472779670785,-0.0002401375785877624
146,-0.6119075689557045,-0.0010443101545453137
147,-0.6220265312113031,-0.0011505598567422837
148,-0.9366859169058861,-0.012653817580642546
149,0.554365630615967,-0.0005821617737165052
150,-0.041226342530653826,-1.0226219870901332e-10
151,-0.5895032419053041,-0.0008376334234203586
152,-0.3737311881592731,-5.579199145799851e-05
153,-0.7998926267516475,-0.005047000064822171
154,-0.8686391884699316,-0.008165237145239201
155,0.09279151747261505,-1.3284375710576057e-08
156,-0.7185234665697746,-0.0026909917721918974
157,-0.5682022127291513,-0.0006736896587968833
158,0.2187369034527784,-2.2682889518899074e-06
159,0.7290243721671736,-0.0029303901261273912
160,0.3815235622216795,-6.309978902929725e-05
161,-0.09519562799730164,-1.5487060411878417e-08
162,0.019149077271799486,-1.0271783423831948e-12
163,-0.7754511171511234,-0.004208866725804339
164,0.3444451420351635,-3.4282066010415946e-05
165,0.32290087650840915,-2.330966113894828e-05
166,0.48586642158562365,-0.00026616901744691557
167,0.39830252839649205,-8.155973897350233e-05
168,-0.5811375210499625,-0.000769712409681822
169,-0.3060647589312313,-1.6926656810301033e-05
170,0.33535528240115453,-2.922200921562368e-05
171,-0.6007680499600645,-0.0009368475912475693
172,-0.028365605212538503,-1.0850986775778892e-11
173,0.8021919895213672,-0.005132423226518079
174,-0.7541497974655702,-0.003575011210814716
175,0.5778586204511538,-0.0007443646619985644
176,0.22273439327872024,-2.5281000904930906e-06
177,-0.03664362414671496,-5.042855022452386e-11
178,0.28669556978716604,-1.1450812606894623e-05
179,-0.10696443094970243,-3.1158333690939344e-08
180,0.16397510905234602,-4.0361579067837994e-07
181,-0.8381911855435167,-0.006632276098269441
182,0.24523692342157832,-4.497968370431593e-06
183,-0.5911200875197897,-0.0008513147545511357
184,0.08970339524774151,-1.0843646536251583e-08
185,0.5523691991882838,-0.0005698490816921087
186,-0.6456028799322753,-0.0014330923552530184
187,0.9237517142905842,-0.011673840340895136
188,0.09084095957929139,-1.16950262807336e-08
189,0.8134021211817863,-0.005566061054687044
190,-0.8644250507687681,-0.007937270850699285
191,0.6805769112432789,-0.0019557274865785734
192,0.4231272061812239,-0.00011693110870847345
193,-0.3234645288610596,-2.3553799291642363e-05
194,-0.4281696133732744,-0.0001254785621076504
195,0.4841338686482648,-0.00026057852421168537
196,0.10933892046947946,-3.5543381571301325e-08
197,0.8970113956890586,-0.009843609908951056
198,-0.7748581924012621,-0.004190054784713126
199,-0.7992281289615897,-0.005022531920809703
