,data,labels
0,-0.8579558984023308,-0.00759747349456108
1,-0.11096347079407298,-3.883030819107347e-08
2,-0.026412608543038285,-7.072786800677022e-12
3,-0.758019362921935,-0.003683911023619202
4,-0.43803056290792486,-0.00014369568894911922
5,0.754235331156222,-0.0035773894203425805
6,0.2114223223044578,-1.850296258765205e-06
7,-0.41868453536034056,-0.00010980604105204073
8,0.11130007672153153,-3.9542067065134745e-08
9,0.0010564649477891042,-1.1102230246251565e-16
10,-0.1363016047496204,-1.3327746750668723e-07
11,-0.287154837172386,-1.1560936477139627e-05
12,-0.19650063454407496,-1.1935741047741644e-06
13,0.3129402667715604,-1.9329941050472144e-05
14,0.12407094100600768,-7.584798222826095e-08
15,-0.6458710754336252,-0.0014366077779666142
16,-0.3528182839597991,-3.9567538719365025e-05
17,-0.6628330438464014,-0.001673867401781215
18,-0.014378443986648781,-1.8407497748285095e-13
19,0.9747503698952278,-0.01593414324654463
20,-0.009643500605227784,-1.6764367671839864e-14
21,-0.2813459484186034,-1.0231006962291289e-05
22,-0.34835986345664005,-3.667493544845524e-05
23,-0.5661453585630494,-0.0006593768727695126
24,0.06726100482525599,-1.9279390306436994e-09
25,-0.7589409762310113,-0.0037102454904257565
26,-0.2421243558143742,-4.166909769010019e-06
27,0.3369392953658925,-3.0056044148074612e-05
28,-0.4770592674331491,-0.00023874960800129852
29,-0.6597186193127567,-0.001628039737250897
30,-0.718208166459595,-0.002684060652505038
31,-0.20960069408661575,-1.7568473712481492e-06
32,0.40843149950095725,-9.47271779672132e-05
33,-0.6694167873765235,-0.0017742513144956007
34,0.8325512037560996,-0.006376102991695443
35,-0.13989236401500782,-1.5576189127397555e-07
36,-0.5741459330002083,-0.0007165003619522547
37,0.18268802916334037,-7.712758877120862e-07
38,0.2631344258724342,-6.856077575889685e-06
39,0.93918793189972,-0.012850914995386042
40,-0.4785528625787083,-0.00024322711395263763
41,0.5388332659104311,-0.0004919191016626856
42,-0.29381289407003375,-1.3259057045300615e-05
43,-0.80983600983986,-0.005424975896856643
44,-0.22836820136266756,-2.935938217096812e-06
45,-0.4996367756541924,-0.0003142383166901963
46,-0.3010339757476195,-1.5330240747180035e-05
47,0.8443481790116114,-0.006921497773550445
48,-0.7314735897086608,-0.002988673446342349
49,-0.9281574799517696,-0.012000428627834014
50,-0.5720752145368211,-0.0007013376746690669
51,0.6997947641375055,-0.0023039844076614413
52,-0.8061269314858832,-0.005281360013712488
53,0.13697415886626163,-1.3726910663702796e-07
54,-0.39389424587560184,-7.632426527615088e-05
55,0.8707272952094731,-0.00828016342530713
56,0.8840561322895728,-0.00904536813191148
57,-0.6142513485716239,-0.0010681680380836278
58,-0.8130209462512394,-0.005550838629630128
59,-0.19849097290006967,-1.2678493542805924e-06
60,0.5648815456001088,-0.0006507079092284984
61,-0.2382423909213991,-3.78266825840079e-06
62,0.6752628900830897,-0.0018674985790329002
63,-0.5764611340980079,-0.0007337730796548314
64,-0.19588279778931184,-1.171268755539856e-06
65,-0.7532563457196162,-0.0035502469369421696
66,0.6367127975357723,-0.001320513993743777
67,0.5212078625329342,-0.00040385567395073707
68,0.07837671983111583,-4.825561616961238e-09
69,-0.8442885934277844,-0.006918650095948609
70,0.4630039134851991,-0.00019985827077573237
71,-0.4147203317942425,-0.0001037561171713941
72,0.6681106421085354,-0.0017539515591055155
73,-0.2720936131302596,-8.376466648307712e-06
74,0.9004376574046118,-0.010064072954441339
75,0.5997189399565006,-0.000927216424628674
76,0.3585733911961768,-4.357934795407026e-05
77,0.26043474511130804,-6.445840906144085e-06
78,-0.003783908329112462,0.0
79,0.34762940600967274,-3.621821777766154e-05
80,-0.06339359586333293,-1.3514903640654552e-09
81,0.3412526173238273,-3.2428013572616265e-05
82,-0.9175415396305946,-0.011225851623566485
83,-0.1653994605360487,-4.250888309131895e-07
84,-0.1472048674407349,-2.1140555039877995e-07
85,-0.6066999027499291,-0.000992871779263882
86,0.8709881452178172,-0.008294612743914187
87,0.7637991381019718,-0.003851634439009155
88,0.6499166960066236,-0.001490505491252958
89,0.6379678894189684,-0.0013359500033457428
90,-0.7499325729512116,-0.0034593545949526128
91,0.21239824527310525,-1.9020389487867106e-06
92,-0.5340380044723141,-0.00046652358871301924
93,-0.1886175693500287,-9.339483537651461e-07
94,-0.5327378074654812,-0.0004598280333122373
95,-0.45189424093077646,-0.00017297294957741016
96,-0.7714630960164732,-0.004083662127269849
97,-0.17693332073502566,-6.366768471322004e-07
98,0.8895750060493839,-0.009378676820404164
99,-0.6362009410693192,-0.0013142612128831388
100,-0.401294742080027,-8.528053697043347e-05
101,0.42694794029800165,-0.00012336158870085434
102,0.36986013693972875,-5.243190336090553e-05
103,-0.45169131358071635,-0.00017251131566353717
104,-0.7684066825436566,-0.0039897904452567134
105,-0.07006871247851754,-2.4639795759284766e-09
106,-0.5986732838004909,-0.0009176984920155062
107,0.8154078947783159,-0.005646727851975175
108,-0.2584672976699389,-6.15991607855193e-06
109,-0.2756988611040523,-9.06262477029518e-06
110,-0.6062596250598855,-0.00098862069646799
111,0.4060242111119545,-9.14483629098628e-05
112,-0.6682479221037219,-0.001756076081541158
113,0.022772960125739816,-2.9056757000489597e-12
114,0.5785990870480737,-0.0007500276872554057
115,-0.8236002384567462,-0.005986223580194072
116,0.3149386144299222,-2.0079352336166423e-05
117,0.2354051107727062,-3.520886250441002e-06
118,0.0756771491075745,-3.9105380045256766e-09
119,-0.9205591151877897,-0.011441745465724629
120,0.5980108818627519,-0.0009117109391834077
121,0.1523467915586194,-2.5971663086821195e-07
122,0.2835725131340532,-1.0724851915444589e-05
123,0.7156130673312975,-0.0026275696787038116
124,-0.724866431545381,-0.002833586916816233
125,-0.9986894888089144,-0.018330159355714915
126,-0.7104065009006477,-0.002517179854865881
127,0.38136990689097816,-6.294837744869053e-05
128,0.9235142541500925,-0.011656446282147126
129,0.4468464068417257,-0.00016178921055221007
130,0.9426865878184594,-0.013130716826086575
131,-0.19510547359392882,-1.1436995249747284e-06
132,0.8721787877061451,-0.008360828515179164
133,0.38572491731435,-6.735856333772716e-05
134,0.5948882325865459,-0.0008839176736004095
135,0.32883465652983124,-2.5988297819190542e-05
136,-0.26723172818970875,-7.520045575137857e-06
137,-0.9159585644948616,-0.011113934424543226
138,-0.9998466800873351,-0.018453012891598952
139,0.47754418067214854,-0.00024019573095357405
140,-0.457323376774021,-0.0001857094077276633
141,-0.985409107268479,-0.016967269200106272
142,-0.5881089823143699,-0.0008259819100494559
143,0.04072383416184033,-9.500822351071747e-11
144,0.10932665495292238,-3.551947702629121e-08
145,-0.05532722541137258,-5.973459504815537e-10
146,0.48462653196166605,-0.00026215822557851265
147,0.9503710611401472,-0.01376274500058916
148,-0.9199294716602342,-0.011396419741940167
149,0.9862570593612552,-0.017051746074117302
150,0.8565871332573407,-0.007527127628552122
151,-0.6974115488458237,-0.0022582108835564885
152,-0.32188396287732113,-2.287451911475724e-05
153,0.04827176388281007,-2.6350654991347255e-10
154,-0.06286475792357726,-1.2852503505911272e-09
155,-0.10726710401148365,-3.16908386199799e-08
156,0.4169065187040062,-0.00010705733640614667
157,0.6173973912601323,-0.0011008981568256804
158,-0.17642616769228758,-6.258193608887908e-07
159,0.24073350489578127,-4.025675449437216e-06
160,-0.4479944758121446,-0.0001642785827888904
161,-0.707631627008376,-0.002459924751738174
162,0.969633994792513,-0.01545676260986295
163,-0.1961446738339847,-1.1806803319469594e-06
164,-0.032806411917809086,-2.596889370209965e-11
165,-0.20241346114982406,-1.4255233206084128e-06
166,-0.39298332108072564,-7.52779853041563e-05
167,0.2945054070604627,-1.344699350513956e-05
168,0.9181810133554549,-0.011271322955167973
169,0.44874079741728945,-0.00016591381083841394
170,0.5848033622559403,-0.0007988917849368615
171,0.07135500354599755,-2.748077654324277e-09
172,-0.7142587439724115,-0.00259847919822076
173,0.2048121763111952,-1.5297474932340904e-06
174,-0.887940553719355,-0.0092789357149613
175,0.6898702959688481,-0.0021182743959878847
176,0.8569696146394332,-0.007546730840653937
177,0.2103974689503183,-1.79722600346377e-06
178,-0.8538010069817596,-0.007385585212632773
179,0.4101950727357022,-9.71906453464122e-05
180,-0.2676541679198374,-7.591440873699895e-06
181,-0.17372756296558078,-5.706036370067835e-07
182,-0.24410755161665088,-4.375406408185789e-06
183,-0.7089388846742433,-0.002486762856067859
184,-0.7363398149930149,-0.0031073045868635907
185,-0.987704710439369,-0.01719675894598971
186,-0.04335556090306647,-1.383329006898748e-10
187,-0.8682709327365421,-0.008145104970442518
188,0.12103011957893184,-6.536191443640149e-08
189,-0.5976501439935649,-0.000908463770584067
190,-0.7444989930468822,-0.0033148909716769204
191,0.5323814437801659,-0.0004580068369286483
192,0.7289522491604112,-0.002928688114860134
193,0.5929390395371681,-0.0008669264136353938
194,0.6316195783540763,-0.001259375732718504
195,-0.4238299510954968,-0.00011809250889949219
196,0.8612865861996057,-0.007770900498187849
197,0.8128536709302971,-0.005544169187664649
198,-0.9959154136948356,-0.018038357328139187
199,0.14992265091317591,-2.3590824138608468e-07
200,-0.1475310534550116,-2.1422927243275325e-07
201,-0.2287771980947344,-2.967559490696381e-06
202,0.5587106362506078,-0.0006097207974131713
203,0.018014117563092347,-7.119860256921129e-13
204,-0.24334351825202094,-4.294078055799844e-06
205,0.10374467496754214,-2.593997761035638e-08
206,-0.6332380474424173,-0.001278544865913167
207,0.8333848918303659,-0.006413450633274476
208,-0.23199357943027588,-3.2262548715911166e-06
209,-0.432283808364089,-0.00013283079082149207
210,0.9683441951627685,-0.01533827677620847
211,0.683129025513888,-0.001999304881409647
212,-0.2599229687368534,-6.370424531776386e-06
213,0.6532867566185574,-0.0015366663462262897
214,-0.6071444705304603,-0.000997179590731534
215,-0.7707250995292376,-0.004060831606471527
216,0.13528332092146855,-1.2741819377382058e-07
217,-0.49271823347704347,-0.0002892613869122096
218,0.35371178824641136,-4.016944099660691e-05
219,-0.9641545505750566,-0.014958495923990789
220,0.14063195011157825,-1.607644073420289e-07
221,-0.7150215173829337,-0.0026148305644365655
222,0.4007063117245606,-8.453791282947432e-05
223,-0.37442416318703997,-5.6411957449986616e-05
224,-0.5835244717931578,-0.0007886100399314699
225,0.3320243682539086,-2.7530784923235352e-05
226,-0.9632638417482571,-0.01487875188678267
227,-0.24772119663741243,-4.7776472161809025e-06
228,-0.9282283917497602,-0.012005745472603246
229,0.9565825331464024,-0.014291561632430505
230,0.3067863363913128,-1.716656764960689e-05
231,0.08479103834768398,-7.735142082410107e-09
232,0.762423254459103,-0.0038111498137838318
233,-0.2917559633821125,-1.271367047894767e-05
234,-0.4843234197055064,-0.0002611853745024817
235,-0.6996750462106096,-0.0023016669520385946
236,0.20510410693190284,-1.5428538189254937e-06
237,-0.3778734147474523,-5.95835824065416e-05
238,-0.7503835852803489,-0.0034715746496646327
239,-0.4283638894676023,-0.0001258179735289522
240,-0.5129897853279637,-0.0003675064640505932
241,0.8286568346441208,-0.006203995218407199
242,-0.057214339853658425,-7.304835625276951e-10
243,0.14637694469462037,-2.043772747706285e-07
244,-0.7590195769748864,-0.003712498592772895
245,-0.5547499220470857,-0.0005845568980925586
246,-0.5908218241097607,-0.0008487771354998008
247,-0.8772888633235858,-0.008649948887827219
248,0.6501709782401304,-0.0014939480947102624
249,-0.6846813910287988,-0.0020262005871251043
250,-0.3690001157834877,-5.170870079795886e-05
251,0.6231946992024258,-0.0011633799076306017
252,-0.1452772216124305,-1.9534354878114613e-07
253,0.11290879628973327,-4.3095675139603884e-08
254,0.22866652357595862,-2.958974935962644e-06
255,-0.32223079242312136,-2.3022163716079902e-05
256,-0.38103981471076875,-6.262412539337348e-05
257,0.21643351889460605,-2.128959326719304e-06
258,-0.3993978450589146,-8.29057936750921e-05
259,-0.5822717337636045,-0.0007786448132227619
260,0.08591648159678433,-8.371765392034547e-09
261,0.6705515134131339,-0.0017920437438616599
262,0.33897693531055273,-3.115793043240167e-05
263,-0.7666631264709574,-0.003937039550001464
264,-0.08694635393851224,-8.99200902626518e-09
265,-0.006041966362564599,-9.992007221626409e-16
266,-0.4214114348851521,-0.00011413527237980059
267,0.6274865355085772,-0.001211497531644734
268,-0.3777039953742778,-5.9424417062858836e-05
269,-0.9070914627296542,-0.010503743163085999
270,0.9986496514792038,-0.018325941896145448
271,0.2102728600175905,-1.790860652217674e-06
272,0.7731396796732593,-0.004135920616971989
273,-0.6729424835201281,-0.0018300156845747484
274,0.11003841462378983,-3.69290111823517e-08
275,0.1429191892206867,-1.77089991781898e-07
276,0.35107665787556197,-3.841582857233572e-05
277,0.5455837736382068,-0.0005295990726854605
278,0.6755434298126743,-0.0018720728551874233
279,-0.11737105087981892,-5.4372243596390035e-08
280,0.27181682315917843,-8.325626031924216e-06
281,-0.23082018638635948,-3.12978832750499e-06
282,0.3304607932839021,-2.676543203294912e-05
283,-0.2811541028881306,-1.0189356675738281e-05
284,0.21105999886294602,-1.8313869211139533e-06
285,0.21086419676837576,-1.8212353228852507e-06
286,0.07787021425534735,-4.641494855128769e-09
287,-0.6971198529158298,-0.002252660203769019
288,0.6187431645945922,-0.0011151495822677715
289,-0.10745347329007782,-3.2022480778159945e-08
290,-0.8342038444764972,-0.006450312505416167
291,-0.5396288499785438,-0.0004962410344794277
292,0.7632992509662486,-0.003836884869380164
293,0.5278770483992803,-0.00043549687644584
294,-0.5237805424962156,-0.00041582788858907094
295,-0.4333685755860852,-0.00013482771613348987
296,0.9349787806392342,-0.012520758252312358
297,0.6236305252955541,-0.0011681929750531062
298,0.29655864281283195,-1.4017275829947273e-05
299,-0.21832776930269904,-2.243001463675398e-06
300,-0.5150311334026156,-0.0003762719835166406
301,0.356060205817885,-4.1787806853599285e-05
302,-0.836628732966082,-0.006560478561477234
303,-0.04055794135520108,-9.270972878283601e-11
304,0.8394575050418174,-0.006690936945480841
305,0.5850040984518521,-0.000800515631743326
306,-0.8550739052653487,-0.007449978841438387
307,0.05001704495156711,-3.2608526989719167e-10
308,-0.16944756104996794,-4.913756869173724e-07
309,-0.5747265532714398,-0.0007208002103881173
310,-0.3508412728278647,-3.82623312235042e-05
311,0.8864915210625195,-0.009191236596582608
312,-0.7124588148143132,-0.0025602279507283
313,0.6410902752109879,-0.0013749982663137095
314,0.43223812533155037,-0.00013274723527578747
315,0.5014494195346684,-0.00032106937103482114
316,-0.8731273334640715,-0.008413889413342424
317,0.3353371997025587,-2.9212600321182336e-05
318,-0.2766691053478896,-9.25505987425801e-06
319,-0.2544593033012057,-5.609991961419425e-06
320,0.9552232017183977,-0.014174441643907576
321,-0.4727319557679872,-0.00022616104001116355
322,0.5130302147339472,-0.00036767841106588595
323,0.8195235103888188,-0.005815250200259858
324,0.9288647315069374,-0.012053543239708198
325,-0.29261434526291885,-1.29389526674073e-05
326,-0.19966634988501442,-1.3134907934642115e-06
327,0.1705270448064451,-5.104361757712894e-07
328,-0.9240882261245345,-0.011698526268297371
329,-0.7480366779204919,-0.0034083718694706278
330,-0.595705243200978,-0.0008911209628286176
331,-0.4890018181006297,-0.0002765387681634701
332,0.7611126776283399,-0.003772912583500543
333,0.011372538304365687,-4.5075054799781356e-14
334,0.6304365088210402,-0.0012455140396699926
335,-0.7399746514532481,-0.003198420069930985
336,-0.7895073078449253,-0.004675572801955852
337,-0.4671935922845838,-0.00021085662638520297
338,-0.30873449594623525,-1.7828454547452743e-05
339,0.08361553115012965,-7.113789890489386e-09
340,0.9032516949764873,-0.010248145690064159
341,0.37639351264920373,-5.82051366864178e-05
342,0.8438459961151767,-0.006897527780819868
343,-0.44486987839498804,-0.00015757677525241043
344,0.5266518366438186,-0.0004295351201639708
345,0.13600224281822282,-1.3153210154381867e-07
346,-0.5097433942315366,-0.00035391507524684673
347,0.43249946336499545,-0.00013322581914709808
348,0.6774958046818103,-0.0019041632683312049
349,0.5156725480593691,-0.00037906167507051336
350,0.3320340326565514,-2.7535571481052123e-05
351,0.5126710170507931,-0.00036615306703846606
352,0.2340840673749991,-3.404249097949119e-06
353,-0.5062877736112059,-0.0003399077085550761
354,0.521176598757698,-0.00040371195956867556
355,-0.08342773518333324,-7.018490788546217e-09
356,-0.00673420646255396,-1.9984014443252818e-15
357,-0.9568471257228173,-0.014314450395028544
358,0.26382630837816157,-6.964639045370369e-06
359,0.1875748036516971,-9.034377626004897e-07
360,-0.7044082262986995,-0.002394765378469499
361,0.8492741370373538,-0.007160259840137573
362,0.8161908177902608,-0.0056784738726003425
363,0.19225849919908233,-1.0472930144223014e-06
364,0.8428941555421257,-0.00685228147989736
365,0.21936524699684257,-2.307586988492538e-06
366,-0.35117530799997754,-3.848031142561492e-05
367,-0.030185889208857786,-1.5759171745344247e-11
368,-0.5842769014441329,-0.0007946459288299401
369,0.9607184314059682,-0.014652772378710432
370,-0.22169511885141202,-2.458285576656394e-06
371,-0.8994231849133301,-0.009998380366601611
372,0.8222902395118825,-0.005930840346638266
373,0.4971294626195131,-0.00030498813587531703
374,-0.8403378843245186,-0.006731969479421562
375,-0.6170820267973702,-0.0010975803617971902
376,-0.012058213273702156,-6.405986852087153e-14
377,0.19712709411807938,-1.2165507112804619e-06
378,-0.34170875222563324,-3.2687691553401343e-05
379,0.5220243992701714,-0.0004076241825237137
380,-0.8182912206976012,-0.0057643648425997895
381,-0.6274273235611123,-0.0012108226848629444
382,-0.5989785341022873,-0.0009204686084082203
383,-0.5060389405282051,-0.0003389170498000471
384,-0.42096164374997413,-0.00011341159040934023
385,-0.5174245990419535,-0.0003867692318779703
386,-0.10281221840574473,-2.4572737400418987e-08
387,-0.6692462352110611,-0.0017715896997971825
388,0.1478057975271534,-2.1663197979915338e-07
389,-0.8595740738070958,-0.007681330783895435
390,0.5646684398445225,-0.0006492554655170846
391,-0.8226767322238089,-0.005947136351404758
392,0.47501985787222867,-0.00023274634560843666
393,-0.9669186232125766,-0.015208180546805727
394,0.4971729661698705,-0.0003051466874166575
395,-0.8405949870884704,-0.006743991284158479
396,0.08578205820031792,-8.29350621511793e-09
397,0.35862231683361734,-4.361484783055314e-05
398,0.8574464542689706,-0.007571228685326004
399,-0.8606812306219553,-0.0077391413600708114
400,-0.6428256776347046,-0.001397104950481065
401,0.29732018182622033,-1.4233839180199936e-05
402,0.3104116884238266,-1.8415146618488976e-05
403,0.5753755764784967,-0.0007256318484836211
404,0.05332108780226963,-4.786282481461512e-10
405,-0.9184392453962222,-0.011289727751531253
406,-0.6776156641442161,-0.0019061480241376882
407,0.8988004763691966,-0.009958230493512854
408,-0.7789064069595082,-0.004319879080846523
409,0.4728214722537063,-0.0002264157609239703
410,0.8298656385150818,-0.006257004489386042
411,0.9330180882689678,-0.012369347025201871
412,-0.66238579252596,-0.0016672216234145942
413,-0.2527384385997158,-5.386754457270548e-06
414,0.5711168580993486,-0.0006944105224302444
415,0.24643280227585196,-4.63084836921368e-06
416,0.016433257701707227,-4.1022740759899534e-13
417,-0.13002409558063732,-1.0045801823732603e-07
418,-0.9318787990167974,-0.012282055963343752
419,-0.2926184575645574,-1.2940039875508624e-05
420,-0.9226267395996899,-0.01159162268223135
421,0.8499106313231828,-0.0071915968237425965
422,-0.20619742699440669,-1.5927725253161995e-06
423,-0.5878754754432569,-0.0008240437026700853
424,0.7313992923230199,-0.0029868914993295137
425,0.3917638589307255,-7.389598532647756e-05
426,-0.3698060728077819,-5.238619409919654e-05
427,-0.8334893877475817,-0.0064181444675388555
428,-0.4292095710300947,-0.00012730431419816224
429,0.24676606087796737,-4.668454777867481e-06
430,-0.8831719427681102,-0.0089928800923601
431,-0.7557369029085677,-0.0036193519079109615
432,-0.8651565081553914,-0.007976461328074724
433,0.027265403540609245,-8.558376229927944e-12
434,-0.5076573266584516,-0.0003454032171502641
435,-0.9411447270382134,-0.013006801796138223
436,-0.11916773590062735,-5.9558037279749954e-08
437,-0.8870070930196958,-0.00922236229366391
438,0.016563690863231173,-4.3021142204224816e-13
439,0.6950916840843873,-0.0022143759972764743
440,-0.9686454355965721,-0.015365883384723111
441,-0.4924148593841735,-0.00028820498734150046
442,-0.7058110335652756,-0.0024229454858725186
443,0.6589496737313407,-0.0016168856996569003
444,0.8726408635567051,-0.008386642365238561
445,-0.33917415126092343,-3.1266336177449006e-05
446,-0.19220977667547223,-1.0457040225952952e-06
447,-0.5995069679546206,-0.0009252804206844045
448,0.3362095149836275,-2.966936722348379e-05
449,-0.014724964030384147,-2.1227464230832993e-13
450,0.8414569259935551,-0.006784422858637895
451,-0.6293118516556249,-0.0012324537247103695
452,0.4708966574750437,-0.00022099077014214874
453,-0.44031859823876607,-0.00014822173743378464
454,0.26118307546949127,-6.557452376765305e-06
455,0.6700623626770028,-0.0017843559464523207
456,-0.7754323652611097,-0.004208270717479756
457,0.9078227605234872,-0.010553007938683634
458,0.664917069695661,-0.0017051229463077577
459,0.07164621261801485,-2.816044841758014e-09
460,-0.20855860430308182,-1.7051790328626026e-06
461,-0.9239095934787451,-0.011685416784235403
462,-0.2158420109310255,-2.094353297676932e-06
463,0.17002083098450793,-5.014227055788467e-07
464,0.8646288335729446,-0.00794817338038023
465,-0.8975044556143439,-0.009875090454908086
466,-0.6728820011363781,-0.0018290470329944686
467,-0.6973381759117601,-0.00225681361145591
468,-0.516266145967835,-0.0003816586326634841
469,0.08418102220438373,-7.407289781546922e-09
470,-0.2391873423269424,-3.873368306872571e-06
471,0.4722374946902963,-0.00022475831628776533
472,-0.14568937100959167,-1.9868936884659405e-07
473,-0.9856074560098671,-0.016986999010999537
474,0.7337093078589794,-0.0030427053900579093
475,-0.8757638297256116,-0.008562821811716748
476,-0.4511613002476327,-0.0001713104185969705
477,-0.8413188688616882,-0.00677793359443557
478,-0.6488170358009704,-0.0014756929604818891
479,0.39259515682430246,-7.483577593281332e-05
480,0.16714340874069133,-4.526674572957745e-07
481,0.3183292193330398,-2.1406100547682883e-05
482,-0.18879733509776964,-9.392938594698919e-07
483,-0.8349162978513944,-0.0064825217814993286
484,-0.8419202132394357,-0.006806236509848573
485,-0.44037856443758683,-0.00014834192983381733
486,0.23792704100954687,-3.7527960269345684e-06
487,0.7366931842520408,-0.0031160678032972067
488,-0.23153941889682983,-3.188628295180962e-06
489,-0.2516621450119423,-5.250928271194333e-06
490,-0.629219074523665,-0.0012313813970872278
491,0.9626369079763784,-0.014822831339508125
492,-0.7023598333283312,-0.0023541016238325385
493,0.23226416330341637,-3.2488474975833626e-06
494,0.1186187240523886,-5.7931505814678985e-08
495,0.750966465669481,-0.0034874201722976395
496,0.20045365992870234,-1.3448215251399276e-06
497,-0.30868634554665975,-1.7811843557979934e-05
498,-0.46782172930408694,-0.00021254797023562144
499,-0.4460326576821252,-0.0001600437589721615
500,0.03226525296637606,-2.35024222305924e-11
501,-0.4298383729699786,-0.0001284188910227746
502,-0.4626493077857503,-0.00019894965487565752
503,-0.7300301541787286,-0.002954210220714071
504,-0.7150499267914641,-0.002615441200971791
505,-0.7064551964236636,-0.002435976813472074
506,-0.7896925114064759,-0.004681994094932418
507,0.7870141297175683,-0.00458983174355565
508,-0.6136165927038431,-0.0010616627244518506
509,0.41845858652563295,-0.0001094535245363959
510,-0.6319241328376426,-0.0012629646397885885
511,0.6658565960139762,-0.0017193701411387652
512,0.430063434999046,-0.0001288197843748451
513,-0.10397040885834796,-2.6280321918648042e-08
514,0.8458266953869091,-0.006992466194262303
515,-0.375952993643228,-5.7799971293404084e-05
516,0.8215865319769082,-0.005901263362220743
517,-0.038849883516744566,-7.161682358258759e-11
518,0.90762441498124,-0.010539627529707163
519,-0.6683155891521861,-0.0017571240657442422
520,0.9411635192729264,-0.013008306310898665
521,-0.17399700109194005,-5.759273125072184e-07
522,-0.23421537995028419,-3.4156969840326568e-06
523,-0.22219719134341132,-2.4918097556447805e-06
524,-0.42261981965097095,-0.00011609847429572273
525,-0.979572857309646,-0.016395032271825705
526,0.910695722438942,-0.010748379777446027
527,0.6868223228807531,-0.0020637819651272427
528,0.769339614675814,-0.004018253657493753
529,-0.20434475618243986,-1.5089555637226582e-06
530,-0.6817716494426971,-0.0019760291767985105
531,-0.43131930898904036,-0.00013107592764927123
532,0.447093448544839,-0.00016232221525469548
533,0.21811369034743944,-2.2298636132012106e-06
534,0.19297753084801128,-1.0709776214756772e-06
535,0.7575969655226533,-0.003671892747340366
536,-0.5229786589255927,-0.00041206515415437295
537,0.5032397741141594,-0.0003279366927716465
538,0.546531589300381,-0.0005350756720486904
539,-0.3591128057322541,-4.397207042028395e-05
540,-0.9098435723058,-0.010690124818818036
541,0.9754842319377168,-0.016003589917480965
542,0.31733396525188073,-2.100931884174706e-05
543,-0.7640940662069515,-0.003860358355761484
544,-0.9818883002215852,-0.016620146767942545
545,0.2429488186834008,-4.252559136941336e-06
546,0.7053722327975032,-0.002414101510914035
547,-0.22738903517307296,-2.8613723058734664e-06
548,-0.568364470711676,-0.0006748295867341492
549,0.8260506728968056,-0.0060909596317798576
550,-0.5372314738266748,-0.0004833119562963617
551,-0.16182654854787226,-3.7293842569674496e-07
552,-0.9970656374901332,-0.018158885822315618
553,0.9152709267519814,-0.01106560281992941
554,-0.3788829419985511,-6.053936608163557e-05
555,-0.22345397050128457,-2.577398997449798e-06
556,-0.29731447544470746,-1.4232206139497272e-05
557,-0.29287199010047993,-1.3007215548088702e-05
558,-0.5136605577037501,-0.00037036789838085227
559,0.6820365987060213,-0.0019805547886335706
560,0.7838355468663019,-0.004482395310550613
561,-0.04744638465478568,-2.3760482470436273e-10
562,-0.1826309199895324,-7.698323927218809e-07
563,0.21417187651801983,-1.9991601108992896e-06
564,0.11158408072981096,-4.015102095245027e-08
565,0.5356814989017813,-0.0004751022501393587
566,0.37455386305882055,-5.6528625806739896e-05
567,-0.2559107012582922,-5.804207106607784e-06
568,0.7288299171398622,-0.002925803094115831
569,-0.5943274283685478,-0.0008790011593675651
570,0.9560075658639802,-0.014241926552772455
571,0.7496434938064189,-0.003451540686371657
572,0.12534401033690146,-8.06357950411396e-08
573,-0.7460420220740869,-0.003355401761015786
574,-0.10349544789444098,-2.5568485439997346e-08
575,-0.08956077585522348,-1.0740649258877966e-08
576,0.9336836762177576,-0.012420577477393224
577,-0.2146669403499819,-2.0269938871830817e-06
578,0.20602909029031458,-1.5850002323958279e-06
579,-0.02741194832249283,-8.838152432133484e-12
580,-0.9273307413243397,-0.011938582887898175
581,0.3260256130232835,-2.4690036071639554e-05
582,-0.7870830695925937,-0.004592185125036341
583,-0.684504723509257,-0.002023124764018891
584,0.22052277791195296,-2.381465611156486e-06
585,-0.5181161502096407,-0.00038984697001409607
586,0.2756005312329608,-9.043309504686015e-06
587,-0.5384843540028967,-0.0004900335213104956
588,-0.38553924692761044,-6.716544618101672e-05
589,-0.1410359097181908,-1.6355279364166364e-07
590,-0.8069367842477768,-0.005312448323282926
591,0.10309131902681923,-2.4975524648418457e-08
592,-0.7461847721885486,-0.003359170007851575
593,0.05881034274959851,-8.615753666063597e-10
594,0.5622481198509488,-0.0006329467628387597
595,-0.8608701258003564,-0.007749040057334233
596,0.05327189020023804,-4.759850291691237e-10
597,0.9547152650693065,-0.014130879186081913
598,-0.5813437853528916,-0.0007713304969176882
599,-0.8587970497579076,-0.007640969696334765
600,0.5822050789110065,-0.0007781175199317314
601,-0.7752341546284096,-0.004201975046471462
602,-0.7524616200504479,-0.00352833775419914
603,-0.1408049695556417,-1.6195380947436888e-07
604,-0.4761865680194126,-0.00023616519304781036
605,0.4390134872280189,-0.0001456257929119964
606,0.6300272759259788,-0.0012407485844850852
607,0.45169040421587003,-0.00017250924927580957
608,0.17837719757644366,-6.684509127330429e-07
609,0.19325740934841296,-1.0803164598449655e-06
610,-0.5902047248416349,-0.0008435467052368972
611,-0.9056303870982467,-0.010405878656340128
612,0.12032102822100255,-6.309900035805782e-08
613,0.5234304012517206,-0.00041418141388183116
614,-0.5620669127911573,-0.0006317395051868013
615,-0.19926096720696274,-1.2975972559781113e-06
616,0.1380376169113735,-1.4378375379209274e-07
617,-0.43048443832010896,-0.0001295724870298276
618,-0.7174269746097743,-0.0026669512822257158
619,-0.6090654092271814,-0.0010159711203505672
620,0.899016831618165,-0.00997216528945255
621,0.014835965438340315,-2.2215562722749382e-13
622,0.22251546972006575,-2.5132581104037044e-06
623,0.07097702554744423,-2.6619021431528722e-09
624,-0.6359707408978228,-0.0013114570885058852
625,-0.9358815057560306,-0.012590976353336503
626,-0.05731510252788796,-7.382354727525353e-10
627,0.6940531964248455,-0.002194981674785157
628,0.1531903548418938,-2.684568264355036e-07
629,-0.8421602441552754,-0.006817560821160251
630,-0.9304904048582701,-0.012176359103256429
631,-0.6845454752643996,-0.002023833920129059
632,-0.9868565515822618,-0.017111676624891214
633,0.2627223046882028,-6.792084418782984e-06
634,0.4258521362530132,-0.00012148801690203825
635,0.06331577608946004,-1.3415681898720777e-09
636,-0.9692814498300999,-0.015424302697476633
637,-0.948965111577043,-0.013645292357212901
638,-0.8833693711068962,-0.009004578353104642
639,-0.28854144918839,-1.1898778536134635e-05
640,0.4046014317272133,-8.955517450304207e-05
641,-0.43447497497564824,-0.00013689005089445594
642,0.08102851843785674,-5.891553356285328e-09
643,-0.024451460533530645,-4.451994328746878e-12
644,-0.8308106986418249,-0.006298705946404026
645,-0.5846367032925817,-0.0007975456733779751
646,-0.7970954853929668,-0.00494466023739093
647,0.4796485915198698,-0.00024655595239286843
648,-0.8692557312506382,-0.008199034071500244
649,0.488904196125703,-0.0002762109297392845
650,0.7564154829222618,-0.0036384475600035326
651,0.21078594079600355,-1.8171911699838006e-06
652,-0.6224825050842333,-0.0011555499900999244
653,-0.5810681610695902,-0.0007691689302197213
654,0.6368835862948954,-0.001322605782922981
655,0.49089216236563815,-0.0002829508512508516
656,-0.3399625933193746,-3.170286376030784e-05
657,-0.8441951758762616,-0.00691418747344974
658,0.22545448471521023,-2.718678816515663e-06
659,0.2974450987249231,-1.426962670258991e-05
660,-0.17741788895589017,-6.471969032917357e-07
661,-0.758970717490759,-0.0037110978960037677
662,0.8663077392681611,-0.008038463377048832
663,0.14412902356776613,-1.8626900621931952e-07
664,0.04235520381914304,-1.2025469509069353e-10
665,0.29859447334839073,-1.460243753137469e-05
666,-0.21644126725358293,-2.1294157808160463e-06
667,0.37158147548198905,-5.3904648886660134e-05
668,0.06953746287564555,-2.354015649075336e-09
669,0.4095445840225074,-9.627588896321537e-05
670,-0.8618185022749767,-0.007798894712647164
671,-0.6010713871532392,-0.0009396476716382329
672,0.4758256515570629,-0.0002351031721746777
673,-0.2847239272113766,-1.0987907519188767e-05
674,-0.043314829276855704,-1.3755507843882242e-10
675,0.6450653421683121,-0.0014260678392691295
676,-0.3068470519523978,-1.7186882695918726e-05
677,-0.6420277722470886,-0.0013869045842327399
678,0.6125913486160055,-0.0010512245842119183
679,0.8298931564461112,-0.006258215531087297
680,-0.5272602853746899,-0.0004324872689583925
681,-0.6831004508819714,-0.0019988125791502442
682,-0.4505750521209362,-0.00016999018738583782
683,-0.9586260131577435,-0.014469111416235303
684,0.5381329981137131,-0.00048814078028902586
685,0.5658735468559541,-0.0006575044018966025
686,0.8249290553005468,-0.006042834806486375
687,0.7597463057125569,-0.0037333836878832294
688,0.768979193723514,-0.004007237720250023
689,-0.135674855306265,-1.2964517581703916e-07
690,-0.16844321380263327,-4.741778113492856e-07
691,-0.9795301593118841,-0.016390904484183788
692,0.2186409896834205,-2.262339589664819e-06
693,-0.32031316180181624,-2.2215647864087806e-05
694,0.6905355605645114,-0.0021303243187180687
695,0.023993536185029196,-3.974487405855598e-12
696,-0.30360864935875354,-1.6130832943495044e-05
697,-0.4984378672803227,-0.00030978664476299933
698,-0.7968880881788125,-0.00493714046797844
699,-0.7701650532025306,-0.004043576176628649
