,data,labels
0,-0.14770448395442526,-2.1574336817042905e-07
1,-0.9566188695984652,-0.014294703173493128
2,-0.45814078984426443,-0.0001876926500367082
3,0.784342530668384,-0.004499391628336791
4,0.3273959837817495,-2.5316476777392793e-05
5,-0.052541245565403294,-4.381380813711644e-10
6,0.2531252802060926,-5.436281615311955e-06
7,0.7813096516652638,-0.004398499754284302
8,-0.6682120932017761,-0.0017555213949491666
9,-0.9510951433270576,-0.013823555484398176
10,0.5165989646232683,-0.00038312112817862065
11,-0.7702861078477232,-0.004047300845648083
12,-0.21342037558545646,-1.95751721621118e-06
13,0.004127424695504978,-2.220446049250313e-16
14,0.4775791188983327,-0.0002403002044790714
15,-0.9490592946422765,-0.013653134749214257
16,-0.8985296861236505,-0.009940812130046828
17,-0.5899334555481919,-0.0008412559135803077
18,0.8648937645257329,-0.007962365702791407
19,0.31174747749024756,-1.8893816049025958e-05
20,-0.7033015887370051,-0.0023727257232440957
21,-0.088507093585799,-1.0004654882322939e-08
22,-0.1556427127340232,-2.952688461510533e-07
23,0.4936181131039532,-0.00029241380453837174
24,-0.5066386403291894,-0.0003413086587623626
25,0.4567506732300357,-0.00018433026604847136
26,-0.10207424889444194,-2.3533716642099023e-08
27,-0.5573102006422384,-0.0006007229401864267
28,0.35532707762419347,-4.127687567001548e-05
29,0.1509852956622766,-2.4611052662493194e-07
30,-0.05535465247828486,-5.991246387893057e-10
31,0.608271543417418,-0.001008170014073162
32,0.8976676730134232,-0.009885529554967354
33,0.6968537766599472,-0.002247606843752803
34,-0.22631897533325773,-2.7816937795410723e-06
35,0.10664229930947733,-3.059980413500085e-08
36,-0.38530261116248066,-6.69199860423575e-05
37,-0.9004580003341471,-0.01006539386771299
38,0.05264242638572614,-4.4322456815848454e-10
39,-0.17699921697539156,-6.380990427157229e-07
40,0.6415675660397284,-0.0013810493311837702
41,0.8339959522381097,-0.006440938669643348
42,-0.551974234150439,-0.0005674389035772442
43,0.9768755447438007,-0.016135929159088125
44,0.3276494780810364,-2.5433792368412256e-05
45,0.08623718183850859,-8.560960385040062e-09
46,-0.5372365952873517,-0.0004833392762534361
47,0.3065311138596134,-1.708138998957054e-05
48,0.6880108000243486,-0.002084890805342021
49,0.9363408996004152,-0.012626833290567907
50,-0.3323925411607527,-2.771362189624149e-05
51,0.7595561385828169,-0.0037279092666931968
52,-0.6578118841840512,-0.001600496998005796
53,0.9659801555948593,-0.015123028856509957
54,-0.9350002405204649,-0.012522423784034564
55,-0.9323094422463529,-0.012314992062651409
56,-0.7822374555806317,-0.004429164866273982
57,0.08262414524662565,-6.62262467088226e-09
58,0.018947015074289864,-9.637846076770984e-13
59,-0.8851118294989444,-0.009108365229770543
60,0.6138303626829706,-0.0010638498886956782
61,-0.8867920135435523,-0.009209367226915788
62,0.7888620026727056,-0.00465325552259499
63,-0.6398730761805886,-0.0013596656340231217
64,-0.47746124124971456,-0.00023994787326186984
65,0.23164780259570827,-3.1975743863821293e-06
66,0.08976364348106913,-1.0887403312231925e-08
67,-0.9431448013043975,-0.013167727205073532
68,-0.23977313928809485,-3.9304985957056005e-06
69,0.4159107751923379,-0.0001055430860181783
70,0.7424511433274494,-0.0032617483647893186
71,0.38211892776515355,-6.368931977107639e-05
72,-0.09190544394995559,-1.2541451099856715e-08
73,0.7309355251634271,-0.0029757882583421047
74,0.16455222954263182,-4.1220469337854837e-07
75,0.2545124014437672,-5.617000581104037e-06
76,0.9882024763971908,-0.01724685207447285
77,-0.5030398164687837,-0.00032716372742880306
78,0.04503839477382354,-1.7383861017350455e-10
79,-0.4805042351735822,-0.00024918157951892006
80,-0.37576174451772326,-5.762480137216919e-05
81,-0.9831875288958374,-0.01674756011486367
82,-0.6387779151149617,-0.0013459910864854763
83,0.7540166683737468,-0.003571312226840151
84,0.5525872380793679,-0.0005711832341278589
85,0.09534798678190115,-1.563632046064356e-08
86,0.7796610898551297,-0.004344442752112543
87,-0.7404361655553615,-0.003210144505565893
88,0.11376560310259931,-4.509437079303069e-08
89,-0.8207094604479905,-0.005864569236584183
90,-0.5399336395228767,-0.0004979050749477354
91,0.316887773293677,-2.0833429388078528e-05
92,0.2507417393001119,-5.13704666815773e-06
93,0.6445385762421654,-0.0014192116670264099
94,0.1932642289052824,-1.0805448544815022e-06
95,-0.1634822771949893,-3.963997690092924e-07
96,-0.596835572871599,-0.0009011665680709324
97,-0.8286143273784363,-0.006202137882627579
98,-0.6656617737311525,-0.0017164077755631446
99,0.8009837627863097,-0.005087389994835156
100,0.35950487125290054,-4.4259356071219e-05
101,0.6585394112621783,-0.0016109604109190157
102,0.7205193359668425,-0.0027352087419461046
103,-0.5001069317264557,-0.00031599845463958776
104,0.2974871135273427,-1.4281680351002635e-05
105,-0.38332755638187144,-6.490017638105527e-05
106,0.24697337041547995,-4.691976466575376e-06
107,0.6456020117781964,-0.0014330809872936667
108,0.3968627894159298,-7.981805635404182e-05
109,0.7203970295736175,-0.002732482054844332
110,-0.5959977801437528,-0.0008937119161820384
111,-0.37305889409918125,-5.5195945468655694e-05
112,-0.4707736907383526,-0.00022064788906794863
113,0.12570854401868292,-8.205218948731385e-08
114,-0.12897687893256737,-9.570341663600601e-08
115,0.5120973856834972,-0.00036372798999895206
116,-0.7879340976257596,-0.004621318113431472
117,-0.9568634583940114,-0.014315864242710696
118,0.8769543542111848,-0.008630776151265174
119,0.9993552045988947,-0.018400753668374126
120,-0.4743986136889504,-0.0002309426948913229
121,-0.17689336924411214,-6.358158861630159e-07
122,-0.3993372138834539,-8.283080397364362e-05
123,-0.2908013539764456,-1.2466973751346089e-05
124,0.04810371507510358,-2.5805058090355715e-10
125,0.9604681911275406,-0.014630708147643445
126,-0.9998841523034379,-0.01845700231053482
127,-0.16428814851321571,-4.082558557882976e-07
128,0.39288522801372183,-7.516603019774859e-05
129,-0.16948022725411738,-4.919436477068828e-07
130,0.3848548316984537,-6.645754636147583e-05
131,0.8880393299851761,-0.00928493872470293
132,0.26955795465139687,-7.920230899127745e-06
133,-0.6997280213641295,-0.002302692188720701
134,-0.7371567994261226,-0.0031275958269947335
135,0.8829378346792931,-0.008979024549251924
136,-0.6990423622343604,-0.002289451539589371
137,-0.9448110657827464,-0.013303031235528229
138,0.33963886407792,-3.152301961817372e-05
139,0.7939230191438331,-0.004830655542454099
140,0.5213126447483987,-0.00040433764924097115
141,0.6019792312758583,-0.0009480692388262879
142,0.8221846503515275,-0.005926394677853275
143,0.5404006311098002,-0.0005004636338443724
144,0.1719030462961606,-5.356212089413503e-07
145,0.26704955757608073,-7.489430300267053e-06
146,0.2736799181575007,-8.672845853818778e-06
147,-0.8557939430292323,-0.007486607325389194
148,0.9155967957260309,-0.011088485542974591
149,-0.5853027287200872,-0.0008029364347349466
150,0.8869777444180389,-0.00922058817307736
151,0.584717634143022,-0.0007981991210218586
152,0.7806351397690057,-0.004376315879482839
153,0.3790819506660499,-6.072927417477558e-05
154,0.8338851756720027,-0.006435948328306518
155,0.15647178481765867,-3.0482253743358e-07
156,0.4478159091243117,-0.00016388932210054108
157,0.10522081619463441,-2.8233711923952853e-08
158,-0.0283844046722308,-1.0894174451436811e-11
159,0.10023758351145506,-2.1105568182022694e-08
160,0.893569798127577,-0.00962614988977284
161,0.5534806119451265,-0.0005766766855509475
162,0.4957551347716831,-0.0003000143157667612
163,0.3125324106528613,-1.917988316146868e-05
164,-0.27636031472710676,-9.193450191458119e-06
165,0.9796219935156278,-0.016399783514740918
166,0.029905979777416603,-1.4902412637241014e-11
167,0.0513281588565051,-3.808464654753152e-10
168,0.5169552390296639,-0.0003846918330054905
169,-0.9151673812934764,-0.011058339872980327
170,0.8902299069089044,-0.009418886778062685
171,-0.1743919864020631,-5.838063169560925e-07
172,0.836093755341353,-0.006536042227912264
173,-0.3659143610868556,-4.918166296641324e-05
174,-0.6995011448112933,-0.0022983040519830578
175,0.28733455360095106,-1.1604268231768522e-05
176,0.986802973741457,-0.0171063135409647
177,0.006860590966712099,-2.1094237467877974e-15
178,0.9989214091062779,-0.018354727754010147
179,0.8353377064241567,-0.006501635171250908
180,0.5241309290020424,-0.0004174809360391052
181,-0.9848460987589298,-0.01691136819415584
182,-0.015486905995498068,-2.8743674107545303e-13
183,-0.06492167413937522,-1.5590794211206571e-09
184,0.8050038842580078,-0.005238496025701589
185,-0.8337511601809322,-0.00642991533878523
186,0.6196038200269864,-0.0011243433079761722
187,-0.4609930867712668,-0.00019475108878475034
188,0.9758440804941628,-0.016037733004503174
189,-0.24872768742687135,-4.895001779581243e-06
190,-0.7047422591546713,-0.0024014509503178516
191,-0.1955677441724768,-1.160028880065056e-06
192,-0.44863178300336526,-0.00016567411656553954
193,-0.6755860738844099,-0.0018727689860255081
194,0.22032902323388948,-2.368964004517693e-06
195,-0.0211659811781435,-1.8730572648451016e-12
196,-0.06994245087656203,-2.4374646745428663e-09
197,0.11408657582426418,-4.586271873385783e-08
198,-0.5463576380459081,-0.0005340670650989532
199,-0.9825492026798248,-0.016684861427918918
200,0.5123467753097073,-0.000364780667332143
201,0.6500832066765883,-0.0014927590578818206
202,-0.32404995382946855,-2.380961422554506e-05
203,-0.34355343285684325,-3.3755563972670544e-05
204,0.6263693345674037,-0.0011988168329715165
205,0.8332489993654741,-0.006407350710905257
206,0.013972207998517616,-1.5509815654013437e-13
207,0.2190655642078314,-2.2887740588339867e-06
208,-0.856895750606111,-0.007542941855081975
209,-0.23146554985278311,-3.182543019786266e-06
210,0.04182998419645512,-1.1158096668850703e-10
211,0.9153997004633878,-0.011074640776902123
212,-0.019722468544882688,-1.2260192860935604e-12
213,-0.19479160702190734,-1.1327218741863376e-06
214,-0.7876338812661483,-0.0046110236278591454
215,-0.3457734131213188,-3.5078971911239876e-05
216,-0.9171050819173532,-0.011194902342738233
217,0.7907433112577007,-0.004718564143102233
218,-0.5877829254718088,-0.0008232765387845564
219,0.4130217660460975,-0.00010124993092441859
220,0.22222969369330947,-2.4939930365341922e-06
221,0.9950226301280387,-0.017945254726942306
222,0.4412814093295616,-0.00015016132701550777
223,0.20786277149145072,-1.6713879751328875e-06
224,-0.5111424369401554,-0.0003597203616452216
225,-0.5817652502244339,-0.0007746455154044041
226,-0.3291703343372745,-2.614716323345867e-05
227,0.2059979332247499,-1.5835651445694765e-06
228,0.3023073941343437,-1.5721974298332775e-05
229,-0.18196152127971676,-7.530796476418189e-07
230,-0.8820245696829336,-0.008925140309227864
231,0.07890883833296991,-5.025447280537776e-09
232,0.7053036654326643,-0.0024127219481840934
233,0.7572395888422949,-0.0036617496547393102
234,0.8669298541077157,-0.008072132525907882
235,0.4583795361485339,-0.00018827520806741216
236,-0.5923309711151286,-0.0008616814010667939
237,0.6628653240011422,-0.0016743479014712515
238,0.26906518197665075,-7.834012707985671e-06
239,-0.6959631583566008,-0.0022307599575543957
240,0.21534192405279828,-2.0654623049676246e-06
241,-0.15053935494789328,-2.41785281129836e-07
242,-0.8380680525525788,-0.006626594649941087
243,-0.5689356815552737,-0.0006788552698814287
244,-0.8408497643996315,-0.006755921697138234
245,-0.46357208954001106,-0.00020132129374450525
246,0.595261589681696,-0.0008872034371045778
247,0.5143911320401824,-0.0003735054013072059
248,0.49606468359490585,-0.0003011286972124383
249,-0.7121070112193262,-0.002552806011045239
250,0.7356170831917093,-0.0030894446439015955
251,-0.774029495610125,-0.004163878165593826
252,0.8676241483124185,-0.008109844235136832
253,0.12783900565064577,-9.075120721568908e-08
254,0.4324809921158683,-0.0001331919461302622
255,-0.7202160554492079,-0.002728451538487997
256,0.3694986718025315,-5.2126926272322294e-05
257,0.06773652271946795,-2.011162236748021e-09
258,0.7886014922469664,-0.004644270822565688
259,-0.11459735900618018,-4.710791079443055e-08
260,0.8423896221372866,-0.006828396959879024
261,0.8659394627772499,-0.008018586294940011
262,0.5437086073629374,-0.0005189006844381616
263,-0.10811418514216764,-3.3221602357969005e-08
264,-0.21772495040301032,-2.2061707013465437e-06
265,0.7142047855522733,-0.002597325700808728
266,0.3122259593930494,-1.9067772289993457e-05
267,-0.8673279779977265,-0.008093739673086575
268,-0.6837832165975755,-0.0020106030628324056
269,-0.5576583656238856,-0.0006029495904755766
270,0.6474295125356899,-0.0014571763358415257
271,0.7978919105723805,-0.004973624270259269
272,0.2090147090800336,-1.7276354511430725e-06
273,0.17362811353239183,-5.686490550660395e-07
274,0.4533179410707333,-0.0001762405748180207
275,-0.9928093523312098,-0.017716131940379576
276,0.175151111246848,-5.992011706812406e-07
277,0.8069758897861039,-0.0053139532820069
278,0.03762389644896613,-5.908329381298927e-11
279,-0.09646668615697984,-1.6769415078776717e-08
280,-0.8391525383754994,-0.006676770997077419
281,0.3537562610913183,-4.0199597372447826e-05
282,-0.8275714858367083,-0.006156713925795643
283,-0.34630573015508914,-3.540262954604412e-05
284,0.11855868474548292,-5.775589750900423e-08
285,-0.44053982436360806,-0.00014866554989645397
286,-0.13892281381162408,-1.494009077562808e-07
287,-0.6238988387331068,-0.0011711642733638339
288,-0.35222865340125353,-3.917445736556502e-05
289,0.48703756347065275,-0.00027000398067711373
290,-0.8653007159091501,-0.007984206437050667
291,-0.5654971520660819,-0.0006549187344286889
292,0.8859688980726865,-0.009159772943419964
293,0.37158634033729343,-5.390885932765599e-05
294,0.8920097665624074,-0.009528880165445397
295,-0.5184068886948887,-0.00039114693657271715
296,0.12971147294855312,-9.90184915172776e-08
297,0.5980257167440397,-0.0009118446797812263
298,-0.2928521748770605,-1.3001954906055602e-05
299,0.23779708579554315,-3.740542979691064e-06
300,-0.8300537151412195,-0.006265285419261857
301,-0.49828496983501225,-0.00030922269534772173
302,-0.960300587873375,-0.014615945353135262
303,-0.0761507228193643,-4.059646507847958e-09
304,-0.41706700690910625,-0.00010730307289552599
305,-0.8020663418507106,-0.005127724883860041
306,-0.8798350625061848,-0.008797031882795792
307,-0.7250224424016085,-0.0028371709448107296
308,-0.6235398917683028,-0.0011671907079738864
309,0.24474912992814946,-4.444686140470111e-06
310,0.17354794225704162,-5.67077428459406e-07
311,0.48745643005020045,-0.000271386644617011
312,-0.6430548803709919,-0.0014000464765893117
313,0.5903755985576093,-0.000844992328834504
314,-0.1274623653808329,-8.915981575263743e-08
315,-0.5073421527316966,-0.0003441320696953021
316,0.24872593025599365,-4.89479482712607e-06
317,0.8309521397134234,-0.006304966683868818
318,0.27300494682333465,-8.54568850294779e-06
319,0.6945547427166687,-0.002204330782349162
320,0.4413825692370623,-0.00015036633048159942
321,-0.5664317825368999,-0.0006613547738871794
322,-0.06011901829288813,-9.831818692518368e-10
323,-0.7942616701630929,-0.004842721353894297
324,-0.3684408347212673,-5.124285513724569e-05
325,0.4891306359000913,-0.00027697186304642685
326,-0.8853692288659034,-0.009123779414163202
327,0.4788060911553569,-0.00024399309693234894
328,0.7160123091509307,-0.0026361962435499375
329,-0.2869021365819653,-1.1500235073236276e-05
330,-0.6064333046257806,-0.0009902958533384298
331,0.6261698793870962,-0.0011965645003220171
332,0.2480421352268778,-4.814810869113728e-06
333,-0.6624251997216724,-0.00166780630587815
334,0.9916081007038748,-0.017592776571159763
335,0.5162218564376333,-0.00038146436137120876
336,-0.8862038674479575,-0.009173907970619788
337,-0.9659506764082793,-0.015120360375629582
338,0.28528534189399823,-1.1118102782758932e-05
339,0.20806128427188497,-1.6809708156539926e-06
340,0.9751941003652753,-0.015976104841480265
341,-0.47488352192826677,-0.00023234952672479547
342,-0.9151870256399095,-0.011059717479035225
343,0.2689810906123751,-7.819377907392067e-06
344,-0.4339009485453049,-0.00013581682124164107
345,-0.3131843276363606,-1.942020141099121e-05
346,0.4390257065609895,-0.000145649921824198
347,0.14879325355977957,-2.2545367672766048e-07
348,-0.33823756013845596,-3.0754286560186195e-05
349,0.19609503819640706,-1.1788916550736772e-06
350,0.5708016513005725,-0.0006921445575389651
351,-0.12018982578229309,-6.268753838245544e-08
352,-0.3960272687425026,-7.882154637983696e-05
353,-0.9578627472676997,-0.014402585136635393
354,-0.0258952171588116,-6.281197784119286e-12
355,0.9740928103136148,-0.01587212593750531
356,-0.09258082080652974,-1.3104479279490988e-08
357,-0.45424515968515533,-0.0001783960858819933
358,-0.7251362179667022,-0.002839787055014975
359,0.9203064852438292,-0.011423541916106394
360,0.3659763036544579,-4.923136121093297e-05
361,-0.19993043778007813,-1.3239316093427433e-06
362,0.6773184644818688,-0.0019012298115579362
363,-0.699804264094517,-0.002304168386586536
364,-0.4353116138522921,-0.0001384668649720977
365,-0.8724743361237493,-0.00837733181181144
366,-0.5244498348221189,-0.00041899018890723116
367,-0.6746803025153716,-0.0018580287516904992
368,-0.7810104629012999,-0.00438864843399045
369,0.023928088566798955,-3.909983448124876e-12
370,0.767265473178874,-0.003955198234404045
371,0.09378584734677275,-1.4161369854548411e-08
372,0.19948286890035427,-1.3062772341587703e-06
373,-0.8259588851851163,-0.006087009566752122
374,-0.06264953983770427,-1.2590791742539409e-09
375,0.18810236487698995,-9.187683787104106e-07
376,-0.8140464950291206,-0.005591872315647506
377,0.09091815339050902,-1.1754760831372835e-08
378,0.23010319180903616,-3.072033653572781e-06
379,0.10887742917157395,-3.465314557526966e-08
380,0.35703956123886726,-4.247852567840216e-05
381,-0.3719833783776232,-5.425341030840247e-05
382,0.39122502270617354,-7.329207540263116e-05
383,0.3681975900408254,-5.104133827560364e-05
384,-0.30648035272083485,-1.7064490992479975e-05
385,0.22363340176898405,-2.5898158307890995e-06
386,-0.6758952216379481,-0.0018778219606933044
387,0.6586756249221726,-0.0016129257122323715
388,0.386728655505963,-6.841055988526801e-05
389,-0.67303079930491,-0.0018314308594828965
390,0.9127217256162607,-0.01088792384689019
391,0.45438700454723047,-0.00017872775279337283
392,-0.12562437868106135,-8.172333920697383e-08
393,-0.5476723949205515,-0.0005417294374109316
394,-0.15351898407199438,-2.719274081464107e-07
395,-0.92344751515465,-0.0116515614328071
396,0.14894014686340062,-2.2679118849566748e-07
397,-0.39488851716766926,-7.748002685248334e-05
398,-0.9037800494376269,-0.010283011378154683
399,0.9893075284760668,-0.017358484692535425
400,-0.9122014526060163,-0.010851948846248183
401,-0.6376757412282474,-0.00133234373261093
402,0.05400749490860557,-5.1680248969177e-10
403,-0.7313542011011072,-0.002985810458558724
404,-0.5341781363148919,-0.0004672500087288256
405,-0.8593628603460528,-0.007670342457379409
406,0.7448512922501482,-0.0033241046457089807
407,-0.4023682789306262,-8.664933789992446e-05
408,-0.8101685760779902,-0.005438007807053058
409,0.3485276890229734,-3.678054129030439e-05
410,-0.06297650288639334,-1.2990166720072693e-09
411,0.10988376965838409,-3.661886471828524e-08
412,-0.822204100861011,-0.005927213406227483
413,0.7144982744763357,-0.002603604858545383
414,-0.8580811479181967,-0.007603937311383535
415,0.02753912359741717,-9.086953411951981e-12
416,-0.3134891934123114,-1.9533440997809848e-05
417,-0.19159310282419262,-1.025765225981523e-06
418,-0.7257665333508121,-0.0028543162555860757
419,0.17947937985917184,-6.935846964539749e-07
420,-0.33638305681145275,-2.9760942239720478e-05
421,-0.2618659448760847,-6.660698934068954e-06
422,-0.3785497350046598,-6.022250060744305e-05
423,0.8122795580202686,-0.005521328669548908
424,0.08048578368066406,-5.6587725616452644e-09
425,0.7167645585983768,-0.002652513708578663
426,0.07923292299355045,-5.150532111919404e-09
427,-0.1952520261212689,-1.1488555280436685e-06
428,0.5745809752482285,-0.0007197201178691381
429,0.9558173484343375,-0.014225536667385796
430,-0.028113462094954578,-1.0284884055522525e-11
431,-0.8358571095177829,-0.0065252567030428255
432,0.9287088523326499,-0.012041820255243807
433,-0.3675119241611695,-5.047683542536152e-05
434,0.8957536958573411,-0.009763680471029823
435,-0.08032238166852457,-5.590209295469606e-09
436,0.11638002523807511,-5.167667238570317e-08
437,0.9838634652761455,-0.016814162024717416
438,0.23369209965885585,-3.3702669185453615e-06
439,0.21768961670247688,-2.2040276130841363e-06
440,0.970580450631422,-0.015544181137005397
441,-0.32372663898258125,-2.366805042119946e-05
442,0.6152604884543722,-0.0010785779696289577
443,0.4802013692786262,-0.0002482495697314624
444,-0.19255797513369877,-1.0571040666151887e-06
445,0.47002409814481805,-0.00021856724326718702
446,0.19734869189804516,-1.2247658768282932e-06
447,0.2644958939931159,-7.071059839436344e-06
448,-0.7542325383581363,-0.0035773117478502536
449,-0.2981631062993697,-1.4476783298245088e-05
450,0.21199288805329664,-1.8804029119356969e-06
451,0.3334576286839559,-2.8248242502249e-05
452,0.039463872696162916,-7.868139473288238e-11
453,0.07296942631016057,-3.142790028221043e-09
454,0.09215136323819317,-1.2744080235549404e-08
455,-0.08594150536474565,-8.386401573190483e-09
456,0.48390616697420263,-0.0002598510791933517
457,-0.9837174285163746,-0.016799754379233645
458,-0.5148333156300471,-0.0003754150563026748
459,0.9342419821633552,-0.012463683833353834
460,-0.800020890872605,-0.005051734249549744
461,-0.5695972867368928,-0.000683542813402549
462,-0.5876230684502597,-0.0008219528442521273
463,-0.676133221777689,-0.0018817196874392206
464,-0.2420444532708983,-4.158685958377539e-06
465,-0.8808660108490676,-0.008857164144219776
466,0.24266580839935448,-4.222995036440302e-06
467,-0.8968660837509868,-0.009834347799650311
468,0.9486885877100502,-0.013622288120627157
469,-0.06295229988158235,-1.2960246209559045e-09
470,0.48890219656010214,-0.00027620421807628137
471,0.6091050529833757,-0.001016361991846959
472,-0.3158297411915769,-2.0421238829726462e-05
473,-0.32086699269805874,-2.2446126725195192e-05
474,-0.25411251188445316,-5.564396382884418e-06
475,0.1457790118059601,-1.994233538304968e-07
476,-0.6348064785026286,-0.0012973504315333395
477,-0.34225722557694604,-3.300222354407634e-05
478,-0.8204643608650768,-0.005854348492333017
479,0.5816231422600213,-0.0007735264566649525
480,0.1594199545478916,-3.4090743905590415e-07
481,-0.27628757823325456,-9.178987609992362e-06
482,0.5792841348489675,-0.0007552985389686073
483,0.6039938050076694,-0.0009669801607481432
484,0.3121171685401667,-1.9028103954932263e-05
485,0.20299625749817585,-1.4502850830266922e-06
486,-0.4796109869880967,-0.0002464410871765299
487,0.8426195899087405,-0.006839275120140709
488,-0.47710353568477903,-0.00023888132612703838
489,-0.33406646152629094,-2.855767658338504e-05
490,-0.23168681277615466,-3.200799430613799e-06
491,-0.6846089175217716,-0.002024938340613791
492,0.8985382740583747,-0.00994136415939928
493,-0.9971367965814524,-0.01816636384293402
494,-0.983564487642417,-0.016784676368850393
495,0.8271626180584895,-0.006138979096570907
496,-0.5536789576889354,-0.0005779022430965064
497,-0.19337311240650967,-1.0841969348973635e-06
498,0.16121340842734444,-3.645492389070526e-07
499,0.7599878591049007,-0.0037403469098509223
500,-0.36913228126613373,-5.181929848607769e-05
501,-0.6588946424224029,-0.001616089858275993
502,-0.3473802594226738,-3.606352416885006e-05
503,0.38645704706423634,-6.812455605942347e-05
504,-0.2545369651816676,-5.620245303150639e-06
505,-0.543631255719373,-0.0005184632395914823
506,-0.5549909921317642,-0.0005860635403091008
507,0.966251516259681,-0.015147610684775437
508,-0.634128996936004,-0.0012891995909105614
509,0.951320682009678,-0.013842541554280552
510,0.36510009230504337,-4.853221689893328e-05
511,0.24380893775297774,-4.343468916867543e-06
512,0.7051791924165787,-0.0024102192326033167
513,-0.5230647277890617,-0.00041246766591285233
514,-0.6615124885954322,-0.001654307760206697
515,0.11287939667776148,-4.3028426155444777e-08
516,-0.4465433253964557,-0.0001611372805732092
517,-0.03765887630908282,-5.941358516281525e-11
518,0.7528234496200521,-0.003538298934640971
519,0.606487751508052,-0.0009908214813343363
520,-0.1685893075688245,-4.7664781710476944e-07
521,-0.9377087025928066,-0.012734087731738897
522,0.5953981771413948,-0.0008884080055698851
523,-0.9959749768708266,-0.018044582746256976
524,-0.08779515026112539,-9.531551548036532e-09
525,0.7100895334160005,-0.002510584772719815
526,0.5635894672383177,-0.0006419426972427145
527,-0.5529616541236202,-0.0005734802655092963
528,0.40395570710284656,-8.870675261629657e-05
529,0.9191497401694988,-0.011340493053127676
530,-0.5849000837900247,-0.000799673869480988
531,0.5053376528880986,-0.0003361379266658693
532,0.09596947286199886,-1.625764367574334e-08
533,-0.9724652704448336,-0.01571947084827474
534,-0.8114844476060381,-0.005489823479873146
535,-0.6346580452785913,-0.0012955609907768784
536,0.5185963739951058,-0.0003919961039773323
537,0.13654749522046195,-1.3472547044646177e-07
538,0.6034685124485273,-0.0009620194476828159
539,0.651372430949581,-0.0015103027986244077
540,-0.20246640281276718,-1.4277580616672836e-06
541,-0.9543409335603668,-0.014098845099591806
542,0.33345632613357123,-2.824758349162515e-05
543,0.6752417425775352,-0.0018671541369047473
544,-0.15836839304233963,-3.276495373905064e-07
545,-0.02482572598881383,-4.876876680270925e-12
546,0.4943030199676084,-0.00029483216522396827
547,-0.2952739615691895,-1.3658154355833396e-05
548,0.03437376581125462,-3.436029238912397e-11
549,0.7276613390151572,-0.002898361537371885
550,0.8172679763180204,-0.005722389625560487
551,0.9446280704431402,-0.013288116445812626
552,-0.5911735064392742,-0.0008517699027904557
553,0.5825379765199588,-0.0007807539531216046
554,0.43807227921471537,-0.00014377717110647392
555,0.9546290907610366,-0.014123499412863949
556,0.5791121029362574,-0.0007539720321967369
557,0.3653621101513844,-4.874041558022846e-05
558,-0.5569685954913293,-0.0005985448560257289
559,-0.8451978472577042,-0.0069622091600659575
560,-0.2880583017249365,-1.17801422363506e-05
561,0.21405021944881764,-1.992369154768525e-06
562,0.4057601823258905,-9.109455167755076e-05
563,-0.7328660758968877,-0.0030222329269853354
564,0.28144498306698185,-1.0252563057200348e-05
565,0.4972362583998884,-0.00030537748200598624
566,0.6262280299142045,-0.0011972207997827944
567,-0.893906809225339,-0.009647269148124749
568,0.3439510485360744,-3.398949647503979e-05
569,-0.14463832145852185,-1.902497954731075e-07
570,-0.8134730640461771,-0.005568897971049092
571,0.10389686572821821,-2.6169033051637314e-08
572,-0.2233594658821878,-2.570879124697001e-06
573,-0.14961780076201237,-2.3304733776097208e-07
574,-0.13308617838520465,-1.1550362188916807e-07
575,0.28666973041580834,-1.1444642815772177e-05
576,-0.46773503308730113,-0.00021231386230391447
577,0.5910056114863038,-0.0008503400546102657
578,-0.004981845359474546,-3.3306690738754696e-16
579,0.8294561749029541,-0.006239007009153585
580,0.6582826418268877,-0.0016072610903543616
581,-0.3325995312288843,-2.781685682262669e-05
582,-0.43438283508137854,-0.00013671730900977064
583,-0.06179462273280523,-1.1594596394104428e-09
584,0.6112628937023421,-0.0010378255863210395
585,-0.7141884704408501,-0.002596977007114143
586,-0.5609566003791986,-0.0006243837602131208
587,-0.08051584416537727,-5.67146196672752e-09
588,-0.7891860295917963,-0.004664450736657666
589,-0.9635230708587408,-0.014901924508937014
590,0.05501865894522284,-5.776362721476858e-10
591,0.4411049933742066,-0.00014980436959044496
592,-0.5344284419084555,-0.0004685498800798271
593,0.7755716810961664,-0.00421270037487298
594,0.14973269968612435,-2.341222080648464e-07
595,0.8290154796237013,-0.0062196842055076695
596,-0.19276029306748677,-1.0637753641296044e-06
597,-0.8407553087572139,-0.006751496624060271
598,-0.21470273848070298,-2.029018992266707e-06
599,-0.31641339329248996,-2.0647772405735232e-05
