,data,labels
0,0.7338998417523719,-0.00304734704114229
1,0.03626317777251864,-4.7367776367934766e-11
2,0.3054200607499784,-1.6714671109641088e-05
3,0.3790256412954076,-6.067548969479475e-05
4,-0.519735362707956,-0.0003971326368463757
5,0.16980552607601007,-4.976294453173935e-07
6,0.1106297198247197,-3.8135156255059144e-08
7,0.9414556308655473,-0.01303171115849322
8,0.23606616187205476,-3.5804882706491625e-06
9,-0.10502027671606462,-2.791253084222234e-08
10,0.4894570673020122,-0.00027807186602957223
11,0.26882031398261397,-7.791460525430338e-06
12,0.6371432578496576,-0.001325791430021539
13,-0.6657145007933378,-0.0017172091000708933
14,-0.5560120695050939,-0.0005924807379292796
15,0.4276528625879916,-0.00012457946410038279
16,-0.02124933977295429,-1.9177992527374954e-12
17,-0.6457122070107353,-0.0014345245226878856
18,-0.9887127395284172,-0.017298326112652807
19,-0.09213161062968567,-1.2727704667980788e-08
20,0.8737978932888819,-0.008451565968517372
21,-0.8199442114750621,-0.005832706445046298
22,0.5833690036747456,-0.0007873676309930744
23,0.04063001389816989,-9.370249021145582e-11
24,0.2471395708760915,-4.71090499210014e-06
25,0.3030746413398455,-1.5961989493717965e-05
26,-0.8638108549543513,-0.007904484937253042
27,-0.3054717921059873,-1.6731599228214655e-05
28,-0.09667430227699692,-1.6987045770022746e-08
29,0.08837245848977027,-9.913717624598917e-09
30,-0.8765195707870039,-0.008605908058655687
31,-0.31438890751867343,-1.987083670240697e-05
32,0.5309575249135396,-0.000450789361083892
33,-0.5782055692613217,-0.0007470136804037519
34,0.18308992959234516,-7.814982248000035e-07
35,-0.2469291349602647,-4.686949179766309e-06
36,0.9071904047246768,-0.010510397499439494
37,-0.7981143494967853,-0.004981738651974932
38,-0.39197816864164947,-7.413732198480183e-05
39,0.2778794788736647,-9.499874418783527e-06
40,-0.17426851328360793,-5.813337424775966e-07
41,-0.924144635370501,-0.011702668520945037
42,0.9070594851721543,-0.010501593251034058
43,-0.7584876740139912,-0.003697273427986869
44,0.37968316156155946,-6.130599910880719e-05
45,-0.1567000890788146,-3.0749810320251925e-07
46,-0.8882551146667017,-0.009298063827669623
47,-0.1793458457639494,-6.904983800293252e-07
48,0.19887505263406324,-1.2826160673551357e-06
49,0.6672483814600965,-0.0017406557444706872
50,0.6687949342399868,-0.0017645626277685844
51,-0.9171481178036718,-0.01119795092354614
52,-0.6380113185230591,-0.0013364867781409107
53,-0.8890116050793162,-0.009344197229532614
54,0.4126512996713323,-0.00010071004680956008
55,-0.14636006076134822,-2.0423599733643272e-07
56,0.3790661476787487,-6.0714175792786484e-05
57,0.7565503041838184,-0.0036422513528673317
58,0.375121581538431,-5.7041663986900915e-05
59,-0.14128466617820257,-1.652898227177957e-07
60,0.4664967201744592,-0.00020899327237045018
61,-0.1566379770176003,-3.0676826434650195e-07
62,-0.9298337380962325,-0.012126627079992569
63,0.2212718729090133,-2.4303171838324644e-06
64,-0.6609052794302623,-0.0016453774319681314
65,0.93300756646265,-0.012368538546283503
66,0.2667828557321299,-7.444795914746116e-06
67,0.061844123614521074,-1.1650426179343754e-09
68,-0.45873313693163564,-0.00018914077274079233
69,0.8382312047739957,-0.006634123474573261
70,0.0005019476671912493,0.0
71,0.4247920163840462,-0.00011969798328004266
72,0.43734535375839134,-0.00014236277881152226
73,-0.8589889760791041,-0.007650922773988156
74,-0.765154823576931,-0.0038918696646105255
75,-0.3632382725636498,-4.707398557646236e-05
76,0.1626501774237612,-3.844600982016999e-07
77,-0.8326825804585702,-0.006381976559139524
78,-0.002897480405830155,0.0
79,-0.7647786941218555,-0.0038806721143981315
80,-0.8305719282039139,-0.006288148589162712
81,0.9576483561782412,-0.014383943729501136
82,0.34778890521041483,-3.6317538997021614e-05
83,-0.1479768647473474,-2.1813931272429699e-07
84,0.8149822762417516,-0.00562953099782304
85,-0.6961118884615938,-0.0022335660717140993
86,0.15919553195689717,-3.380411058850896e-07
87,-0.944332586178714,-0.013264062193185322
88,0.12547335099210488,-8.113599747616718e-08
89,0.8876718134295176,-0.009262619404698413
90,0.42010094841279844,-0.00011203740318177502
91,-0.14280853435728713,-1.762696087981297e-07
92,-0.19758518329384933,-1.233584077775518e-06
93,-0.3590007563718791,-4.3890251563261096e-05
94,0.5771540388457745,-0.0007390089402905531
95,0.09471902260368537,-1.502779045647884e-08
96,-0.4062785486909488,-9.179026518302269e-05
97,0.18092223361738058,-7.276719333759729e-07
98,-0.4337830504914766,-0.00013559725918133037
99,0.577996130058148,-0.000745413642944337
100,-0.1960840988217274,-1.1784977458351165e-06
101,0.9961347398622038,-0.01806128947440766
102,0.3843314464723806,-6.592039172059749e-05
103,-0.49081577362060336,-0.00028268937309439135
104,0.19645644731497391,-1.1919671906168716e-06
105,-0.05814550699774701,-8.047708055514136e-10
106,-0.5452981968861081,-0.0005279580946621065
107,0.3331381633013173,-2.8086994868670168e-05
108,-0.24469015603843491,-4.438280095997449e-06
109,0.7268163551705471,-0.002878651094501916
110,-0.30334235382372765,-1.604645058528309e-05
111,0.38361370026907116,-6.518962827428698e-05
112,0.2864472567207963,-1.1391635979296488e-05
113,-0.892830588268287,-0.009579958645120068
114,-0.4002773794683059,-8.39999712195505e-05
115,-0.3104803913051888,-1.8439517294299712e-05
116,0.10145801516736852,-2.2694380708010442e-08
117,0.2367573927971085,-3.6437069900197017e-06
118,-0.4935224620786296,-0.00029207737857384064
119,0.8788757978274706,-0.00874138102030253
120,0.7175863749391072,-0.002670435099784263
121,-0.9199916933156489,-0.011400892311005495
122,-0.14738606460583403,-2.1297028196531897e-07
123,-0.8981541664826986,-0.009916698349173969
124,0.12074455333595124,-6.444259637028438e-08
125,-0.3877215208985594,-6.946454496403742e-05
126,-0.14005837424838186,-1.5687333221325872e-07
127,-0.4443855143564621,-0.00015655848244733317
128,0.1622601230047387,-3.789672636811403e-07
129,-0.030630634871646967,-1.7204571101103738e-11
130,-0.45362547642823925,-0.0001769530974906619
131,0.6633242224771148,-0.0016811910497775973
132,0.39478961465861717,-7.736441384387227e-05
133,0.007523439583917657,-3.774758283725532e-15
134,0.778240186456939,-0.00429828959665679
135,-0.11834167827329978,-5.7124870944669226e-08
136,-0.5086604979214666,-0.00034947507991844873
137,0.30039849150634934,-1.513780763295891e-05
138,0.8259645874735893,-0.006087254902360062
139,0.7622889798442463,-0.003807217655309336
140,0.8708058978036743,-0.00828451530538199
141,-0.28338344640226687,-1.0682162054465039e-05
142,-0.4807448728675803,-0.00024992415959801395
143,0.8313324801380124,-0.00632182734488318
144,-0.36505735479133494,-4.849832795805753e-05
145,0.14848248387285867,-2.226456586873482e-07
146,0.9377425579309222,-0.012736751849295014
147,0.15456862986072295,-2.8326379952758884e-07
148,0.004801180245225245,-3.3306690738754696e-16
149,0.6126077457701296,-0.0010513908563455354
150,-0.17678457742122022,-6.334763179571823e-07
151,-0.2177473772317544,-2.2075318509839903e-06
152,0.9932195487154185,-0.017758415499579905
153,-0.09775882902702104,-1.816251915531808e-08
154,0.5671402852137741,-0.0006662684231325544
155,0.400025698627795,-8.368565278604745e-05
156,-0.7210143373925892,-0.0027462671344128387
157,-0.3468129820782482,-3.571335199337167e-05
158,-0.3193601134933828,-2.182363868874493e-05
159,0.3581783980978066,-4.329362364241529e-05
160,0.99646412299529,-0.018095773445484187
161,-0.28313390636114577,-1.0626034207428248e-05
162,0.8682566811965016,-0.008144326670092461
163,-0.9618209494902004,-0.014750307057963874
164,-0.1851755596617506,-8.363761795360247e-07
165,-0.9845711110579907,-0.016884119282743693
166,-0.8814200446175071,-0.008889617959005447
167,0.7444719063567715,-0.0033141834441294815
168,0.38510170372494046,-6.671217160991727e-05
169,-0.3990845296680172,-8.251888567090138e-05
170,-0.22032671127174375,-2.368815160469495e-06
171,-0.785857365383025,-0.0045504910346378935
172,0.7100196121205753,-0.002509131850190416
173,-0.6381779709847277,-0.0013385482200953813
174,0.6936289654641479,-0.0021870992846585446
175,-0.6959284618992103,-0.0022301057518874234
176,0.2153455594992888,-2.0656711282596163e-06
177,-0.7543740933430014,-0.0035812503798046125
178,0.6005023789219257,-0.0009344008687497407
179,-0.6298549586272859,-0.0012387464826151273
180,0.8776061524520695,-0.00866816682527527
181,0.21889454813235165,-2.2780956631107685e-06
182,-0.8816121903852523,-0.008900896031187155
183,0.8095869780537737,-0.0054152341412289084
184,-0.14652049747200557,-2.0558175273244217e-07
185,-0.27443970657216843,-8.817860756127338e-06
186,-0.35706115245627856,-4.249385968735364e-05
187,0.5931682428157372,-0.0008689102831040962
188,0.7590267541104028,-0.003712704382466181
189,-0.4640398108016106,-0.00020253230265043776
190,0.05925908379279976,-9.017740998373824e-10
191,0.5266932901260359,-0.00042973571853111014
192,-0.8708082030391566,-0.008284642964378475
193,-0.07649917187104283,-4.172357792597836e-09
194,0.7868537066174424,-0.0045843592566529034
195,-0.7361684236723691,-0.003103061552436892
196,-0.30738089294059345,-1.736636457938534e-05
197,-0.13101532292241536,-1.0513808879064612e-07
198,-0.972476659814284,-0.015720534942199382
199,0.03477092927423486,-3.6812108916706165e-11
200,-0.10187544099837087,-2.3260153247939286e-08
201,0.12967855886695023,-9.886793772562186e-08
202,0.04443676300647614,-1.6036372230132656e-10
203,0.6851068412433345,-0.0020336235882300047
204,-0.021359857941051885,-1.9785284521844915e-12
205,0.45562983248149513,-0.0001816557046245837
206,-0.9604897878702561,-0.014632611311071964
207,0.9422610178659283,-0.013096419149435268
208,-0.3102719691508482,-1.8365667199038427e-05
209,0.8341670546973103,-0.006448652845170044
210,0.37761203566493795,-5.933817110903572e-05
211,-0.5430741163516926,-0.0005153214663825567
212,-0.3275551944957342,-2.5390105851785805e-05
213,0.48939441644963644,-0.00027786046609135084
214,-0.7815920744658531,-0.004407815677265892
215,-0.6884601234330145,-0.002092917534877947
216,-0.7074930381178948,-0.00245709354549406
217,0.47296846409751647,-0.00022683454481509102
218,0.6776984356122202,-0.0019075196337551281
219,0.3001648213192367,-1.5067556171199925e-05
220,-0.6662532435375372,-0.0017254143819566137
221,-0.8685514446315512,-0.008160436585689768
222,-0.3146794199856604,-1.9980808860120547e-05
223,0.2219179273108498,-2.4731162147073604e-06
224,-0.024607379000305407,-4.62507809828594e-12
225,-0.7061431561338192,-0.0024296570945093743
226,-0.12890677356924996,-9.539193834839921e-08
227,-0.5037784335208761,-0.00033002648709146154
228,0.01788553455624564,-6.818989817247711e-13
229,-0.18301199595238016,-7.795072162197769e-07
230,-0.6282015791800142,-0.001219671522390109
231,-0.16136787682971598,-3.6664776748018824e-07
232,0.4976525286831104,-0.00030689901340652526
233,-0.3847527234845669,-6.635246751163226e-05
234,-0.9649486239721894,-0.015029881682828927
235,0.15708696437076108,-3.120766579600698e-07
236,-0.07912157347635906,-5.107266165538249e-09
237,0.9413674107305403,-0.013024639081504308
238,-0.1421126446473857,-1.7118257111814472e-07
239,-0.493275625625345,-0.000291210680734455
240,0.3703268406497313,-5.2827863343929415e-05
241,0.8333342699666046,-0.006411177770062615
242,0.8815806106271309,-0.00889904164156996
243,-0.9091243059799798,-0.010641155072981467
244,0.2300957286606573,-3.071437186918935e-06
245,0.4510824866377521,-0.00017113243724853344
246,-0.5391070730456267,-0.0004934030031222836
247,0.18634121143128346,-8.684197637665036e-07
248,-0.7542657789725755,-0.0035782363161329656
249,-0.4942594856848881,-0.000294677957153322
250,0.4210778687684007,-0.00011359822240131212
251,0.7540644982900886,-0.003572640816029149
252,0.6502171163354202,-0.0014945734382511011
253,-0.49610509620868704,-0.0003012744360423314
254,-0.5273870669431613,-0.00043310451293410157
255,0.0008284620086747019,0.0
256,0.49556690792483793,-0.00029933836727547014
257,0.5741949896404002,-0.000716862834373555
258,0.021244469529997145,-1.9152457397808575e-12
259,0.09402060014728542,-1.437530761094763e-08
260,-0.004497514559936189,-2.220446049250313e-16
261,-0.3954792843527368,-7.817360068074208e-05
262,-0.0069356924226853245,-2.3314683517128287e-15
263,0.5162887150169879,-0.00038175766088544005
264,0.30626135066446936,-1.6991741815464145e-05
265,-0.5011938440635189,-0.00032009883977524023
266,-0.6077340875117485,-0.0010029167121183846
267,-0.4801745232632375,-0.00024816709599495557
268,0.0689499027866678,-2.2371888785954752e-09
269,0.19986011940993986,-1.3211448204319964e-06
270,-0.0894871028440054,-1.0687764007144551e-08
271,-0.3293156261748631,-2.6216174969340145e-05
272,-0.20988256041352704,-1.7710444384366753e-06
273,-0.5819796155123333,-0.0007763361105481703
274,0.28516589849703133,-1.1090296288540635e-05
275,0.7637896450438313,-0.0038513539054758628
276,-0.4548454471748129,-0.00017980319864863148
277,-0.40708357064647505,-9.287944541058746e-05
278,0.6112883359957522,-0.0010380808699216315
279,-0.6561075859085941,-0.0015762047334378915
280,-0.3225707048081734,-2.3167631399312327e-05
281,-0.34106195023489727,-3.231997585961821e-05
282,-0.9316122874989465,-0.012261708888444689
283,-0.11333827282861719,-4.408809095579613e-08
284,-0.8425526474552736,-0.006836107079150944
285,0.43284411848793414,-0.00013385916771335715
286,0.250695364245908,-5.131363522759003e-06
287,0.27339451817338145,-8.618888891476217e-06
288,-0.6075398239261907,-0.0010010234756849812
289,0.9535870409218492,-0.01403450909031212
290,-0.08050907286093412,-5.668601588126876e-09
291,0.12819808343221695,-9.229035502489324e-08
292,0.300047775555911,-1.5032469133924309e-05
293,0.6804594347098654,-0.001953740572014473
294,-0.504547907866979,-0.000333030875613316
295,-0.12218357887113784,-6.91872118485648e-08
296,0.23820277264967515,-3.7789044962099894e-06
297,0.4710511588065185,-0.0002214222083108952
298,0.1117057209026886,-4.041421741707296e-08
299,0.30429235141982525,-1.634917208070963e-05
300,0.6934971640179435,-0.002184655110308853
301,0.7657116711833603,-0.003908496006807871
302,0.32739066363223945,-2.5314019472144622e-05
303,0.6753438518529633,-0.0018688177360285385
304,-0.9919459313037031,-0.017627397180919213
305,0.7238642268358364,-0.0028106520387469747
306,-0.9814793767924468,-0.016580208019703502
307,-0.2679354703688843,-7.639295003580848e-06
308,0.1857062393639919,-8.508401496687412e-07
309,-0.5392282787817673,-0.000494061060788864
310,-0.2619088519273971,-6.66723116482526e-06
311,-0.3511017708561732,-3.843223519894856e-05
312,0.15499376554189492,-2.8796597617564146e-07
313,0.7402247184672239,-0.0032047684648593977
314,0.9987766695723896,-0.018339391679350947
315,-0.23973956259450002,-3.9272051710614875e-06
316,-0.3960138156764186,-7.88055860493353e-05
317,-0.478438398528521,-0.00024288152983387157
318,0.6996709711529374,-0.00230158810236214
319,0.6609651018367204,-0.0016462554813375663
320,-0.13731778250066862,-1.3934665044068595e-07
321,-0.2062193723953567,-1.5937881024941092e-06
322,-0.7495943870174959,-0.0034502147557675666
323,-0.6163121668362239,-0.0010895157002192013
324,-0.36082551607442337,-4.523855454963144e-05
325,-0.8265206524733686,-0.0061112180413233075
326,-0.7733730556443053,-0.004143238207150013
327,-0.10345613731782821,-2.55102967638976e-08
328,0.12556850828700594,-8.15056497849298e-08
329,0.8092154652815422,-0.0054007277825361966
330,-0.7825564685279514,-0.004439749116669889
331,-0.3576377631889778,-4.29050711365786e-05
332,-0.47379063813350575,-0.00022918879671207648
333,-0.6303564716439498,-0.0012445808326410068
334,0.7526231154053582,-0.003532780874986541
335,0.42912540377871866,-0.0001271557352104935
336,0.022982126254687874,-3.069544618483633e-12
337,-0.8891945374715882,-0.009355381131964435
338,0.2870959442577592,-1.1546766007120013e-05
339,0.17497516998527796,-5.956033776177705e-07
340,-0.1492742473572668,-2.2985790881779877e-07
341,0.9076535811446782,-0.010541594212153171
342,-0.9297012347115607,-0.01211661219500726
343,-0.7029009013217142,-0.002364786982107847
344,-0.5362225637570022,-0.00047795487773849565
345,-0.44831971439329843,-0.00016498954598420656
346,-0.48694904626765934,-0.00026971253675611706
347,0.5068984416258635,-0.0003423490784897343
348,0.6511507433234949,-0.0015072740320737354
349,0.39594765349235606,-7.872713217127458e-05
350,-0.9212446885223171,-0.011491264652554012
351,0.47893810914090995,-0.0002443932258834325
352,-0.9575336300750497,-0.014373976322558213
353,-0.7497958571561696,-0.003455657309776372
354,0.4848727975660898,-0.00026295083370486694
355,0.5759604405801844,-0.0007300087571598946
356,0.5309877926869537,-0.00045094179533944345
357,0.8081688776504943,-0.005360033231103123
358,-0.5264639416479171,-0.00042862684525046824
359,-0.8612073391820916,-0.007766736855448042
360,-0.36951724903173777,-5.21425643433826e-05
361,0.9129386693280035,-0.010902953470850574
362,0.11806364414584536,-5.6324786834593965e-08
363,0.5949910124620996,-0.0008848211929042282
364,-0.004222631622757378,0.0
365,-0.6112020932465136,-0.001037215734945085
366,-0.1391243499683137,-1.5070499992386743e-07
367,0.7861773251622062,-0.004561344831055636
368,-0.680643489834609,-0.001956854288491461
369,-0.22823862792713223,-2.9259790372826444e-06
370,0.3253395359978739,-2.438128150661356e-05
371,0.5246931609610377,-0.00042014478853946713
372,0.8642185673443532,-0.007926236323051117
373,-0.6851725176642227,-0.0020347714646650195
374,0.26907478914551075,-7.835686136381526e-06
375,0.3790263188541658,-6.067613663696125e-05
376,0.8413868154053983,-0.006781126731226772
377,-0.7074619257590131,-0.002456458325829969
378,-0.5612993892298404,-0.0006266471155158548
379,0.9305529682285194,-0.012181105952016491
380,0.13759332682544434,-1.410314487415576e-07
381,0.3238131172358183,-2.3705846312505052e-05
382,-0.6082195883896298,-0.00100766119552953
383,-0.6251971911939365,-0.0011856304771445947
384,-0.17634290852119294,-6.240517130828849e-07
385,-0.49405508131859577,-0.0002939548045794993
386,-0.5625169105522274,-0.0006347410429331513
387,-0.7424280465274904,-0.0032611530125110644
388,0.513283351120843,-0.0003687565196140996
389,0.8202545794479961,-0.005845612131890721
390,0.9686957808264018,-0.015370501124101432
391,0.6588538596107558,-0.0016155002815099184
392,0.7812770036854009,-0.004397423879969775
393,-0.7513934433773928,-0.0034990651855731913
394,0.5605183461794285,-0.0006214999191309634
395,0.10793085655751877,-3.288519256905431e-08
396,-0.04614292576857282,-2.010360766746544e-10
397,0.5363424605464167,-0.0004785889175142888
398,-0.5590609503524588,-0.0006119889194430295
399,-0.29326713432239915,-1.3112490529154641e-05
