,data,labels
0,0.7812914409004559,-0.004397899614113521
1,-0.9141888164008767,-0.01098989285879548
2,-0.42505884197385413,-0.00012014644944435826
3,0.9266059206156949,-0.011884575589143132
4,0.2684741690185146,-7.73163695910739e-06
5,-0.4550129924715318,-0.00018019757397624847
6,-0.6538868711102457,-0.001545008647351187
7,0.20840266842377586,-1.6975574611555189e-06
8,-0.14713802785807517,-2.108307788351027e-07
9,-0.7641507139291179,-0.0038620358415516476
10,-0.8548128684836656,-0.0074367361353160355
11,0.5899136478068665,-0.0008410888444304598
12,0.03754388251495411,-5.833333815985497e-11
13,0.8321218466103999,-0.00635693825152428
14,-0.7219427101676448,-0.002767106296989841
15,-0.6022796325121693,-0.0009508695826039304
16,-0.884916522243473,-0.009096683603906253
17,-0.0015654799356226157,0.0
18,0.6527012338118379,-0.0015285627241280464
19,0.5064807768762492,-0.0003406777467759303
20,0.6234241398282461,-0.0011659117021787235
21,0.9735120503903258,-0.015817515603737897
22,-0.5750209404626472,-0.0007229884627815153
23,-0.8991912754320475,-0.009983412296048155
24,-0.4216698892136943,-0.00011455283736183652
25,-0.619854479071859,-0.0011270326410911524
26,0.9348726909411176,-0.012512527136449458
27,0.8300689909471615,-0.006265958400366589
28,-0.5991138377377194,-0.0009216986828650686
29,0.576345974346429,-0.0007329058661837973
30,-0.5553196948004637,-0.0005881230431682427
31,-0.4372151877077326,-0.00014211073475844938
32,0.7516685097513731,-0.0035065840159537176
33,-0.8287792154760649,-0.006209345139325806
34,0.4220048273423811,-0.00011509585623059593
35,-0.14595877310203242,-2.0090205843370512e-07
36,0.8623373800321863,-0.00782628221570214
37,-0.6738449043239183,-0.0018445186326508933
38,0.20945209605687842,-1.7494009932894627e-06
39,-0.3922568225031393,-7.44520954913952e-05
40,0.15478664451060276,-2.8566707743760134e-07
41,0.10189457458269202,-2.3286365613550686e-08
42,0.508396284518813,-0.00034839880474824003
43,0.9737279121430606,-0.015837795730709536
44,0.009538042228188104,-1.5654144647214707e-14
45,0.3265252089745865,-2.4916907635064156e-05
46,-0.48826801971625144,-0.00027408237015691395
47,-0.9234582387157004,-0.011652346213234077
48,-0.15185448459492012,-2.547262692997876e-07
49,-0.22108674787322458,-2.4181675228884814e-06
50,-0.6538421721951535,-0.0015443859951197458
51,-0.8819152200802112,-0.008918706258274955
52,0.01104635666031184,-3.785860513971784e-14
53,0.8867274274245587,-0.009205467868717898
54,0.15987801676403368,-3.4682067706626185e-07
55,0.552216842397453,-0.0005689183603192483
56,-0.8193336247095719,-0.005807385273109533
57,0.16430771070823424,-4.0854728722283795e-07
58,-0.19711264713789722,-1.216016723648572e-06
59,0.5071033275630574,-0.0003431714310387912
60,0.8798772370546997,-0.008799485234864957
61,-0.949979008221022,-0.013729910429583714
62,0.18561404929146197,-8.483126200387048e-07
63,0.8122628294888452,-0.005520664300248557
64,-0.07869478640780869,-4.944227138814483e-09
65,-0.5120937882480789,-0.00036371282359315416
66,0.2117229573247208,-1.8661092421323744e-06
67,-0.8014556760847158,-0.005104940482604348
68,-0.6875958555657302,-0.0020775007611323337
69,0.763477972902739,-0.003842152863706705
70,-0.5007464422144248,-0.00031840570985774974
71,-0.5396111829391759,-0.000496144720110725
72,0.39519569385328546,-7.784001875588142e-05
73,0.6865485608020943,-0.002058944642696514
74,-0.5555819598114102,-0.0005897705673545417
75,-0.6244157605941805,-0.0011769062436012279
76,-0.14398124280181124,-1.8512699284656264e-07
77,-0.46712810693754325,-0.00021068094222387312
78,0.3975662450478268,-8.066514283922022e-05
79,-0.30349779741933713,-1.6095662041304415e-05
80,-0.47627982200733077,-0.00023644024448110645
81,0.3268598591002656,-2.5069842487179805e-05
82,0.4369714095687103,-0.00014163969612124294
83,-0.474539440011859,-0.0002313505355351353
84,0.6545829027949326,-0.0015547310532187941
85,-0.6767962812332124,-0.001892613782852215
86,0.8895596452089134,-0.009377735374555995
87,-0.19818209097021033,-1.2560767027602893e-06
88,0.6062077372462944,-0.0009881206875387294
89,-0.514659311788896,-0.0003746626249633289
90,0.5787809954639624,-0.0007514243417549027
91,0.8820572238948179,-0.008927062395156504
92,0.9287921291242827,-0.012048081976621439
93,0.9909687019564921,-0.01752740301483202
94,0.6486631466457531,-0.0014736297775032048
95,0.4497998484862984,-0.00016825739140169382
96,0.8375771016390556,-0.006603981436569373
97,0.8462098920772756,-0.00701095645617289
98,0.7568430804399728,-0.003650522879299789
99,-0.931442691794212,-0.01224877527320134
100,-0.33461835193447054,-2.884059908070391e-05
101,-0.1949525875295901,-1.138341242046259e-06
102,-0.256604005010427,-5.898934950288037e-06
103,0.14972844146056707,-2.340822992108471e-07
104,-0.042686341245743,-1.26006649558974e-10
105,-0.36257666671870603,-4.656464377572611e-05
106,-0.6391899839460671,-0.0013511229377037859
107,-0.9628504167674641,-0.014841856391902497
108,0.9063811554530652,-0.010456072484298251
109,0.18603287436559302,-8.598458630659778e-07
110,-0.08334729078054659,-6.977995181678409e-09
111,-0.19392980551752337,-1.1030300659520265e-06
112,0.9479209987077284,-0.013558597496740932
113,-0.9632795392642779,-0.014880154259835132
114,0.13505892055686797,-1.2615627142942287e-07
115,-0.9342132371386036,-0.012461461476049873
116,-0.48880475953386116,-0.0002758773284565752
117,0.10625722029965745,-2.9943102330953764e-08
118,0.5875060425743188,-0.0008209849279403603
119,0.06512672016671961,-1.5888531601504496e-09
120,-0.7454145104479564,-0.003338878209287466
121,0.7888199722689568,-0.004651804978652252
122,0.8668755632766074,-0.00806918969214021
123,0.18843056035080985,-9.284143673848888e-07
124,0.2919566108375735,-1.2766035997091585e-05
125,0.8333622310077013,-0.006412433106895432
126,0.02633916214825005,-6.955658271579068e-12
127,0.748595397301818,-0.0034233318308843907
128,-0.030043680524464822,-1.531885729377791e-11
129,-0.9221794796945613,-0.011559066770204796
130,0.012648287454330776,-8.526512829121202e-14
131,-0.848853978529662,-0.0071396352121257944
132,-0.8097958631817461,-0.005423404447813751
133,-0.8905750926626506,-0.009440137335314347
134,-0.5634316495373441,-0.0006408788154608214
135,0.7403319547479481,-0.0032074940205495395
136,0.13414976175600346,-1.2114957692599404e-07
137,-0.4320695255202536,-0.00013243923876771202
138,0.6611815622325954,-0.0016494358290368716
139,0.9699944970489245,-0.015490012712679357
140,0.9525525851345931,-0.01394662004243119
141,-0.17916472925025229,-6.863305922477636e-07
142,-0.04160482904279483,-1.0802581051905236e-10
143,-0.05419693499829825,-5.277736025988133e-10
144,-0.6438705147279369,-0.0014105555791861235
145,-0.6084501199220136,-0.0010099205108641263
146,-0.8861449046608973,-0.009170359277438922
147,0.5384259800487641,-0.0004897186430844469
148,-0.3054367825572011,-1.6720141450043968e-05
149,0.012702966121362902,-8.748557434046234e-14
150,-0.6142772136234766,-0.0010684338130314552
151,-0.28560992594603385,-1.1193959165711753e-05
152,-0.6833185645402196,-0.0020025729120657365
153,-0.6320919516822805,-0.0012649458412550274
154,0.0336801787585721,-3.040478979698946e-11
155,0.9889491106103092,-0.01732221297266301
156,-0.3549064856647859,-4.098610721592344e-05
157,0.1412937971654067,-1.6535387414862157e-07
158,0.825888284865137,-0.006083972725576592
159,-0.3424289094203954,-3.3101193962270514e-05
160,0.6330522273793475,-0.0012763318569448678
161,-0.07279253086144677,-3.0973628106778506e-09
162,0.875293975901317,-0.00853612362222178
163,-0.8003911575851177,-0.005065421111910107
164,0.05640051452217665,-6.703235744254243e-10
165,-0.38870723192902124,-7.052423648690187e-05
166,0.9219628111296521,-0.01154332239659639
167,-0.09630424969174367,-1.6600767538399452e-08
168,0.6071399827182811,-0.0009971360273511864
169,-0.2744010292662016,-8.81043032263662e-06
170,-0.4840553670179917,-0.00026032754249416534
171,0.8690309225559609,-0.008186697535432885
172,-0.38062746689600235,-6.222102246655759e-05
173,0.6546100542803341,-0.001555111334307857
174,-0.500557842524713,-0.00031769420640725965
175,0.27152732403329183,-8.272725890989818e-06
176,-0.275429201909726,-9.009736519960398e-06
177,0.17550017793863404,-6.063927612265374e-07
178,-0.1671529049882572,-4.5282160976434227e-07
179,0.8056495578593519,-0.0052631048025951754
180,-0.13925602207260157,-1.5156212851419326e-07
181,-0.7523679526923184,-0.0035257628478906344
182,0.7465015474089631,-0.003367544510599285
183,0.1887106386780637,-9.367126877490861e-07
184,-0.487477043775314,-0.00027145484095103534
185,0.6367140757597929,-0.001320529639051049
186,0.5592356006538246,-0.000613122303082414
187,0.7864098309584422,-0.004569245305693248
188,0.28476550158707914,-1.0997505175081024e-05
189,0.47604856591263967,-0.00023575864417457737
190,0.461177637804407,-0.0001952152623603265
191,-0.13499423686095446,-1.2579445973770476e-07
192,0.7402534021612499,-0.0032054973132507047
193,0.8934845627295862,-0.00962081449031682
194,0.8824205415244941,-0.00894847077451466
195,-0.03816260854575293,-6.434397459287311e-11
196,0.8324038716601003,-0.006369521363378872
197,0.8270326630791227,-0.006133351016799682
198,0.9424945048061866,-0.013115227346444547
199,-0.225472493474435,-2.719979295240371e-06
200,0.8311981974922331,-0.0063158703205369315
201,0.42211404983450906,-0.0001152733944016493
202,-0.9597597984276915,-0.014568394425477749
203,0.7006594872162084,-0.0023207805238237844
204,0.3634922821341826,-4.7270761902140634e-05
205,-0.4184044807992888,-0.00010936925040172518
206,0.6524122221623707,-0.0015245758198887405
207,0.3766329343999544,-5.8426331150496225e-05
208,-0.1949890016739826,-1.1396155686904663e-06
209,-0.4473887381371535,-0.00016296122675196756
210,0.1374257529837135,-1.400048200705939e-07
211,-0.24011125685255097,-3.963791707306541e-06
212,0.9490789037880498,-0.013654768016759022
213,-0.5258763431479136,-0.0004257966759148024
214,-0.8820656970698786,-0.008927561196869438
215,0.2778944372255887,-9.502933303262573e-06
216,-0.028099555707416846,-1.0254352922345333e-11
217,0.03192766283164761,-2.206501648061021e-11
218,-0.35354560916383804,-4.0056923687137314e-05
219,0.8765541350410606,-0.008607882866026317
220,0.19656382686029983,-1.1958752922369698e-06
221,0.08885361883182097,-1.0241911430064476e-08
222,0.22230064374983005,-2.4987644974272527e-06
223,0.41834230159551655,-0.00010927246765490839
224,-0.7992031824634189,-0.005021615239746202
225,-0.8544059104805546,-0.0074161291215784075
226,0.4358578088688718,-0.00013950438416276967
227,0.7895969971033119,-0.004678681563502263
228,0.4047597309164237,-8.976418946116116e-05
229,0.2816455725638174,-1.0296339548188094e-05
230,0.3073316226876701,-1.7349734506399983e-05
231,0.03930421918978899,-7.679090696655066e-11
232,-0.5252636119700127,-0.0004228619459331062
233,0.19858464707368295,-1.271437727989877e-06
234,0.5040295944084181,-0.0003310046591548099
235,0.17704638345733703,-6.391186296861306e-07
236,0.5952734984432722,-0.0008873084070725179
237,0.7216303427194444,-0.0027600801187597224
238,-0.897095081636486,-0.009848947243452644
239,0.39280392505443595,-7.507334268619381e-05
240,0.362028698447161,-4.614626018273338e-05
241,0.9749556673203932,-0.015953546126082463
242,-0.34446136382791703,-3.429170684488003e-05
243,0.173508142658777,-5.662985670396026e-07
244,-0.4119388622126985,-9.967851813952322e-05
245,-0.32784571134108953,-2.5524917849240047e-05
246,-0.14662951100366173,-2.0650037402258903e-07
247,-0.816314984556693,-0.005683522014381381
248,0.13099361119450825,-1.050336664309981e-07
249,-0.17767483431172293,-6.528336916611366e-07
250,0.958285203506754,-0.014439375550459488
251,-0.96430583717854,-0.014972074963239046
252,-0.3272628191218625,-2.525502940764479e-05
253,-0.6353853860652163,-0.0013043489668799202
254,-0.23311373231876886,-3.320640477588732e-06
255,0.4657899056007404,-0.00020711729601630147
256,0.1648957961459907,-4.1738965184112686e-07
257,0.10869384356534639,-3.4304205254187536e-08
258,-0.08475837582220924,-7.717286698571968e-09
259,0.2237446121499136,-2.597536668202949e-06
260,-0.3242152599007593,-2.388226514149494e-05
261,0.5333963281715319,-0.0004632091720628839
262,-0.7687742682835392,-0.004000985431631077
263,-0.9468046823026874,-0.013466404875050797
264,-0.324368140661045,-2.3949619122221044e-05
265,-0.26276640664207696,-6.7989086273145816e-06
266,0.3004090360656151,-1.5140984198636076e-05
267,0.2867307437380979,-1.145921570555597e-05
268,0.14518746617113498,-1.946211745096349e-07
269,0.7499866635806811,-0.003460818296916579
270,-0.9459080880580824,-0.013392729140319082
271,-0.6026161617953036,-0.000954014822402427
272,0.18723756077427334,-8.937497409933215e-07
273,0.7309136205447473,-0.002975264671644995
274,0.32837535660481687,-2.5772226512565943e-05
275,-0.3648057242463336,-4.829919445392683e-05
276,0.5306158751827563,-0.00044907170326446977
277,-0.5716297192266444,-0.0006981104934579152
278,-0.8036593697245311,-0.005187554940198291
279,0.426350694133965,-0.00012233748691381496
280,0.47263348953941975,-0.00022588112676469319
281,-0.912253891641515,-0.010855570410336801
282,-0.871736207848913,-0.008336164795523127
283,-0.9738569917121294,-0.01584993282268965
284,0.32857100651988413,-2.5864084037485746e-05
285,-0.33239893460833536,-2.771680581348246e-05
286,-0.3841163916337498,-6.570072656653103e-05
287,-0.2284079541330457,-2.9389993149164795e-06
288,-0.31155231434508956,-1.882324264090851e-05
289,0.7590191755187539,-0.0037124870821156897
290,-0.9509993666615675,-0.01381549933614079
291,0.3624844156144422,-4.64939886872795e-05
292,-0.4778268598978057,-0.00024104208909137004
293,-0.884640894573385,-0.009080218738957146
294,0.8892720071575893,-0.0093601206788555
295,-0.26000418680086734,-6.382343736510698e-06
296,-0.6515592889657962,-0.0015128596087085056
297,0.7451405067620078,-0.0033316841944039943
298,0.24974559904421323,-5.016117586076341e-06
299,0.4163806918307489,-0.00010625546914577733
300,0.6252147002307205,-0.0011858265653632571
301,0.11434063979536857,-4.6478604964761416e-08
302,0.7800277161702502,-0.00435641715145807
303,0.4556250483240982,-0.00018164435796885758
304,-0.9550033056514617,-0.01415556915283489
305,-0.8835610010175405,-0.009015944937647014
306,-0.8689970022157305,-0.008184837452291815
307,0.5701010005388187,-0.0006871295933915667
308,0.8127150583045222,-0.005538647537755792
309,-0.17079057515067508,-5.151816490078787e-07
310,0.4012875818956023,-8.527146808201547e-05
311,-0.6379251368875991,-0.001335421764596889
312,-0.8910246604624823,-0.009467872684560619
313,0.10969889978580016,-3.6250951351846084e-08
314,-0.6440187238119157,-0.0014124721583361755
315,-0.240668570534619,-4.019180273595602e-06
316,0.01498543113811679,-2.3592239273284576e-13
317,0.9398858473522493,-0.012906338102713022
318,0.31432492604290174,-1.9846684545465898e-05
319,0.9319336364296686,-0.012286245994069023
320,-0.5603108558974292,-0.0006201384190638315
321,-0.40917383298517485,-9.575772119907455e-05
322,0.08859379080919627,-1.0063580191399524e-08
323,0.4689897935362992,-0.0002157230418338152
324,0.9011611501421042,-0.010111138168159561
325,0.8429210244770402,-0.006853555367127284
326,0.4952390108697664,-0.0002981638566872391
327,-0.4065253213633442,-9.212301141525714e-05
328,0.9772954918356682,-0.016176048452680503
329,0.8898784381042122,-0.009397289620273308
330,0.29546009049427924,-1.3709705964481955e-05
331,-0.235665695130425,-3.5442818125952513e-06
332,-0.29729337200858574,-1.4226168154163332e-05
333,0.050258878181403954,-3.356590561054418e-10
334,-0.0026620782113206953,-1.1102230246251565e-16
335,0.8301994548553295,-0.006271708448581159
336,0.8524442488749118,-0.007317451740533665
337,-0.6213558780971689,-0.0011432526266900167
338,-0.1445512380800431,-1.8956415492876744e-07
339,-0.6409733078193725,-0.001373518702447396
340,0.45850851519537006,-0.00018859054925968177
341,0.49976523667953243,-0.0003147184320118068
342,-0.020099342606715087,-1.3735679260662437e-12
343,-0.9812616460005696,-0.01655897459001887
344,0.46126195133642445,-0.0001954276285469625
345,0.5601647745736771,-0.0006191813496519982
346,0.4443742069903933,-0.000156534775982764
347,-0.35688003351448416,-4.2365372013630775e-05
348,0.13212000902915255,-1.1056644255713621e-07
349,0.07804126565296277,-4.702989775395849e-09
350,-0.22904813903598975,-2.9886627556097167e-06
351,0.14919173252820062,-2.29097309678572e-07
352,-0.9905201867736289,-0.017481663938707537
353,-0.16948301551157718,-4.919921519075388e-07
354,-0.7685608999911586,-0.003994484068529092
355,0.36237670185344917,-4.641160346741113e-05
356,-0.20294002565194047,-1.4478804155615421e-06
357,0.8781961254654753,-0.008702125017791551
358,-0.6421312662271714,-0.0013882241657520167
359,0.04288330605556889,-1.295353824204426e-10
360,-0.46610964605929617,-0.00020796419163926494
361,0.6866966618893833,-0.0020615603989067033
362,0.7406940337427665,-0.0032167108364428154
363,0.08198567448365868,-6.321524081975838e-09
364,-0.45862564901978065,-0.000188877309296398
365,0.32823817430526625,-2.57079813390515e-05
366,0.5084319654064526,-0.00034854399059525143
367,0.27194286534053425,-8.348745460962093e-06
368,-0.007819477938361796,-4.773959005888173e-15
369,0.0030266019649038967,-1.1102230246251565e-16
370,-0.7859550896105978,-0.004553803821444213
371,-0.7997801124849631,-0.005042850199551752
372,-0.43407367077394254,-0.00013613901500164616
373,-0.49830011056565615,-0.0003092785027042355
374,0.5793721776576302,-0.0007559781668468046
375,-0.040481582708723485,-9.166734038501545e-11
376,-0.4072398288647012,-9.30920979157479e-05
377,0.8436949126358031,-0.0068903296453496354
378,-0.683738578016277,-0.002009830465657947
379,0.9854067610074915,-0.0169670359285109
380,-0.9600868044596842,-0.014597132551792735
381,0.8661857833474687,-0.008031876558102446
382,-0.33655673888911886,-2.9852826303633506e-05
383,0.5373835589148201,-0.00048412378469664397
384,0.8702615833202514,-0.008254417361208355
385,-0.5941452458619185,-0.0008774088539442726
386,-0.7989645739160025,-0.005012854292275271
387,-0.1888902738878253,-9.420674563775933e-07
388,0.7631750100464709,-0.0038332262511533433
389,0.8449552416061423,-0.006950564890999766
390,0.28828598102084224,-1.1835925463832275e-05
391,-0.07683030305826732,-4.2818718570813985e-09
392,-0.015006656539823693,-2.3792079417717105e-13
393,-0.4323177924388908,-0.00013289297693908075
394,-0.5724174767364212,-0.0007038254002652566
395,0.03576909417394658,-4.36251035296209e-11
396,0.5185447570284594,-0.0003917646344401282
397,-0.7107621000799771,-0.002524595705918342
398,-0.3434467941698627,-3.3693052379324406e-05
399,0.5163937382813544,-0.00038221876064281624
400,-0.19023046056236947,-9.828274353251842e-07
401,-0.4151988050106685,-0.00010447130888469047
402,0.09494862144017291,-1.5247600404499906e-08
403,0.5598110406237953,-0.0006168688776515552
404,-0.25437428088521963,-5.5987846918625905e-06
405,0.7545170113623885,-0.0035852305517987126
406,0.34890042650785213,-3.701599385808052e-05
407,0.04970688913792065,-3.1414060241985453e-10
408,0.242855719632719,-4.242814784394255e-06
409,0.8036988630530921,-0.00518904545112997
410,0.6305350715303584,-0.0012466640416093355
411,0.4384706890748453,-0.0001445572955713903
412,-0.74425329220704,-0.0033084775987711756
413,0.6062976224447738,-0.000988986984935325
414,0.9523682314389099,-0.013931004275952619
415,0.5069880078342353,-0.0003427083702092215
416,0.47385591908020386,-0.0002293765896322908
417,-0.40418014120678847,-8.900087834606829e-05
418,0.09109610339599605,-1.1893432461107523e-08
419,-0.5591684977055551,-0.0006126866369958739
420,0.8302865604724239,-0.006275549936399782
421,0.28986248818409077,-1.222824139779366e-05
422,0.22654215517931253,-2.798157857197836e-06
423,-0.34396802343900545,-3.399951336169327e-05
424,0.5355218138709146,-0.0004742630488858701
425,-0.5833009651257597,-0.0007868244163624638
426,-0.9730382633277355,-0.015773077664981816
427,0.1910591989648358,-1.008759233811496e-06
428,-0.3921641273028078,-7.43472620542418e-05
429,0.7795860370931327,-0.004341994786053682
430,-0.6978333065574167,-0.002266256419466983
431,-0.7559257771437022,-0.003624658651590451
432,0.8882683509023923,-0.00929886941523339
433,-0.059215919875758916,-8.97840690683438e-10
434,-0.753805386577115,-0.0035654482322931003
435,0.6257855974496112,-0.0011922348717243736
436,0.3276460834809871,-2.5432218389243033e-05
437,0.2607875218892137,-6.498258042775262e-06
438,-0.9851547466771471,-0.016941995183644698
439,-0.6935658226413948,-0.002185928060133291
440,0.9396527495233209,-0.012887805609262615
441,-0.35357239001964214,-4.007503887548669e-05
442,0.9359118223307861,-0.012593340080642057
443,0.16835973781150293,-4.727712752394808e-07
444,-0.5266569995455481,-0.00042956009983818877
445,-0.92126144573292,-0.011492477218637553
446,-0.2310075331422714,-3.145027292594804e-06
447,0.043554781144543586,-1.4219048161123737e-10
448,-0.5069893237858127,-0.00034271365142957144
449,0.6889109210234441,-0.002100996162584079
450,0.20770604906350965,-1.6638546499470053e-06
451,0.10006427330476297,-2.0887654494927688e-08
452,0.30248911964790914,-1.5778549829814636e-05
453,-0.4032307221087814,-8.77621503482251e-05
454,-0.6665477877590809,-0.0017299140633963983
455,-0.46919107952294103,-0.00021627413417679708
456,-0.1739947136320954,-5.758819423551387e-07
457,0.7841554492292298,-0.004493113690315131
458,0.0802421070321564,-5.556780591220445e-09
459,-0.8959913109592388,-0.009778740615548176
460,0.38920469914388844,-7.106411436463844e-05
461,-0.46441558253595727,-0.00020350960747184121
462,-0.5788438048923352,-0.0007519070782421311
463,0.9890269676397512,-0.01733008681671966
464,-0.3893684827883017,-7.124261005442278e-05
465,-0.881129835366768,-0.008872606170734043
466,0.38887407676093244,-7.070492452632138e-05
467,0.33573612059216207,-2.9420754986242414e-05
468,-0.12029785170207563,-6.302615362940855e-08
469,-0.2843747922929589,-1.0907582478791866e-05
470,-0.048314707863584605,-2.649159780432342e-10
471,0.5469379061137989,-0.0005374377247459039
472,-0.16207446156462724,-3.7637578831350993e-07
473,0.9866534023540803,-0.01709134884959307
474,0.7644824192107171,-0.0038718705191050917
475,0.82279721134404,-0.005952223707875293
476,-0.011877550249850266,-5.850875339774575e-14
477,0.17861732765916005,-6.738610950351998e-07
478,0.5689614646476295,-0.0006790374468360616
479,-0.5133933464398637,-0.0003692258049986519
480,0.5243019169365726,-0.00041828959254641696
481,-0.6165669042173891,-0.0010921787654125659
482,0.680112222776913,-0.0019478777961642324
483,-0.60641883726903,-0.0009901562247928153
484,0.517774727161701,-0.00038832494791329886
485,-0.9902997391411745,-0.017459218578460778
486,0.18430407020674733,-8.130675972495283e-07
487,-0.08587580141990481,-8.34801749949321e-09
488,-0.1485090113131735,-2.2288420953309185e-07
489,-0.4264657035531556,-0.0001225341440119765
490,-0.9985803239177469,-0.018318604276333583
491,0.27032261298855476,-8.055581581900562e-06
492,-0.9523627100515193,-0.013930536804234284
493,-0.9016809416438769,-0.01014506296026274
494,-0.9541045252205298,-0.014078644558190079
495,0.11939580620231971,-6.024482301913991e-08
496,0.6353503099198661,-0.0013039240393596385
497,0.6215818193376599,-0.0011457101212987153
498,-0.890970545378738,-0.009464530620466705
499,0.39161252997376095,-7.372596518440133e-05
500,-0.4644316349820894,-0.00020355144347594667
501,0.4896901928847588,-0.0002788596618196193
502,0.4697427283769462,-0.0002177904542147724
503,0.6320782365032909,-0.001264783829221905
504,-0.49077282932197286,-0.00028254246296877117
505,-0.19756747139056574,-1.2329218173068313e-06
506,-0.6585298676965807,-0.001610822789658073
507,0.2223824349422654,-2.5042744610237477e-06
508,0.5774274312036622,-0.0007410832775198717
509,-0.762280656068081,-0.003806974007854569
510,-0.36423953313301594,-4.7853608457715247e-05
511,0.5424941837468449,-0.0005120679061879629
512,-0.28238631557469374,-1.045934817966998e-05
513,-0.7773879303515199,-0.004270800702360855
514,-0.999538422712285,-0.018420221388515956
515,0.03979373784080642,-8.271072715615446e-11
516,0.7380990377096581,-0.0031511331455283953
517,-0.42108144768109845,-0.00011360397339488237
518,0.6646168536086012,-0.0017005909722707102
519,-0.7612611567288712,-0.0037772286922791443
520,0.25822108820198886,-6.124890034153729e-06
521,-0.2981656828381585,-1.447753114802719e-05
522,0.2963769497897355,-1.3966013616029116e-05
523,0.09430419618318986,-1.4637342671264264e-08
524,0.30263049619475746,-1.582268073141435e-05
525,-0.5790693884514504,-0.000753642967144863
526,0.23962979161154574,-3.916454126562385e-06
527,-0.6301984639352689,-0.0012427402089368877
528,0.31628017785318785,-2.0595884252627705e-05
529,-0.593118201456964,-0.0008684768302951174
530,0.804384346942292,-0.005214972204937385
531,0.47929756869181106,-0.00024548545659586196
532,0.0475151052380105,-2.396770559798256e-10
533,0.014192269434385674,-1.701971896750365e-13
534,-0.0030171596175052606,0.0
535,0.594983105572289,-0.0008847516577872305
536,0.20033395919403874,-1.3400183700440493e-06
537,0.6332916131808901,-0.0012791833903134098
538,-0.6542936997401425,-0.0015506852593090148
539,0.565347891710414,-0.0006538957118374933
540,-0.48163528310431136,-0.00025268782723231187
541,-0.5849730283220473,-0.0008002641130108179
542,0.36481328432419713,-4.8305167380635616e-05
543,-0.49527405066675123,-0.000298289185005296
544,-0.9157021668835521,-0.011095893034660298
545,0.7380847549805325,-0.0031507752757657936
546,0.7989653941262134,-0.0050128843862912165
547,-0.7640420505506298,-0.0038588185646803996
548,0.9798987597302777,-0.016426566474789794
549,-0.13053584453577494,-1.0285206775151323e-07
550,-0.7159644614150471,-0.0026351611523025564
551,0.45458564179551186,-0.00017919307287217467
552,-0.2517337737551977,-5.259878257612982e-06
553,-0.7278603647848996,-0.002903020211971974
554,-0.5214603484314204,-0.00040501786245172866
555,-0.8986423526382497,-0.009948056285020379
556,-0.722976213408169,-0.002790458188543843
557,-0.5974254831433854,-0.0009064463261251321
558,-0.044453280615375235,-1.607216582044657e-10
559,-0.008837663784033722,-9.880984919163893e-15
560,0.8491788635750708,-0.007155578809932339
561,-0.29086587920818197,-1.248352237015471e-05
562,0.5407834351384406,-0.0005025690490609858
563,0.354602070097211,-4.077671834223917e-05
564,-0.5725809484556095,-0.0007050161623982643
565,-0.9261674677544827,-0.011852002847350662
566,0.8509159259230534,-0.0072413199386403004
567,-0.19615244359457717,-1.1809605285906244e-06
568,0.15891030759076763,-3.3442720004384086e-07
569,0.8295889001520125,-0.006244836134228882
570,-0.12450406251669088,-7.744954533261961e-08
571,0.9341260940240563,-0.01245472617712795
572,-0.46187503366000904,-0.00019697760710235546
573,0.3483601171723476,-3.6675094911231554e-05
574,0.33344044088968094,-2.8239547561814682e-05
575,-0.3999661487413608,-8.361142529789145e-05
576,-0.2584670400936693,-6.159879348599517e-06
577,-0.5896071889469694,-0.0008385074965101547
578,-0.6534837738761743,-0.0015394010131419833
579,0.23561932831518284,-3.5401095119791393e-06
580,0.7624286540151746,-0.0038113080065839133
581,-0.8377251555823,-0.006610794136905129
582,0.566200092249898,-0.0006597544578383907
583,-0.06119527083481757,-1.0936105354630854e-09
584,0.12176271216833623,-6.77704272700197e-08
585,-0.5634187599212217,-0.0006407919883274493
586,-0.8876278021168578,-0.00925994953683007
587,-0.44075849801358835,-0.0001491053242427265
588,-0.2683998092164219,-7.718835486447695e-06
589,0.7438851613201058,-0.0032988876075048523
590,0.9304855447373765,-0.012175990416207871
591,-0.4696446039602553,-0.00021752009681796913
592,0.025399371663091808,-5.593192575759076e-12
593,0.24538192801602898,-4.5139094692059345e-06
594,0.023296082023368747,-3.3297808954557695e-12
595,0.7376516690731085,-0.003139939684303261
596,-0.8107059814455517,-0.005459120786399985
597,0.21755296629348653,-2.1957556839424797e-06
598,-0.7792685304689972,-0.004331651325988228
599,-0.9365914721623667,-0.012646426251081477
600,-0.6819941410214969,-0.001979828992745958
601,-0.7935818789827473,-0.004818526000520684
602,-0.25372708035016056,-5.514082651369989e-06
603,-0.1581609044975114,-3.2508497527228286e-07
604,0.8912349386697853,-0.00948086830212913
605,0.4219851023233012,-0.00011506381794934573
606,-0.845966972085991,-0.0069992302788572935
607,-0.501844554073926,-0.00032257466445662075
608,-0.6662168517013816,-0.001724859102893106
609,-0.04944955274981777,-3.0450897359202145e-10
610,-0.7762643292750748,-0.004234780557174189
611,-0.3217856258898659,-2.2832800776417805e-05
612,-0.4055021233890277,-9.074983891899091e-05
613,-0.9404506794475032,-0.012951335391082064
614,0.7788825438138394,-0.004319104239285165
615,0.15431084995506783,-2.8044391919834766e-07
616,-0.37751905306287514,-5.925107152704445e-05
617,-0.23822085871663345,-3.7806222978886694e-06
618,0.27183749674923585,-8.329414453056572e-06
619,0.6070174921912466,-0.00099594761340005
620,-0.0037908128987855783,0.0
621,-0.7575164183539409,-0.003669604638315449
622,-0.6123205132648899,-0.001048481370674259
623,0.6741918191823626,-0.001850119100952341
624,0.4850226961529567,-0.00026343425497332706
625,0.7794917128727861,-0.004338919856801349
626,-0.8276409130966751,-0.006159729531725167
627,-0.9846692898243745,-0.016893843845803835
628,0.10793811701348632,-3.289846139953312e-08
629,0.3671738578405388,-5.0200422830437574e-05
630,-0.14882959911306948,-2.257840017172441e-07
631,0.10089565197526462,-2.195032944296571e-08
632,-0.6421238040364927,-0.0013881289857876622
633,0.8369389370143785,-0.006574682096465279
634,0.07554867911820873,-3.870884723866652e-09
635,0.2903179206097606,-1.2343568220996026e-05
636,0.6748171425098519,-0.001860249490534538
637,0.010860204952792385,-3.430589146091734e-14
638,0.3645091361550945,-4.806535520518462e-05
639,0.8559112385620791,-0.007492588116725152
640,-0.48735242605539697,-0.0002710427848886532
641,0.18339117790249482,-7.892342271942354e-07
642,-0.43839709156882356,-0.000144412920899617
643,-0.22602147173320364,-2.759872244406658e-06
644,-0.22556779471720056,-2.7268699709370736e-06
645,0.8691173054773689,-0.0081914360611689
646,0.5008336582869892,-0.00031873518359193387
647,0.07353935606557305,-3.2929426962979846e-09
648,0.3417926093597201,-3.2735618992862925e-05
649,0.1677775038462399,-4.6305716860928214e-07
650,-0.7660141397296945,-0.003917551532675034
651,0.2720010459552735,-8.359435305638208e-06
652,-0.08696718596181197,-9.004939460766082e-09
653,-0.05989268300069717,-9.611842433088214e-10
654,0.509054353865769,-0.00035108456458188275
655,0.950762426060739,-0.013795585790311593
656,-0.03525923005875131,-4.002476128306398e-11
657,-0.0281526780348742,-1.0371259406838362e-11
658,-0.40984959204097526,-9.670391579219562e-05
659,0.0013204325820845852,-1.1102230246251565e-16
660,-0.870648195100278,-0.00827578588850797
661,-0.8344628993293071,-0.006462008898156513
662,-0.1367055976363789,-1.356634089511033e-07
663,-0.4558426094645329,-0.00018216094548151318
664,0.9683410488924755,-0.015337988655645951
665,-0.7748337252839566,-0.004189279993572548
666,-0.7389613232778258,-0.003172800688533872
667,-0.6887182190391485,-0.002097539662507031
668,-0.18299066320593949,-7.789629550281063e-07
669,-0.5324706930779555,-0.0004584623841668023
670,0.5511560277746073,-0.0005624728157727077
671,0.740567561790092,-0.0032134889881137996
672,0.4206680819724229,-0.00011294132677441837
673,-0.03469274063071204,-3.6318170693050433e-11
674,-0.0782150645100037,-4.766166128433724e-09
675,-0.707755123601449,-0.0024624499025244218
676,0.7676082250245055,-0.003965561700747466
677,0.16141282323185346,-3.672602723048257e-07
678,-0.2710947182374219,-8.194197137711967e-06
679,0.1687301961508474,-4.790399581455773e-07
680,0.409828330052465,-9.667402709767625e-05
681,-0.4820546450759675,-0.00025399819232974075
682,-0.6135178880884842,-0.001060654092569835
683,0.9788667645844911,-0.016326880101101726
684,-0.162929770649759,-3.8843805383326213e-07
685,0.7481640046296676,-0.00341177636189105
686,-0.9302935533487617,-0.012161433305183156
687,-0.7862467999661711,-0.004563704387573142
688,0.6647668523775465,-0.0017028540668512226
689,0.48813557389160955,-0.0002736409380766913
690,-0.1044882537648899,-2.7075166775247794e-08
691,0.3937350941645972,-7.614059988203525e-05
692,0.037884433961844266,-6.158085152918602e-11
693,0.36857663644116956,-5.135564765224032e-05
694,-0.2574130830269781,-6.011104195957628e-06
695,-0.3791918830903642,-6.083439136395086e-05
696,-0.4307190007858821,-0.00012999343624164883
697,0.17839399155826263,-6.688281045663658e-07
698,0.7655886967607113,-0.0039048192285473515
699,0.40731058211110827,-9.318851913742154e-05
700,0.1753894992504792,-6.041047823091006e-07
701,0.43490127015279545,-0.00013769161808441233
702,0.821831284160945,-0.00591153660427024
703,-0.15172313602106713,-2.5340841203203013e-07
704,-0.22810413359572923,-2.915671385217422e-06
705,0.3205141027666336,-2.2299041737117165e-05
706,-0.19638433914219466,-1.1893487704695005e-06
707,-0.06470814408577819,-1.5285693821809332e-09
708,-0.4076258839317042,-9.361921493344916e-05
709,0.9874034056483194,-0.017166494463100035
710,-0.904251273599918,-0.01031418879778423
711,0.5541288857644759,-0.0005806902886126286
712,-0.6013732848303206,-0.0009424413237000273
713,0.2685397907242906,-7.742948782585302e-06
714,0.37549325840859193,-5.737963217555819e-05
715,-0.6598270323976185,-0.0016296174271518415
716,-0.6005613398410272,-0.0009349434186807226
717,0.1594520548846552,-3.413190753365214e-07
718,0.17206327606049632,-5.386199904977573e-07
719,0.258994700848759,-6.235506133545066e-06
720,0.9343102863115378,-0.012468965913228991
721,0.7973185042527045,-0.004952756897830701
722,0.33900813525417917,-3.1175059603039124e-05
723,-0.8528022769424657,-0.0073353809448198914
724,-0.6177253460585113,-0.0011043571863106338
725,0.3406949503135701,-3.211286444060324e-05
726,-0.6218668903189837,-0.001148816972261768
727,0.6743826352536024,-0.0018532055356703658
728,-0.4719510828561748,-0.00022394910523382272
729,0.39273127060154844,-7.49905949963825e-05
730,-0.5710664459617065,-0.0006940477072605589
731,-0.17928131255032853,-6.890109551793699e-07
732,-0.006386986700091191,-1.4432899320127035e-15
733,-0.9689347902039043,-0.015392438849405776
734,0.6203331196084636,-0.001132182750728683
735,-0.4891406848421156,-0.0002770056719385572
736,-0.991360611698503,-0.017567449239203947
737,-0.395593602191447,-7.830840567013553e-05
738,-0.8371003219411217,-0.006582081501270043
739,0.07704366875928903,-4.353698401793338e-09
740,0.07222135530162999,-2.9544011681537086e-09
741,0.9618649041233993,-0.014754206462443409
742,0.9853567417215174,-0.016962063497417357
743,0.2693670190162132,-7.886730580608514e-06
744,0.24052313309584394,-4.00466426631052e-06
745,-0.07479273979429335,-3.6442806550240903e-09
746,-0.28682008021270144,-1.1480581352252273e-05
747,-0.995174258278952,-0.017961039409524093
748,-0.24036320736251193,-3.988752581007837e-06
749,-0.8366162820552281,-0.006559908987940122
750,-0.054049583554393266,-5.192234420192676e-10
751,0.5946549274134867,-0.0008818695583918679
752,-0.3709623194697411,-5.3371005404700966e-05
753,0.9198529596718763,-0.01139092193039204
754,-0.41511272157707024,-0.00010434233588774156
755,-0.4044082259803514,-8.930061716283522e-05
756,-0.5714081463510174,-0.0006965099899551852
757,-0.47440661178792953,-0.00023096584184867375
758,0.27971678632304475,-9.881773547659733e-06
759,0.8310706752121897,-0.006310217457763501
760,0.6105394463552718,-0.0010305883026083817
761,-0.07797003037376027,-4.677297882338394e-09
762,-0.11501443683869272,-4.814543763664858e-08
763,-0.7496743392542615,-0.003452373757334093
764,-0.4506742446864529,-0.00017021297421138115
765,0.08745601845391637,-9.312834281516302e-09
766,0.5369663846813744,-0.000481899606421643
767,0.4023677944183015,-8.664871604036062e-05
768,-0.43384219819669134,-0.00013570737338031158
769,-0.8691338585776391,-0.008192344335864576
770,-0.021017207965283724,-1.7954526754238032e-12
771,-0.3535452177252214,-4.005665895956412e-05
772,0.8375169304933168,-0.006601214306505621
773,0.4118699380862523,-9.957919071845733e-05
774,0.843382496164276,-0.006875464568379619
775,0.3012043385933052,-1.53821731690984e-05
776,-0.6339363630485524,-0.0012868897270764679
777,-0.08899211864809309,-1.0338040645763158e-08
778,-0.45398404133464787,-0.00017778686355840456
779,0.9834985336045994,-0.016778177547555062
780,0.4787358227210292,-0.00024378034411376426
781,0.6368351355444188,-0.0013220120894978926
782,-0.6476575310218669,-0.0014602060338104739
783,-0.335290716079077,-2.9188425245796346e-05
784,-0.11840890613648813,-5.731974384026728e-08
785,-0.1449376416104038,-1.9262222883398294e-07
786,0.2716180547088449,-8.28927492746434e-06
787,0.385177429950196,-6.679043821533615e-05
788,0.15405889684559448,-2.777104103346417e-07
789,-0.8010026258168963,-0.005088090561086056
790,-0.3059030499778126,-1.6873275825224354e-05
791,-0.7275750760187838,-0.0028963442568294973
792,0.515959310081056,-0.0003803144101112155
793,0.21498117110352877,-2.0448275288575957e-06
794,-0.4555148227376442,-0.00018138309701698496
795,0.6424060189009309,-0.001391732376210486
796,0.21513012321266123,-2.0533265702171732e-06
797,0.4094404717318765,-9.613014551279608e-05
798,-0.34326563400322296,-3.358707680611861e-05
799,0.7419316020762743,-0.003248378046109779
