,data,labels
0,0.5211445152852956,-0.00040356452118994746
1,-0.2256886435009855,-2.7356287271018687e-06
2,0.25375054659296037,-5.517135043597854e-06
3,-0.8462650177134594,-0.0070136197067434125
4,-0.0897997625936533,-1.0913706161019832e-08
5,0.9537035763275208,-0.014044438366109135
6,0.9627687710176573,-0.014834578864147185
7,-0.5981683717027984,-0.0009131315814738805
8,0.5392596364868512,-0.0004942314281601856
9,0.5487766463582155,-0.0005482350427010729
10,0.08346197258133148,-7.035785287712315e-09
11,-0.32234964903478147,-2.3072942591406687e-05
12,-0.6305046626258015,-0.0012463091456448305
13,-0.7937659597884581,-0.0048250680485659725
14,0.5782482507533182,-0.0007473400990212209
15,-0.8683342776582395,-0.008148565078685666
16,0.10016404910108978,-2.1012878548276603e-08
17,0.7996123405302968,-0.005036667464336175
18,0.014005017055279678,-1.5720758028692217e-13
19,-0.42893365397957517,-0.00012681777971101926
20,0.5552331495828224,-0.0005875802102308647
21,-0.02099705995991341,-1.7852386235972517e-12
22,0.62288582142046,-0.001159978721013255
23,0.567595146066282,-0.0006694388797520157
24,-0.9417446178527842,-0.013054899447387136
25,-0.9382983780119374,-0.012780555068392596
26,0.9220987622389527,-0.011553199331584274
27,-0.10546357081499269,-2.8626617631921647e-08
28,0.07728121218734652,-4.434842160172536e-09
29,-0.7292269554220785,-0.0029351751863674336
30,-0.9870144234813807,-0.017127487391808915
31,-0.5391652704737846,-0.000493718881627192
32,-0.9796967790562319,-0.016407017081441433
33,0.10069005409048692,-2.1683432382957335e-08
34,-0.28622820126719906,-1.1339643224972384e-05
35,0.8531013977901141,-0.007350387779460399
36,-0.22086626713101754,-2.403763484704058e-06
37,-0.3317494792370075,-2.7394927926693846e-05
38,-0.8091515637455771,-0.005398235852223432
39,0.5630453474004431,-0.0006382808230196435
40,0.20394655515834548,-1.4914287436162965e-06
41,-0.6018317486347322,-0.000946696899041255
42,-0.6257589354772124,-0.001191934956886631
43,-0.508025163409332,-0.00034689167651036357
44,-0.9713844639561746,-0.015618759164172324
45,0.18556817659601998,-8.470572820939992e-07
46,-0.30369932727764004,-1.6159650559677274e-05
47,-0.12621580768181717,-8.405759721608064e-08
48,-0.6515281160587938,-0.0015124328166025158
49,-0.17877065814205828,-6.773346992172691e-07
50,0.6140102973442174,-0.0010656937529326393
51,-0.09748586122940384,-1.786046777141337e-08
52,-0.93987457632145,-0.012905441497009118
53,-0.7967663112899417,-0.0049327294788040765
54,0.3883026227895361,-7.008764818117186e-05
55,-0.017875803000227952,-6.796785356755208e-13
56,0.7955260070472687,-0.00488798722491679
57,-0.15231495713328425,-2.5939149217446555e-07
58,-0.30420278876794793,-1.6320431325489437e-05
59,0.8923077931946306,-0.00954740009900823
60,-0.787105938390249,-0.0045929660096218905
61,-0.8378309719538988,-0.006615666803393205
62,-0.9846689139572962,-0.016893806607642614
63,0.887197862767034,-0.009233901114536036
64,-0.8650503396457276,-0.007970763161308736
65,0.7656023504314806,-0.003905227315589399
66,-0.5048356422510498,-0.0003341601273834094
67,0.8646703606019976,-0.0079503966095128
68,-0.3169547570802713,-2.0859756120539252e-05
69,-0.10015423887389141,-2.10005386414025e-08
70,0.5897375603184787,-0.0008396048325045591
71,-0.05814531571986348,-8.047549293621614e-10
72,0.7472675844602295,-0.0033878669894027436
73,-0.06460060861773465,-1.5133936326350295e-09
74,0.552296418250213,-0.0005694043185103803
75,0.4981836405476021,-0.000308849419456525
76,0.6705057731011823,-0.001791323705656045
77,-0.15117346993375058,-2.479548892875272e-07
78,0.8045758815123953,-0.00522223549587475
79,0.9613148879477864,-0.014705472641260653
80,-0.6260567264966805,-0.001195288283306839
81,0.38853333787135313,-7.03363225007525e-05
82,0.18879116459002465,-9.39109952247108e-07
83,0.05673523745691633,-6.945465313989985e-10
84,-0.8223631521984793,-0.005933911818340132
85,0.10772864521255743,-3.251742908272348e-08
86,0.4692304023352569,-0.00021638193055106836
87,0.4448336239517605,-0.00015750036680317603
88,0.15022893085852673,-2.3881196020703044e-07
89,0.5305964737347657,-0.00044897432445678565
90,0.3043814906903841,-1.6377818742641104e-05
91,-0.6965480661998915,-0.0022418122734237933
92,0.8882688979462106,-0.009298902710798695
93,0.9381779386087958,-0.012771053031584656
94,0.6362919937399734,-0.0013153717121049402
95,0.78407290517878,-0.00449034602666365
96,0.6481091748263574,-0.0014662223961026122
97,0.6850257854625958,-0.002032207650624618
98,0.6098239611075937,-0.0010234717100036095
99,0.3197716910932611,-2.1992217900890232e-05
