,data,labels
0,0.7093152726761924,-0.0024945346612342822
1,0.8299513897300486,-0.0062607789638269296
2,0.2943335512689187,-1.340014936068723e-05
3,-0.3040313699744226,-1.626553997524649e-05
4,0.6972673198100394,-0.0022554649442861896
5,0.6950462816842924,-0.0022135251430046576
6,0.6653609344033233,-0.0017118416358162802
7,-0.6161774813202301,-0.0010881098443382697
8,0.6736392612080899,-0.0018412054052596716
9,-0.9224262878871028,-0.011577022618271093
10,-0.13254414900366385,-1.127117127408539e-07
11,-0.2811905493662632,-1.0197258454747171e-05
12,-0.48564247107053804,-0.00026544084550861324
13,-0.766695563005859,-0.003938015652165672
14,-0.7395585214711513,-0.003187878794899679
15,0.113947786529353,-4.552915611188979e-08
16,-0.9846869433089176,-0.016895592899239364
17,-0.6589551830293006,-0.0016169653907714965
18,-0.17597612854154976,-6.163141449411214e-07
19,-0.6267770247983575,-0.0012034315312512422
20,-0.2212459361835022,-2.4286119157945762e-06
21,-0.9400695829730634,-0.012920961361671646
22,-0.14959581664344324,-2.3284214711871698e-07
23,-0.04704698376456862,-2.2585477932324238e-10
24,-0.454192098067179,-0.0001782721464638204
25,0.9975971395812038,-0.018214801290307392
26,-0.3277837282711822,-2.54961052981173e-05
27,0.12378203977360513,-7.479512087460449e-08
28,-0.45600768949313775,-0.0001825537315546244
29,0.15952854972133346,-3.423016700088155e-07
30,0.05773142932789321,-7.709953786516621e-10
31,0.06513802680498393,-1.5905087247247707e-09
32,-0.2029646453819549,-1.4489328311606542e-06
33,-0.5009364213112852,-0.00031912375089548917
34,0.9753243441177957,-0.015988438481214007
35,0.6853158073889554,-0.00203727770018014
36,-0.8060619287336426,-0.00527887119773951
37,-0.06302073929931518,-1.3045001745481954e-09
38,-0.2857740647915288,-1.1232482518330755e-05
39,-0.7160702401913479,-0.002637449914953849
40,0.036482118158178256,-4.9109605271269174e-11
41,-0.6051224646837432,-0.0009777103907853135
42,-0.3728123697015384,-5.4978710061326375e-05
43,0.35508986329990555,-4.111267201634128e-05
44,-0.7859897307009975,-0.004554978606725157
45,-0.8500381372570811,-0.007197887897913313
46,0.6356471458350292,-0.0013075236467431361
47,-0.11799793375213685,-5.613706577367594e-08
48,0.9318899378040715,-0.012282906964180884
49,-0.8887391461846315,-0.009327560229719034
50,0.4023346190912509,-8.660614514477416e-05
51,-0.48299090094056285,-0.00025694400357045843
52,0.4820018277190523,-0.0002538328466278328
53,-0.23219105979912014,-3.2427307194993205e-06
54,-0.010945075826865214,-3.5860203695392556e-14
55,-0.5098130074095231,-0.0003542020871978302
56,0.39273656559193526,-7.499662301357901e-05
57,0.6872015070172062,-0.002070497535332838
58,-0.45906104960291905,-0.00018994640208869207
59,-0.3944444211570586,-7.696201822027238e-05
60,-0.18776198273298572,-9.088525054767871e-07
61,0.10765573887537205,-3.238567702901207e-08
62,-0.16119247591859254,-3.642656317692783e-07
63,-0.0039008243255147512,-1.1102230246251565e-16
64,-0.983018071843599,-0.016730896761344094
65,-0.07518637790510385,-3.760857958390318e-09
66,-0.028616404533626794,-1.1439404978830225e-11
67,-0.15980286147401657,-3.4584466390708e-07
68,-0.38172930607055,-6.330300194212768e-05
69,-0.9715054035446438,-0.01563000236239942
70,0.6667918164120259,-0.0017336493533733899
71,0.2254266232741422,-2.716667859115063e-06
72,-0.5206439397374589,-0.00040126991166344883
73,-0.44026142465349705,-0.00014810721759073164
74,0.616483028846508,-0.001091301326170635
75,0.6299337460006837,-0.00123966155786992
76,-0.6683514500949879,-0.0017576796661715743
77,0.5235120191038276,-0.00041456472364265196
78,-0.7170794021856095,-0.0026593677857577047
79,0.40259657144435956,-8.694275801224283e-05
80,0.2915146027957858,-1.2650916321299555e-05
81,-0.49461996757362203,-0.0002959568799341117
82,-0.5328343058764156,-0.00046032221809111373
83,-0.1854084359848569,-8.42697934655412e-07
84,0.27146948930798276,-8.26219133864825e-06
85,-0.8265287771691037,-0.006111568740293283
86,0.23766795413594655,-3.728400577385216e-06
87,0.9897609331740995,-0.0174044575942105
88,-0.1575982621878489,-3.182146943725428e-07
89,0.6255680348361399,-0.0011897893748702426
90,0.8497692539457591,-0.007184626604962108
91,-0.5770785259001696,-0.0007384368399473429
92,0.7730498446272298,-0.004133106636694528
93,0.17883229396345168,-6.787352141435221e-07
94,0.8687776207775446,-0.008172815624138408
95,0.3626283154884733,-4.660424047830958e-05
96,0.5424545160470842,-0.000511845983376169
97,-0.06857826709611503,-2.165820855992706e-09
98,0.7408357255104068,-0.0032203235608948555
99,-0.5715144463844295,-0.0006972774557653105
100,-0.9695857465158539,-0.015452316956185208
101,-0.44916452265905527,-0.00016684820493917396
102,-0.9147821814543771,-0.011031355131519871
103,0.5401476628485065,-0.0004990763216824456
104,0.10055173067473944,-2.150539368805937e-08
105,-0.08698576876082353,-9.016486890445208e-09
106,0.19104872519151384,-1.0084279842281774e-06
107,0.5337371411265095,-0.0004649671202012762
108,-0.8853241660642026,-0.00912107931999917
109,-0.8508739133856658,-0.007239236325386256
110,0.8471057874852581,-0.007054342097463917
111,0.3282278468136832,-2.5703150163702837e-05
112,-0.7056909973425796,-0.0024205235248105916
113,-0.6257925750563249,-0.0011923133716156276
114,0.7315315239054512,-0.0029900635456345803
115,0.48394428501255593,-0.0002599727385800277
116,0.6082782835585951,-0.0010082360387986267
117,-0.010290058065112184,-2.475797344914099e-14
118,-0.011231617606742184,-4.18554080283684e-14
119,-0.08019379477868016,-5.53674239789359e-09
120,-0.7226525552717886,-0.0027831277979207814
121,-0.5555846540637464,-0.0005897875121800844
122,-0.6074249225519279,-0.0009999050700536527
123,0.2880481670515085,-1.1777664253087572e-05
124,-0.5319731994968708,-0.00045592784455417146
125,0.6303610485608306,-0.0012446341824192686
126,-0.11900419642579307,-5.90695983238021e-08
127,0.39868670774282067,-8.202978269666872e-05
128,-0.22702902557309224,-2.8343561037091902e-06
129,0.1042713009934888,-2.6739761072036572e-08
130,-0.3772538623636621,-5.900324244323407e-05
131,-0.8234585824980998,-0.0059802143822296205
132,0.22275979734499818,-2.5298270796003663e-06
133,-0.7534206245705879,-0.003554789730282115
134,0.8391439247247674,-0.00667637124312459
135,0.7781152032053542,-0.004294249287430274
136,0.7902700976312063,-0.004702066405284144
137,0.6211632526967579,-0.0011411609360381103
138,0.7585983874913889,-0.0037004382492653587
139,0.2595654367480369,-6.3181746645657455e-06
140,-0.39441338334707776,-7.692592242214413e-05
141,0.1631756308927299,-3.9196433454513624e-07
142,-0.6393681712250583,-0.0013533470524627056
143,0.6709406006168854,-0.0017981783561186182
144,-0.5510450074034465,-0.0005618017583229884
145,-0.43910796003759356,-0.0001458124299911212
146,-0.3615236170855418,-4.5763391615993854e-05
147,0.4576487073410733,-0.00018649664676995137
148,-0.9347314093719687,-0.012501572466995126
149,-0.8571207416482649,-0.007554488022083916
150,0.796055412143265,-0.004907043861372751
151,-0.019910364615804532,-1.297850715786808e-12
152,0.4424096959243238,-0.00015246100786470151
153,-0.8884116645063611,-0.009307595463485585
154,-0.40175496766015883,-8.586512760655474e-05
155,-0.8895104941589862,-0.00937472349005486
156,0.6268752497276331,-0.001204545540686719
157,-0.6362213693534131,-0.001314510293581428
158,0.3640482221678547,-4.770382289864816e-05
159,-0.994749400574837,-0.0179168396878987
160,0.2069431527360348,-1.6275862073644731e-06
161,-0.18305803803525578,-7.806829644962932e-07
162,-0.3331436123200906,-2.8089738791425845e-05
163,-0.38466220630210435,-6.625943229254805e-05
164,0.23334784456612212,-3.340654549988109e-06
165,-0.37918187001490145,-6.082481062963385e-05
166,0.8041206915739203,-0.00520498753777876
167,-0.6217924089772047,-0.0011480045657662474
168,0.6853195644109644,-0.002037343447267581
169,-0.29408564026996054,-1.3332813345479089e-05
170,-0.8882719360007039,-0.009299087622334445
171,0.043763106679120645,-1.4631995615133064e-10
172,-0.4963260739446387,-0.0003020723751190335
173,0.8154935504228216,-0.005650193916817203
174,-0.3935530206085196,-7.593093216673452e-05
175,0.7955233827510879,-0.0048878929114083425
176,0.26636668604904123,-7.375589220481871e-06
177,-0.38456177647213474,-6.615633544759802e-05
178,-0.26582168860329114,-7.285769252352026e-06
179,0.10831058392535686,-3.3585172087846615e-08
180,0.792958349720486,-0.004796420458627715
181,0.9773252980574032,-0.016178899050279805
182,-0.2277498731010945,-2.8886653817838948e-06
183,-0.6850737496961634,-0.0020330454243978613
184,-0.3382438070530216,-3.075767861715484e-05
185,-0.791529378842251,-0.004746073962209496
186,0.9122442187495767,-0.010854902303246039
187,0.5149434292062389,-0.00037589185792574753
188,-0.3306477184986931,-2.685598835072689e-05
189,-0.3014391795225828,-1.5454000438341886e-05
190,0.3490761192063496,-3.712740969863404e-05
191,0.7510868035453675,-0.0034906989326759508
192,-0.3314138610652255,-2.7229812900153583e-05
193,-0.4457945948943991,-0.00015953608884033965
194,-0.7996125760512458,-0.005036676139397067
195,-0.953381838341409,-0.014017038935540849
196,-0.5095561694546316,-0.000353144111304049
197,-0.40817908666592184,-9.437887029761782e-05
198,0.7151110559322902,-0.00261675551880558
199,-0.5846186575470091,-0.0007974000296518957
200,-0.1662990009114691,-4.3913377156812317e-07
201,0.6759283053932246,-0.0018783633746519701
202,0.13862931080617913,-1.475185416044411e-07
203,0.908700810296525,-0.01061240807469932
204,0.522603711821791,-0.000410315458553856
205,-0.07048173337326946,-2.552399180899556e-09
206,0.7251552065475806,-0.002840223864095881
207,0.37600211017825846,-5.784502966355021e-05
208,-0.9752516032353193,-0.015981549211500967
209,-0.9220301349762305,-0.011548212654995726
210,-0.727845230762092,-0.0029026657476856066
211,-0.5622986205976672,-0.0006332835541701387
212,0.506499745182831,-0.00034075350381135294
213,-0.9173993015204964,-0.011215757832746864
214,-0.6185642751823903,-0.0011132464555322352
215,-0.002118272059814519,0.0
216,-0.9950486870748814,-0.017947966484409883
217,0.23357258346847254,-3.3599616406920774e-06
218,0.6641220148378586,-0.0016931427053941128
219,0.9255866143165621,-0.01180896340385773
220,-0.33239519692821196,-2.7714944423440357e-05
221,0.5518204049959361,-0.0005665024828814813
222,-0.21600500051482086,-2.1038418848151608e-06
223,-0.14817525009805865,-2.1989828435931003e-07
224,-0.8901516547241353,-0.009414074806763484
225,0.32626467119342206,-2.4798379617330113e-05
226,-0.716429807549922,-0.0026452422023450772
227,0.15000399419027088,-2.3667654125425486e-07
228,0.268414137445917,-7.721300802288056e-06
229,-0.8960220826246064,-0.009780692324475426
230,-0.034825607839829686,-3.7160718946438465e-11
231,-0.6129000494076604,-0.001054358550049539
232,-0.45216176490248783,-0.00017358309735082678
233,-0.19898616732227947,-1.2869146963634392e-06
234,-0.821135444847938,-0.005882367751407713
235,0.7153685434794912,-0.0026222976434906453
236,0.6540591300768472,-0.0015474101371379945
237,-0.27491492278303875,-8.90958250998608e-06
238,0.07433626982643249,-3.5128808750783946e-09
239,0.024855641577606225,-4.912181772454005e-12
240,0.4621538724863452,-0.0001976859236663131
241,0.961743897778274,-0.014743473496296677
242,0.5953911284204318,-0.0008883458096670127
243,0.34804150543906043,-3.647529777306424e-05
244,0.7294256544274802,-0.0029398747416465865
245,-0.19246611555595572,-1.0540865778008168e-06
246,0.6875344597598931,-0.002076409153951464
247,-0.0616346412892077,-1.1415679512793986e-09
248,0.7827087477950945,-0.0044448087738054864
249,0.20916606875296462,-1.7351418564182097e-06
250,-0.05689729021383916,-7.065331653066664e-10
251,-0.799429986558428,-0.005029954407746229
252,0.6950680901559778,-0.0022139338065397807
253,0.9593900738447771,-0.01453595765288862
254,-0.058169516824630785,-8.067665424604797e-10
255,0.31079742726471715,-1.8552325721010732e-05
256,-0.9169416888519981,-0.011183334058104233
257,0.7398472514916199,-0.0031951897741483437
258,-0.0050326559849476205,-3.3306690738754696e-16
259,0.6938800746572473,-0.0021917621784868224
260,0.3906697977950129,-7.267408936673103e-05
261,-0.12251557606041485,-7.03221614273275e-08
262,0.2635250266544502,-6.917191285094049e-06
263,0.6504704180637355,-0.0014980104702135844
264,-0.6379443123256652,-0.001335658669822326
265,0.5373029408999561,-0.0004836933062799531
266,0.30771308125030883,-1.747883356550961e-05
267,-0.5115097851963313,-0.00036125766043171303
268,-0.7036298905847629,-0.0023792466458459893
269,-0.7452620442303213,-0.0033348736077001284
270,-0.806396657168835,-0.005291697517450289
271,-0.07618717651599427,-4.07131772739433e-09
272,-0.2323400039654384,-3.2552034465727075e-06
273,-0.5337440640112174,-0.0004650028862765998
274,0.537606411914197,-0.0004853154091015721
275,0.9859427193041919,-0.01702039022550328
276,0.5427671297547902,-0.0005135970747924823
277,0.7563348303368116,-0.0036361736214400864
278,0.09460444380739985,-1.4919088187070884e-08
279,-0.2960286652791648,-1.3868185624432705e-05
280,-0.6810733274844811,-0.0019641419095824952
281,0.3709192767619627,-5.333407109986421e-05
282,0.20074042514478418,-1.3563866977372996e-06
283,0.009901318858803076,-1.965094753586527e-14
284,-0.4717949379257733,-0.0002235089605669982
285,0.5292053397962715,-0.0004420374102661606
286,0.9757989930026107,-0.01603345177241533
287,-0.9536209742719237,-0.014037399754570079
288,0.2725903236180476,-8.46834968515342e-06
289,0.5208516145411661,-0.00040222056658623107
290,0.5690179587528121,-0.0006794367615177155
291,0.5615336938934985,-0.0006281980748724658
292,0.7348291741252528,-0.0030700703336468127
293,0.9732943098135933,-0.0157970803999834
294,-0.7254991654905001,-0.0028481457933136056
295,0.6473821615709567,-0.001456547830794408
296,-0.34404128781715815,-3.404277479901463e-05
297,-0.8019015974037944,-0.005121569942639681
298,0.8267388661696666,-0.006120642870786619
299,0.6155291383138402,-0.0010813633385301502
300,-0.3480776037675468,-3.649788902260198e-05
301,-0.968129929126347,-0.015318665379433716
302,-0.9328039765872986,-0.012352903511351765
303,0.10940996094108502,-3.568209872018002e-08
304,0.4709917699195858,-0.0002212562849408517
305,0.06606689854614856,-1.7315113787219616e-09
306,-0.9861917843044823,-0.017045230932094424
307,-0.1864987705419363,-8.728284011105814e-07
308,0.26896381491918464,-7.816374158142736e-06
309,-0.3885438855829262,-7.034770874936314e-05
310,0.9005764189005305,-0.010073085871184828
311,0.9700849888790459,-0.015498368164111986
312,0.3678786779792358,-5.07781320587819e-05
313,-0.05035365070865705,-3.3947433752956613e-10
314,-0.8520954133769039,-0.0073000174074265844
315,0.8657035965217128,-0.008005876969025882
316,-0.4232350245283949,-0.00011710867806846714
317,0.4243030665408032,-0.00011887978648816855
318,-0.9714542693954691,-0.015625247850998836
319,0.2287366477759889,-2.964411771055886e-06
320,-0.004821708620186049,-2.220446049250313e-16
321,0.5814409590092304,-0.0007720937713132647
322,-0.09291862232603432,-1.3393891662438762e-08
323,0.6098953925892416,-0.0010241803764605706
324,0.3945868123325478,-7.712779402757608e-05
325,-0.29768865069688255,-1.4339617226410972e-05
326,-0.08660511592272702,-8.782395477524574e-09
327,0.7741221019533189,-0.00416679670315212
328,0.7243316426380952,-0.0028213294997248006
329,-0.5202181083786035,-0.0003993264364235971
330,-0.6999675905329676,-0.002307333306073689
331,0.17152919063229977,-5.28678334221766e-07
332,-0.6932362135546961,-0.0021798225850662156
333,-0.7375325861637398,-0.003136965667389746
334,0.8313271349799523,-0.0063215901359124915
335,0.02895000440640061,-1.2263301485404554e-11
336,0.9211765322974721,-0.011486333886310596
337,-0.474404964749807,-0.000230961075068703
338,-0.3983425226265902,-8.160856744054978e-05
339,-0.7544705095545543,-0.0035839351085060756
340,0.15136957451534427,-2.498892144320308e-07
341,0.41873868884592746,-0.0001098906689894763
342,0.11411900231511485,-4.594094449306141e-08
343,0.5534311166789871,-0.0005763711948613137
344,0.12043736832430496,-6.346573222515417e-08
345,-0.6505362118844522,-0.001498904287264402
346,0.43018802744920426,-0.00012904216162479276
347,-0.513250773544633,-0.0003686176250682349
348,-0.011218806638136236,-4.1522341120980855e-14
349,-0.2000702029303536,-1.3294851768375082e-06
350,0.14942117419566436,-2.3121744696652513e-07
351,0.6002229531017653,-0.0009318331676473335
352,-0.257469534774847,-6.0189963327905716e-06
353,0.4551404427139867,-0.00018049805186370893
354,-0.7809697079550506,-0.004387307908242155
355,-0.7458979195150137,-0.003351601338417498
356,0.1749442137988546,-5.949722247100553e-07
357,0.4740923506590815,-0.00023005779713447527
358,-0.46770963607615523,-0.00021224532261698847
359,0.516613813225431,-0.00038318648492186025
360,0.054162411681477174,-5.257598800767482e-10
361,0.3577683515517678,-4.299865815171611e-05
362,0.20824922154507863,-1.690085245975581e-06
363,0.6172695460808779,-0.0010995521638574868
364,-0.6365769927348248,-0.0013188526304916959
365,-0.9403326063297428,-0.012941918543595166
366,-0.8888000420790652,-0.009331276577187131
367,-0.37922266899662493,-6.0863855856907456e-05
368,0.9573127611575938,-0.014354803080197542
369,0.45892420402918455,-0.00018960984909155432
370,-0.7144204683528068,-0.0026019389908515933
371,-0.5784177452995167,-0.0007486375196961159
372,-0.30242478640911186,-1.5758502019957987e-05
373,0.2373570761105912,-3.699302822512962e-06
374,0.8354897006119422,-0.006508540333766799
375,-0.779756467411336,-0.004347555278912951
376,0.638067435179466,-0.001337180631970969
377,-0.7541985988958981,-0.0035763679441092044
378,0.6234420111617363,-0.001166109096657264
379,-0.25430788599943077,-5.590045777603692e-06
380,-0.22070483354210424,-2.393262352518022e-06
381,-0.0038531903790111066,0.0
382,-0.9143046671390413,-0.010997978086835891
383,-0.02385820095644875,-3.841926776715354e-12
384,0.8591336610790412,-0.007658432985236496
385,0.8677747176776325,-0.00811804164619545
386,-0.4226095899188822,-0.00011608173776700426
387,0.7434471922288943,-0.0032875080776428867
388,0.6059337189946661,-0.000985483615144167
389,0.22023503144149226,-2.3629190903928787e-06
390,0.12212488595660953,-6.898816329314883e-08
391,0.5619630000210221,-0.0006310480654939665
392,0.5752585112435826,-0.0007247583859331108
393,-0.8091451268437457,-0.005397984888470764
394,-0.7819073180923337,-0.004418233346456635
395,-0.6159372260887439,-0.0010856057637451677
396,-0.7351474403130764,-0.0030778842826097996
397,0.9525922100951878,-0.013949978356301962
398,0.03026881538163617,-1.6020740289945934e-11
399,-0.41074388959068076,-9.796802356876189e-05
400,-0.7019455540372252,-0.002345947069194776
401,-0.5937669388443627,-0.000874109998481587
402,-0.6291772267575233,-0.0012308979683511856
403,0.5402137918447436,-0.0004994386745006407
404,-0.5880747589237716,-0.0008256976058547139
405,0.657051946625715,-0.0015896273538799077
406,0.27124140202543634,-8.220754121657237e-06
407,0.6259716906797086,-0.0011943299297704213
408,0.14012314757132827,-1.5730877844788438e-07
409,0.28423598891908,-1.0875784126174182e-05
410,-0.5048513554988361,-0.0003342218873021441
411,0.40353115731853917,-8.815257719652081e-05
412,0.38789282849396534,-6.96477544580576e-05
413,0.40618421231034363,-9.166332661803e-05
414,0.6097150430565561,-0.0010223919214923383
415,0.10480630446265349,-2.7573198613239924e-08
416,-0.751621879561374,-0.003505308464240353
417,0.9365644805674542,-0.01264431451229242
418,-0.28923023453496177,-1.2069625599075984e-05
419,-0.625862489150447,-0.0011931001589094992
420,-0.16993829526918347,-4.999657485793563e-07
421,-0.7645138801224753,-0.003872804365992577
422,0.8707193359201695,-0.00827972285876466
423,-0.5048527428570264,-0.0003342273406791163
424,-0.9931381134959794,-0.017750014526307534
425,-0.014150818172949498,-1.6719958750854857e-13
426,0.14587983233662838,-2.002515763210866e-07
427,0.06483656142317695,-1.5468578640209785e-09
428,0.1614617798317206,-3.6792839519517173e-07
429,-0.7502300301791296,-0.0034674101392705436
430,-0.11549043122009728,-4.935271658013107e-08
431,0.5416748812350887,-0.0005075004026340313
432,0.2303219575698534,-3.0895606398795294e-06
433,-0.13363389884851062,-1.1838312308221077e-07
434,-0.9861216892927118,-0.017038236964523668
435,-0.8163012433916839,-0.005682963170594468
436,-0.036220264774912136,-4.703248901449797e-11
437,-0.395787755979669,-7.853779633892888e-05
438,0.3183164155419307,-2.1400956750072808e-05
439,-0.056860994324706704,-7.038335469999879e-10
440,0.7552221245907345,-0.0036049207411946727
441,0.26450500908162056,-7.072517826833824e-06
442,-0.7943422376387579,-0.004845595534776259
443,-0.7684151785443865,-0.003990048903906529
444,0.5736611215442524,-0.0007129262997899177
445,-0.9395429979442838,-0.012879087307292147
446,0.24914051193524167,-4.94382479354627e-06
447,0.38819461343578787,-6.997148230025729e-05
448,0.15219241522011973,-2.5814308091121063e-07
449,0.08256585864936716,-6.5946504923530824e-09
450,0.7622699832136095,-0.00380666161865173
451,0.7423283678677903,-0.0032585846805903707
452,-0.1376284546433102,-1.4124744962540348e-07
453,0.1932870133792759,-1.08130822384922e-06
454,-0.08706491076592515,-9.06580399639978e-09
455,-0.6197613635057073,-0.0011260329804192448
456,-0.7832208579783437,-0.004461858978177635
457,-0.34163958822176244,-3.264820566828419e-05
458,-0.3006070019945717,-1.5200724718056335e-05
459,-0.10593565194125532,-2.940374554949443e-08
460,-0.19057549757464498,-9.93555600015128e-07
461,0.1353156780273026,-1.276010190842669e-07
462,0.8918631463381825,-0.009519779694485142
463,0.15075272574679688,-2.4384682795197676e-07
464,-0.7284304754539355,-0.0029163991241129006
465,0.05806872119332662,-7.984162220253666e-10
466,-0.14244723801033388,-1.7361300419516112e-07
467,0.6937802141575133,-0.0021899068705149016
468,-0.9661049000438264,-0.015134325078031141
469,-0.22333114149041222,-2.5689277011187173e-06
470,0.15046547147686828,-2.4107482576862793e-07
471,-0.15672557237478246,-3.0779795900937046e-07
472,-0.8414339231601682,-0.00678334127578506
473,-0.30418157877276597,-1.6313631169828646e-05
474,-0.4433668550109633,-0.00015443472269449643
475,0.6100969280628261,-0.0010261819796255622
476,0.15335517947661992,-2.7019286252816244e-07
477,-0.08170146145359936,-6.191208545835991e-09
478,0.44511430821355846,-0.00015809272866873503
479,-0.9924463102653494,-0.017678777502774135
480,-0.5964881084162081,-0.0008980686317556774
481,0.005603205203905892,-5.551115123125783e-16
482,0.09466592719079592,-1.4977336482147052e-08
483,0.3824705790728893,-6.40396679050248e-05
484,0.3565757523256401,-4.2150238331983836e-05
485,-0.6346658905286151,-0.0012956555183971652
486,-0.580708510154055,-0.000766355920087558
487,0.47926481840140944,-0.0002453857765024603
488,-0.39904904848134604,-8.247516517378983e-05
489,0.976679641520017,-0.016117241452918374
490,0.33206512337280203,-2.755097469386847e-05
491,-0.2392926119990324,-3.883583559627368e-06
492,-0.7934074851570629,-0.004812334934781726
493,-0.7727139984854667,-0.004122600563542189
494,-0.21662734648846493,-2.1404021598447898e-06
495,-0.2021869763909201,-1.4159959298432057e-06
496,0.4400963098366011,-0.0001477769011771768
497,0.5803046573769728,-0.0007632073243479809
498,0.6657460555811556,-0.0017176888044244665
499,0.8851487130483626,-0.009110572667756611
500,-0.5742391075048849,-0.0007171889443351454
501,-0.4168190121097448,-0.0001069235448103445
502,0.6630458125979795,-0.0016770366237107703
503,-0.9094464241074838,-0.01066306310453824
504,0.6925152437326152,-0.0021665167340401137
505,-0.7428344888402028,-0.003271642688468024
506,-0.3536253825045452,-4.0110904271917214e-05
507,-0.9131789345380656,-0.01091961855505541
508,0.08203731852635765,-6.345447278732763e-09
509,-0.6214330087711724,-0.0011440910640814206
510,0.2302439224531483,-3.0832991313456404e-06
511,0.5855355010699985,-0.00080482756254463
512,-0.5021393449669804,-0.00032370149425009487
513,-0.7607961476532947,-0.003763724964693904
514,-0.19398088354731358,-1.104771609305999e-06
515,-0.0741737750251823,-3.4670687432125646e-09
516,0.08967108582970496,-1.082024148058025e-08
517,-0.2607111461219631,-6.486879823630609e-06
518,-0.9621697199688184,-0.014781271110498762
519,0.5561005366097735,-0.0005930394543928186
520,0.3735003690813814,-5.558675112671274e-05
521,0.7986334872677836,-0.005000718620929434
522,-0.7734957868813122,-0.004147090754902272
523,0.14487984956207933,-1.9216225566331957e-07
524,0.29036834554412594,-1.2356392494639046e-05
525,0.32968700665972994,-2.639326419473509e-05
526,-0.6375236905111812,-0.0013304700022492844
527,0.025246223925889932,-5.3939075428388605e-12
528,0.18454899442512795,-8.19562922638184e-07
529,-0.24687322342851536,-4.680601339512869e-06
530,0.7357466376009885,-0.00309263992993003
531,0.906744175778124,-0.010480413643699338
532,-0.8839487629124125,-0.009038981044372396
533,0.5380456426387519,-0.00048767113972936205
534,-0.22596208763155934,-2.755533594855919e-06
535,-0.5229011281869353,-0.00041170285039959786
536,0.15244208357005573,-2.606919188297141e-07
537,-0.8522419926153308,-0.00730733909422554
538,0.19616893524606027,-1.1815554413763252e-06
539,0.3917848510536117,-7.391959594882369e-05
540,-0.4373088626266435,-0.00014229208267368953
541,-0.7060491022098716,-0.0024277548798768978
542,-0.8593302577196922,-0.007668647461051559
543,0.09204786874606441,-1.2658474490834237e-08
544,-0.7538829987560054,-0.003567601389671271
545,0.4631463676225882,-0.00020022425206778216
546,-0.893945423041377,-0.009649691351929834
547,-0.6608343532217287,-0.0016443369057267399
548,0.46763790741490685,-0.0002120518453265774
549,0.9921459693469845,-0.017647923046951952
550,0.09473707907611284,-1.504498081672523e-08
551,0.8531988004435893,-0.0073552798736946645
552,0.821156302490232,-0.005883240363054099
553,-0.7239121702499756,-0.00281174570648568
554,-0.8649793141305784,-0.007966953013281652
555,-0.0883873414895524,-9.923736166150832e-09
556,0.6904054813048655,-0.002127963766388574
557,0.2782682258503857,-9.579637060497248e-06
558,0.3433499680764873,-3.3636376275625324e-05
559,-0.2604120159122172,-6.442475799284253e-06
560,0.010667228452214239,-3.064215547965432e-14
561,-0.8401967315310015,-0.006725376819447626
562,0.45016489522003833,-0.00016907153875367342
563,0.4100089186086504,-9.692813065287353e-05
564,-0.41268001693190914,-0.00010075181114566067
565,0.13103163051158773,-1.0521657678452812e-07
566,0.22384558064217042,-2.6045630400206576e-06
567,-0.9704524630723619,-0.015532336184876261
568,-0.820387771592197,-0.005851157687416952
569,0.9173384992889568,-0.011211445322770075
570,-0.5504388603273878,-0.0005581495969667616
571,-0.8566564623317239,-0.007530677835485333
572,0.9097389227097155,-0.010682988547851102
573,-0.838089726685598,-0.006627594421382499
574,0.8348737447206735,-0.006480594305564358
575,-0.6890345484231937,-0.0021032161396989935
576,-0.02461694304546924,-4.635847261624804e-12
577,-0.7707556831819964,-0.004061775649611632
578,-0.31129758573184185,-1.8731459426879482e-05
579,-0.31133068439900646,-1.8743364386897277e-05
580,0.4299636819883865,-0.00012864197070983074
581,-0.7339099668944506,-0.0030475938655131207
582,0.24901503680410686,-4.92894271297839e-06
583,0.8560207791801555,-0.0074981770238584655
584,0.6118465559137853,-0.0010436950155774394
585,-0.6647319116168309,-0.00170232667921133
586,0.9266697812612366,-0.011889325898942094
587,-0.6894400731894594,-0.0021105117159710973
588,-0.6221096615004829,-0.001151468298135394
589,0.46184734740449906,-0.00019690739243194422
590,-0.7146084800776207,-0.002605965917211517
591,-0.8259972313480932,-0.006088659530429141
592,-0.09748519701614833,-1.785973791079698e-08
593,0.6691816036601608,-0.0017705819285769309
594,-0.0297055471686809,-1.4313217278072443e-11
595,0.17558993970503112,-6.082536346818657e-07
596,-0.41839706184407066,-0.00010935769896514014
597,0.9396649364318264,-0.012888773993862124
598,-0.02622865944464281,-6.782241435132619e-12
599,0.6223509652139063,-0.0011541086007786916
600,-0.8673000237043187,-0.008092220982614196
601,0.7004490996666806,-0.002316684769648525
602,0.6052865823056925,-0.0009792788226843374
603,0.12276081566086128,-7.117044853455212e-08
604,0.8768651431402814,-0.008625668802442088
605,-0.46029407565685987,-0.0001930012575699358
606,0.5091271361744729,-0.00035138265887979525
607,-0.1941722859654771,-1.1113179925192895e-06
608,-0.6716647617275973,-0.0018096420568105565
609,0.7996521342628204,-0.0050381333807463236
610,-0.83372353933936,-0.006428672504601218
611,0.03844268365249537,-6.722955525617635e-11
612,-0.8204803885765661,-0.005855016407314673
613,-0.3269791895854943,-2.5124564763667756e-05
614,0.6228585739457273,-0.0011596790816844615
615,0.3607926366491767,-4.5213959398493486e-05
616,-0.0688890838040217,-2.225377215836488e-09
617,-0.4856355775471295,-0.00026541845752514615
618,0.7994205414091469,-0.005029606900443184
619,-0.3545973920902816,-4.077350757369924e-05
620,0.45983065365727716,-0.00019184837586216918
621,0.3686329296843043,-5.1402463411287513e-05
622,0.7709251601848526,-0.004067010261199933
623,0.4191275208091696,-0.00011049990383638075
624,-0.8349513098209584,-0.006484108027112967
625,-0.6487241725175796,-0.0014744476629766634
626,-0.11346911464102116,-4.4394190545915535e-08
627,0.3040884237483139,-1.62837925409276e-05
628,0.1065776387190307,-3.04887035618151e-08
629,-0.2456753042801696,-4.546305626740299e-06
630,0.7537744255254928,-0.003564589592784384
631,-0.6844938624319259,-0.0020229357956870198
632,-0.33053453541154454,-2.6801126206010828e-05
633,0.5129971613064379,-0.0003675378292580245
634,-0.3704727839053481,-5.2952192762467654e-05
635,0.298144484899036,-1.4471379322755773e-05
636,0.8251630276983628,-0.0060528479558670245
637,0.18652844614820352,-8.736608314574568e-07
638,0.5010181782656933,-0.0003194331702385256
639,0.33881552577197693,-3.10694393529376e-05
640,0.6227836497292296,-0.001158855472603526
641,-0.5314824386377055,-0.00045343897752292417
642,0.029445755627238057,-1.3578360658073052e-11
643,0.6514322978446385,-0.0015111215792755761
644,-0.9499265414805447,-0.013725521172389898
645,0.20358943178967626,-1.4758544268911322e-06
646,-0.2145021803851579,-2.0176950703554297e-06
647,0.727229814429482,-0.002888281792109315
648,-0.21861558360619227,-2.260765873174364e-06
649,-0.6652033955941035,-0.0017094545093302438
650,-0.08037040182303223,-5.61028623558002e-09
651,-0.7922611744949724,-0.004771802623580679
652,0.026668997961689644,-7.494782572337044e-12
653,-0.32201424413773627,-2.2929886998479532e-05
654,0.875946442445434,-0.008573216708405274
655,-0.761493158705514,-0.0037839808320443424
656,0.5233185606028208,-0.00041365664234027655
657,-0.7787387112023916,-0.004314436379455278
658,0.9387004427368884,-0.012812317645698235
659,-0.34228835113233447,-3.3020148191509335e-05
660,0.5141324560042799,-0.00037239199247718346
661,-0.8228786826461538,-0.005955665940066801
662,-0.7384090573713569,-0.003158909276087307
663,0.03331815141796679,-2.849598335075143e-11
664,-0.866544639790997,-0.00805127096888103
665,-0.36870209307832535,-5.146003103384533e-05
666,0.4678675751586019,-0.00021267185538620392
667,-0.3533621202419288,-3.993299043048015e-05
668,-0.5823028399848538,-0.0007788909893950979
669,0.778449419685564,-0.004305060425252583
670,-0.753292338729675,-0.0035512418411087765
671,-0.8871808692157241,-0.009232872770841616
672,-0.8274697902656891,-0.0061522989149342955
673,0.6102650376588468,-0.0010278540747582499
674,0.24839210865037953,-4.855610505671848e-06
675,-0.4950275524723262,-0.00029740844999859295
676,-0.9454874312901143,-0.01335827605728701
677,-0.11399371471698427,-4.563931421674994e-08
678,-0.9327350275547486,-0.012347612109550266
679,-0.4308181237549795,-0.00013017166441720018
680,-0.41815697574171073,-0.00010898442696694044
681,-0.7565889521540365,-0.0036433423536302856
682,0.4008143060546121,-8.467380260135382e-05
683,0.5435108302470459,-0.0005177828076184943
684,0.17498572436900384,-5.95818694160144e-07
685,0.2669936875223322,-7.48006167927695e-06
686,-0.06080156497893441,-1.052074871665809e-09
687,-0.9729950800876035,-0.01576903243968586
688,0.1664133170663027,-4.409459934962001e-07
689,-0.4225191132534982,-0.00011593379899044187
690,-0.033002811466795734,-2.6915691897499983e-11
691,-0.5702209344527145,-0.0006879858925447069
692,0.598308845578394,-0.0009144002731018563
693,0.6756191946988501,-0.0018733098043658414
694,0.7691778581983226,-0.004013306645825554
695,-0.9587309833845399,-0.014478280186408732
696,0.7497610136825679,-0.0034547155369447635
697,-0.3750003364415133,-5.693177328691679e-05
698,0.9092068780738387,-0.010646767492325737
699,0.21420552888706257,-2.0010420006544294e-06
700,-0.6132735884950482,-0.001058161072739816
701,0.6713042174618469,-0.0018039270211808178
702,0.895359999763077,-0.009738769579338613
703,-0.30526607094486025,-1.6664365083296495e-05
704,0.5364192465279565,-0.0004789953436100669
705,-0.7180350991792384,-0.0026802624311181855
706,-0.6517640002266565,-0.0015156648042852217
707,0.9653256693664276,-0.01506387445798929
708,-0.2451736045134556,-4.491022106978271e-06
709,-0.5040933224646464,-0.0003312532361656739
710,0.747667971434897,-0.003398529054823407
711,0.573156097353414,-0.0007092189121824521
712,-0.4690280224592831,-0.00021582761754690427
713,0.4238118723925093,-0.00011806251143997581
714,0.3479615205804947,-3.642528260738853e-05
715,-0.692079518075351,-0.002158507686279787
716,0.6500088800458761,-0.001491752769283261
717,-0.2729372863304098,-8.533027971324714e-06
718,-0.9732155935089988,-0.01578969807967434
719,0.896834681083698,-0.00983234714586989
720,-0.17478702827116166,-5.917760202978073e-07
721,-0.46734166353720674,-0.00021125431983382015
722,-0.07090628698883839,-2.6460273971906645e-09
723,0.39858647855875895,-8.19069359776492e-05
724,-0.6630667701037316,-0.0016773490562865812
725,-0.919501729843371,-0.01136571189781499
726,-0.1270119184752474,-8.728716560657546e-08
727,0.49063928532272305,-0.0002820860202346065
728,-0.8161848214085068,-0.005678230175944821
729,0.6675317732817883,-0.0017450163683229158
730,0.7757918024648931,-0.004219707112525284
731,-0.5824799151787456,-0.0007802935967967661
732,0.042970468758117164,-1.3112300134565658e-10
733,0.45682447076148724,-0.00018450750166532082
734,0.7583480742656008,-0.0036932860434503167
735,-0.2827101101280731,-1.0531273779257333e-05
736,-0.8376237880849271,-0.006606129091552115
737,-0.9103272764351749,-0.01072316021530706
738,0.3128184563058718,-1.928502285231115e-05
739,0.054782134393120296,-5.628977284288794e-10
740,0.08723834766687744,-9.174667137124004e-09
741,-0.463019233320741,-0.0001998976025892052
742,0.5911036102222342,-0.0008511744026579171
743,0.5655913765918616,-0.0006555652254375266
744,-0.5509984016760001,-0.0005615202495904414
745,-0.6498905058499345,-0.0014901512874199163
746,-0.29568897116432313,-1.377332011365251e-05
747,-0.5420075933032367,-0.0005093511465331657
748,-0.8813599101974454,-0.008886090747569853
749,0.47507169105388924,-0.00023289735834119973
750,0.7568020845696786,-0.003649363733785549
751,-0.7967360735806504,-0.004931634713134625
752,-0.5721918550650165,-0.0007021846560830713
753,-0.03078246372474336,-1.7722601164393836e-11
754,-0.363417586877788,-4.7212826144282793e-05
755,0.5603599181528891,-0.00062046013062933
756,-0.4429435869503524,-0.00015355932367555614
757,0.11691957750729842,-5.313007833684935e-08
758,-0.802856134452868,-0.005157316306572235
759,0.4001418393725791,-8.383057677285866e-05
760,0.6231511746734344,-0.0011629001426205487
761,-0.262746514251919,-6.7958298307635445e-06
762,0.0009352605802437353,1.1102230246251565e-16
763,-0.05789470208041125,-7.841692850618642e-10
764,0.11183792798167547,-4.070190640081961e-08
765,0.512291068589543,-0.00036454530992224843
766,0.1407098040994914,-1.6129870206160746e-07
767,-0.47222092978159,-0.0002247114488481694
768,0.7067741139883257,-0.002442449793894852
769,0.28837216415461664,-1.1857098244250075e-05
770,0.8088653271940318,-0.005387085225377786
771,-0.08932101564249062,-1.0569335739951669e-08
772,0.8340788416724063,-0.0064446748051832925
773,-0.37770225344786,-5.9422782401230556e-05
774,0.21954693279682047,-2.3190550605400873e-06
775,-0.5715320197872411,-0.0006974043996663681
776,-0.6350717063456914,-0.0013005529706919816
777,-0.06654684569619596,-1.80835313390304e-09
778,-0.6740082841810082,-0.001847154434992393
779,0.9047596109760421,-0.010347908284463747
780,-0.2990464620370763,-1.4735070291482799e-05
781,-0.8272002055390228,-0.00614060772112901
782,0.12086724016057149,-6.483623093966884e-08
783,0.4202722098396683,-0.00011230973259579446
784,0.5558308314907743,-0.0005913374835486707
785,-0.479456420080977,-0.0002459694192091799
786,0.4156178773521553,-0.00010510106775019068
787,-0.33432387163366806,-2.86893475537342e-05
788,0.028866581099515898,-1.2052803199935624e-11
789,-0.16076102230502665,-3.584608109230558e-07
790,0.545240323789222,-0.0005276260580261427
791,-0.1685819736786478,-4.7652356816030306e-07
792,-0.9301567356191378,-0.012151068225018435
793,0.44354164674490537,-0.00015479743063706586
794,-0.7319493508774031,-0.003000104832013517
795,0.9760655360800254,-0.01605877459261873
796,-0.708406205354331,-0.0024757979609711933
797,0.8129586434293408,-0.005548353782467874
798,-0.5748766417332223,-0.0007219151697439585
799,0.8889958068206483,-0.009343231887454784
800,0.647422524502095,-0.001457083567288353
801,-0.30984103860567314,-1.8213755390239506e-05
802,0.7186694772484943,-0.0026942064539137167
803,-0.7209414873013391,-0.002744637349748391
804,0.8184954228143448,-0.005772771699243617
805,0.3689272731573989,-5.164782904709675e-05
806,-0.2777558609918114,-9.474626709971012e-06
807,0.13610380232369512,-1.3212207572443901e-07
808,-0.7262305209538125,-0.002865050518408796
809,-0.5396493144449361,-0.0004963526187549139
810,-0.548186621279255,-0.0005447509678552231
811,0.5538392067043216,-0.0005788939774731272
812,-0.2986891089224679,-1.4630125159564855e-05
813,-0.46149424501277747,-0.00019601371319666328
814,-0.19659234486792743,-1.1969150018886765e-06
815,0.10383946641920994,-2.6082446757946798e-08
816,0.8365481369898253,-0.006556792373343501
817,-0.37525463550879623,-5.716246033471428e-05
818,0.5566630565245445,-0.000596602267819546
819,0.3124251385788501,-1.9140577020904104e-05
820,-0.5149409931876288,-0.00037588130432730793
821,-0.9519919688105154,-0.013899177017002495
822,-0.21556013418689424,-2.0780276588361346e-06
823,0.900029259140757,-0.01003758466948279
824,0.9233662029255276,-0.011645612178704745
825,0.14809511901597183,-2.1918639037110665e-07
826,-0.9950861142699781,-0.01795186213198352
827,0.27336293758380603,-8.612935545992961e-06
828,0.732918410641354,-0.0030235002329611627
829,-0.15568221079858913,-2.9571826709595683e-07
830,-0.39135811178646196,-7.344085486093999e-05
831,0.5126942824596419,-0.0003662517053640846
832,0.0008780818239988442,1.1102230246251565e-16
833,0.6480621165425646,-0.0014655945785811975
834,0.5754101834642025,-0.0007258902292497371
835,0.9350939568399252,-0.012529699358991286
836,0.19142065306099654,-1.0202464314490456e-06
837,-0.9536010112255267,-0.01403569911318503
838,-0.3941125362317699,-7.657677630323878e-05
839,-0.375572501194825,-5.745190277717249e-05
840,0.26309324544281165,-6.849660712182626e-06
841,0.6684557474528328,-0.0017592963881072343
842,-0.7568471075274521,-0.003650636760267556
843,-0.884088674261208,-0.009047304686485291
844,0.8992802591431472,-0.00998915338063544
845,-0.9830887473279146,-0.016737844907277588
846,0.41997045859350846,-0.00011183027423655734
847,-0.18916400414086398,-9.502761095792067e-07
848,0.2678177148706664,-7.619232431754774e-06
849,0.1945161422490147,-1.123159762528303e-06
850,-0.40183097141581015,-8.596198880106432e-05
851,0.9245214566972462,-0.011730370052064232
852,-0.6594291524992772,-0.0016238334179183855
853,-0.48883202832909634,-0.00027596877970381684
854,0.018091576418695077,-7.30526750203353e-13
855,0.8924991716769792,-0.009559308223849539
856,-0.3285138329088446,-2.5837212965562628e-05
857,-0.6843102299933348,-0.0020197430355569645
858,-0.5075288960318223,-0.0003448847671199129
859,0.977820096411194,-0.016226280220295153
860,-0.5868925279615296,-0.0008159259708103717
861,0.3673861927207378,-5.037388658291064e-05
862,-0.8792449998744243,-0.008762765749396162
863,-0.562135903867738,-0.0006321989204819412
864,-0.33143585517069396,-2.724060801695405e-05
865,-0.7784256261028928,-0.004304290019160328
866,-0.8584289034337282,-0.0076219077174992655
867,0.09254328846420679,-1.307264763106275e-08
868,0.48768159824463586,-0.000272132337756803
869,-0.7846422829942992,-0.004509465502960941
870,-0.24154523816232665,-4.107610422687813e-06
871,0.1549242073950523,-2.871922173408592e-07
872,0.8121437608461703,-0.005515937413678507
873,0.5834261705592214,-0.0007878242866338203
874,-0.24392059503779584,-4.355388155352635e-06
875,0.23531036009821737,-3.512411351991318e-06
876,0.08121447607846899,-5.973123218261378e-09
877,-0.47314850892815685,-0.00022734837207361025
878,0.6233297726085034,-0.0011648698439303828
879,0.1340969638600522,-1.2086398371025098e-07
880,0.7698310241239632,-0.0040333132056907806
881,0.9356247444359143,-0.012570971661430286
882,0.4188403413486954,-0.00011004967178163128
883,-0.003993766898058304,-1.1102230246251565e-16
884,-0.29878128337835697,-1.4657134685625017e-05
885,0.5469596975120588,-0.0005375646485749064
886,0.49278675859718213,-0.0002895004464151807
887,0.02499845655687727,-5.084044296665979e-12
888,-0.353145136921845,-3.978684541017241e-05
889,0.4714797739941978,-0.00022262275337447957
890,-0.7830554495684867,-0.004456346007411627
891,0.7312820018235424,-0.0029840801851465093
892,-0.5505599285066343,-0.0005588774838716226
893,0.6885052032266958,-0.0020937242449896587
894,-0.06951572576324949,-2.349604844020803e-09
895,-0.6321260858736895,-0.001265349129427329
896,-0.5842050006777695,-0.0007940675060656988
897,0.8849070937658552,-0.009096119982380024
898,0.9698458807190997,-0.015476298371319586
899,0.8352847723493024,-0.0064992317628222995
900,0.48557340381217706,-0.0002652166075741702
901,0.27495325668926984,-8.917015815290696e-06
902,-0.6181610089093219,-0.0011089661141283624
903,0.6352159041636469,-0.0013022968474338814
904,0.5687353475836339,-0.0006774411357893806
905,0.2177714508963835,-2.2089937298241935e-06
906,0.2611703494762949,-6.555540981501018e-06
907,-0.6209840773387703,-0.0011392181342535501
908,0.084287787254683,-7.463819007291761e-09
909,0.24438758234715308,-4.405533694740171e-06
910,0.9266267157918215,-0.01188612227978858
911,0.4876061492029169,-0.00027188228309305007
912,0.8830373520276456,-0.008984912287327895
913,-0.18469000627495058,-8.233220764042315e-07
914,0.5717575091559917,-0.0006990349492792536
915,-0.5943508271001612,-0.0008792058410541648
916,0.9996770361603102,-0.018434960802840683
917,-0.3501074840465752,-3.7787085207963145e-05
918,-0.286247218583374,-1.1344149142611393e-05
919,0.515705109536962,-0.00037920374944144797
920,-0.522184394086237,-0.0004083659956360952
921,0.8485287402585979,-0.007123703431742512
922,-0.16155504253190478,-3.6920397550321837e-07
923,-0.5617568866304827,-0.0006296784303310154
924,0.5048841148686474,-0.0003343506763126003
925,0.4947538737639552,-0.00029643312378413444
926,0.37774997128830656,-5.946757535846281e-05
927,-0.648044647309207,-0.0014653615731686775
928,0.9393208803802318,-0.012861457746840221
929,-0.4030810870321415,-8.756823002442626e-05
930,-0.7456231027236571,-0.0033443633935048567
931,-0.5970506075709492,-0.0009030882005034435
932,0.9896937341450351,-0.017397637709019476
933,0.05755728124712589,-7.57147677887815e-10
934,0.17422161859842777,-5.803969546080978e-07
935,0.7641369485383667,-0.0038616281576031586
936,-0.018529661875756887,-8.432143872028064e-13
937,0.9832976869156271,-0.01675839961638914
938,-0.18049536007681977,-7.174449571101249e-07
939,-0.2616584592104607,-6.629186093842776e-06
940,0.24015245813792552,-3.967864627418827e-06
941,-0.27797726509123355,-9.519885887487867e-06
942,-0.7214927636654394,-0.0027569901703201616
943,-0.6140413076426918,-0.001066011794565891
944,0.28809969521394874,-1.1790267673950083e-05
945,-0.40320004352164296,-8.772236326171079e-05
946,0.36128616929039303,-4.558431221612924e-05
947,-0.8492440430267885,-0.007158780973132162
948,-0.4438563571797416,-0.00015545226298763204
949,0.7818519736655891,-0.00441640295049972
950,-0.9276471572469722,-0.0119622221681156
951,-0.12022985192989077,-6.281282616260597e-08
952,0.30392428517419745,-1.6231327475857427e-05
953,0.06476515004176009,-1.5366655725657097e-09
954,0.8352399324076041,-0.006497196428401297
955,0.23743379075784188,-3.706465584119023e-06
956,0.26184918256102385,-6.658148462124203e-06
957,0.947450504085289,-0.013519678457275308
958,-0.7575331575835498,-0.003670080054301028
959,0.19639614167099984,-1.1897770203495028e-06
960,0.107140829566853,-3.1467764616266436e-08
961,-0.339295459313558,-3.133317237935529e-05
962,-0.5835076013918099,-0.0007884751433862025
963,-0.3838594430238562,-6.543906674494337e-05
964,-0.6510255763167041,-0.001505566174543227
965,0.1928153751391486,-1.0655977163986918e-06
966,0.5766812626284528,-0.0007354331233860867
967,-0.540738323714754,-0.0005023205568116529
968,0.014875164546957143,-2.2570834090629432e-13
969,0.9163845935648187,-0.011143964885646063
970,-0.5510380618485136,-0.0005617597982600087
971,0.4196478425482417,-0.00011131954309751002
972,-0.6675274789034162,-0.0017449502224780034
973,0.3685375889378837,-5.1323194959818075e-05
974,0.10607392503493918,-2.9634666054434433e-08
975,0.4179582425200019,-0.00010867624830890321
976,-0.5002416256122721,-0.00031650421428475184
977,-0.9747209769885659,-0.015931366865327812
978,-0.36217304671857864,-4.625616852138581e-05
979,-0.3979086503173699,-8.108015210528396e-05
980,-0.5091605406234603,-0.0003515195435364049
981,-0.714917596913357,-0.0026125978801383454
982,0.31647102929120785,-2.0670255600041543e-05
983,0.809976498943344,-0.005430477961626767
984,0.32037878431773814,-2.2242853754406156e-05
985,0.44791557051614417,-0.00016410648130960048
986,-0.424641054722666,-0.00011944487073412002
987,0.6720364950720807,-0.0018155500679091219
988,0.35711492803589184,-4.253207090931799e-05
989,0.4582928802641517,-0.0001880635884783377
990,0.6377620641305892,-0.001333408463574881
991,-0.7759301681813273,-0.004224116362434471
992,-0.7904764359131693,-0.004709254185464973
993,0.5486418887424278,-0.0005474376847180995
994,0.4574948332425275,-0.00018612395617512156
995,0.4144754126091441,-0.00010339160239336564
996,0.18495382671174032,-8.303936736009376e-07
997,0.17666565443683147,-6.309270840221259e-07
998,-0.9428085440402316,-0.01314055905892586
999,-0.6047917339168449,-0.0009745559803105985
