,data,labels
0,0.38111521919852276,-6.269807329795096e-05
1,-0.9696755180832588,-0.015460589449678652
2,0.2943785060449329,-1.3412389927247581e-05
3,-0.8320246567596346,-0.006352606654508541
4,0.7283468449232715,-0.0029144333798099
5,0.2532818797839056,-5.456438422313248e-06
6,0.1373210518995538,-1.3936654230661816e-07
7,0.9776387031600562,-0.01620889716242979
8,-0.9308741612942357,-0.012205499509298612
9,0.5739817778265845,-0.0007152885445795842
10,-0.3049314874384472,-1.6555495725545377e-05
11,0.29843659360449837,-1.4556343467919675e-05
12,0.8075340350544096,-0.005335471391642921
13,0.9839379142339679,-0.016821510856150468
14,-0.6921200484464298,-0.002159251642442017
15,0.19242917092341116,-1.0528750100657902e-06
16,-0.5978187891438087,-0.0009099806324643911
17,-0.0787473677692736,-4.9640765942271514e-09
18,0.24647533911955732,-4.635634338279182e-06
19,-0.2286227503958378,-2.9555853440221824e-06
20,0.9281985994223709,-0.012003511460909833
21,-0.11085900799339732,-3.86116026929173e-08
22,-0.719519591549393,-0.0027129860405724626
23,0.16371222988624945,-3.997532371791124e-07
24,0.6154695947299826,-0.0010807454773884562
25,-0.06284735797335372,-1.2831178342054272e-09
26,0.07095078164389368,-2.6560034172007363e-09
27,-0.040997935656346574,-9.89097692638552e-11
28,0.14920466384801556,-2.2921636833039827e-07
29,0.06768784315165788,-2.002507382137253e-09
30,-0.12261704880692492,-7.067212970390813e-08
31,-0.46473224373739996,-0.00020433620998183688
32,0.39069227858969247,-7.269902701589892e-05
33,0.8517072701856514,-0.007280658521626404
34,0.4410979204544341,-0.00014979007303528302
35,0.3578955243634998,-4.308996030644163e-05
36,0.6771321226894642,-0.001898151468991749
37,0.9042805995907264,-0.010316131631906922
38,-0.4208611381224221,-0.00011325040550524967
39,-0.3565954216616034,-4.216411750523896e-05
40,-0.5183098032999378,-0.00039071244434174535
41,-0.14711619161802614,-2.1064328536990473e-07
42,0.32042205990473005,-2.2260810166985223e-05
43,0.010629607819100828,-3.008704396734174e-14
44,0.5876445163833748,-0.0008221303414431835
45,-0.9258973271438904,-0.011831970362986444
46,0.9404581104248171,-0.012951928230948151
47,0.30560427706241167,-1.677501745966925e-05
48,-0.085440441716784,-8.097360670866749e-09
49,0.4754979802395649,-0.00023414240791908014
50,0.5909755736277158,-0.0008500844516668993
51,-0.8352273245409916,-0.006496624237506632
52,-0.833262601132853,-0.006407961050979738
53,-0.08907355224152536,-1.0394911709177279e-08
54,-0.30152451910723843,-1.5480170958204198e-05
55,-0.7886318786976514,-0.004645318081517469
56,-0.9290198113082344,-0.012065215349277292
57,-0.7832877442677564,-0.004464089850484632
58,0.6009894154306903,-0.0009388903168094931
59,0.47969556325019935,-0.000246699492569169
60,0.5262238773886156,-0.000427468700175182
61,0.7830119239160784,-0.004454896251309459
62,-0.9362792689764499,-0.012622018019311954
63,-0.6805744625000476,-0.001955686053293104
64,-0.2375287386262317,-3.7153467392636585e-06
65,0.9050599571301463,-0.01036787340674783
66,0.20358496723908237,-1.4756605859478356e-06
67,-0.21881017357923116,-2.2728425373985672e-06
68,-0.853830204280944,-0.007387057127041796
69,-0.7770375420544522,-0.0042595411438061115
70,0.3123463844833485,-1.911176295343875e-05
71,-0.21065935420719595,-1.8106651892280112e-06
72,-0.301378762386576,-1.5435494968185637e-05
73,-0.9154994843603754,-0.011081648234650965
74,0.25175706039023527,-5.262790646831661e-06
75,0.9987119728290026,-0.01833254002068896
76,0.6791617856436403,-0.001931903489541087
77,-0.9257306404409809,-0.011819623378611643
78,0.7902293127220501,-0.00470064673212478
79,0.9728981150302218,-0.01575995223836013
80,0.8076452387351571,-0.0053397671407819924
81,0.18212947790520095,-7.572542173317487e-07
82,0.3503320435417472,-3.79319997935168e-05
83,-0.39089582370095965,-7.292514044954235e-05
84,0.548409262361965,-0.00054606349659303
85,-0.7384440608285687,-0.0031597882478675565
86,0.1081468071377687,-3.32817634562943e-08
87,0.7548953002709824,-0.0035957831969591902
88,0.9457710720829369,-0.013381499160787014
89,-0.30290668260113573,-1.5909188832097243e-05
90,-0.551556962389447,-0.0005649017693415415
91,0.02859440077059827,-1.1386780407462993e-11
92,0.05493128517093426,-5.72154768008204e-10
93,0.027583042602207897,-9.174327963989981e-12
94,0.9228949006859775,-0.011611177918278925
95,-0.7980037773234816,-0.004977703716957382
96,-0.9879383612957691,-0.017220257839162145
97,-0.46681296547070694,-0.0002098371762371265
98,-0.2596944689035101,-6.336990199917736e-06
99,0.4407931606599025,-0.0001491751332136637
100,-0.5041780027929104,-0.0003315837785603515
101,0.5852534679007944,-0.0008025366929464983
102,-0.4531583180999579,-0.00017587168626276295
103,-0.052732856929095906,-4.4781189867393323e-10
104,0.5022411704274428,-0.00032409147581413666
105,-0.9303676310298199,-0.012167048315915863
106,-0.8148962207391597,-0.0056260592034315104
107,0.31628124471177466,-2.0596299368902393e-05
108,-0.9675175345623277,-0.015262726598947896
109,0.5134826188124986,-0.00036960704114741283
110,0.9164348350945568,-0.011147510736447597
111,-0.30565603918261774,-1.6792006472532428e-05
112,0.6003705653841851,-0.0009331888799587462
113,-0.4516199130780725,-0.00017234913174457578
114,-0.39510639578160744,-7.773522414367129e-05
115,0.9671858950653454,-0.01523250275859811
116,-0.4520542805308092,-0.0001733377413030146
117,0.9868138948034415,-0.017107406616394316
118,0.20276565058108775,-1.4404446321281128e-06
119,-0.843568246272588,-0.00688429956793124
120,-0.9651315119249255,-0.015046362250195955
121,0.9019170802436958,-0.010160505514765439
122,-0.17084164344317387,-5.161054875690851e-07
123,-0.5965446169874888,-0.0008985718530380993
124,0.4583966144538094,-0.000188316937732802
125,-0.14560469475775695,-1.979981019140098e-07
126,-0.0889634756751545,-1.0318098930817143e-08
127,-0.27622875288159476,-9.167304900081774e-06
128,0.4618542726383583,-0.00019692495346079752
129,0.9277945617858565,-0.011973247728223058
130,-0.2670047917528797,-7.4819229256561925e-06
131,0.04849555670053962,-2.709210633611292e-10
132,-0.22044886782041528,-2.376690258487635e-06
133,0.8541884288328878,-0.007405135750275016
134,0.36809687401342006,-5.095809265498463e-05
135,-0.23122114085404322,-3.162477639206962e-06
136,-0.7848997981253618,-0.004518134678172414
137,-0.033492300826262866,-2.940148124963571e-11
138,0.6616442079007621,-0.0016562502429916526
139,-0.018844704366282272,-9.330314298949816e-13
140,0.14107590088733746,-1.638310157536793e-07
141,0.2389477973941323,-3.85020643578482e-06
142,0.1576112805643186,-3.183722802058142e-07
143,-0.6928201109197993,-0.002172135020417132
144,0.3831524571398741,-6.472357976450294e-05
145,0.20567256625331187,-1.568643323346386e-06
146,0.3496883096984682,-3.751781067129478e-05
147,-0.12731733051045424,-8.855324251655361e-08
148,0.3034113484637786,-1.6068277943537268e-05
149,-0.056990646243037846,-7.135164681315587e-10
150,0.44858089133172085,-0.00016556231739994764
151,0.08311651207979853,-6.862900248094661e-09
152,-0.5853383283270455,-0.0008032254208960588
153,-0.08928503292898893,-1.0543822925868085e-08
154,-0.6721222776031028,-0.0018169156768501615
155,0.8807514644634247,-0.008850466427681947
156,0.6419047455091669,-0.0013853373000702884
157,-0.2012634376937501,-1.3776929098652246e-06
158,0.009828683836254015,-1.8762769116165146e-14
159,-0.8610519069256763,-0.007758575739116869
160,-0.11617409950645396,-5.113077128360288e-08
161,0.08255124119754309,-6.587650536182821e-09
162,0.16466129212917413,-4.138447744495011e-07
163,-0.5887061937034295,-0.0008309561643902175
164,0.17468400518270277,-5.896889194723087e-07
165,-0.6849781622630744,-0.0020313761149687304
166,-0.9861160463065075,-0.01703767401807532
167,-0.5621771388040959,-0.0006324736380184381
168,0.8524377352125045,-0.007317125884296338
169,-0.02156690126138283,-2.0963231150972206e-12
170,0.6648993668983265,-0.0017048554341350108
171,0.8854866481242125,-0.009130818067175306
172,0.06536891003094869,-1.624629319962878e-09
173,-0.6998591969509003,-0.0023052324694597948
174,-0.8134990921201033,-0.005569939098429955
175,-0.3256004019767751,-2.4498298393571538e-05
176,-0.24848752194296764,-4.86678347988434e-06
177,-0.6566374037488403,-0.0015837237128254467
178,0.35661206880452223,-4.2175867109972565e-05
179,0.6793255937180878,-0.0019346489392503274
180,-0.5391959815033176,-0.0004938856394850477
181,-0.3301425145076191,-2.6611825137634604e-05
182,-0.6992029081114197,-0.002292546178886523
183,0.04187110272526495,-1.122406612097393e-10
184,-0.17288612881618803,-5.54241277983536e-07
185,-0.90172878514302,-0.010148190190390372
186,-0.19537877317242258,-1.1533303277966311e-06
187,-0.9776864009861672,-0.016213466612017613
188,-0.6707172923950313,-0.0017946554149890215
189,-0.04735118882655254,-2.347591010476435e-10
190,0.7712513777801087,-0.004077101694884733
191,3.411935439956437e-05,0.0
192,0.6139472916629074,-0.0010650478079272663
193,0.7827873335292697,-0.004447421728279055
194,-0.8739604363536684,-0.008460719482032641
195,-0.12171161539182473,-6.760007520423272e-08
196,-0.37812736240751166,-5.982282289795915e-05
197,0.5764938162811426,-0.0007340193481212287
198,-0.23009268487999956,-3.071193950709983e-06
199,0.35022734380592047,-3.7864376753349305e-05
200,0.5401911534865602,-0.0004993146034705243
201,-0.21408704325954608,-1.9944226481438676e-06
202,-0.48746490150897115,-0.00027141466900426625
203,0.9054392325710956,-0.010393130208087631
204,0.2884935105991291,-1.1886963052654131e-05
205,-0.22125456499454632,-2.429179125740255e-06
206,-0.4178442168478367,-0.00010849975364368714
207,0.43396278365213226,-0.00013593209486817415
208,-0.8391429918122513,-0.006676327948435645
209,0.469637045626091,-0.00021749928325365264
210,-0.43088132894526,-0.00013028541638315794
211,-0.6188640365612703,-0.0011164370064467022
212,0.052681484165947534,-4.4520098718692225e-10
213,0.9306217383298472,-0.012186325464393355
214,0.949269746016852,-0.013670671801409018
215,-0.3116269235397773,-1.8850196328079605e-05
216,-0.5946469376551275,-0.0008817994882219793
217,-0.46594602496128323,-0.0002075304510575915
218,-0.8167003045964403,-0.005699211075226529
219,0.09914408454078161,-1.9761785763350304e-08
220,0.9695120111541657,-0.015445524904966201
221,-0.7112408279951019,-0.0025346077407906176
222,0.7081475145145453,-0.002470487335270999
223,0.381248918723438,-6.282936840840136e-05
224,-0.9751656703272356,-0.015973413644540746
225,-0.6614349213515802,-0.0016531647443214226
226,0.221396324676719,-2.438513413860477e-06
227,0.1958932715450843,-1.1716439693998382e-06
228,-0.4395170799317123,-0.00014662296389855722
229,0.8566148677530034,-0.007528547693612331
230,-0.16541825638112528,-4.2537842359635647e-07
231,-0.009790676024099776,-1.84297022087776e-14
232,0.5183097151630263,-0.00039071205007878973
233,-0.33514080779492916,-2.9110574589874538e-05
234,0.17905232035535423,-6.837544300752896e-07
235,-0.7908304597492639,-0.004721607591814059
236,-0.14981708907538316,-2.34914291463717e-07
237,-0.2275757184452103,-2.8754657406260264e-06
238,0.6916745278285703,-0.002151085465722846
239,-0.6138858517290562,-0.001064418226577546
240,-0.9349225292080559,-0.01251639335714827
241,0.705955360159201,-0.0024258601929064705
242,-0.596229933880019,-0.0008957724911040632
243,-0.773479587188636,-0.004146582076198335
244,0.2336093623254254,-3.363130098854583e-06
245,0.7288468262883858,-0.0029262017322121414
246,0.04366083336507387,-1.4428047645509423e-10
247,-0.7904009756142962,-0.00470662448579362
248,0.8285669389513866,-0.0062000678039652035
249,-0.09053789360551479,-1.146294537068826e-08
250,-0.2555436535659714,-5.754571080429649e-06
251,-0.6862278696957236,-0.0020532899765153267
252,-0.055912639924639684,-6.362811388882506e-10
253,-0.38474788211377375,-6.634748871825469e-05
254,-0.9875437351589262,-0.01718058442519943
255,-0.5150612572241733,-0.0003764026189216896
256,-0.7281659865957406,-0.0029101860131408586
257,0.5023314082760126,-0.00032443740307541713
258,0.2019344643385368,-1.405436221402212e-06
259,-0.6373278526443842,-0.0013280598840712532
260,0.32000650471472314,-2.2088879811033024e-05
261,-0.8346309413759259,-0.006469605328136896
262,-0.7446775600363698,-0.0033195584029067637
263,0.7012241864729478,-0.0023318033874180077
264,0.261373294775993,-6.586077891612696e-06
265,-0.10422434562397598,-2.66676264404353e-08
266,0.7082614094041284,-0.002472824309856736
267,0.42417284385757625,-0.00011866265922466646
268,-0.5706389613392044,-0.0006909774025328774
269,-0.3639714811812971,-4.764384862576687e-05
270,-0.7837687230024388,-0.004480159018944052
271,0.28369971463222865,-1.0753652831652083e-05
272,0.02468233019083743,-4.710232204274689e-12
273,-0.6746121159299852,-0.0018569229860794234
274,-0.9965340393643993,-0.01810310006020055
275,0.882203508882607,-0.008935677149717325
276,0.5459274013632169,-0.0005315792132806196
277,-0.6347778794031558,-0.001297005495795589
278,0.9886096233785222,-0.017287913948860867
279,-0.9566461652631504,-0.014297063445388947
280,-0.9627316104880494,-0.014831267508228607
281,-0.7266875855206141,-0.002875657066737425
282,-0.4692302048397936,-0.0002163813890417865
283,-0.6887238288874971,-0.0020976402202511624
284,-0.17222825226383454,-5.417221992098931e-07
285,-0.1508086547117471,-2.4438961732098363e-07
286,0.6290404123260263,-0.0012293185700770204
287,-0.1086584083353721,-3.423719174833195e-08
288,-0.43162189153965813,-0.00013162438011427025
289,-0.4300179767116108,-0.000128738727921629
290,-0.30773254070826384,-1.7485440683584486e-05
291,-0.6703801925007074,-0.0017893480576650633
292,0.0017291172566977764,0.0
293,0.7804942151389775,-0.004371692662152871
294,-0.9013664698972024,-0.010124527503868053
295,0.2872793737218948,-1.1590949366757641e-05
296,-0.3852163759153797,-6.683072037427795e-05
297,0.5024215766779083,-0.00032478336948515985
298,-0.9926745171834275,-0.017702250873890435
299,-0.6899996545176714,-0.0021206130567591464
300,-0.8839324560600572,-0.009038011320524952
301,-0.378631092462133,-6.02997406670136e-05
302,0.2577381062520556,-6.0566616625346015e-06
303,0.9800734525272445,-0.016443490013290596
304,0.45884134232906537,-0.0001894063024576731
305,0.09161400240730444,-1.2304795848905314e-08
306,0.2862804612844905,-1.135202916557887e-05
307,-0.7726877950718658,-0.004121781781197598
308,0.979818516923268,-0.01641879762902121
309,-0.16318907536548566,-3.9215792957403295e-07
310,0.7289992556014357,-0.002929797314794813
311,-0.8089272084184034,-0.00538949426736135
312,0.37973704665912145,-6.13579108835749e-05
313,0.6758109590478476,-0.0018764435885786357
314,0.8045532461006004,-0.005221376693432589
315,0.04160042353384119,-1.0795708771382806e-10
316,0.17789683199370288,-6.577366693516495e-07
317,0.5626026046574468,-0.0006353139670211005
318,0.7795538502165233,-0.004340945306588573
319,-0.9151811649465036,-0.011059306469438979
320,-0.1858788884278677,-8.555904515983315e-07
321,0.7467893924328359,-0.0033751690699617143
322,0.4396731008335726,-0.00014693304956392428
323,-0.8745921663348604,-0.00849637202367759
324,0.8986535989568054,-0.009948779629933902
325,-0.9340761122222467,-0.012450864420128771
326,-0.6037616980153178,-0.0009647856099342933
327,0.46840515815870964,-0.00021412898877715136
328,-0.9872666075346648,-0.017152768132695728
329,-0.2648496130900131,-7.1278220896697775e-06
330,0.082228290424468,-6.4345675454546836e-09
331,-0.1625665542975694,-3.8327695006667994e-07
332,-0.15686666406284777,-3.0946256168729036e-07
333,0.08151698062640245,-6.107825467616124e-09
334,0.9350167714925561,-0.01252370689942306
335,-0.18186033483002872,-7.505739163526925e-07
336,0.944614486894088,-0.013287009880918688
337,0.8920809303382822,-0.00953329974442374
338,-0.49045114015649527,-0.0002814439917137035
339,-0.0169811002582565,-4.996003610813204e-13
340,0.6433382974941886,-0.001403690838158611
341,-0.6215683837543675,-0.0011455638646843402
342,0.42849817175109806,-0.000126053017184935
343,-0.7141014238501147,-0.0025951172603890793
344,-0.6708165881073072,-0.0017962212147191181
345,-0.6088056834709275,-0.0010134133981914983
346,0.32797530078798864,-2.558524436002685e-05
347,-0.7852563236574082,-0.004530159590732552
348,0.8822423666270189,-0.008937966633207894
349,0.9643450632635515,-0.014975597420549214
350,0.249219643701877,-4.953229491122535e-06
351,0.6207589012944152,-0.0011367804187077946
352,0.9659122857561646,-0.015116885796626955
353,-0.30388484866826415,-1.6218742999174474e-05
354,-0.9018493359901123,-0.010156073338079441
355,0.9223626039160746,-0.011572387288412922
356,-0.05408351453170712,-5.211819864570089e-10
357,-0.3262843331055094,-2.4807308149465968e-05
358,0.5054635694344931,-0.0003366355247219621
359,-0.8680123491984968,-0.008130992755132738
360,-0.4471331127770235,-0.0001624079282985802
361,-0.6327696377849805,-0.0012729724382162244
362,-0.44317411013098784,-0.00015403557778803645
363,0.016204238503193746,-3.772537837676282e-13
364,0.2769168070971124,-9.304729019166125e-06
365,0.1488421539149114,-2.2589819903551245e-07
366,0.1378139643776548,-1.423927243893175e-07
367,0.6102015817616853,-0.001027222649175874
368,0.6751834468005158,-0.001866204909625191
369,-0.8525499499916516,-0.007322741266806543
370,0.9837690540042121,-0.016804846480003244
371,-0.24129166183934525,-4.081867196692457e-06
372,0.7279685886795608,-0.002905556035658563
373,0.3513577479275751,-3.8599800582295174e-05
374,0.3284162805830686,-2.5791417837428554e-05
375,-0.12941728903954242,-9.767960207351933e-08
376,-0.6243509871238904,-0.0011761854688254747
377,0.7707060612933392,-0.0040602440333498135
378,-0.541604598405304,-0.0005071101600665484
379,-0.1719023745393249,-5.356086658636627e-07
380,0.8278210542621625,-0.006167559694860714
381,-0.5058306238726795,-0.0003380895355145075
382,-0.4357520250962068,-0.0001393029418280678
383,0.9038553351504424,-0.010287987301851986
384,0.6174160796084618,-0.0011010950273503406
385,-0.9499849781401208,-0.013730409932989018
386,-0.8866195979346081,-0.009198960719823512
387,-0.32823628836898844,-2.5707099046368143e-05
388,-0.48310284142254223,-0.00025729809679553295
389,0.14888456615818102,-2.2628433293814254e-07
390,-0.6831889596842591,-0.0020003377906095965
391,0.09480532405532127,-1.511010061516771e-08
392,0.37751683311720896,-5.924899333598077e-05
393,0.009415699102945041,-1.454392162258955e-14
394,0.3580692195289046,-4.3214922752055074e-05
395,-0.24367215844900714,-4.328904943839973e-06
396,0.08109916582605825,-5.92243254438074e-09
397,0.31802333614574874,-2.1283495583168666e-05
398,0.35585868983537994,-4.164684579266442e-05
399,-0.0353973626202162,-4.0974668102933265e-11
400,-0.5366449681384284,-0.0004801917359343877
401,0.21371664605722418,-1.973847358449632e-06
402,-0.8015266230982203,-0.005107583296929508
403,-0.7611065123578977,-0.0037727334541720614
404,0.22434857481165493,-2.639802425430382e-06
405,-0.7977751467730825,-0.004969369169346649
406,0.16311683621252926,-3.911186490235252e-07
407,0.7560627984754758,-0.0036285125002896157
408,-0.4617379776106847,-0.00019663022427218735
409,-0.38969847636333466,-7.160337627176716e-05
410,0.4837651029438901,-0.00025940126257273377
411,-0.9170065223461132,-0.011187923122648602
412,-0.2588242073582836,-6.210986218890824e-06
413,-0.4907680916247421,-0.0002825262594366995
414,0.4189445117726278,-0.00011021281104639513
415,0.5026581369213687,-0.00032569247807745505
416,0.6476657086220616,-0.0014603147866021349
417,0.4324113139168866,-0.000133064232881841
418,-0.9094192268686685,-0.010661211931661696
419,-0.37633189509199294,-5.8148322756301773e-05
420,-0.6850764512108509,-0.002033092619232124
421,0.517754272637784,-0.0003882339205630858
422,0.08262670901013003,-6.623857240484199e-09
423,0.3477833897501894,-3.6314100709811115e-05
424,-0.09415141631491952,-1.4495688316351618e-08
425,-0.04516020741889526,-1.7667844964819324e-10
426,0.7315353421872353,-0.002990155181889942
427,0.6242772035579902,-0.0011753648770356229
428,-0.05107482414456843,-3.6970770889155347e-10
429,-0.5765970320751062,-0.0007347975536885487
430,0.7436459090160525,-0.0032926672292288295
431,-0.34977866473183994,-3.757571887974542e-05
432,-0.06867874283134356,-2.1849262399342706e-09
433,-0.5126942832453134,-0.0003662517086954198
434,0.25226451273139805,-5.32659018792625e-06
435,-0.9404827993278659,-0.012953898058967517
436,0.9150424468170528,-0.011049581828173838
437,0.6166177918773328,-0.0010927113965638613
438,0.1654499643530689,-4.258673292900639e-07
439,0.3814185901635714,-6.299631713935216e-05
440,0.9448596250858785,-0.013306991288074776
441,0.8316819830480726,-0.0063373535259386715
442,-0.043960599287295565,-1.5032641798029545e-10
443,-0.11915133877766126,-5.9508913241579364e-08
444,-0.10195114357928614,-2.3364007284421007e-08
445,0.9382697763204242,-0.0127782980229324
446,-0.3860462812466985,-6.769390584060453e-05
447,-0.26638533653085084,-7.3786791943142305e-06
448,-0.1788930341457522,-6.801177362403266e-07
449,-0.9532614824910852,-0.014006800556521593
450,0.782449340606552,-0.0044361925001626945
451,-0.6554964212767422,-0.001567567896924138
452,0.1667033280130834,-4.45571416984869e-07
453,-0.20837806059064778,-1.6963573155059919e-06
454,-0.10706371760846367,-3.1332184735610724e-08
455,0.23725875289099818,-3.6901393387633874e-06
456,-0.5530751226076056,-0.0005741778978826106
457,-0.9281391275797868,-0.011999052911648156
458,-0.8195815030121922,-0.005817653952731705
459,0.01823860760730689,-7.668310431085956e-13
460,-0.39329105455805125,-7.563010490785338e-05
461,-0.3382995230036807,-3.078794597477508e-05
462,-0.7291383724626139,-0.002933082047580915
463,0.17314752754870155,-5.592819911637292e-07
464,0.7781495838747523,-0.004295360393557601
465,-0.1135984526307896,-4.469851000443725e-08
466,0.4059641198363102,-9.136773764384376e-05
467,0.5988232596001675,-0.0009190586458124317
468,-0.7948594008090482,-0.004864078274476991
469,-0.3830969885718758,-6.466772014024347e-05
470,-0.8782425245669048,-0.00870480030748999
471,0.02057698883999559,-1.5812906539736105e-12
472,0.6268056378238129,-0.001203755955565211
473,0.36630687405348006,-4.9497292874400856e-05
474,0.12125377601464016,-6.608953317943644e-08
475,0.19212188684633436,-1.0428427400510643e-06
476,0.03026367546278963,-1.6004420011483944e-11
477,0.6315638166545863,-0.0012587195424832442
478,-0.2512484905171546,-5.199489786278377e-06
479,-0.08230043256317243,-6.468504065715308e-09
480,-0.5992423851722739,-0.0009228685927344937
481,0.5901040283870906,-0.0008426957517323475
482,-0.0952175107612272,-1.550842487763049e-08
483,0.48805003836561345,-0.0002733561676722118
484,0.12618778110116113,-8.394574213532735e-08
485,0.863685197236769,-0.007897790977301034
486,0.5105320671841931,-0.00035717803143719973
487,0.7130589100027473,-0.0025729290377864977
488,-0.009137922475971783,-1.2101430968414206e-14
489,0.5077343097890017,-0.0003457142926466261
490,-0.7148023148827072,-0.0026101229337025522
491,0.14395466230455534,-1.8492220543731008e-07
492,-0.6618784411723069,-0.001659709158518985
493,-0.04486168037416549,-1.6978629613362273e-10
494,0.8001602258085811,-0.005056881182538886
495,0.9258113684759395,-0.011825601832273769
496,0.18133863864111177,-7.377647770479001e-07
497,0.06341063658597279,-1.3536712861750289e-09
498,-0.6061558529080626,-0.0009876209209395137
499,-0.5859755406323699,-0.0008084126611006548
500,0.46412363317154104,-0.00020274996953717483
501,0.8204355713421931,-0.005853148917503326
502,-0.393843891050899,-7.62661147126753e-05
503,-0.5193326775130453,-0.000395310306564145
504,0.09525725923301454,-1.554729445185643e-08
505,0.908250515235665,-0.010581911553279477
506,0.9194902872903779,-0.011364891358883966
507,-0.10383887528113345,-2.608155647010335e-08
508,-0.18508738978444716,-8.339930130940587e-07
509,-0.20053623123937592,-1.348143157886561e-06
510,-0.2643155016331027,-7.042256900291477e-06
511,0.721375118348633,-0.002754350180550369
512,0.8950796320669929,-0.009721061168172285
513,0.5200465135409271,-0.0003985454910272468
514,-0.26467891246137354,-7.100382166780328e-06
515,0.21201708567937128,-1.8816886898642693e-06
516,-0.5543344195700346,-0.0005819676055
517,-0.539421752519631,-0.0004951129849412039
518,0.299283821512228,-1.480512182616689e-05
519,0.19064791002145443,-9.95819437354939e-07
520,-0.45578853875506864,-0.00018203244382308803
521,0.3897021896207551,-7.16074444112591e-05
522,0.7908086887159931,-0.004720847140596174
523,0.21356499046863897,-1.9654741413299703e-06
524,0.5823345206123101,-0.0007791417775555587
525,-0.3462621693839272,-3.5376051008562115e-05
526,0.9660092679247412,-0.015125664505857173
527,0.03986272060528817,-8.35745916916153e-11
528,-0.25587545916795595,-5.7994258988447456e-06
529,-0.2718016400964547,-8.32284465901445e-06
530,-0.18130263065661834,-7.36887435737188e-07
531,0.37387567420506507,-5.592078591321048e-05
532,0.7414933573068843,-0.0032371349489835888
533,-0.17697260689113126,-6.375244164802396e-07
534,-0.30780116673960345,-1.750875802575269e-05
535,-0.8512172351122629,-0.007256277773860509
536,-0.45620730895060024,-0.0001830296372752338
537,0.8677765080072231,-0.00811813915744597
538,0.44957036097594205,-0.00016774724185342205
539,0.042026402968343035,-1.1476153360945318e-10
540,0.15573432780360008,-2.96312141601085e-07
541,0.6649736178876591,-0.0017059776944692295
542,0.8465210715183815,-0.007026001140397309
543,-0.6747687040573476,-0.0018594631461772426
544,0.2992370082894147,-1.479128403625296e-05
545,0.02397286784416397,-3.9541703245049575e-12
546,-0.21735064896455292,-2.183556167101308e-06
547,0.8114759314941278,-0.005489486840099311
548,0.5468200288790337,-0.000536751579365391
549,-0.6720158751089846,-0.001815221936004252
550,0.1350535936561763,-1.2612644251230876e-07
551,-0.18487046567272447,-8.281537717813592e-07
552,0.563715387535519,-0.0006427925990207806
553,0.34237682198013064,-3.3071141141371996e-05
554,0.9080494613027905,-0.010568318187092696
555,-0.31383471254521034,-1.9662443943468944e-05
556,-0.9989392043118428,-0.018356613989470638
557,-0.7740370901496665,-0.004164117448283378
558,0.09170027800590663,-1.2374462010633636e-08
559,0.07654448504934419,-4.187204694083846e-09
560,0.5201232305709316,-0.00039889448155139284
561,0.5898362948376719,-0.00084043667039857
562,-0.3669981092066772,-5.005722317341643e-05
563,0.5318714271292566,-0.0004554107846261868
564,0.26542582673066106,-7.221100119192414e-06
565,0.3180559349355927,-2.1296534066905792e-05
566,0.053360022076934355,-4.80728790108742e-10
567,-0.6684773022452302,-0.001759630663506262
568,-0.8200333181163983,-0.005836409274588172
569,-0.06780579101632322,-2.023531342487672e-09
570,-0.4436538897885258,-0.00015503071689904058
571,-0.5935278923558647,-0.0008720307895099255
572,-0.9341859861477535,-0.012459354925248745
573,-0.0814493447922422,-6.077490399825081e-09
574,0.2569122241988475,-5.9414587817441245e-06
575,0.7215592663373627,-0.00275848342746543
576,-0.6005805762497389,-0.0009351204856423712
577,0.34114847237106405,-3.236896478020501e-05
578,0.5721819980426843,-0.0007021130469426762
579,0.03728776737379835,-5.5986326685797394e-11
580,-0.6612270153290987,-0.0016501042924329523
581,0.7956906188278792,-0.004893906125947423
582,-0.05844223525893821,-8.297252884759132e-10
583,0.6788682381318174,-0.001926991617063445
584,0.16048311996104392,-3.5476283577473566e-07
585,-0.059932408280466865,-9.650152898998954e-10
586,0.1705612226961295,-5.110495655546998e-07
587,-0.7137799507781755,-0.0025882584980024825
588,0.5970745219688793,-0.000903302117712057
589,0.4801090694205423,-0.00024796611016908443
590,0.24694909448932245,-4.689216992259659e-06
591,0.5753554274738966,-0.0007254814481162386
592,-0.516749103802584,-0.00038378239733671826
593,-0.7033676653955729,-0.0023740369921810833
594,-0.7020341953978959,-0.0023476899015550945
595,0.699634051755784,-0.0023008738377460203
596,-0.8909642871591921,-0.009464144184708645
597,0.3832173460515442,-6.478897698725117e-05
598,0.9887948520015393,-0.017306621078982953
599,-0.907517290655492,-0.01053240667912314
600,-0.44339500941866383,-0.0001544930978562009
601,0.9945884021900762,-0.01790011350146914
602,0.9606760969315358,-0.01464903775084847
603,0.4279243049982291,-0.00012505107973770357
604,0.4241042011650642,-0.0001185483400680809
605,0.24277922214876035,-4.234821971649261e-06
606,0.07298233998943093,-3.1461279137445786e-09
607,0.535681633402485,-0.00047510295750552434
608,-0.6961256029546965,-0.0022338249715146974
609,0.2654930563675977,-7.232049156535858e-06
610,0.8170943490244944,-0.005715292076035383
611,-0.8964222392259948,-0.009806101471016793
612,0.17327671766252872,-5.617873041208199e-07
613,0.3451410280110825,-3.469767008967839e-05
614,0.980066569502732,-0.016442822944826907
615,0.6673865483699182,-0.0017427806312766414
616,-0.6398718345545018,-0.0013596500660230104
617,0.4827732116497303,-0.00025625655876770903
618,0.0657609486244346,-1.6839627470233154e-09
619,0.6628461796153002,-0.001674062917882857
620,0.7971331330543803,-0.0049460262665820265
621,-0.8280593681150301,-0.006177930973076284
622,-0.13622574606453552,-1.328333754102573e-07
623,0.04540851193590112,-1.8258727862985324e-10
624,-0.572075237093407,-0.0007013378383812219
625,-0.520874048461055,-0.0004023233718701835
626,-0.5883852758664878,-0.0008282801290753206
627,-0.009653344111226314,-1.687538997430238e-14
628,-0.6675778449985437,-0.001745726136024306
629,-0.502876548304769,-0.0003265337101017174
630,0.39240032564542027,-7.461463208469077e-05
631,-0.2226378404314484,-2.5215452985616338e-06
632,0.2838276778294744,-1.0782691084676443e-05
633,0.07398256099523604,-3.4137982440896053e-09
634,0.41294686553923743,-0.00010114058446841767
635,0.8371564436771437,-0.006584656248478371
636,-0.04375668563611712,-1.461912813027766e-10
637,0.3385683723564994,-3.0934344867561414e-05
638,0.042361077945882064,-1.2035483720751472e-10
639,-0.932190374710615,-0.012305878436659645
640,0.9126461516105364,-0.010882692138316497
641,0.5026855727297834,-0.00032579805100718673
642,0.39377677558283564,-7.61886658703359e-05
643,-0.6318261827701228,-0.0012618094647948164
644,0.7678412707741895,-0.00397262081806693
645,0.4698921442720736,-0.00021820266738215022
646,0.8465580096857432,-0.0070277887551211116
647,-0.2509060226699027,-5.15722133342944e-06
648,0.3242415993591026,-2.389385815759759e-05
649,-0.23792675529873786,-3.752769051512672e-06
650,-0.43083983052338626,-0.00013021072134067335
651,0.06780680468978928,-2.023712752929896e-09
652,0.16545084705329338,-4.258809462864832e-07
653,0.13486901283233976,-1.2509646862834956e-07
654,-0.26453110326199747,-7.076693057328498e-06
655,0.9758000480320674,-0.01603355194091316
656,-0.1797335545938743,-6.994910731750181e-07
657,-0.9258469246338334,-0.011828235787759267
658,0.8667567090335264,-0.008062750264401286
659,0.432591244800016,-0.0001333942361129159
660,-0.5965930628813836,-0.00089900345982874
661,0.0966407241860121,-1.695168938553593e-08
662,-0.46999742373078446,-0.0002184935037388147
663,-0.23465199686719052,-3.4539920603648966e-06
664,0.9821498353324605,-0.016645731441069844
665,0.2859834960790546,-1.1281796027051705e-05
666,0.9749248396257173,-0.015950631340195476
667,0.7410387247887698,-0.003225505260426975
668,0.7030212552979358,-0.0023671692304548797
669,0.30261805846337153,-1.5818794162458794e-05
670,-0.0615622354950589,-1.1335464789041794e-09
671,-0.538428288949953,-0.0004897310944775857
672,0.8006712129751348,-0.005075793520577965
673,-0.791500854449602,-0.004745073404495592
674,-0.25537795696030074,-5.73227983713398e-06
675,0.12069735179735663,-6.429168397659168e-08
676,-0.4298303684964191,-0.00012840465207775154
677,0.7580698673332678,-0.0036853501630459418
678,0.021869230490976665,-2.278954802648059e-12
679,-0.6423331864584048,-0.00139080169537098
680,-0.022008925650340405,-2.367661622315609e-12
681,-0.29396877742840766,-1.3301169517809797e-05
682,0.4799755889502533,-0.00024755665635711743
683,0.8149547627926126,-0.0056284208134405045
684,0.5684701243425523,-0.0006755727030685055
685,-0.9185795350130883,-0.011299736801228644
686,-0.527353795501875,-0.0004329424583305874
687,0.7387820835677148,-0.0031682866901678874
688,0.8659354679954201,-0.008018370904290917
689,0.4368284658066879,-0.0001413640968128682
690,0.3999227737516018,-8.355739383136829e-05
691,-0.5298691411386451,-0.0004453363177836511
692,0.7554218476549517,-0.0036105141026344656
693,-0.8116535390954651,-0.00549651113051397
694,0.9210256481189898,-0.01147542430652726
695,0.5604843441651033,-0.0006212766371186396
696,-0.31990684368837186,-2.20478109312916e-05
697,0.7538815008795525,-0.0035675598246937
698,0.7071139506871047,-0.0024493629406986406
699,-0.654992671378597,-0.001560478394151188
700,0.5103625465810036,-0.0003564745850961337
701,-0.7369886639625696,-0.003123411008122856
702,0.7505368407976745,-0.003475735133602109
703,-0.8299283509480011,-0.0062597646923644445
704,-0.6324621348073141,-0.0012693251428960162
705,-0.9156957769916443,-0.011095443716286235
706,-0.07033760215772866,-2.5212480991854136e-09
707,0.5186140957644745,-0.00039207560103726724
708,-0.6949613649554935,-0.0022119345013444924
709,-0.23502039591691903,-3.486581132472466e-06
710,0.9641784342093376,-0.014960638981070695
711,0.2228378755653324,-2.5351410479768077e-06
712,-0.35283652896748774,-3.957975394663915e-05
713,-0.26122676197185535,-6.564017449917081e-06
714,0.30232834065616054,-1.5728486842503386e-05
715,0.9409963223575364,-0.01299492543719527
716,-0.6995093932613992,-0.0022984634688111294
717,-0.47310593868936324,-0.00022722679451947503
718,0.54498587837047,-0.0005261682711500404
719,-0.7616099726727419,-0.0037873843146440933
720,-0.14902061942997835,-2.2752671491321763e-07
721,0.04913712953235483,-2.9314761729182237e-10
722,0.9175137835308709,-0.011223881356272947
723,-0.9152486893796852,-0.011064042704568067
724,0.5248087453722812,-0.0004206941665453323
725,0.3385440912456412,-3.0921099145042596e-05
726,-0.6209706226791485,-0.0011390723554068893
727,0.7249748386800683,-0.0028360769522356444
728,0.11952934571089968,-6.065000224264594e-08
729,-0.34655677037803034,-3.555612488548299e-05
730,0.19091812237993278,-1.0043050636676654e-06
731,-0.8416787360739322,-0.006794859519526963
732,0.7747398185819079,-0.00418630737714587
733,-0.6830418796157036,-0.0019978037876139387
734,-0.604618000990814,-0.0009729023382009094
735,0.8606959713096447,-0.007739913445606428
736,0.5833961074845602,-0.0007875841120625893
737,-0.5463968959704144,-0.0005342945534955179
738,-0.6027871592592879,-0.0009556162728104889
739,0.0513533296201365,-3.8196823481939646e-10
740,0.37917430891083526,-6.081757682641076e-05
741,-0.5012096223582383,-0.00032015868637080835
742,0.35467620832283564,-4.082763145507595e-05
743,-0.5636238615550779,-0.0006421747501402786
744,-0.3944030585176119,-7.691391815189963e-05
745,0.7537173907761769,-0.003563008299120596
746,0.054021495045630585,-5.176067352508085e-10
747,0.25679535941384524,-5.925305475718012e-06
748,-0.3786848845866535,-6.035085560207598e-05
749,-0.6652333152444263,-0.0017099076593537488
750,-0.06520615332455448,-1.6005140546226926e-09
751,0.4135487086616292,-0.00010202198507969218
752,0.5657868976419891,-0.0006569084131687886
753,-0.05369846253611765,-4.993135904740598e-10
754,-0.9574173904124772,-0.014363883161070512
755,0.9620318169041864,-0.014769021667177307
756,-0.2091643062950681,-1.7350542946825698e-06
757,0.8268980781138819,-0.006127526880493006
758,-0.92555650081222,-0.011806735570066063
759,0.16698652328863206,-4.50127057738392e-07
760,-0.44067118649315695,-0.00014892960293000357
761,-0.7196317392848888,-0.0027154714800006197
762,0.7624352455445449,-0.003811501128381578
763,0.18755940448065966,-9.029934916471305e-07
764,0.19586111731163047,-1.1704923876809659e-06
765,0.6724286812578959,-0.0018218003623449164
766,0.5986833941995471,-0.0009177901324948223
767,0.7740818510053431,-0.004165527967031513
768,0.9708667534815469,-0.015570704450363237
769,0.7131862565536593,-0.002575631001763945
770,-0.8310352395824894,-0.006308647388230559
771,0.46231648472180575,-0.0001980999709568776
772,0.9501466040427484,-0.013743938812591283
773,0.9293425986383967,-0.012089539584199449
774,-0.8666383639569795,-0.008056342601940325
775,0.5933714692436522,-0.000870672445549725
776,-0.7623755387939093,-0.00380975210468093
777,0.14698339114711212,-2.095060033235896e-07
778,0.1578469079069631,-3.212357766457785e-07
779,-0.6242824374604268,-0.0011754230708638236
780,0.7603885887681681,-0.0037519222167298194
781,0.3695721156701588,-5.218877311841119e-05
782,0.5338263194905588,-0.0004654280214797524
783,0.8178238617249574,-0.0057451617774382235
784,-0.955418923204673,-0.014191256612307135
785,-0.5508788277933463,-0.0005607985309522556
786,0.8231627620935338,-0.005967681307916806
787,0.14340734748974193,-1.807472077564043e-07
788,-0.14642150094502093,-2.0475049267165701e-07
789,0.8984742859619181,-0.00993725162965331
790,-0.5315285463430233,-0.0004536723306248769
791,-0.2797475046587361,-9.888265481650116e-06
792,-0.9456177235242968,-0.013368939654634815
793,-0.7955856904221319,-0.004890132564571714
794,0.3237850661397015,-2.3693580902706124e-05
795,-0.7460413704836613,-0.003355384568625386
796,0.8551197681416716,-0.007452307512476275
797,-0.08124927914838898,-5.988493478881196e-09
798,0.990748954234826,-0.01750498123158606
799,-0.20387290524464974,-1.4882056891263318e-06
800,-0.5991890949426275,-0.000922383449736941
801,0.7317116598945888,-0.0029943892079419276
802,-0.3820518899320009,-6.362271132975827e-05
803,-0.9541312015590262,-0.01408092280718154
804,-0.38454322875332103,-6.613730975346677e-05
805,0.11082905535408005,-3.854908292577619e-08
806,-0.7578975382110968,-0.0036804414897870785
807,0.23741050688193588,-3.704290375550201e-06
808,-0.9041439814814067,-0.010307083289312513
809,-0.8966583547521332,-0.00982111962949428
810,0.4956322535340014,-0.0002995728892467575
811,-0.7966328781614787,-0.004927899992112961
812,0.6747211824802348,-0.0018586919524874457
813,0.28075399305683946,-1.0102945151135856e-05
814,0.5107564647749223,-0.00035811096383397967
815,0.8818317527875661,-0.00891379765688649
816,0.6738247556898287,-0.0018441937901532146
817,-0.7951896649143848,-0.004875911725553461
818,0.04149938308564893,-1.0639344960594599e-10
819,-0.6770085186721144,-0.0018961118130943477
820,0.3125257197163833,-1.917742953871926e-05
821,-0.1666977334703923,-4.4548180822001626e-07
822,-0.00016388923680388245,0.0
823,0.28942532447131475,-1.2118384918435865e-05
824,0.02136962915175533,-1.9838575227026922e-12
825,-0.5729820504089538,-0.0007079449304249197
826,0.8627261204800332,-0.007846852326308218
827,0.3432741197409077,-3.3592034625717915e-05
828,-0.9066403786888448,-0.01047344914272974
829,-0.059873809368663045,-9.593685845743494e-10
830,-0.0783288469565504,-4.807908182691278e-09
831,0.28751189538499355,-1.1647159746996927e-05
832,0.6832804811810227,-0.0020019159259860864
833,0.4881442270689078,-0.0002736697604779348
834,-0.11599641199286115,-5.0663597872535604e-08
835,-0.6769914301159508,-0.0018958299678637491
836,0.9568569993336566,-0.014315305096587627
837,0.629536975236463,-0.001235058930304067
838,-0.37591746946192783,-5.776740039953321e-05
839,-0.720161778927717,-0.002727243687644987
840,-0.7207389129736339,-0.002740109588593942
841,-0.7439271621765926,-0.0032999805941436033
842,0.8445438723688781,-0.006930856985201017
843,-0.9247127273312501,-0.011744451533908906
844,-0.3051014408798547,-1.6610722343490814e-05
845,0.12866602507198555,-9.432871339587479e-08
846,0.6787359806697622,-0.0019247819441886582
847,0.6339196549568875,-0.0012866895421907998
848,-0.2731172761011118,-8.56674189331219e-06
849,-0.07998553860266977,-5.451052609295459e-09
850,-0.3031437980564855,-1.598377237810311e-05
851,-0.5010347854807906,-0.00031949605265635395
852,0.6561711129323617,-0.0015771047293280382
853,0.7220548611090369,-0.0027696325305922587
854,0.5722199689729537,-0.0007023889307243847
855,0.939698438414492,-0.012891436402652667
856,-0.40290407870318146,-8.733929450399636e-05
857,0.36436214459891647,-4.794981148037447e-05
858,-0.23607276728287507,-3.5810880404385514e-06
859,-0.8761704635880345,-0.00858598280150813
860,-0.499326400315359,-0.0003130808104528926
861,-0.5282677258611848,-0.0004374122095890387
862,-0.5876379870657273,-0.000822076303254593
863,-0.0162662473443993,-3.858025010572419e-13
864,-0.9433215487202831,-0.013182026000733926
865,-0.3242797572771279,-2.391066123152985e-05
866,0.9465531683834651,-0.013445703973381518
867,0.4853731281177165,-0.00026456726757062565
868,-0.5115930982711903,-0.00036160706910814966
869,0.2333048311035879,-3.3369698545504534e-06
870,-0.7616854830237834,-0.0037895857164753632
871,-0.2573644048058319,-6.00430573771682e-06
872,0.6465214374410593,-0.00144516206737888
873,0.6595470717136613,-0.0016255458504678133
874,0.4162374196189982,-0.00010603785019103196
875,-0.8437305781479945,-0.0068920283176829855
876,0.6624379503027453,-0.0016679955217624443
877,-0.9036204103812897,-0.010272466721873097
878,-0.07281280408188318,-3.1025411129093072e-09
879,-0.28591065931506443,-1.1264625219609137e-05
880,-0.951957017361124,-0.013896223560245557
881,0.47864077044903053,-0.00024349279751567643
882,0.2271738471766065,-2.8451983131727587e-06
883,0.049397427154786566,-3.025883987817224e-10
884,0.9359899312975508,-0.012599431760772606
885,0.6362344074909951,-0.001314669287080461
886,-0.7074590795271647,-0.0024564002211892033
887,-0.9963158479938634,-0.018080243527374362
888,0.10945171484832783,-3.5763839556501864e-08
889,-0.6963558587220104,-0.0022381753915492464
890,0.45399754801587333,-0.00017781833400143388
891,-0.5556218896557705,-0.0005900217373530081
892,-0.49239649902580207,-0.00028814115618835956
893,-0.4058328102182891,-9.119176306493504e-05
894,-0.36351831867761164,-4.729097045674813e-05
895,-0.24285718294752545,-4.2429678005495575e-06
896,0.594265395698913,-0.0008784587157009138
897,-0.08002236147935071,-5.466122998676326e-09
898,0.5804285460322565,-0.0007641720703069899
899,-0.48062144832384535,-0.0002495430570317314
