,data,labels
0,0.4552243053596128,-0.00018069599372572132
1,-0.7100960403982999,-0.002510720019119006
2,0.37741809937580273,-5.915662542432809e-05
3,-0.0885072021574349,-1.0004728490109471e-08
4,0.06729890969115426,-1.9344660318054707e-09
5,0.5146044942479158,-0.0003744258405045109
6,-0.987603143742694,-0.017186552255366028
7,0.014961441558613453,-2.3359092438113294e-13
8,-0.26629733110662035,-7.364108077001497e-06
9,-0.4843479824574992,-0.00026126409811166873
10,0.7069719147970701,-0.0024464716111557427
11,0.7090110452520921,-0.002488251309212486
12,0.7006315581239524,-0.0023202364666786712
13,0.22556215898015064,-2.72646207999383e-06
14,-0.29635083086749425,-1.3958657349433246e-05
15,0.6600699709562408,-0.0016331573872220284
16,0.031740927987318424,-2.1302071218087804e-11
17,0.25777196772057365,-6.061424392744819e-06
18,0.9877912446529316,-0.017205458877889823
19,0.39644344766229356,-7.931661623283848e-05
20,-0.9818501987016621,-0.0166164221606816
21,0.9807990827440578,-0.016513938230500624
22,0.5186066306651611,-0.00039204211215337903
23,0.4816994791062348,-0.0002528880542616019
24,0.23902184037608332,-3.857353395142482e-06
25,0.4645657788611002,-0.00020390132902736724
26,0.311029655338914,-1.8635321161308838e-05
27,-0.5737449374942714,-0.0007135431406203319
28,0.870912350521835,-0.008290412107831102
29,0.18221627251630412,-7.594190412074653e-07
30,-0.2642298799500826,-7.028620029214672e-06
31,-0.1484054431319739,-2.2195406701452924e-07
32,0.17315566883767786,-5.594395956487475e-07
33,0.9807257742527262,-0.016506809892042118
34,-0.6888144504506877,-0.0020992651816328367
35,0.11809663539273618,-5.641923306320962e-08
36,-0.8975944696927545,-0.00988084648340215
37,0.6907054637963477,-0.002133410805881364
38,0.6719929335575272,-0.0018148569173825901
39,0.9183844162561328,-0.011285817900810735
40,-0.46107105550850447,-0.00019494708012990358
41,-0.042761660564609505,-1.2734635568278918e-10
42,0.6180363084944251,-0.0011076452749400056
43,0.9604764804049206,-0.014631438597343172
44,0.11629867015767181,-5.146042603154655e-08
45,0.495663412983387,-0.00029968477245523317
46,0.8869933766320397,-0.009221533104405766
47,0.2284774441022508,-2.9443566577080915e-06
48,0.5380569158963193,-0.00048773172600558024
49,-0.8030612984266039,-0.005165026132783468
50,0.062349393775865236,-1.2233231094782582e-09
51,0.3739252779497617,-5.5965059444051946e-05
52,0.7702233580323903,-0.0040453697767576235
53,-0.06510158696557267,-1.5851784329612428e-09
54,0.827866544230323,-0.006169538288625098
55,0.7505003967364452,-0.0034747454020301882
56,0.6155457576015182,-0.0010815358426109478
57,0.11119738674838886,-3.9323784895017866e-08
58,0.5344152407033964,-0.00046848124974452343
59,0.8710179076308662,-0.008296262689875933
60,-0.7308574155973036,-0.0029739215499110516
61,0.5316418743389664,-0.00045424631089452383
62,-0.16159935963951289,-3.6981140261183043e-07
63,-0.5979283954703483,-0.0009109675968109743
64,-0.45018290556671015,-0.00016911179082013117
65,-0.4800193401393502,-0.0002476908021730173
66,0.95249917958529,-0.013942094832486096
67,0.13907500344535761,-1.5038481715468066e-07
68,0.1985259979655658,-1.2691900701522485e-06
69,0.7754349356381047,-0.004208352410003058
70,0.8266496234678986,-0.006116786966115395
71,-0.8889090792746774,-0.009337933910879226
72,-0.8272749231945862,-0.006143846207363524
73,0.41573211633640206,-0.00010527328511111822
74,-0.4486200083522889,-0.00016564824436859915
75,-0.6379466978432948,-0.0013356881444079871
76,0.9976468185694891,-0.0182200348074123
77,0.4238840701070903,-0.0001181823447812258
78,0.1997913935477671,-1.3184258647047642e-06
79,0.4680499526214843,-0.00021316527043202527
80,-0.23667773918077595,-3.6363750064438705e-06
81,-0.5557894438414612,-0.000591076665168111
82,-0.8710318341600269,-0.008297034830403338
83,-0.29030653757755664,-1.2340674773847482e-05
84,0.8010490441520708,-0.005089814858603714
85,-0.5353335725638095,-0.0004732753498760678
86,0.4842665542764497,-0.00026100319624167145
87,-0.3777489072085167,-5.946657619637641e-05
88,-0.45864385864446344,-0.00018892192146013898
89,-0.3047921191356209,-1.6510321793394844e-05
90,-0.9691868837926134,-0.015415605162539148
91,-0.7261040020632241,-0.0028621202408728452
92,0.9715545670160735,-0.015634574749325503
93,-0.6457010486987296,-0.0014343782964905127
94,0.2609369639002048,-6.5205694693704075e-06
95,0.9074788199250814,-0.01052981449749879
96,0.6323667829540582,-0.0012681959269766896
97,0.7215081943414843,-0.0027573365928733606
98,0.35373081547271634,-4.0182340775185565e-05
99,0.8630572922352504,-0.007864411090694134
100,-0.3483703159900564,-3.6681505440006035e-05
101,0.18774264025667997,-9.082917147296143e-07
102,-0.304698381080319,-1.6479995834872696e-05
103,-0.7271440582508859,-0.002886282099787918
104,-0.6700425104129879,-0.0017840445108591174
105,0.06454851768189962,-1.5060876989991812e-09
106,0.049502833054130724,-3.0648272808520005e-10
107,-0.44002277214538443,-0.00014762998392259252
108,0.6075051187954539,-0.001000685560503034
109,0.1334990093157078,-1.1766848639904737e-07
110,0.2511927295096934,-5.192588011571075e-06
111,-0.607064247423895,-0.000996401098708577
112,0.04959936689191635,-3.10085956911621e-10
113,0.34491994296920114,-3.456518022593169e-05
114,0.5976555190083013,-0.0009085120833700611
115,0.17468967006432412,-5.89803522355048e-07
116,0.9169138406599706,-0.011181363370736386
117,-0.004379532889118298,-1.1102230246251565e-16
118,0.1694195597672521,-4.908892689003963e-07
119,-0.4012124926759917,-8.517641039185175e-05
120,-0.07057689032979564,-2.573140589490208e-09
121,-0.45697830922437155,-0.000184877421595675
122,-0.5077720886899633,-0.0003458670354763438
123,-0.2851808686580237,-1.1093778177428959e-05
124,-0.859323696894438,-0.007668306403669778
125,-0.7681711110123692,-0.003982629548713423
126,-0.5247346740172296,-0.00042034203362106837
127,-0.00333980035832826,-1.1102230246251565e-16
128,0.619154023366957,-0.0011195307001157229
129,-0.11113597902377337,-3.9193734258091695e-08
130,0.26629787895519685,-7.364198710613223e-06
131,0.3556566312949281,-4.150590203610971e-05
132,-0.42024918158135227,-0.00011227308254535551
133,0.4262002981852697,-0.00012208071675534615
134,0.9402543311120615,-0.012935678832394437
135,-0.7498315209454729,-0.003456621473185928
136,-0.01962528365751126,-1.1902701047006303e-12
137,0.4605359033444729,-0.00019360514295629905
138,0.2899721125783685,-1.2255918798942389e-05
139,0.6336127180215096,-0.001283016603801812
140,0.9780621369384457,-0.01624949879984683
141,-0.5547226920080428,-0.0005843869170626403
142,-0.822674149056676,-0.005947027313524811
143,-0.5747140900008343,-0.0007207076887644215
144,0.6584843572183046,-0.0016101666473665732
145,-0.7136533668933309,-0.0025855618751616793
146,-0.94328804283796,-0.013179314415662002
147,0.2825376477609227,-1.0492913096848966e-05
148,-0.14884482617103556,-2.2592251192055102e-07
149,-0.3964086923279295,-7.927517414885177e-05
150,0.785840093548761,-0.004549905736642712
151,-0.8858409070798978,-0.009152080898940929
152,-0.2122542467437225,-1.8943293889073232e-06
153,-0.9466419405017101,-0.013453007413802398
154,0.7756516112605669,-0.004215243545991787
155,0.033572349031202986,-2.9825475422740055e-11
156,0.7023618475778277,-0.0023541413286755075
157,-0.36028982733603865,-4.4839218985903706e-05
158,-0.9480786139619917,-0.013571655751893119
159,0.19243585724770562,-1.0530941964015383e-06
160,-0.39891046037231437,-8.230457881996944e-05
161,-0.9333821242462395,-0.012397345544093441
162,-0.3070558461139381,-1.725689653175877e-05
163,0.7594588566948499,-0.003725111323364838
164,0.9898108849655116,-0.017409528504333527
165,0.048260786934840594,-2.631471707204014e-10
166,0.2273659429780106,-2.859632990181993e-06
167,0.09139509065872886,-1.2129492965584632e-08
168,-0.5394622159281615,-0.0004953332201796945
169,0.888371600782508,-0.009305155398046772
170,-0.3106923808600057,-1.851488450321792e-05
171,-0.891402500037356,-0.00949123436994892
172,0.9231820372049047,-0.011632146761690665
173,-0.0755476195939615,-3.870558984431227e-09
174,-0.4499141643378306,-0.00016851199454814836
175,0.24689754065186809,-4.683361283008836e-06
176,0.34008250985688715,-3.17696980659532e-05
177,-0.9667173193199496,-0.015189882439074265
178,-0.8711274656884644,-0.008302338599810444
179,-0.40442011727069405,-8.931626711450313e-05
180,-0.40292869268741116,-8.737109948186994e-05
181,-0.5108604162434862,-0.00035854382508582194
182,0.6246626684687597,-0.0011796570858204625
183,-0.5430797816656019,-0.0005153533342875383
184,0.34994290680608353,-3.768117119440362e-05
185,0.9239728315317279,-0.011690056323302889
186,0.7005362855347665,-0.0023183813520788465
187,-0.2991143824243412,-1.4755087321960403e-05
188,0.7875111217119668,-0.004606819601570722
189,0.7779090384772824,-0.004287591455641504
190,0.23961835115239483,-3.915335050952429e-06
191,-0.5780667475099641,-0.0007459528171245289
192,0.9216857120950366,-0.011523212321114973
193,0.2078468655273482,-1.6706221159790147e-06
194,-0.6673572710801057,-0.0017423301936061453
195,0.3770246000277282,-5.878968387851291e-05
196,0.2828503478889397,-1.05625526809483e-05
197,-0.11799684112251274,-5.613394882253431e-08
198,-0.284649536205958,-1.0970751361583098e-05
199,-0.6344190239335827,-0.0012926837429557692
200,0.7912591304765311,-0.0047366013362313275
201,0.8390651832241556,-0.006672717809908302
202,0.35695192626360606,-4.241633479951101e-05
203,0.8238933433314137,-0.005998673121743292
204,0.7195505639259117,-0.002713672269088252
205,-0.5818398391295996,-0.0007752334164609076
206,-0.0630214213297764,-1.3045848845649743e-09
207,0.5432217535228279,-0.0005161524714017984
208,-0.0020196216877608197,0.0
209,-0.27587258872917886,-9.09683453786947e-06
210,0.5284003520522584,-0.00043806400487533814
211,0.9165832449821114,-0.011157990307554044
212,-0.09930221122475791,-1.995157372647327e-08
213,0.38929520388698835,-7.116270284013293e-05
214,-0.27587495147703156,-9.09730054021729e-06
215,0.23261152495120596,-3.2780436105550592e-06
216,0.39511897751991687,-7.774998218990081e-05
217,-0.41114577297182375,-9.854054278435331e-05
218,0.4174385395921625,-0.00010787375304277536
219,-0.44031309043877087,-0.00014821070200399244
220,-0.48532364799538574,-0.0002644070446706781
221,-0.44666349062459987,-0.0001613954955671515
222,0.6034163118287217,-0.0009615276302267217
223,0.5586169204738116,-0.000609115211033795
224,0.9187091884570531,-0.01130899344852676
225,0.31026618968281805,-1.83636228727746e-05
226,0.4902000571417462,-0.0002805890794634891
227,-0.6738734810451021,-0.0018449794362365157
228,0.6554351329740353,-0.0015667039421901618
229,0.3043494746507316,-1.6367524958371682e-05
230,0.6918501752083379,-0.002154301954048199
231,0.2412204637424753,-4.074663310649207e-06
232,0.27748665657407456,-9.419837474378134e-06
233,0.010117577441542958,-2.2315482794965646e-14
234,0.8498831728663274,-0.0071902426276830855
235,0.04715129943152219,-2.2887591821785236e-10
236,0.38847338442173873,-7.027163184603058e-05
237,-0.6003947621488135,-0.0009334112651189219
238,0.15222897437322924,-2.585150069567277e-07
239,-0.1481030398169052,-2.1925667414990357e-07
240,0.36107196443866596,-4.542326205514424e-05
241,-0.37523482426791666,-5.7144460759994686e-05
242,-0.6303055835607758,-0.0012439877945333855
243,-0.6592184813844322,-0.0016207777370051968
244,0.14751179306192985,-2.140616712775767e-07
245,-0.7294740009655856,-0.002941019151778801
246,0.028187693199601238,-1.0448975018562123e-11
247,0.1611775071774666,-3.6406293824065017e-07
248,0.5582711128611695,-0.000606884922701334
249,-0.1567696083666048,-3.083166940642812e-07
250,-0.29666386250233034,-1.4047033601749526e-05
251,-0.2187036848152215,-2.266226986069597e-06
252,0.9510242559652979,-0.013817592504094534
253,0.09312466916719231,-1.357302292781526e-08
254,0.19841400263308584,-1.2649071705617132e-06
255,0.638671870666943,-0.001344673027896981
256,0.524329130385222,-0.0004184184131361679
257,-0.12239701172569784,-6.99150763949774e-08
258,0.13309677878625403,-1.1555879175784156e-07
259,0.6835088445485709,-0.0020058581442783385
260,0.746588074143274,-0.003369834976913899
261,-0.8854299961360388,-0.009127421531026192
262,-0.5705407626654788,-0.0006902737026119876
263,0.7234743129247818,-0.00280177045539709
264,0.022143095545212432,-2.4555912858659212e-12
265,0.4900854963143124,-0.0002801997267642964
266,-0.9117472538583591,-0.010820622077670317
267,0.5698846208305104,-0.0006855869233171052
268,0.6801311179028211,-0.0019481964725226453
269,-0.646172581851453,-0.0014405683197653563
270,0.05283500948311404,-4.5304160423143003e-10
271,0.09039939025046762,-1.1358167517627749e-08
272,-0.06668202983353466,-1.8305024163112193e-09
273,0.419929863724801,-0.00011176590207029324
274,0.399105918358009,-8.254525045636729e-05
275,0.009203618280284154,-1.2656542480726785e-14
276,0.3523870805805853,-3.927975379602877e-05
277,-0.5185109142550735,-0.000391612932369223
278,-0.7435297158229299,-0.0032896497752098464
279,0.732859143784907,-0.003022065095999227
280,0.40110881334256465,-8.504530419606304e-05
281,0.5987160725509786,-0.000918086380198746
282,0.32276929145769717,-2.325297079919242e-05
283,0.8616437937284576,-0.007789690886914946
284,0.833356066947555,-0.00641215634840131
285,-0.9236639969020857,-0.011667412537514354
286,-0.06914615231532317,-2.2756598827555763e-09
287,0.643840647257478,-0.0014101696051347368
288,-0.3651994935610856,-4.8611113737107026e-05
289,-0.9081764095913942,-0.010576899569034182
290,-0.3625350250118713,-4.653273937260671e-05
291,0.038460090188020546,-6.741252001063458e-11
292,-0.07481836147452658,-3.6517757706633347e-09
293,-0.10023190888399225,-2.109840313568867e-08
294,-0.03311115559081057,-2.7450264283856995e-11
295,-0.9547292371271989,-0.014132076017730366
296,-0.17450987598813406,-5.861752461200354e-07
297,0.5015637844032494,-0.0003215044527414834
298,-0.5291984146799646,-0.0004420031012715153
299,0.4192316216879288,-0.00011066348726340713
