,data,labels
0,-1.8288689622044068,0.24131994688201608
1,-2.3912335836127196,1.7242377393380197
2,-1.8422960788117042,0.2548492234578241
3,0.3091201733656379,2.1505563718715592e-07
4,1.2245456867174518,0.011414695882476344
5,-1.5703673032104757,0.0766982054573524
6,1.7974002275219751,0.21198417068636732
7,2.795338612814085,5.234413814867672
8,-1.017331362340757,0.00270349657904867
9,-2.1837827959935083,0.8932992642612662
10,-1.9203369249600073,0.34694520965281284
11,1.5861046841976378,0.08271696236587911
12,-0.26261292526050184,5.850719664302062e-08
13,-1.358482246565188,0.02538808204987908
14,2.9279235583673646,7.239186488660946
15,-0.16334328468119974,1.3161982614917633e-09
16,-1.481170929330074,0.049178643229788765
17,1.1401070111671991,0.006563552627763314
18,-1.8300196326824414,0.24245491443512407
19,-2.748518825150649,4.648073901161796
20,-0.674465812399534,0.0001066320530498377
21,-0.13418183300758013,2.7317248463276655e-10
22,-1.0198343036919932,0.0027558558271584266
23,-2.4180636973048295,1.8683096730864523
24,1.3559376555788587,0.025025448359003
25,0.8557154877376947,0.0006970483181212295
26,-2.205610850403909,0.9604602187237824
27,0.30958577334740855,2.176544611209863e-07
28,1.6025098784199647,0.08941674950378253
29,-1.6236285489148372,0.09872034637634819
30,2.5279480891308896,2.568475316174414
31,-0.8091508933676712,0.0004488276665679525
32,-0.3516425105624248,6.013560026607578e-07
33,2.0808545319709157,0.6274208290735193
34,0.5830871386962491,3.3646243946861e-05
35,-2.238461167988109,1.0695354419112726
36,1.5216672038905799,0.060385388623267644
37,2.60693483085649,3.1975340330569617
38,0.5989387572808886,4.1622979109812164e-05
39,-0.5522407561762588,2.1856731451386224e-05
40,-2.6932000653951804,4.026985767856979
41,0.4953203585563828,9.20851617092211e-06
42,1.5044321226110648,0.055374134991410306
43,2.982531543482069,8.232784474720152
44,-1.720749419578396,0.15292606722159233
45,0.1720089700190668,1.9897287151238174e-09
46,-2.596317746234889,3.1061494345911664
47,0.6758615180059495,0.00010839034258236513
48,-2.7821066012158466,5.062778156541139
49,-0.905382115277308,0.0010856114716653043
50,0.7200600263184285,0.00017884806939172382
51,-2.099812544669291,0.6705931076861192
52,2.344286422603936,1.4945773612697482
53,-0.014787421416059932,0.0
54,-1.063268042877693,0.0038150798709232214
55,0.0657959313062082,9.142686607788164e-13
56,-1.4330241621441981,0.0382181189184963
57,-2.363499737871062,1.5852419763059105
58,-2.49483756137629,2.337578000548014
59,0.8363165080347974,0.0005820397490328144
60,1.6192182887315258,0.09671199088998939
61,0.4525366175694536,4.4881261487272894e-06
62,-2.6941089322663303,4.0365980896550795
63,0.20004494024027508,6.652022377373612e-09
64,-2.3551052314301097,1.5450769183749231
65,2.9236004593664857,7.164997428086214
66,0.26513730507166455,6.315236555920478e-08
67,2.5415197593495336,2.6684874782026844
68,-0.27359126653517496,8.1141665941864e-08
69,0.19541521104035642,5.516699985719242e-09
70,0.10476327826206777,3.7745473413508535e-11
71,2.106839402463301,0.6872202583540383
72,1.059945681185411,0.0037231869877414336
73,0.6298590884033981,6.203143313299186e-05
74,-1.5029478226584536,0.05495974974871498
75,2.3876798085632247,1.70587477801499
76,2.1220655705230795,0.7244476073959353
77,2.045576619115886,0.5533217782082306
78,0.5932608585518087,3.859459735189308e-05
79,2.4253655902096947,1.909223840629405
80,-1.514644964668427,0.058298624710322045
81,2.306539426758693,1.3291097601924942
82,0.963668779780273,0.0017700102045783428
83,-2.732484163702275,4.460337746091909
84,1.2770758332865624,0.01578510822241519
85,-0.732041834832077,0.00020374745354256873
86,-1.5297230115207263,0.06285779779245265
87,1.4163128514912806,0.03494027060359417
88,-1.522414891459467,0.060611297574412026
89,2.624460017486877,3.35329868630341
90,2.396773817028518,1.753196233350876
91,0.9577287268263555,0.0016863974056526843
92,-1.6182919118067485,0.09629460333026207
93,0.5576085467473835,2.360149229663211e-05
94,-2.2162585819864473,0.9947359825242292
95,2.130735483338052,0.7463962864570918
96,-0.4765635642152848,6.774016641619696e-06
97,1.8991246458215585,0.31948914386349725
98,-2.485284807367512,2.274294462434804
99,-1.3316045557087688,0.021776596668628856
100,-2.487123483151179,2.286362038651712
101,-1.572105407481434,0.07734396713833275
102,-2.755060328936465,4.726534635288995
103,-2.2388080468066667,1.0707406359487044
104,-0.9890979864577067,0.0021699163457341575
105,1.975448847972948,0.42780738025770115
106,0.16654561337421914,1.5372016992643012e-09
107,1.250973603549344,0.013461083668699969
108,0.410038358655179,2.0464613027515455e-06
109,1.3385139821782381,0.022659904907957884
110,-0.9132499925032405,0.0011618449925437924
111,0.9572745410949022,0.001680147605556459
112,0.7826920694646233,0.00034540205706068416
113,-0.4585506499303298,4.9853889884099445e-06
114,-1.3152052289176426,0.019797802547934062
115,-1.584626853175745,0.08213509787763862
116,2.5712498522994265,2.899021626062897
117,1.8086350553184758,0.22208787985547615
118,1.5287136423078627,0.06254333860737121
119,-0.2672913604197378,6.736785473915319e-08
120,2.96491762878288,7.90061687655517
121,-1.3264646339911397,0.02113887229642797
122,1.2195526457372727,0.01105985233045087
123,-0.42101186807882307,2.525636371930595e-06
124,1.479591304350187,0.048780401976411536
125,2.772416388905163,4.940085768648013
126,0.21939761687554427,1.3913515783947616e-08
127,-1.8409247690961545,0.25343856117520946
128,1.6014572259420135,0.08897334767903398
129,1.967161502467781,0.4147150999365137
130,-2.9592950576178625,7.796965021669368
131,-2.9954268574096776,8.483268863949267
132,-1.1995176360551894,0.009729937986632242
133,2.665803905109632,3.746085151818883
134,-1.9071630624391631,0.3296680694267498
135,-1.8435691327066035,0.256164780616918
136,-1.0894703918288158,0.004611214581186851
137,-1.9728500343384296,0.42366461931084465
138,-2.236469030969464,1.0626360854382015
139,2.446455198278195,2.031642198264673
140,-0.46227938852253425,5.317282769090603e-06
141,-2.9210295678691116,7.121179244802342
142,-2.12913992639747,0.7423153445368236
143,-1.6240325616029982,0.09890609575914
144,-2.254528481751449,1.1265744230196681
145,-0.26058590445304564,5.499633159988804e-08
146,2.8364198663129905,5.798537172955194
147,1.7534600205268216,0.17613441684738315
148,0.43043047207910057,3.01228520060981e-06
149,0.034419691703919675,5.10702591327572e-15
150,-0.12304441906752217,1.366177171391314e-10
151,-1.0897560930165315,0.004620631318623558
152,-0.9863795332174079,0.0021237312017673426
153,-1.9616064664304282,0.40613080660119105
154,-0.5862386072733861,3.5116220845843316e-05
155,0.6415992913987507,7.180331687650643e-05
156,-0.010395262368075642,0.0
157,-2.4746543941572012,2.2055673121164165
158,-0.09198341407500044,1.333466670416783e-11
159,2.330905368164416,1.4340446522204997
160,-0.24016724715946847,2.8660172568528708e-08
161,2.4498224568278637,2.0517847585418836
162,0.31255058650426637,2.3485649069954206e-07
163,-0.9259106368451668,0.0012942765543854096
164,-2.242850076636815,1.084868833832958
165,1.2198731442208377,0.011082340097366972
166,1.5560828308330903,0.0715635698609714
167,1.8999243712767182,0.32048971726643366
168,-0.11160058012109886,6.258338292042254e-11
169,1.2262197319910655,0.011535843327457107
170,0.03839170186958363,1.2212453270876722e-14
171,1.6092739392902287,0.09231126248909866
172,1.3221138410430964,0.020611681325073794
173,-1.9271584636594659,0.3561893919228213
174,1.760639483152282,0.1816111891385763
175,-0.6997061676226601,0.00014258505257447318
176,1.8196139358245595,0.23235442530994513
177,0.9631159151861821,0.0017620792809893704
178,-2.973096449279528,8.053439359452199
179,0.9191673156087998,0.0012221988493416047
180,-0.9999633900480696,0.002363316968068796
181,-2.492535356269337,2.322193293404577
182,0.607534804001709,4.6601884507557756e-05
183,0.8485889040575145,0.0006526934731556633
184,-1.7153193560948858,0.1493379588087844
185,-0.3369574522526184,4.2791440857392615e-07
186,-2.900238615791454,6.774951453585761
187,-1.5098840373397906,0.05691925938384251
188,-2.855601466360266,6.0787938207955285
189,1.3253136298052786,0.020998287518688374
190,2.380098713152182,1.667250589650212
191,2.953942425736794,7.699343955493897
192,1.8531111406913698,0.26621048935565395
193,-2.1867907304564995,0.9023116211886805
194,-1.39979031014238,0.03193978712572998
195,-2.9551438494449602,7.721166399557711
196,1.754307886141694,0.17677378162393453
197,2.912363330325796,6.975113132395183
198,-1.368681638327538,0.02688734482831856
199,1.507157765513913,0.05614205297321101
