,data,labels
0,0.9090118901892277,0.0011202237451634067
1,1.0780598030315636,0.004248433861434697
2,-2.158196208482435,0.8196605640017979
3,2.1284960525821752,0.7406738606395201
4,1.5950211465018134,0.08630299636404432
5,-2.313785032352338,1.359615410597259
6,0.833264935325877,0.0005655401367078428
7,-1.867380180675462,0.2818566967360854
8,1.6223525702246713,0.09813565718400735
9,-0.4678410953152241,5.848156734655774e-06
10,-2.6242350726726498,3.3512598867130157
11,1.1993627138433194,0.009720217932287778
12,-0.759863548178827,0.00027349698624035135
13,-2.0226045765369705,0.5091672384333064
14,2.4407053260236236,1.9976307956812331
15,0.2857789737124836,1.1491420581766221e-07
16,-2.422203987023913,1.8914172684386177
17,1.6519663763429557,0.11249522267184975
18,1.122250696884084,0.005806385743167941
19,2.2144060358792945,0.9886994952212935
20,-2.796076608876962,5.244127716163962
21,-1.9800673350546092,0.4352544563294202
22,-1.8760768857400585,0.29177074380201284
23,-2.535085535219687,2.6206733018134627
24,-2.1686926378918385,0.849223884041648
25,1.2814080984710925,0.01620247508973166
26,0.25419896635566896,4.5108539348248655e-08
27,-0.3069875659717374,2.0349560381216492e-07
28,-1.2592510768626046,0.014163796536043827
29,1.5955301209173616,0.08651164537425238
30,-0.3504129448327884,5.847887213361602e-07
31,-2.2610932720793495,1.1506057461786194
32,1.51977959485097,0.059818266432745404
33,-2.0625749669583677,0.5880430358971969
34,0.4883203979279349,8.223059094869534e-06
35,1.3533560314108461,0.02466209776237044
36,-2.423539918763046,1.898924324486408
37,2.199133691727255,0.9401012499933095
38,-0.06602247378918413,9.39803790345195e-13
39,-2.45309924221747,2.071546764960308
40,0.11271833508098306,6.777567396198947e-11
41,2.529007980830361,2.5761710254585126
42,0.745595504830785,0.00023550079206791086
43,2.9233712374307803,7.1610814805733805
44,-1.4644834536244729,0.04510912539866496
45,-2.8128783467537146,5.469386134072335
46,0.18907067650219478,4.237517781113809e-09
47,0.09109088440722601,1.2334133714375639e-11
48,1.9797285636198874,0.43470449605781086
49,1.9219852294387456,0.34916003131942674
50,1.566917746493254,0.075430238663102
51,-1.9798099052723155,0.43483649202824803
52,-1.8436887083161508,0.2562886445770821
53,-0.5771278386686536,3.101263840077362e-05
54,1.1827211180518988,0.008723663202824694
55,-2.308743234210711,1.338326704316842
56,-0.15154527577352628,7.227887177663206e-10
57,-0.31093508525682,2.2534157262388277e-07
58,-0.07041731033195742,1.5735190928012344e-12
59,2.9840285276369656,8.261542801559132
60,2.607992710724318,3.206761513596966
61,-2.846955620632558,5.951105864540743
62,2.291765659973846,1.2686904932544794
63,-2.0815230932621644,0.6289022895040799
64,1.0890412406480925,0.004597100906920448
65,2.27290253490359,1.194922810726291
66,0.31544135935623885,2.5276141701890964e-07
67,1.3408183643259086,0.022961271844595732
68,-2.0573882443395846,0.5772584414313574
69,0.4323930491104129,3.1234100819066413e-06
70,-0.8442265968145541,0.0006267705419955583
71,-2.4457312943253697,2.027333634483763
72,-2.7941419604298328,5.218694745820338
73,-2.018091530492481,0.5008532025453191
74,-1.409875950754836,0.033743758603737906
75,0.9171887984820857,0.0012017232421629442
76,-0.349649252139852,5.74700687261398e-07
77,-1.3623387309723878,0.02594628677422456
78,0.8282164850945906,0.0005391350356500624
79,-2.955520977588649,7.728027098246433
80,2.052561769990686,0.5673736892612862
81,1.908145128050072,0.3309303087424218
82,-2.643371270166413,3.5284545179151072
83,0.5148889714860241,1.2530397891841183e-05
84,2.1977598500974214,0.9358301278993466
85,2.6839335480093487,3.930068560809447
86,-1.346923549954233,0.023776431106655505
87,1.026102151002009,0.0028908434419051554
88,-0.4979890586590505,9.610486704447752e-06
89,2.738767353493799,4.533132827686037
90,1.25517787507955,0.01381415226860433
91,-2.8018523712326413,5.320672250051672
92,-0.3015143900711794,1.7627748694071244e-07
93,1.50114948785437,0.05446125570736504
94,2.694552319127527,4.041294374822309
95,-2.499058588668632,2.3660074766614216
96,0.979709496306497,0.0020140024707848703
97,0.9980678500806048,0.0023285399815008434
98,1.6176648594965268,0.09601295386977043
99,2.5636433688050957,2.838509201002266
100,1.545979518541733,0.06811213019629125
101,2.346395439276778,1.504311260632088
102,-0.003761226430859743,1.1102230246251565e-16
103,0.7593777893946392,0.00027212072988069824
104,1.0485975968487597,0.0034235966991448263
105,-1.0045625327658034,0.002449572407195566
106,0.2306633654528909,2.075827076897241e-08
107,-2.4269266528426994,1.918067730138396
108,0.03316013278064833,3.774758283725532e-15
109,-0.4795834996988031,7.123114538876152e-06
110,1.814954493677643,0.22794904661903242
111,2.1358176339250825,0.759521417323743
112,-2.7147599056337306,4.260231594329218
113,-2.0435072260214415,0.5492158158856245
114,2.579928948584838,2.969382994350251
115,0.09501692364054026,1.7285617381901375e-11
116,-2.7057219209765364,4.161116649206813
117,-2.270583587637949,1.1861088099073744
118,1.0200503627567379,0.0027604164763972427
119,1.5341959605082014,0.06426765343590907
120,-1.327653530768269,0.02128493490151223
121,-2.2230747306081415,1.0172145333681866
122,2.442586831067752,2.008707177385061
123,2.077368630689522,0.6197441627105127
124,-2.9524183832046127,7.671735438401444
125,-0.7812246295114917,0.0003403302693094634
126,1.8593555972791425,0.2729642517900235
127,-1.4087413342007042,0.03353654350707219
128,-1.0395141147891636,0.003199053305316557
129,2.500746313218314,2.3774554906246816
130,0.8620760837116688,0.0007388233456405713
131,0.7635303164829761,0.0002840825117627066
132,-2.752738938882488,4.69856559326817
133,1.5667058396465467,0.07535293565066353
134,1.2025357903043679,0.00992098202084618
135,-1.8114671962844398,0.2246985812129399
136,-0.7571049658318296,0.000265761062327563
137,-0.3233913664458674,3.0829749464444944e-07
138,-1.74737585961887,0.17160395721802024
139,0.04801795768767647,7.360778653264788e-14
140,-0.3808843476225938,1.1369560781737675e-06
141,2.689940378701591,3.992667989573197
142,-2.0751126849886847,0.6148185709535081
143,-2.8101577260538537,5.432373164144521
144,-0.6263620092899567,5.935451186522833e-05
145,-2.1891801955489365,0.9095254883341111
146,2.768738696965495,4.894175321244789
147,1.8023612662588278,0.21639640326181694
148,0.6564786584247111,8.609594845587765e-05
149,-0.05221627164339715,1.4377388168895777e-13
150,-2.469409295814976,2.172304293924843
151,-1.618360760542569,0.09632557070047987
152,-2.482346343106805,2.2551196915903793
153,-1.150966745904017,0.007064558943523536
154,1.0237790063821839,0.0028401581183388203
155,2.7791604005961537,5.025208820971603
156,-0.9824203474238393,0.002057990980536495
157,-2.7179268946064443,4.295425619447133
158,0.22390361544000204,1.6367562860608587e-08
159,1.7182661245978101,0.15127612457496475
160,-0.04934225152404359,9.14823772291129e-14
161,-0.5501905830533325,2.122066522314281e-05
162,1.2135782228801686,0.010647801977331617
163,-2.5062795540472145,2.4153143464345526
164,2.5482679410907245,2.719417900200319
165,2.249339912700659,1.1078814296061235
166,2.51277394222779,2.4603929636707895
167,2.53616527272879,2.6286465624782176
168,-1.3703326252300052,0.02713704990393173
169,-2.335085133015215,1.4527272437022356
170,-2.185123068386174,0.8973055537110246
171,2.352162045916219,1.5311988847527906
172,2.1378028548152503,0.7647011138920646
173,1.5296673746298737,0.0628404294633772
174,0.35317234412401843,6.225406794513333e-07
175,0.3147326486915265,2.482649086310573e-07
176,-2.1836513358764336,0.8929071229634233
177,-2.645728963424328,3.550818174703273
178,-1.1691544530205005,0.00797775165178738
179,0.18937471508181147,4.292290189944481e-09
180,-0.7417217846633326,0.0002260141390756365
181,-0.774271885778727,0.00031717015664756154
182,2.539954590672891,2.656789612139259
183,0.4376681754618499,3.4400304932402648e-06
184,-0.030581698794109435,1.887379141862766e-15
185,2.0809515877703797,0.6276357110651354
186,-0.8520812428085325,0.0006741128931189166
187,-0.31053451870383064,2.230351378029738e-07
188,-1.1124323455125051,0.005423172183591896
189,-2.499292489963105,2.367591289183413
190,1.6858021145671387,0.13106313718119195
191,-2.2942230720990153,1.2785769303829098
192,1.4574953673596047,0.04349284089281935
193,-2.0770045149096337,0.6189469077466266
194,-0.6606583086611488,9.053171059514309e-05
195,2.6434474453026855,3.5291752230582234
196,1.8141588634326684,0.22720394923565992
197,-1.4019295193451344,0.03231533066640263
198,-1.6293782417825926,0.10139209969247087
199,1.7990327292328079,0.21342754687552698
200,1.42777693573084,0.03716161597734957
201,2.073082281665931,0.6104137745707128
202,-0.05692298746879132,2.8688162956314045e-13
203,2.97711218294163,8.129369862109368
204,1.335405161920331,0.022258729357542306
205,1.1349623697154563,0.006337129445012524
206,-2.86749130472635,6.258115259414838
207,0.5008905547292795,1.0064817734467546e-05
208,0.13246174706890024,2.4639457141262255e-10
209,1.6525247875609086,0.11278235111121476
210,1.409401857676313,0.033657041601838744
211,0.8959249166268606,0.000999754223230398
212,0.5831714670221193,3.368486817478811e-05
213,1.5464667999625812,0.06827525816484736
214,-2.765340735359673,4.852073992663954
215,2.4812923972066425,2.248275356742489
216,2.428066003160959,1.924544184409329
217,2.0552907220017342,0.5729449046994769
218,-1.1596951155764412,0.007490851172025748
219,-1.957109819155958,0.39929285426865285
220,0.14122167413265707,4.1116299254184696e-10
221,0.021496027416366026,1.1102230246251565e-16
222,-0.9171980273508349,0.0012018180561497172
223,-0.8289030871903087,0.0005426620239834534
224,2.2406169139998067,1.077043918273661
225,-0.06335884002367775,6.760147996942578e-13
226,-1.67059678617958,0.12241894086128571
227,0.06102673189104335,5.008216064084081e-13
228,0.3062839822123724,1.9980283694209788e-07
229,2.018459108543345,0.5015260341851502
230,-0.14789104148918986,5.946405590151471e-10
231,2.1475233967293184,0.7904961005691666
232,-2.8956810907933077,6.700961835285204
233,1.3724586692246161,0.027461539977328864
234,0.3117465066252052,2.3007765703741967e-07
235,0.6362860665816688,6.722639036360611e-05
236,0.2421170134668973,3.057245723248059e-08
237,-2.980814008627712,8.199891877729737
238,-0.999633282563896,0.002357228416096313
239,1.4251371751764657,0.036639662224118186
240,1.3413302653450643,0.023028684225151086
241,0.043004974894916614,3.042011087472929e-14
242,-2.8634224313238477,6.19625921751503
243,-0.4622542365024662,5.314980943138536e-06
244,2.454855783311606,2.082205909468538
245,-1.7591060801650449,0.18042942637377984
246,-0.8600003306752884,0.0007249575751612225
247,-1.3889753764022328,0.030098039032389
248,2.4372599629469267,1.9774808954207879
249,-1.5353157109938067,0.06462480261293974
250,1.0043664156495735,0.0024458394049902132
251,-1.6095015549971183,0.0924100416796258
252,-2.646144409459243,3.554771103969449
253,2.7479330446134735,4.64110125867696
254,1.1292109577440117,0.006092020606376036
255,2.074869584393749,0.6142897712937866
256,-0.6638888082631569,9.409527081405411e-05
257,1.4742044134504617,0.047443029400349834
258,-2.3719829908975534,1.6267197686136616
259,-0.7790890567139135,0.0003330649945663122
260,1.118193821798494,0.0056452992767587196
261,-1.7885430529307214,0.20429706562203778
262,1.0619072138695271,0.0037772063068614026
263,2.028075773946643,0.5194028445627452
264,-1.7769637952589517,0.1946064033628978
265,1.8777373405946278,0.29369691580350366
266,-1.2094015488889638,0.0103676675526998
267,-0.6620542097582298,9.205683427593314e-05
268,2.268627302527971,1.1787158809811105
269,2.108845044943454,0.6920294891255192
270,-1.1224657670510088,0.005815035281529379
271,0.7491370324301392,0.0002444751451335936
272,1.6845429410314159,0.13032805532865308
273,1.3166574951382435,0.019966552929223225
274,2.9935823678591778,8.447056812708656
275,2.443964990556074,2.0168530440579424
276,-2.2792770377472413,1.2194361501473905
277,-2.4159076000329627,1.8563703473562247
278,-0.7846742606461352,0.00035235720840076645
279,-1.1027831254054767,0.005068059534031444
280,-1.800137256915992,0.21440885199577023
281,0.5493141837144631,2.0953727505101938e-05
282,-0.44758822288213107,4.112020789426296e-06
283,1.6708761817196427,0.12257327161679654
284,-0.47067894785047226,6.136436809800472e-06
285,-2.7276202360446993,4.404658589453053
286,-2.601474018467048,3.150254116713006
287,-1.0234936639425405,0.0028339860319873678
288,1.391960874528217,0.0305970989323901
289,-2.4129718206891533,1.8402166292906934
290,-0.9005760262659974,0.0010412124482040985
291,2.911953279707843,6.968264214821214
292,-2.5521105134526985,2.7487809796999865
293,-2.776894195817815,4.996469237950198
294,-0.3863073946673792,1.272576578115192e-06
295,-0.22818400191501986,1.9041140331133022e-08
296,-0.38004831849877174,1.117214510459874e-06
297,2.9741928041697445,8.07411067684213
298,0.41962145208303037,2.459958280520702e-06
299,-1.1933861041041505,0.009351575956772218
300,-0.9663782015971512,0.0018093263066767395
301,-1.5301654255012407,0.06299605384356588
302,-0.6425490508407758,7.2649437306338e-05
303,1.6685840893747725,0.12131207380118983
304,-1.316018432857167,0.01989214329725686
305,-1.9081548917953648,0.33094287855786064
306,-2.4129152536035576,1.8399065398971066
307,2.4665876142169694,2.1545847487261116
308,2.953567919234624,7.692551995810377
309,-2.1499562273895103,0.7970657143672358
310,-2.662865368041425,3.7169538764065018
311,2.05232516335273,0.5668928188680693
312,2.1742876000791584,0.8653464603800838
313,-2.717178869828518,4.287091160119601
314,1.5687848968470268,0.07611430834169702
315,1.509960345052101,0.05694114517147575
316,-1.2291524181698705,0.011750750064330573
317,0.790405995590242,0.00037315857020325804
318,-1.4170588952028844,0.03508127487345514
319,2.6167222131741905,3.283759907181119
320,-0.4067049536671883,1.9176099556039716e-06
321,-0.3470705823842444,5.417522470629876e-07
322,-0.21242648813132226,1.0749328205328368e-08
323,-2.3241922945247024,1.4044618558415818
324,1.9441531976459112,0.38013336296193995
325,1.7857139641926159,0.20189228418900415
326,-2.7295044418420207,4.426158481161875
327,1.2169603698043758,0.01087940725154507
328,-0.3408738365632855,4.6923599761328205e-07
329,2.975702694611755,8.102651321630992
330,1.3448806488046454,0.023500937920947207
331,2.212942669885405,0.9839530084161192
332,2.139817840082733,0.769988947417858
333,2.144996275173378,0.7837203399564632
334,-2.5558475843608672,2.777592168782977
335,2.179985246179646,0.8820296497103761
336,2.4029214890011152,1.785806949883354
337,-1.1968290064297822,0.009562434085784666
338,0.8358073735590512,0.0005792581811649988
339,-0.10465682246283503,3.7439717992526766e-11
340,2.113053801618017,0.7022139906176862
341,0.438920827343674,3.5192083120971773e-06
342,1.7582153941070189,0.17974600524350787
343,0.6071069251456942,4.634231217115481e-05
344,0.5888728021805401,3.638756792312403e-05
345,-0.03374750884219502,4.440892098500626e-15
346,2.0587237968082093,0.5800192861864136
347,0.6339718180975371,6.53137175535834e-05
348,-0.9841525314925335,0.0020865326989264465
349,-0.9679698916424053,0.0018327742923370804
350,-2.562015084831996,2.825694042166234
351,-2.660347806086703,3.6921468417054353
352,2.9724588349123975,8.041437679950386
353,2.730557723266628,4.438215187185128
354,0.16928068649185235,1.7509942384918986e-09
355,-2.321634085630965,1.3933244325764143
356,0.9479012526210391,0.0015555736272716558
357,1.1463965359768808,0.006849830903616461
358,-0.411126269949289,2.0901194399680634e-06
359,-0.6143202620074408,5.089107769651324e-05
360,-2.350340891702294,1.5226641875768936
361,-2.1327394830357638,0.7515487348709131
362,0.733129886679369,0.00020615105551680113
363,0.45428951826837416,4.628378626803098e-06
364,-1.4028710045996007,0.0324818089586274
365,-1.0192729536229683,0.0027440371420131004
366,1.6647688674012056,0.11923735698770621
367,-1.7039413542828956,0.1420517684155741
368,0.7565903923572139,0.0002643393007983885
369,-0.6869972968804969,0.00012334738735919615
370,-1.4575485903509382,0.043504960533006676
371,2.4397604661495533,1.9920877922290336
372,-0.7991179529677135,0.0004068196830795401
373,-1.3441649586431623,0.02340507596488911
374,1.8726371585151833,0.2878146921661012
375,-1.6694517018302777,0.12178815826045081
376,1.8276423839197813,0.24011508643748275
377,0.6605745191709045,9.044086887510794e-05
378,2.18929740244886,0.9098805877135717
379,-2.3190561644403687,1.3821764547219924
380,-0.3973654626455372,1.5935590643723074e-06
381,-1.3193191137079743,0.020279042752941845
382,0.35354422095228344,6.277877742100202e-07
383,-1.088811206717841,0.004589551075374176
384,-2.9330405497760723,7.3278254172098025
385,-2.875813551114372,6.386236311775465
386,2.3240291844524394,1.4037495110441836
387,-2.8265153276928188,5.658097627608645
388,1.1337094724349885,0.006283020915990645
389,2.5980816744477364,3.1211788224011503
390,-1.7995604754206203,0.21389593903666326
391,-0.7645643370076263,0.0002871312678336402
392,-2.9429818409113144,7.502618471197859
393,0.7945070383319157,0.00038868951456849654
394,0.5602155719427122,2.4491847117724674e-05
395,-0.4549366535773247,4.68111566498397e-06
396,0.10221366179770808,3.099465128997281e-11
397,-2.1248882666559377,0.7315328322884705
398,-2.126586758339952,0.7358243461794294
399,-2.8420150102722284,5.879149170495609
400,-1.6871156976921309,0.13183375029606043
401,1.8050509471652987,0.21882104521680015
402,-0.39434247152246416,1.4994725533457043e-06
403,-1.202691172191767,0.009930904404976015
404,-2.5090111596940177,2.4341897466935785
405,-0.756067586205349,0.000262901572803953
406,-1.6532992171689131,0.11318158943745527
407,2.3981682034307426,1.7605486230563898
408,2.4883111536781266,2.294185456140006
409,2.128191714622136,0.7398990531182889
410,2.0343067361196656,0.5312714947905829
411,1.650626234885035,0.111808683698357
412,-0.7655063499171617,0.00028993347546035775
413,2.7623406125843513,4.815153692987535
414,-1.3409443051782617,0.02297784126436242
415,1.0180476382704802,0.0027183916720062706
416,1.8045286203350281,0.21834838768665318
417,-1.9042825022942165,0.3259892649315307
418,0.27445055709937183,8.31991067151705e-08
419,1.794223656958982,0.20919940735480916
420,-1.0584756674872566,0.003683143211614115
421,1.086769068502182,0.004522995810063879
422,-1.1153708103268964,0.005535498263437799
423,2.9674700210065277,7.948047273395663
424,-1.3698527262369429,0.027064262461246102
425,1.610983342978141,0.0930553101810978
426,1.3936520038614129,0.030882932136267582
427,2.871394406098906,6.317934071973064
428,1.7000280053060983,0.13961689306172612
429,-0.016554904184584274,0.0
430,2.452426010660357,2.0674735798909523
431,2.6065913456442438,3.1945427266730686
432,1.8420575051623747,0.25460332485011605
433,-0.49113356757367743,8.607433132912234e-06
434,-1.3761838119971135,0.02803813986906961
435,-2.3627750499435196,1.5817403149332006
436,0.8812728484405374,0.0008783685641601258
437,0.12702634409032854,1.7624579573549681e-10
438,1.3140196168657319,0.019660948395635258
439,-0.9599258575211511,0.001716916337875074
440,1.7904608834138465,0.2059410914660959
441,0.15609110857825925,9.154547120360235e-10
442,1.705693995012206,0.14315394497239695
443,-0.27826506999816303,9.289325497707779e-08
444,1.7072898818031996,0.1441638812284563
445,0.6391095053580176,6.962584502001601e-05
446,-1.7383348183460121,0.16505529380165102
447,0.3224131909587138,3.009347113724914e-07
448,-1.9185263635877314,0.34452611780369613
449,-0.9896927364708636,0.0021801360648444623
450,1.7031676639428515,0.1415675287051613
451,2.0185050278584695,0.5016101407529721
452,-0.5712867303482554,2.8607547630121744e-05
453,-1.789824635530106,0.20539443550950826
454,-1.7856375809779867,0.20182769255752459
455,2.890097659662546,6.611235968195043
456,2.107549903364828,0.6889206919209568
457,0.17692162711482062,2.492058337466574e-09
458,-1.8790481448632537,0.29522510415888514
459,2.8634388146780365,6.19650725545512
460,-1.2678405825757715,0.014926198371469912
461,2.4401201684631175,1.9941964553863343
462,2.6454882736206633,3.5485297167538477
463,1.2704449502404787,0.015164234720462522
464,-0.7191095159966006,0.00017699146758354267
465,1.1945522907630934,0.00942254426243122
466,2.1898981931967807,0.9117026283019446
467,-2.3567989249959673,1.5531110414532243
468,-0.16522060661196125,1.4421086547145023e-09
469,-1.5722142455368908,0.07738455828740404
470,0.46632530755138646,5.6990773874554534e-06
471,-0.3829894050360432,1.1880195872615573e-06
472,0.14802569512579922,5.989834184205733e-10
473,-1.567360155041141,0.07559184681109349
474,-1.1197472637596766,0.005706519452605474
475,0.9490501806833365,0.0015703990091362474
476,-0.3346557985321983,4.0514440946548547e-07
477,1.8815060126400045,0.2981087991786665
478,-0.31624516087735177,2.579472495600754e-07
479,1.0250930082511456,0.0028687310279201794
480,-1.420253742195544,0.035690650735582585
481,-2.0565417349726856,0.5755143069507833
482,1.644058207506487,0.10849546374756763
483,-1.2771540273522406,0.015792558484251318
484,0.6143853392980718,5.09338251901692e-05
485,0.7316385350963239,0.0002028627444081721
486,-2.99114721456501,8.399445642920645
487,2.0490687426252734,0.5603095469429314
488,1.5826664438780114,0.08136863403640299
489,2.3908548192096735,1.722272726248581
490,0.8947289488954526,0.0009893283303394895
491,-0.7689199528144801,0.00030028818840321936
492,-0.8939634856954077,0.0009827050170851948
493,0.2928647858520117,1.397306584882685e-07
494,0.12123830377194089,1.2138068328226836e-10
495,2.7902383607956356,5.167691132670366
496,-0.0038709834284733624,0.0
497,0.09095399567143314,1.2186696096705418e-11
498,2.514658518763307,2.4736053668803373
499,-1.4174664470176532,0.03515850944033205
