,data,labels
0,0.5039662026057186,1.0566775670795003e-05
1,0.05668857992664078,2.7766677845875165e-13
2,-2.12849448042881,0.7406698563672558
3,-0.19963718539471742,6.5444281105442315e-09
4,1.1567157695139567,0.007342910190084373
5,0.10290690108323686,3.27163851565615e-11
6,-2.1503262832180696,0.7980690408033985
7,-2.105458008908501,0.6839243368044563
8,1.6550303116949365,0.11407837975893498
9,0.002349603685674051,0.0
10,-2.194885129504791,0.926945876047097
11,-0.6168635657517356,5.258516968975613e-05
12,0.5378685536749028,1.7726946010099276e-05
13,2.9533459659241412,7.688529059126701
14,-1.8708649741080163,0.2857943450907371
15,1.0090202735260645,0.0025357650167219248
16,0.8676485953510538,0.0007771921087330602
17,-0.8333959181453849,0.0005662399105808014
18,2.066749454662399,0.5968462683375554
19,-2.7914073321289283,5.1829208389131685
20,0.7838770008808567,0.0003495452668882404
21,1.6960951142123841,0.13720582104349804
22,-2.4054266213823423,1.7992409176866377
23,-1.5294444960896403,0.06277089403369263
24,1.1900987551923192,0.009154001384915234
25,0.9537727060212573,0.0016326312840744261
26,-2.1741857815912673,0.8650507668559302
27,-1.7953278979372151,0.21016389552876133
28,-0.8065188753568995,0.0004374582713818631
29,-1.6033680483988424,0.08977962751468471
30,-1.2502255613913944,0.013399086283001072
31,0.8778392923157146,0.0008518497909152378
32,-2.731810901623449,4.452595797565966
33,0.6875284665748023,0.00012410362732284685
34,2.793279384136242,5.207388503939443
35,0.38559496987731645,1.2539905975827992e-06
36,-2.655051983275987,3.6404156158035637
37,-2.2105348596513705,0.9761849992148167
38,0.7133942711446246,0.00016617766377180487
39,-2.4152288956109538,1.8526253278054552
40,-2.6537718448308265,3.6280022247678367
41,2.4370140612939233,1.976049309264933
42,-0.7269702475789366,0.00019286272168328455
43,-0.7183909679680545,0.000175599105580182
44,1.1341780974356253,0.00630321237741116
45,-0.8374469238530793,0.0005882570965550782
46,-0.7651608764569677,0.0002889030454497066
47,2.9189836988723714,7.086469235573327
48,-0.6471164610199791,7.684094376847472e-05
49,-0.811487688839748,0.0004591361496180113
50,-0.47200904549286005,6.2757695900028665e-06
51,-2.2838666532529848,1.2373466844873096
52,1.8232638190254065,0.2358556892469695
53,1.9508555617302559,0.38994464614445934
54,0.938337374766804,0.0014368011055645447
55,1.0153001722138981,0.0026616413341901124
56,0.4995125428646179,9.846757489495594e-06
57,-0.8136389687055368,0.00046880754432032656
58,1.186602801303243,0.008947852102173304
59,-2.0831690375521914,0.6325621376116008
60,-0.38361572441300806,1.203594176102385e-06
61,2.5032380298720023,2.394441949357688
62,1.6199548303548044,0.09704494899734861
63,2.8955022816287492,6.698072723312837
64,-2.7951515226120494,5.231953620116757
65,-0.5933145463584042,3.862230713891357e-05
66,1.6421749870696107,0.10756109613755704
67,-0.3027211871682258,1.8198834039750977e-07
68,2.3314878086658757,1.4366358428170074
69,1.2473081247037694,0.013159636122095697
70,-2.843050771370754,5.894173914580124
71,1.1335247319323045,0.006275076446262018
72,-1.8986451260295318,0.31889046760177847
73,2.536900990493475,2.6340910648290325
74,-2.1436381232484907,0.7800991483456595
75,1.5304136033013993,0.06307372432277808
76,2.824165826225795,5.625203046890501
77,-0.48440436738467607,7.712971649032063e-06
78,0.7876839171978305,0.0003631503430485683
79,-1.2625704175362222,0.01445434300866999
80,-2.7116976896399354,4.226431302798058
81,-2.147363663717946,0.7900663622033728
82,-1.0758364316588185,0.004180697002585498
83,-1.1761177123668722,0.008353409716875426
84,1.046192332606453,0.0033628504213564225
85,-1.6940958956628511,0.13599387445077898
86,1.3403636255918627,0.02290152962619879
87,1.824532745377211,0.23708341283909573
88,0.8676582215630333,0.0007772598572015621
89,-0.3772537042585813,1.0533802871082187e-06
90,-2.795444260205766,5.235803481102758
91,0.14107789100340895,4.078275495089656e-10
92,-0.3011121454661869,1.7440910282662259e-07
93,1.8383708783878783,0.25082907340946786
94,1.1792799868602053,0.008528989607186288
95,2.0343636669490914,0.5313809851865019
96,1.9151234519874825,0.3400182120905331
97,0.4883470148489879,8.226624449547693e-06
98,0.6105734321363201,4.848200435580985e-05
99,-1.8515195911138118,0.2645120304472047
100,-0.6630059200402556,9.310943253493242e-05
101,1.5584887379641739,0.07240717957429815
102,-0.546530317642028,2.012513155658091e-05
103,-0.8573083024088866,0.000707312116944081
104,-1.6963573884529295,0.13736549597725595
105,2.2904131500711022,1.2632767119522232
106,1.9472536563790577,0.38464562812712066
107,0.19760269061138125,6.0300099358201464e-09
108,1.8730124850848586,0.2882441300690426
109,-0.5667684714905299,2.6860343565360267e-05
110,-1.981690364347417,0.43789746408607155
111,2.150174724991418,0.7976579945484534
112,-2.704264674293044,4.145317641081132
113,-2.1429857879294394,0.7783648798492164
114,0.6357596608445659,6.678709361229718e-05
115,1.4288212633199588,0.03736986362397682
116,-2.11731707864245,0.7126592690168956
117,0.6348212035160135,6.601013272489187e-05
118,-2.175619135506948,0.8692212634838641
119,0.8984502989638319,0.0010220830598545172
120,0.41493423975892973,2.2494088519620092e-06
121,0.02786296053326387,9.992007221626409e-16
122,-1.0958089719679505,0.004824081212352227
123,-0.039500693880452076,1.532107773982716e-14
124,-0.09499569208332082,1.7254642159514333e-11
125,1.82336575631229,0.23595411637791522
126,-2.177172438929569,0.8737599111086456
127,-1.5978530013575367,0.08746937347649136
128,2.3032478556310902,1.3154429983686158
129,-0.980591225034269,0.002028219835820466
130,-2.780938805886213,5.047858728719039
131,1.5026399303728004,0.05487412636809963
132,-2.268475479412574,1.1781437581862004
133,-2.5650733758535207,2.8498039653355964
134,0.7590584886122378,0.00027121936860330376
135,-0.8418240240837207,0.0006128789440595916
136,-1.6901392673271602,0.13362223304248622
137,-0.5196909364989764,1.3489794476351236e-05
138,-1.5220967404672066,0.060515081980599905
139,-2.9339556569342786,7.343772215799661
140,2.923444737423785,7.1623369345656815
141,1.3914574638038237,0.03051245317927226
142,0.8666979987465346,0.000770527091865647
143,-0.8089957134769801,0.00044815029072908796
144,-0.1275677301999072,1.823430295644357e-10
145,-2.916427617295467,7.043301160208199
146,0.7618409204286092,0.0002791619765846187
147,1.6071223810402575,0.09138199392396962
148,0.47578834223833333,6.686849289616603e-06
149,2.060898496736927,0.5845387159128367
150,-2.65931021420063,3.68196319843616
151,1.6518875107085513,0.11245472125425499
152,-1.6606526328156048,0.11703299938824491
153,-2.534586257445243,2.616993271423826
154,-1.9832703961481402,0.4404835071946328
155,0.02401101774131753,2.220446049250313e-16
156,-0.9791992328634751,0.002005814285984009
157,-0.288457028762799,1.237981420709744e-07
158,-1.0589841406692366,0.0036969518604202944
159,1.2986400488603538,0.017958107944892
160,-1.2229291292460625,0.011298751632594584
161,2.873364095529503,6.348301950595836
162,2.492649596939562,2.322954710176943
163,-1.6351037926001537,0.10411379364325035
164,2.3777280482875494,1.6553244494593828
165,-1.4175846532879226,0.035180937841572
166,-0.5959101840450542,3.9982851048336876e-05
167,-2.608681354683974,3.2127802582910294
168,-2.2115289480879055,0.9793858072712606
169,1.5046071229795803,0.055423167397115836
170,0.9366204249477166,0.0014163332404721896
171,0.783750486692461,0.0003491008489590053
172,-2.6631473870800217,3.7197414371374387
173,-1.453935472937673,0.0426887499010446
174,2.039107944754707,0.5405726495148887
175,1.6000664011537395,0.08839038391922788
176,-2.625562639467373,3.3633073780903904
177,-2.245578792106759,1.0944951319182898
178,-0.4547505256223676,4.665894052124919e-06
179,2.474740897130096,2.206119451691552
180,0.1383826212382897,3.495345124449045e-10
181,2.6900874671249397,3.9942112434714017
182,2.681221789956223,3.902078309678699
183,-1.7869935924680487,0.20297699120533413
184,2.1004623139338676,0.6721162000176113
185,1.6997561919802742,0.13944910228612056
186,-1.027165560561206,0.0029143045012005597
187,0.4996270323467362,9.864716198459966e-06
188,-0.5167893313321179,1.2902706167383649e-05
189,0.035629824787247966,6.661338147750939e-15
190,1.8523047468771594,0.26534877261604817
191,0.47682787684888206,6.803962314338996e-06
192,-2.4047037474443798,1.7953557656941
193,-1.6106775125077861,0.09292181684354417
194,-2.3192684456208763,1.383091599978815
195,2.422506353319635,1.893114182089823
196,-0.2869339013114218,1.1867462790249306e-07
197,-2.1491552972608754,0.7948978121386271
198,-0.22456341799309154,1.675692939961948e-08
199,-2.7678280587211743,4.88286255948062
200,1.7408845365341472,0.16688018047488876
201,-2.031129367039668,0.5251909216721482
202,1.9545984192844035,0.39551649799288147
203,0.8096544867002216,0.0004510320357513642
204,1.1907034055710781,0.00919006897006125
205,1.9006149582194114,0.32135588217096955
206,-2.772668702505543,4.943248656433514
207,0.31758243162357935,2.6678105358168835e-07
208,0.49363201038582716,8.961858576239656e-06
209,-2.580320538453305,2.9725910205461097
210,-2.208733722549811,0.9704080911327935
211,1.956341381419386,0.398134132730462
212,-0.588043863949876,3.5983238290682173e-05
213,0.20775148222001505,8.998084499722836e-09
214,-0.3536238218394194,6.289159319994297e-07
215,2.861832084194977,6.172221313702444
216,2.509636063754483,2.438525171338534
217,2.6545421322860543,3.635467385945727
218,1.8101904606702277,0.22351845683673918
219,1.4404742027367892,0.039762386519505366
220,-2.2729301021541497,1.1950279209084937
221,1.8387565929533984,0.25122171373930624
222,-2.044860428007415,0.5518978263143545
223,-2.0972290933704776,0.6645661928726624
224,-0.11906578578586657,1.0503853342669345e-10
225,-2.527489003914323,2.56514795477317
226,-2.5541077494122697,2.764147489101976
227,0.6528998607052312,8.244953803238086e-05
228,1.1554976965687471,0.0072831568674475156
229,-0.3062855348831679,1.998109212530963e-07
230,-2.9108790632010155,6.950348549521809
231,-1.6258241269778537,0.09973339166657863
232,2.5856084419744283,3.0161961635725927
233,-1.18754441723968,0.0090029790252516
234,-1.7217698628805422,0.15360850137526796
235,0.5845089247267552,3.430264302284325e-05
236,1.0415782887851979,0.0032489273006041097
237,-1.5080642772948711,0.05639946602129764
238,0.885825584751105,0.0009146345664592381
239,-1.2794106960342173,0.016008881067085534
240,-1.2394317469554053,0.012531509717092604
241,1.5065457551377115,0.055968836419127366
242,2.110766318085288,0.6966630584563429
243,0.04976596314598147,9.792167077193881e-14
244,0.013951965478315564,0.0
245,-1.1246879109357044,0.005905057829494242
246,2.459900489429221,2.1130747416391276
247,1.7115343629985595,0.14687957277199915
248,2.7256254139288405,4.381991638511978
249,1.8343779465391972,0.2467950114347705
250,-1.1081077829393395,0.00526144594091793
251,0.09898369282779207,2.397460008296548e-11
252,2.8122111962123553,5.460290402960612
253,0.9492911747259356,0.0015735242112513426
254,0.7817376636711835,0.0003420960130092743
255,-0.9566319779861558,0.0016713399519235894
256,2.3325622032279894,1.4414259974951873
257,0.17756244660292708,2.5651332169474017e-09
258,1.1511765467297037,0.007074554278711398
259,2.280273976465848,1.2233079300366956
260,1.3879527948873491,0.029928718949243927
261,-2.4761963238092926,2.215426693043734
262,-2.6335906467186945,3.4369352414225
263,2.5564424064566786,2.7822012390563975
264,-0.9722905047294255,0.0018977561753291683
265,1.5248559328832156,0.06135389022228388
266,2.6559029843423785,3.648687337337346
267,-0.3961315587776668,1.554550547178124e-06
268,2.0871038631567203,0.6413845018905495
269,-1.9598523268753993,0.4034516075065544
270,0.878933739202846,0.0008602261347485651
271,2.238400951799421,1.0693263435918878
272,-2.189002882590517,0.9089885090810655
273,2.7439805055274666,4.594281453474998
274,1.1831048733472915,0.008745609044629954
275,1.1957174983313745,0.00949391666720506
276,-0.9130205004469474,0.0011595573420228877
277,-0.1744433844131974,2.226304474106655e-09
278,-0.7509483044950214,0.00024917888053821446
279,0.6368604479704167,6.770859410532015e-05
280,-1.9823742884889786,0.43901526095241117
281,-1.6211803308554162,0.09760111530519167
282,2.008315567153831,0.48323720163404255
283,-1.1039347427557726,0.005109355937047422
284,-1.9563313912954414,0.3981190874946875
285,2.9480607939705363,7.593250737490232
286,1.1123039918857796,0.005418310971067042
287,-2.3469195798133646,1.5067386183803249
288,1.0867085094494522,0.00452103494395506
289,-1.7347592894326669,0.16252488034598014
290,-2.418054268234682,1.8682573198444314
291,-2.4215350630466697,1.887667729838773
292,-0.8687697774508543,0.0007851174613607848
293,-0.8793126427391575,0.0008631426864641467
294,-1.26686419493188,0.014837791102711106
295,-2.025595717295846,0.5147417356662909
296,-1.173120730165004,0.00818989619836813
297,0.20087280230037807,6.87523993292416e-09
298,-2.148089865968939,0.7920216949978098
299,1.368669330221426,0.0268854907207145
300,0.719014364120595,0.0001768065374497807
301,2.029006506981313,0.5211612955751758
302,-0.39934969334287373,1.6580824926393234e-06
303,-1.666616758953717,0.12023842444179314
304,2.2677362493089834,1.1753614204791034
305,1.445754073560364,0.04088896914041951
306,-1.0664824632149537,0.003905848436318138
307,1.1538403582082655,0.007202529777324607
308,0.46881274375653836,5.9454999272734455e-06
309,0.8399125999350314,0.0006020189589369673
310,-0.5971735749739873,4.066006051828275e-05
311,-1.9742871590729274,0.4259513113506508
312,0.721235379702831,0.00018116727053685278
313,0.48433921246430556,7.704723952839387e-06
314,2.158985256495413,0.8218522955879363
315,-2.003904058012295,0.47546135369079334
316,0.8164498980862351,0.0004817109832058186
317,0.4415511763380122,3.690664256872367e-06
318,-2.9454660991966715,7.546836024847503
319,-1.4422307170318371,0.04013418434256122
320,0.1431544593627061,4.583723400841677e-10
321,2.431060610144786,1.9416541585998117
322,1.4976729063566294,0.05350853536476763
323,0.35584046503114,6.610516974925318e-07
324,-2.2754511434231954,1.2046732856807956
325,2.009267215469194,0.4849286516642509
326,2.3383079041545702,1.467271695605315
327,1.3773653618219157,0.028223187265909555
328,1.6604296546320194,0.11691458879750499
329,1.1726535733385877,0.008164659008655206
330,-1.0466942337322067,0.0033754485989880845
331,-0.8661760024549299,0.0007668883186908726
332,1.4763613717926054,0.04797470050431252
333,0.4382143881602336,3.4743622157051846e-06
334,0.3138905570977846,2.430131699204807e-07
335,0.9986698474954423,0.0023395363090679133
336,-0.7814266480454357,0.00034102462169838255
337,2.9498130283258774,7.624729527051269
338,1.5058692948311947,0.05577791175375357
339,2.863451204397622,6.196694836736929
340,2.7607001287530863,4.795064856692715
341,2.23161242728768,1.045973263461323
342,1.8018869860493352,0.21597123863271403
343,-0.21316344246054353,1.1050964587866474e-08
344,1.981602103076165,0.4377533868869377
345,0.038196241537741926,1.1879386363489175e-14
346,-1.6968939964786656,0.13769268188087166
347,1.1411355870043876,0.006609650395671407
348,0.4169910961069734,2.3397798732949227e-06
349,2.943928829126852,7.519448489020709
350,2.6684124970820076,3.7721052204462864
351,2.968759196746432,7.9720936245031355
352,-2.1284063253927687,0.7404453548836396
353,-0.8151857217225857,0.00047587015395200716
354,0.14409811731687405,4.83096784797965e-10
355,0.8258894576431794,0.0005273290954328491
356,2.458326845838383,2.1034045952566327
357,-1.9069935563538738,0.32945061909315415
358,-1.2605175377041333,0.014274052136175386
359,-0.7170821383801185,0.00017308741209898226
360,-0.3322007734404364,3.8203108843060107e-07
361,-0.7400126629639825,0.00022193540780413024
362,-1.6194488164178862,0.09681609718700002
363,-2.535418958044172,2.6231332780130856
364,-2.9727825283919,8.047528631291122
365,1.328245357685157,0.021357967304334424
366,2.0330174251464506,0.5287969775709425
367,0.8965911459827871,0.0010056033532895858
368,-0.6814384219890908,0.00011567058330053115
369,-0.9392011479071152,0.001447194832707277
370,1.953154451358425,0.3933589707272644
371,-0.04611991556832207,5.3290705182007514e-14
372,0.3288661382244866,3.5248602459070355e-07
373,-0.5049252122297876,1.0727692771883568e-05
374,1.592935596316238,0.08545253403411274
375,-1.7143303861621861,0.14869225247485343
376,0.6167669904930535,5.25199546046462e-05
377,0.6803228740185716,0.00011418118610095895
378,-2.0133179316201772,0.49218457182844705
379,2.276718734041686,1.209547733619816
380,-0.44895171093951625,4.2127992079254994e-06
381,-1.4072621415998834,0.03326804035681963
382,1.343136160275245,0.023267864569047947
383,-1.43776092841024,0.03919388387557293
384,1.9371118852497897,0.37005226632612676
385,0.7996303355753183,0.00040887903901198897
386,0.8541920469774062,0.0006873528243575011
387,1.851123000454331,0.2640902362764666
388,2.9217847766165352,7.134027775915933
389,-2.677725459050646,3.866235953493673
390,0.3788998077454466,1.090582736451573e-06
391,-2.054350202836427,0.5710196101862459
392,-0.9789500750783464,0.002001826550942609
393,-2.5418367059799802,2.6708615423868634
394,2.8577715529647447,6.111199287966498
395,0.4929390145180088,8.862297523393181e-06
396,-2.565465946823077,2.8529112236416005
397,-0.7733866238556448,0.0003143220399550728
398,1.9589630180630984,0.40209904984622147
399,1.610775392603033,0.09296452314745834
400,-0.3662151573314478,8.313057037190319e-07
401,-2.3011537908650705,1.3068100550851562
402,-1.3507813207673618,0.0243042480834888
403,-1.235240905648998,0.012207961447785687
404,2.549742601666993,2.730655313117408
405,-1.2239102165865532,0.01136899629454552
406,-0.35137790646497624,5.977564822012837e-07
407,-1.8810224712995978,0.2975396011437695
408,2.4310351499712857,1.9415081530091831
409,1.8442234068856882,0.25684314226142313
410,2.658923641886476,3.6781751213532825
411,2.097071142864225,0.6641992016111916
412,-2.141824821387906,0.7752864415132323
413,-1.8115745967933907,0.22479809596129222
414,2.7459996048331305,4.618149164879538
415,-0.4896755335141325,8.406303706909313e-06
416,2.5333016652260554,2.607544816758022
417,2.5309240590032713,2.5901324191531585
418,-0.23945657096315287,2.7989644379999845e-08
419,-2.679037406876316,3.879652880946951
420,-2.648907757041777,3.581157866389574
421,2.5309446303120637,2.590282654139182
422,2.895304402995408,6.6948767061044805
423,1.9337075520457878,0.36526019156615436
424,0.8116710787714125,0.00045995378896346306
425,0.427140649195632,2.833741795993383e-06
426,-1.340817576520863,0.022961168229309048
427,1.6944156505264916,0.13618709720068078
428,2.8033939241385175,5.341258872778642
429,-0.5465577409860032,2.0133152387469266e-05
430,-0.8227987251773725,0.0005119962733457495
431,-2.6906171810485726,3.9997731411501602
432,1.124414267051991,0.005893907469297854
433,0.4322440648555679,3.1148505316158648e-06
434,-1.7311950279937538,0.16003542781836447
435,-0.08044640886377152,4.565015032653719e-12
436,1.1673847192775675,0.007884635389618033
437,1.8526069913444108,0.26567147443133476
438,1.242384735685393,0.012763906642751788
439,1.4869697883229236,0.05066459884191393
440,-1.060280630279858,0.0037323636515251835
441,0.8172770452484892,0.0004855662507402547
442,-2.5620026791603845,2.825596591568977
443,-0.057812108102576865,3.249622793077833e-13
444,2.358115637448031,1.5593811763902672
445,-0.27909709193795473,9.51342910004982e-08
446,2.9225295136729352,7.146717055357402
447,1.3397956250070369,0.022827095259468688
448,-2.6289075710091625,3.3938229561177895
449,1.7666408491711403,0.18629994538107622
450,2.424620466658533,1.9050145790979947
451,2.478803514700976,2.232181656418274
452,-1.0719594796217005,0.004064815558511681
453,-2.9145014133792064,7.010915636890183
454,-2.639812635371122,3.494922633408964
455,1.6816700617249198,0.12866408260792647
456,-1.1216083432958066,0.005780618187669173
457,-1.0277352975372145,0.002926941787775972
458,-2.771120520142727,4.923867956576749
459,-2.9604306023325844,7.8178069750693675
460,2.3280087648851815,1.4212164152576066
461,-1.5457712207717844,0.0680424999058119
462,0.7723801740471647,0.00031111107042558483
463,-0.667979042817259,9.878203945812292e-05
464,2.115103633856384,0.7072199339252006
465,-1.1213099126689734,0.005768680517712732
466,2.782680059498629,5.070117962498598
467,-0.6739549563955372,0.00010599472286743072
468,-2.5684000641953673,2.8762251892558304
469,0.014691668276320513,0.0
470,-1.217982405714869,0.010950244312576574
471,-0.20089561020489377,6.8814813847239975e-09
472,-1.3798092704762785,0.028609271425078853
473,0.08482775394887909,6.976863531349409e-12
474,-1.3975663244278445,0.031553341985252725
475,-0.37997109308367083,1.115406151108722e-06
476,-1.1051020717626183,0.005151512326304397
477,-0.8043018155002599,0.0004280764275048643
478,2.542516307206437,2.6759580087766155
479,1.4487640136279039,0.04154338477576275
480,-0.7120293335710111,0.00016368183769599476
481,-0.9530428029349194,0.0016228753490773462
482,0.960255370540311,0.001721534428016147
483,-0.8296308918538795,0.0005464225363271957
484,2.4410346692192473,1.999565921912175
485,-0.10859062486592919,5.0291548703285116e-11
486,0.725051269055494,0.00018887817848467492
487,1.4686919118198656,0.0461071485399297
488,-2.3519075184102993,1.5300036489719924
489,2.8715529560025344,6.3203740405373345
490,-0.6443472551892926,7.427523787784107e-05
491,-0.45566885039638283,4.741416558706746e-06
492,-2.526967752171667,2.5613744025648084
493,-0.8357711140287303,0.0005790605247920633
494,0.1460558577596327,5.38139421912831e-10
495,-0.5700863972302592,2.813398106427112e-05
496,-2.921556468518494,7.130141485581999
497,-1.327544196234581,0.021271466385035687
498,2.405174341878814,1.7978842170040985
499,-0.17538949852244112,2.324678449738826e-09
500,2.5117356222125604,2.4531388144701554
501,-2.7281618159295213,4.410829380026233
502,0.3294583995171938,3.5758269845143076e-07
503,2.013708989875038,0.4928899031989155
504,0.05985009142037079,4.2865710980777294e-13
505,2.7448997830926256,4.6051353996585505
506,2.7548220954107485,4.723657916302045
507,1.2176062274312125,0.010924125362835102
508,-0.46001867621349657,5.11383259194087e-06
509,1.9554932208065159,0.3968585095745537
510,-1.4477838007703987,0.04132928897032184
511,-2.3978950712667313,1.759106401854867
512,-1.879654254671411,0.2959340120872215
513,-1.1726280373201756,0.008163281415106804
514,2.1436518843751085,0.7801357681563398
515,0.09330294807432615,1.4943490889152145e-11
516,0.2752608347676051,8.518082939001914e-08
517,-2.863882075612095,6.203221204751535
518,-0.8090667734023542,0.000448460364093628
519,2.408903386376865,1.818025923878725
520,-1.8402336469393186,0.25273012588407706
521,-2.5059202788463013,2.412840910809924
522,0.9982143094383376,0.0023312111372032485
523,2.1696375544064255,0.8519288426763119
524,-2.3085103923198744,1.3373503596165777
525,-1.765675421364013,0.18553878918200278
526,-1.5327596555905538,0.06381201370481987
527,2.4020017421907403,1.7808959300972618
528,-1.733353545541451,0.1615391273645753
529,1.272585554746442,0.015362325342897942
530,0.02782436064126248,8.881784197001252e-16
531,-2.229728775195857,1.0395700785892554
532,2.0574290182057604,0.5773425640287926
533,0.634285692170045,6.557031495324495e-05
534,2.7917857716090797,5.187859279274705
535,2.474529969006813,2.204773322482653
536,-0.7853449027238839,0.00035473777842975895
537,-1.655946134189584,0.11455526938068766
538,0.825381179981985,0.0005247805046321163
539,-0.24241943720870385,3.087884503649718e-08
540,-2.4838988416642263,2.2652334594304118
541,-2.6133641796611737,3.2539593855988507
542,-2.391639731625336,1.7263469099966635
543,0.4410669693153295,3.658565000064229e-06
544,1.2488739722482176,0.01328769111516559
545,-2.3122611949209344,1.3531512592656034
546,2.250566774655373,1.1122777116081042
547,0.1979161780337373,6.106891325963204e-09
548,-2.487098544378636,2.286198002256517
549,0.4198944602085186,2.472735164071871e-06
550,2.007682460761732,0.4821146952235826
551,0.7727979505873348,0.0003124404614732734
552,0.806171025025824,0.0004359745728774733
553,-1.6712724409882052,0.12279243964503936
554,-2.5244175667642064,2.5429795703978106
555,-1.7304005776788,0.15948499808453415
556,-1.5225470894424855,0.060651315565537045
557,-1.4048954751294556,0.0328422833220649
558,-1.7166897452228933,0.15023664831588515
559,0.4942849269472287,9.056553230468722e-06
560,-2.1028579110957057,0.6777568929104366
561,-1.379142817812826,0.028503539036391745
562,-1.4468705082587408,0.04113066251736558
563,-1.1531189761850942,0.0071676771170636755
564,0.30354067846149135,1.8595796291709377e-07
565,-1.4787505678491037,0.04856957275969209
566,-0.6479043495878472,7.758489555409476e-05
567,0.5748672107677812,3.006169503982914e-05
568,-1.6407082155636499,0.10683812157418682
569,2.1278023818275695,0.7389088574137198
570,1.0610581383876383,0.0037537406643114446
571,-2.957441629775282,7.763046323247823
572,2.4230662895699666,1.896259983093103
573,-0.4292926180231369,2.9494520676909275e-06
574,0.4982152620225482,9.645251728307436e-06
575,0.9272874986209629,0.0013094382863471088
576,-2.00080426886466,0.47006121201409024
577,-1.3800348228711499,0.028645131464111295
578,0.6491206025554481,7.874564413434815e-05
579,-0.34818804754241484,5.558219376977647e-07
580,-1.5534824979797723,0.07066126105933934
581,1.2854401128246797,0.01659942104129808
582,1.649268212956808,0.11111663844050018
583,1.371031403472081,0.02724333617808744
584,0.3983395951695048,1.6249564916970272e-06
585,-2.1682351271358997,0.8479168010129708
586,-2.080878501291881,0.6274738914756652
587,1.7747209244529412,0.1927753408676923
588,-1.50532846690589,0.0556256698407494
589,2.200412473859452,0.9440916065296947
590,-1.334310029037929,0.022118871700452847
591,-1.7927784227631571,0.20794277675927159
592,-1.5378968572575682,0.06545455100281145
593,-1.1052645210596812,0.005157402713845904
594,-1.898232500943009,0.318376071608079
595,-1.6306251127553988,0.10197957364985077
596,-1.602646136681725,0.08947428254514816
597,-2.6586984072523228,3.6759695181085035
598,2.7449223360748096,4.605401952478065
599,-1.1902863833367712,0.009165180367211534
600,-2.29102869452699,1.2657381760531432
601,1.6709875458140013,0.12263483249617085
602,-1.491857772982425,0.051946881855325144
603,2.887696208374118,6.5729537248928835
604,0.14598652585818783,5.36100275283502e-10
605,-2.202391832275455,0.9502962325193189
606,1.1123686847273815,0.005420760650172052
607,-0.6064584469574434,4.59513157482494e-05
608,0.884917105229047,0.0009072958152366306
609,-0.2184253886375087,1.3428422485084468e-08
610,0.12044520796391467,1.1517420350770635e-10
611,-1.5345071401928918,0.06436673549154237
612,-1.3347857161468146,0.02217952777764226
613,-2.7747323930592476,4.969181647940947
614,2.5736531326161067,2.9183637160427884
615,0.8702859737303301,0.0007959466319336084
616,2.277630702416407,1.213064920858697
617,1.4340878877084835,0.03843540888893465
618,1.1077537301872917,0.005248392022412229
619,1.7379830755150838,0.16480488430678658
620,-2.5124398850002696,2.4580571370779825
621,-2.379816984542324,1.6658295235104736
622,-0.07372694838107474,2.272071419895383e-12
623,0.6462358378516768,7.601679081392643e-05
624,-0.3055790449582445,1.9616184598891806e-07
625,-0.2602883133834091,5.4496726575870014e-08
626,0.19843729683934352,6.236591465480501e-09
627,-2.7402073603619215,4.549955299002878
628,0.22223743675267738,1.5419315602116512e-08
629,-1.501285449820316,0.05449880812657193
630,2.1961339757035674,0.9307966229678865
631,1.9653570041326027,0.4119098688240743
632,2.3729967886898784,1.6317370620156124
633,1.465893659706122,0.04544146632973134
634,-1.186001506110042,0.0089128018921929
635,-2.9806887737063734,8.197497782689062
636,-2.6339266776421093,3.440046268751382
637,-0.6586157960879726,8.83397877733394e-05
638,1.2358990519507103,0.012258290823729812
639,1.922397322351916,0.34971563050535337
640,2.362953051515782,1.5825998079625048
641,-2.857949010477742,6.113855583245977
642,-0.719516841981187,0.0001777850203279474
643,-0.06909321550107306,1.3519185770860531e-12
644,0.13603108831990163,3.047692098689936e-10
645,-2.2560520054751114,1.1321134633101546
646,-0.1725901951294473,2.04411521043113e-09
647,2.4049238141642064,1.7965377875288486
648,-1.4914446729788071,0.05183744625556658
649,-0.12015407154618085,1.1296652502323923e-10
650,-1.156509246083604,0.007332749351471657
651,-0.8889490336425543,0.0009402605647009787
652,-1.7535543505431628,0.17620545236856322
653,1.9698824757297793,0.4189756802701632
654,-1.9573307067225223,0.3996264576773537
655,1.5638392500186669,0.07431385465101509
656,-1.967418632682933,0.4151161439173523
657,2.8010054375146742,5.309390106062455
658,1.9815525996263696,0.43767259532432634
659,-0.7171930963091597,0.0001732991245709803
660,-1.6742355774684847,0.12444195851856257
661,2.634226628900098,3.442825254445849
662,-0.951223330603812,0.0015987758891510273
663,-0.593336349375658,3.8633565240364653e-05
664,-1.916093030586575,0.34129750188672864
665,-2.151425821717634,0.8010564960312333
666,-0.5628798712662242,2.543188896164672e-05
667,-0.33456155761222606,4.042351118282994e-07
668,0.25927072170946985,5.281821646718754e-08
669,-0.05201834562097751,1.3955503419538218e-13
670,-0.697255273690466,0.00013868414180606692
671,-2.135062106827976,0.7575579507904738
672,-0.8255983580306703,0.0005258681597729575
673,-0.727760729869543,0.0001945252193820135
674,0.3438222385046452,5.026048657263971e-07
675,-1.2377117943033256,0.012397839800070809
676,1.4301562441698623,0.03763752826335631
677,0.8915455411271211,0.0009620354134479703
678,-0.11842691030449082,1.0061507182967944e-10
679,1.2663257405908954,0.014789229906490176
680,-1.2628195052811724,0.014476351642451979
681,-1.2145990993069407,0.010717257866601049
682,2.366689445723088,1.6007320816915795
683,2.3514226998567436,1.5277291596741591
684,1.1822026343436942,0.008694088141798562
685,1.0998295529742403,0.004963462466865076
686,0.8296930717410507,0.0005467448624165705
687,1.7377423985189315,0.16463373041874665
688,-1.2578813159299276,0.014045374714317438
689,-1.5990472841155094,0.08796529767137284
690,0.40512343005732365,1.858996701020743e-06
691,-0.1169361790598491,9.092149255707227e-11
692,1.3782686598959808,0.028365363596160154
693,1.3599125659511264,0.025593895862641214
694,-1.7302280684561733,0.1593656897104391
695,-2.8599681271859065,6.144146835694379
696,1.7207174820269264,0.15290475037847728
697,1.5327454462012913,0.06380751991095718
698,0.5999767741675202,4.219845593689264e-05
699,-0.4802599305877382,7.203426491408926e-06
