,data,labels
0,2.112559912470969,0.7010123393409309
1,-0.2776119989106598,9.116668886477441e-08
2,-1.735735487955846,0.16321243498147184
3,-0.21557510306994,1.2090449197366127e-08
4,0.6163526241148438,5.224094172684435e-05
5,-0.46407098268710234,5.483499014080628e-06
6,-2.3427666032333683,1.4875957142589862
7,1.2778206927752214,0.015856200877760518
8,-0.8032836958307215,0.0004238270223635432
9,-1.1272031634084203,0.006008405438229669
10,2.869932827338001,6.2954783873155105
11,2.9719634986496546,8.03212435064069
12,-0.39262480881150363,1.4482051764463932e-06
13,2.073606817068815,0.6115491466313965
14,-0.49302507334110146,8.874608653841598e-06
15,2.38281666629811,1.681012610802543
16,1.5033160874079874,0.055062312786254286
17,-1.3804886614554166,0.02871740326318889
18,-0.9091439216450885,0.0011215005914294585
19,1.9819939706529333,0.4383933762480863
20,1.7902491316915654,0.2057590197781156
21,0.8850308048796309,0.0009082114802699826
22,-2.344975956567449,1.4977539725669209
23,1.2381935816714993,0.01243515843570936
24,-2.399947120909489,1.7699661756314244
25,-2.1779415976757646,0.8760147340063447
26,-0.5338898634198497,1.6711667299107447e-05
27,-2.9278191970776497,7.237388029649385
28,2.359076535176248,1.5639703560221943
29,1.1930145366972926,0.009329061333244126
30,1.4626595578678359,0.044682384723466195
31,2.674842347086681,3.8368873984050498
32,-1.699100206938062,0.13904487014771033
33,-1.8580400349098045,0.2715294120352052
34,0.6938995875500655,0.00013349398941664425
35,2.9022806068391738,6.808322501163737
36,1.8418893539492123,0.25443013209782983
37,-2.561564481245969,2.822156209326679
38,-1.6623847134876242,0.11795629792349566
39,-1.472655652848494,0.04706439771017301
40,-1.6848102385564536,0.13048380371375806
41,-0.6092475403116842,4.765364718750664e-05
42,-2.872296010120518,6.331819576311989
43,0.9711027875322031,0.0018796969990085843
44,1.4329252060941045,0.03819795863113773
45,2.7858510740222435,5.1108649316019275
46,1.245587031171235,0.013020113624346408
47,-1.7760656985246395,0.19387143412682215
48,2.9563730603747116,7.743546843246042
49,-0.2502485262925216,3.980401963588065e-08
50,-1.532012256674224,0.06357601237816385
51,0.9604338520926259,0.0017240403211310484
52,-2.39352496956287,1.7361655623105399
53,-2.3867741314922704,1.701221358042757
54,1.4278650842729412,0.037179154948754845
55,2.9980221527168034,8.534439866381392
56,2.679155835383243,3.880865929404831
57,-0.07198106051776687,1.875721800104202e-12
58,-2.4791340734908323,2.234313545829549
59,1.5147650928792293,0.05833379614090606
60,-0.8775286462274687,0.0008494852031036837
61,0.6928815092182572,0.00013195317377001636
62,0.1753209830204554,2.317428915432629e-09
63,2.3725845638344003,1.629695391056937
64,0.2675644843534295,6.791954398899236e-08
65,-1.9742784674818752,0.42593745027720353
66,2.862860525227333,6.187757175173087
67,-1.174310232341875,0.008254460893789617
68,2.6566137809327284,3.6556083138330675
69,1.1349210050027256,0.006335336633304101
70,2.126557420192002,0.735750038493408
71,-0.7411903726033904,0.0002247390225199597
72,1.6985426953709446,0.13870210575047148
73,-0.9283860335769156,0.0013216453992399568
74,-0.30393983641266153,1.8791874911716633e-07
75,-0.18666408619895325,3.8251057876692585e-09
76,-2.112496896837423,0.7008591449628603
77,2.6951236136808934,4.04735216994699
78,-1.666987847784868,0.1204403190118303
79,-2.9996444629783805,8.56655696201785
80,-1.1512814188155687,0.007079555173866492
81,-2.1070619437282385,0.6877524818158887
82,-1.646712047300922,0.10982394219462843
83,1.175644382202309,0.008327399252630097
84,0.28167823172567585,1.0239018977120651e-07
85,1.9246697587956163,0.3527929110053447
86,1.6564763118281762,0.11483212223583661
87,2.4299440185709367,1.935259535466271
88,0.5631568681195809,2.5531403407996756e-05
89,1.8613606679277819,0.2751635090605645
90,0.6514029340874492,8.096470451091076e-05
91,2.666239863652306,3.7504232567232103
92,0.7774351727493487,0.00032753147427644347
93,0.3467429945376752,5.376871297091412e-07
94,1.6517659575822643,0.1123923220805696
95,-1.0060553470114983,0.0024781495842673973
96,0.6176361511730111,5.310942479430647e-05
97,0.6952836890422258,0.00013561387724436713
98,2.7975163185393948,5.263121249962693
99,-2.4447266563894336,2.0213668950632284
100,0.5364147107862411,1.7349887640349948e-05
101,-2.701383297672914,4.114226176702219
102,1.183230804269301,0.00875282104195474
103,-2.0670095690446457,0.5973984716240512
104,-0.1851673973128083,3.586720920267794e-09
105,-2.476518244774252,2.2174897729391736
106,-2.448130545053947,2.0416430858357595
107,2.1614513110349236,0.8287341566912937
108,-2.3454167203442378,1.499787498722625
109,-1.8728384455099132,0.2880449313306219
110,1.1707030600124906,0.008060010501535264
111,0.30514570940571684,1.9395257533361132e-07
112,2.8713122350256555,6.316669827419876
113,2.9433965101976893,7.509984171552377
114,-1.009019353993458,0.002535746969764996
115,1.9487081456557727,0.3867780300702076
116,-2.559013072457999,2.8021941829100974
117,-1.2473708088992732,0.013164741918651968
118,0.6397695367120892,7.019740257863116e-05
119,-1.7493359209954287,0.17305250953712253
120,-1.9677060219295175,0.4155647717510822
121,2.3527910767859,1.5341561192314666
122,0.1320261131990863,2.399885845605354e-10
123,2.389222489708146,1.7138257860219663
124,-0.4867039102791435,8.009041510104176e-06
125,1.2401028967193186,0.012584005580752455
126,-2.869220905336539,6.284564543278388
127,2.079066685685685,0.6234736430913757
128,-1.9146743731016382,0.3394270651923471
129,2.0498160092098434,0.5618144932206284
130,-1.1216073373638202,0.0057805779130575274
131,-1.7790214386814027,0.1962992535473047
132,1.7160539045347676,0.14981909758881157
133,0.8306552478426652,0.0005517536587246186
134,0.08926224202604072,1.0487277712911691e-11
135,0.9081136470650186,0.001111570472257628
136,-0.9802461470943551,0.002022645329799566
137,1.830566822109347,0.2429962272922959
138,-1.504101317431526,0.055281550031170135
139,0.7333942569182241,0.00020673878456045625
140,-2.2252315299091405,1.0244158788061815
141,-1.2107121637463274,0.01045487921852628
142,0.8609240544040091,0.000731099770475252
143,-1.8849710992764153,0.30221483808028626
144,-2.874260425605322,6.362161432971435
145,1.1425462733999199,0.006673327938458429
146,-0.5091366776008641,1.1459947235059609e-05
147,-2.0958472533976495,0.6613613491514987
148,-0.21478591655700363,1.1741260741437998e-08
149,0.09150809259218695,1.2793321957360604e-11
150,2.9691219299306066,7.978870412841717
151,0.6453501267909822,7.519565460489819e-05
152,-1.701004149636279,0.14022088915186517
153,0.10804233844944111,4.829636690573125e-11
154,-1.6931569548594827,0.13542783884946866
155,1.1046832120949484,0.005136351359998237
156,-1.4229282951332376,0.03620775484859967
157,-0.6121153473083214,4.946108303660601e-05
158,2.0289943456110695,0.5211382864180556
159,2.150962350518247,0.7997960917496716
160,2.910089045286595,6.937197220835123
161,0.35399722395320143,6.342317200314085e-07
162,1.6415839648830222,0.10726927900402117
163,1.122875125562678,0.005831529341261743
164,-0.11499105887058736,7.95074006632035e-11
165,0.2089847746484268,9.43391464947041e-09
166,1.6732578590676175,0.12389560401093555
167,-2.952882934388863,7.680142183013692
168,-1.4831090997249674,0.04967108392523195
169,-0.7153322243656159,0.0001697781438415591
170,-2.3609312813185586,1.572860608717296
171,-2.7525138525676027,4.695861028097932
172,-2.1132329515797927,0.7026502993608864
173,-0.5970209952874264,4.057774669075087e-05
174,-1.8803517148765312,0.2967515527301969
175,-2.3220369065115736,1.3950732086019535
176,-1.9660855801749186,0.41304055338514767
177,-2.284192123716829,1.2386251674933328
178,0.07993341173837631,4.337308290303099e-12
179,-0.6672143388372724,9.7890671870271e-05
180,1.7223580643865448,0.1540030469456735
181,1.5508838015584754,0.06976926765835628
182,-0.3588051973886577,7.062709209693097e-07
183,2.7108624914083883,4.2172514968805
184,0.8976774870462467,0.0010152045392276543
185,1.8123829041592918,0.2255482582024158
186,2.6549097965691875,3.639035092677388
187,-2.182850249595268,0.8905206464193707
188,2.793628447330896,5.211961394366041
189,2.721460538861706,4.334980575317367
190,0.1399494332732676,3.824616179315399e-10
191,0.9230958104814735,0.0012637534549643226
192,0.44276084279036443,3.771932884255591e-06
193,-0.42541007352425586,2.7435855775026496e-06
194,0.6785770521063776,0.00011188380755566829
195,-2.982266679162841,8.22770489442271
196,-2.4117597737646075,1.833582028604574
197,-1.3356672652945158,0.022292314759937204
198,0.4189413925673531,2.428381623675868e-06
199,0.6052119521660044,4.520781725847467e-05
200,2.726800706568323,4.3953345394479415
201,-2.287953408248863,1.253480784482759
202,0.36977909683345533,8.980410755032864e-07
203,1.568293918130589,0.07593391559411117
204,1.4834662580908935,0.049762288750173356
205,2.1728877395033708,0.8612885582584111
206,-2.235577775585348,1.0595615732872306
207,-2.689133076194341,3.9842066310047377
208,0.33209343790030843,3.810474140664155e-07
209,0.04411321732337292,3.730349362740526e-14
210,1.8993629589860443,0.31978703061061525
211,2.3544924986585825,1.5421790099270154
212,1.1330091191719402,0.006252949243827244
213,2.330823597185131,1.4336811803011256
214,-2.9499047036823196,7.626379456367913
215,-2.6386308566661154,3.483846241717403
216,-0.5836854283588733,3.39211106684667e-05
217,-1.5642127603675282,0.07444854585134986
218,2.1590589722493547,0.822057307638389
219,1.8977345636855567,0.31775626018535186
220,0.8117971850154149,0.00046051676445912904
221,0.5355661746936877,1.7133066756214177e-05
222,2.6071557557664997,3.1994592382212033
223,-2.1392251285939126,0.7684303257969435
224,-1.570762659761984,0.07684468630282543
225,1.9575315216906457,0.3999299508108743
226,1.559863182054964,0.07289292545798665
227,-1.7525610714643358,0.17545868372062623
228,-1.2021217589546136,0.009894584537189832
229,-0.7845176363184105,0.00035180324602557267
230,1.5600991393300738,0.07297659561247516
231,1.2021515866546917,0.009896484240354997
232,0.7005512856086682,0.00014395213475826285
233,-1.3050936230733794,0.018656513402722785
234,-1.356062686770543,0.02504316211491525
235,-0.5928982839062296,3.8407915710969576e-05
236,-2.072571317061353,0.6093094916872203
237,-1.0286987340214926,0.0029484196577509447
238,0.44875258161220266,4.1979479794562735e-06
239,-2.7386074298735332,4.531267774489748
240,-2.3720979241527234,1.6272879216873082
241,-2.251107330080405,1.1142193734104278
242,0.9974368902026782,0.002317062699427219
243,-0.11491482135722686,7.908684818147549e-11
244,-2.656107558535328,3.650678137916105
245,2.0363729756773683,0.5352575778966954
246,-1.6378886111711628,0.10545998819466429
247,-2.302733002743893,1.3133160404742013
248,0.0901146769018113,1.1315726133886983e-11
249,0.5118016376979968,1.1945512385924673e-05
250,0.017605637551973974,0.0
251,0.9668882757937269,0.0018168119868841037
252,1.5857399112942616,0.08257301406740825
253,-0.2535693109955157,4.4223781303642795e-08
254,2.3284109394232937,1.4229917396176264
255,1.9192972246736932,0.3455543096461159
256,-2.515824594304722,2.481810244558365
257,1.2600318458433035,0.014231681643312677
258,2.5708996207345143,2.8962118745397856
259,-0.9738387350321958,0.0019215225779416478
260,0.16015536540604636,1.1243143083206064e-09
261,2.094704599502343,0.6587211180337444
262,1.397129506907734,0.03147791339324807
263,0.6264167690850835,5.9395640202186684e-05
264,-1.4794214428546435,0.048737743126791466
265,-2.140901686033894,0.772845984821146
266,-1.5405026820434369,0.06630147039886702
267,1.4005356865084568,0.03207021192602366
268,-1.2531381480331902,0.013641874948312649
269,-0.21244840669440457,1.0758194446403024e-08
270,-0.4315175281907786,3.0734018716671585e-06
271,-0.6918198198743482,0.00013036287059575713
272,2.7805135216151493,5.042434538783904
273,-2.9009753267564244,6.786975331719152
274,1.353517611873885,0.024684705541130558
275,0.6720899396247795,0.00010369605256010939
276,1.889930795376877,0.30817548270938555
277,0.7367286449272967,0.00021427769831272592
278,1.2702114976715038,0.015142764813709075
279,0.7528117446076554,0.00025410006081616476
280,-2.932272859354483,7.314469781660535
281,-0.9674272338903167,0.0018247507115983774
282,0.8641700836108495,0.0007530437711809057
283,2.4298250791073706,1.934579422762725
284,2.2545150580539834,1.1265257204567152
285,-0.8432344944948937,0.0006210014404731679
286,2.504804132047987,2.4051703236949296
287,-0.6032587247229992,4.406385788446876e-05
288,1.312025436089307,0.019432598130742995
289,1.591567243362479,0.08489843902151528
290,2.7699450444068177,4.9091953300518005
291,2.7562411356475307,4.740814722675014
292,-0.2841642018898498,1.0983132514574834e-07
293,1.7193812890254963,0.15201517070312848
294,1.1702707072267504,0.008036971455729958
295,2.290737844913253,1.2645746121181107
296,0.16669484158207215,1.5482475301809018e-09
297,1.528977954284148,0.06262555192626396
298,-0.5738350634337959,2.963604110606255e-05
299,-1.7331295118139796,0.16138249952017333
300,1.877235239720357,0.2931133292917348
301,-2.6905190621110116,3.998742422384719
302,-0.47339962752482734,6.424383544145762e-06
303,1.5303008420140118,0.06303842404613003
304,1.108379179444956,0.005271471319402532
305,-2.280998962939284,1.2261300341026216
306,-1.4199597659216259,0.03563420147746327
307,0.12458405902629721,1.5090195759626113e-10
308,-0.03666166121352532,8.548717289613705e-15
309,1.7047805437418324,0.142578599655311
310,2.242464437309292,1.083514156729093
311,1.5481457069396836,0.0688398728825022
312,-1.456721132970395,0.04331686387212208
313,-2.354704282137467,1.5431801187604524
314,0.9727277470117679,0.0019044421864945482
315,-2.1457754979115347,0.7858043545632689
316,-1.7260745238748616,0.15651595542182412
317,2.921173459238254,7.123625812392925
318,1.9906728999023464,0.45277228662796964
319,2.2235717926428418,1.0188703794637861
320,-0.2639435188096928,6.091696269638902e-08
321,2.6247664201559866,3.3560774530526714
322,1.0894350126162884,0.004610049634721003
323,0.9216928892724479,0.0012487752002959818
324,0.18055209079704504,2.9313975691280802e-09
325,0.14412588308370644,4.83841633425186e-10
326,-0.15087944084585692,6.977846078726202e-10
327,1.67103186972993,0.12265934162469863
328,-1.9341360525305118,0.36586045373104426
329,1.994770125058377,0.45969804483254345
330,-2.3343138850308573,1.4492646235425932
331,1.3596106313610843,0.025550330362654194
332,2.5518852182835996,2.747052084579354
333,0.6521085173487684,8.166165934408998e-05
334,2.044428698866543,0.5510409491761287
335,-1.3661937582226638,0.02651479465359119
336,2.4970620535900068,2.3525244865901267
337,0.9538232832115021,0.0016333091820076584
338,0.07081348820964184,1.6456835894018695e-12
339,-0.6789147433523142,0.00011232501832414421
340,2.5228460107872017,2.531698963476492
341,-0.1429456529988049,4.53053594640096e-10
342,0.413814405198333,2.2015010434639493e-06
343,-1.4138856279517966,0.03448488102483738
344,-0.8096366067362251,0.00045095360932745354
345,1.9219747780216352,0.3491459500718931
346,1.7608297892791462,0.18175831313368232
347,-2.761837610731601,4.808986639404958
348,-0.18507651381684376,3.5726736014041194e-09
349,-2.8445812184527517,5.916433171431321
350,-2.1397954295329873,0.7699299670666475
351,0.34656303897032803,5.35465381368283e-07
352,-1.8629747003120434,0.27694478026269814
353,0.9417462026087717,0.001478199351537035
354,-2.317361238075762,1.3748878754489822
355,-0.29997072743267283,1.6920125867070368e-07
356,-2.4464640339436015,2.0316948342087553
357,-0.8469918845274469,0.0006430971883601977
358,-1.0050621107426243,0.002459103958372788
359,-2.654128940606708,3.6314613859857827
360,1.9904970226334386,0.45247698226520444
361,-0.8676415241849904,0.0007771423457291204
362,2.419096255487398,1.874050229238289
363,-0.5204687847206979,1.3651085315036227e-05
364,-0.3123216507510209,2.3348711852833048e-07
365,-0.20405055479193113,7.794087375501135e-09
366,-1.8529273990643438,0.2660139331024022
367,-1.8543194208746547,0.26750611609829633
368,2.8436574216194863,5.902988838572251
369,0.6357133117408988,6.674853438992656e-05
370,-1.1525182705479542,0.007138766025550969
371,-2.3384416596904884,1.4678779750975164
372,-1.220501342763875,0.011126532052633753
373,0.8987871230252678,0.0010250936422430135
374,2.8690362957254782,6.281737033907276
375,-2.2697073330874464,1.1827925727339834
376,0.7287664234335862,0.00019665835360838102
377,2.7529577372567244,4.7011958510865055
378,-0.9003396617118176,0.0010390701687652548
379,1.8465013980401945,0.2592169288706404
380,1.6051000671795101,0.09051585012511043
381,1.1194117965331971,0.005693250549071882
382,-0.7633338561457408,0.0002835064527092479
383,2.7588655805042848,4.772682496677723
384,2.2843711592007754,1.2393289122208089
385,-2.2607406136113157,1.149303906720982
386,2.529677415903529,2.5810416395745412
387,0.24722169236020708,3.6117063229035296e-08
388,-0.3652894999613885,8.146984573631499e-07
389,-2.350518782674645,1.523496092862472
390,-2.997692259909783,8.52792121005878
391,2.288067937055482,1.2539354717621065
392,1.5652164665051203,0.0748115268838393
393,1.5101706894973743,0.057001511325700416
394,2.753174168319223,4.703798860011139
395,-0.8908433731273782,0.000956104147537773
396,0.7527321414974399,0.00025388812042159703
397,0.7918399184334577,0.0003785264359890128
398,-2.1187069422048395,0.7160927639021771
399,-2.381440291169387,1.6740316229035048
400,0.3381172372705783,4.3980598185555664e-07
401,0.3875340782148866,1.30514308416263e-06
402,-2.696450983073693,4.061456407181264
403,-0.957873764809154,0.0016883974345680564
404,2.754335962746711,4.717792299077185
405,1.9237414378510653,0.35153303562437876
406,-0.888316161530811,0.0009350184816702134
407,1.1722922610516298,0.008145185925104048
408,-1.1417389783816485,0.006636822583186208
409,-1.839332102057203,0.2518085281221589
410,-2.8519540053357324,6.02464981487943
411,-0.672313447866447,0.00010396922083910631
412,-0.4124532832207075,2.1444724410679683e-06
413,-1.572436244092817,0.07746740915302819
414,1.0390119419921175,0.0031870206662356626
415,-0.13826777446606453,3.4722158481770293e-10
416,-2.2383076862314506,1.0690025506256937
417,-1.0410687240372543,0.0032365531965514727
418,1.7954493487826628,0.21027020621411768
419,0.10835792023391999,4.943612186281143e-11
420,2.7996693136213544,5.291631967658317
421,1.6491132370126271,0.11103789610252418
422,1.5595999938434995,0.07279969612998383
423,2.370468578085724,1.6192490839193392
424,1.4329524550988344,0.038203509151943094
425,-0.5494690083038947,2.1000670554660594e-05
426,2.4317423938091967,1.9455673902866397
427,-0.6357232407273425,6.675679298140391e-05
428,0.7800109381891991,0.00033618454361517003
429,-0.94238890560628,0.0014861194160626923
430,0.21305142224580376,1.1004642974654644e-08
431,0.49672892216999953,9.41881149951751e-06
432,1.0419567937030463,0.003258145276683222
433,-0.46527958649215506,5.598173643539539e-06
434,0.9946938642476342,0.0022677342650107013
435,1.7160068650654567,0.14978824655785483
436,-2.9290591332120046,7.258779934430088
437,-0.10669506390043626,4.368472250604327e-11
438,-0.5218818552514062,1.394840141588638e-05
439,0.8922404626045872,0.0009679368850741277
440,-2.218038716705577,1.0005657674315052
441,-2.531302742282407,2.592899163518627
442,-2.368663785837004,1.6103836243699032
443,-2.559866958868533,2.80886171407662
444,2.6742277549921933,3.830655320966369
445,1.7950345700248933,0.20990732278416527
446,1.069836088732961,0.004002533523419949
447,2.1721011768437126,0.8590155337052361
448,1.6458577691983667,0.10939479336869018
449,0.7829527743286517,0.0003463099502032385
450,2.449642510727509,2.050704118776564
451,-0.8260140299220353,0.0005279553604643494
452,0.600102527226599,4.226864225065352e-05
453,-1.2018166078435786,0.009875167765740323
454,1.8572560052926912,0.27067734985858183
455,-0.44568866373098404,3.975131676270394e-06
456,1.1320776567090611,0.006213146972094075
457,-2.231891341701365,1.04692420970998
458,1.5644699749926767,0.07454142119501006
459,-0.29168698537527993,1.353071079623902e-07
460,-0.6954775680303902,0.0001359131496618815
461,0.6266902960030851,5.960144961469904e-05
462,-0.9531277257516289,0.0016240078286962056
463,1.204032238095854,0.010016898705636879
464,1.0735222661816968,0.004111188221793127
465,1.2304192649053816,0.011844646719601004
466,2.6456631595591587,3.550192394643256
467,-1.5337732763124041,0.06413327670521835
468,2.5859780196226048,3.019263691933429
469,0.5268054827259201,1.502896133387388e-05
470,2.615704867644271,3.274707564902836
471,2.914243852759901,7.006594654409
472,0.3804263542556994,1.1261038452836658e-06
473,1.6419312371499348,0.10744066257915647
474,-2.49018731174752,2.306589817000728
475,-0.015859708464717848,0.0
476,1.0388614047551092,0.0031834212616593804
477,-2.7265153721609616,4.392092070290383
478,-2.558161226550352,2.7955557996745184
479,2.977835689377917,8.143113253585714
480,-1.1026009247938766,0.00506155242627182
481,-0.13850850820410088,3.520852498439808e-10
482,-1.072794962099475,0.004089550267437847
483,-0.725292776772462,0.00018937566791710214
484,0.43208146283575877,3.105531989011645e-06
485,-1.8043211201652265,0.2181608604932215
486,2.0828677593466516,0.6318908855683133
487,-0.7170972071791928,0.00017311615079573794
488,-0.8888176536469068,0.0009391702503682708
489,-0.17945612709028502,2.7921450707069084e-09
490,-2.77566007277384,4.9808761086594995
491,-0.2914600467968187,1.344689931626064e-07
492,2.0723743387177134,0.6088842389144382
493,-2.5599369344413985,2.809408703587144
494,2.5930273435775097,3.0782757417318996
495,2.057615949400722,0.5777283638986827
496,1.6789403942297207,0.1270998911137916
497,2.5796027739456893,2.966713083523445
498,0.7899430499704247,0.0003714397332799102
499,1.4865635467397746,0.050559260415166785
500,1.474466207653344,0.047507288684793925
501,0.4475369950348975,4.108275819092455e-06
502,2.783929780334204,5.086144157181793
503,-1.5158615253568855,0.05865565345984558
504,-2.254002753079757,1.1246683502367651
505,-0.6757528116251139,0.00010825249504875512
506,0.47630859292710204,6.745238394390007e-06
507,2.7514689203970075,4.683322475831878
508,-2.327456068828221,1.4187796819448526
509,-2.4067532116279593,1.8063891713839075
510,-0.791295785385143,0.0003764816324336451
511,0.144980944123283,5.072755548951591e-10
512,-0.2727283982932409,7.91205588823729e-08
513,-0.03260556508372758,3.219646771412954e-15
514,-1.4110276369881884,0.03395521477356683
515,1.2551986233409673,0.013815914274686925
516,2.1926028091206433,0.919943187445683
517,0.12208032067139474,1.2828837991918363e-10
518,-1.739661916287632,0.16600299125958792
519,1.3519460693722634,0.024465575184841715
520,2.6911850318767243,4.00574265668051
521,-1.531809361922052,0.06351207477712412
522,-2.440217070629548,1.9947648399040758
523,1.525809891604525,0.061646205916951025
524,2.2865789545492916,1.2480349283182486
525,0.5854934335668718,3.476367966637195e-05
526,1.8574166904850742,0.2708517927698625
527,-1.431981057919428,0.038006066212373124
528,-1.6521117529572593,0.11256991342810252
529,-0.8360394818554995,0.000580524828875828
530,-0.19551977148354283,5.540336189824302e-09
531,-1.2882709890542337,0.016883095722072472
532,-1.0941402024519022,0.004767231763717961
533,-1.5316660940638758,0.06346696039701571
534,-0.8473715990653501,0.0006453676673255915
535,1.2507232734742724,0.013440308961359337
536,1.095986370933078,0.004830158933270212
537,0.7711611486814558,0.0003072601315868839
538,-2.878375558799169,6.4261157244166816
539,1.544046336392669,0.06746823951504255
540,-2.6590468067961597,3.679381677899815
541,-0.9758160302681254,0.0019522502116663398
542,-2.236165062454507,1.0615866590382135
543,-1.6611882007244783,0.1173178264352967
544,-0.06010389220515888,4.43312053732825e-13
545,-0.302168918527423,1.7935511342770383e-07
546,1.8221985268438017,0.2348291677560531
547,-0.07442622910924568,2.4504842599526455e-12
548,-0.5944781592186783,3.9227157350163466e-05
549,1.104361943349617,0.0051247489310146666
550,1.0934650425147225,0.004744396447180277
551,-0.6285144107648053,6.09899266765801e-05
552,-1.6165051272946647,0.09549389883982906
553,1.9585622851958284,0.4014908295602367
554,0.2955359599738925,1.5023435440131294e-07
555,-1.5154974013345435,0.05854859667704382
556,0.42313472633116156,2.628866660248086e-06
557,0.9917618836679121,0.0022160163148114975
558,1.1170467238729094,0.005600457984348273
559,-0.20527079101472534,8.17445189316146e-09
560,2.2593106642307426,1.144037954057149
561,1.2667864899507597,0.01483077470814792
562,0.07989463426292875,4.320543922631259e-12
563,-1.8103652284948346,0.22367968765410248
564,-1.7541084031562042,0.17662317640513064
565,0.832041214890892,0.0005590386414165982
566,-0.7841004371937172,0.00035033135365380996
567,-0.16112484811673333,1.1798925170225516e-09
568,-0.9735556135939234,0.0019171572966737438
569,0.5155311978697332,1.265515662574046e-05
570,-0.18168756956947707,3.082041399871116e-09
571,-0.21141711823189935,1.0347887102746256e-08
572,-2.3272597430171507,1.4179149646711078
573,-0.12378193883608057,1.4330514552796103e-10
574,0.20398694754399083,7.774691890283236e-09
575,-2.8418507442860146,5.876769266009696
576,0.1353306357912345,2.9244395793881495e-10
577,2.6375897580779792,3.474112738561881
578,2.798867298236245,5.280996374662537
579,-2.0350666505277486,0.5327345508930339
580,2.165984961469637,0.8415128873347006
581,1.6173257476775333,0.09586093056415729
582,2.6117885871125477,3.2400551588754554
583,2.9608784945634055,7.826040400513387
584,2.3037011555822904,1.3173180684453338
585,-2.3322691809326184,1.4401182362601148
586,1.554935264827387,0.07116415900045553
587,-0.10139224972948302,2.9057645178909297e-11
588,-0.11561200519583714,8.30064905699146e-11
589,-2.1825144994903,0.889522031668971
590,-1.6226011540115255,0.0982493325214337
591,0.6585607833138312,8.828139589589501e-05
592,-0.25827847546808735,5.12252205098207e-08
593,0.048282652695481154,7.682743330406083e-14
594,1.2863543139254379,0.016690578478153473
595,-0.5309248397856385,1.5988410552281174e-05
596,-2.973889535934414,8.068388265837207
597,-1.662712471166499,0.11813170957455676
598,1.643532893659562,0.10823413250304609
599,-0.29939772954379196,1.6663853008580531e-07
600,-2.0766220249308502,0.6181103556244569
601,-0.055078910174635176,2.206013149930186e-13
602,-0.1860942421554368,3.732759434882382e-09
603,1.1793057856306008,0.008530435038261952
604,-1.2020304669831745,0.009888772177073957
605,0.647784324613423,7.74711602734568e-05
606,2.373282090531898,1.6331513660380945
607,-0.49459390518471924,9.101668947741892e-06
608,-0.5868453187453282,3.540555363434894e-05
609,-1.521057782965598,0.06020178998593512
610,-0.5057494679256331,1.0867703477801527e-05
611,-0.3471429848739267,5.426543224773539e-07
612,0.12607107347056346,1.6592138774029763e-10
613,2.371775458816611,1.6256942912764705
614,-1.3699038736964886,0.027072012121182487
615,-1.3664207505365005,0.02654860083896937
616,-0.2981349508174307,1.6111022993481328e-07
617,-1.3082081398745036,0.019001847452683795
618,2.4602320588942064,2.1151170092980336
619,2.9796308740497333,8.177297298749078
620,-2.6724960061886387,3.8131405668953327
621,-2.8985070739469694,6.746760784721657
622,0.9176911440744866,0.0012068936023699184
623,2.4796791958594566,2.237832961498662
624,1.144059019462973,0.006742200570997836
625,2.981205245089514,8.20737482921772
626,-2.0678972236599984,0.5992861508036154
627,-2.2609593249374194,1.1501111337987544
628,1.7941285706724637,0.20911653167732092
629,1.821588358334191,0.23424291969954955
630,1.0022815502736488,0.002406458531499567
631,0.46426548671771695,5.50181427605434e-06
632,1.8233964589514846,0.23598376863410092
633,-2.8666118536570413,6.2447022041871
634,1.555653684421813,0.0714139812293671
635,0.8470102973173557,0.0006432071261839312
636,0.850176084325299,0.0006623536219241277
637,2.082537737352247,0.631156283354502
638,-2.631691480305861,3.4193966659627915
639,2.9748966945567066,8.087405506039229
640,-2.090301590225552,0.6486306230980396
641,-1.6535959427492144,0.11333487858741703
642,-1.2427502149396448,0.012792926167551899
643,-2.1096281478306578,0.6939149580310329
644,-2.45117501451594,2.0599226518258154
645,-2.6639457120986094,3.727641800446649
646,2.834820778921597,5.77566846088315
647,1.8178089007995615,0.23063929545775685
648,1.653020666836114,0.11303785083150397
649,-1.6546277970820178,0.11386931819957175
650,-2.7635716261739383,4.830274391729567
651,0.6411105288276682,7.137124451639387e-05
652,-1.391287630824333,0.0304839421225348
653,0.499520705292714,9.848036894744006e-06
654,-2.3551793752576726,1.5454278905827596
655,-2.514435196685045,2.472036599213751
656,-0.07573539300404253,2.8171909249863347e-12
657,1.8454558788160078,0.2581251373774689
658,1.370770956516747,0.027203679655980195
659,0.20687501439972644,8.69915550705258e-09
660,0.25832917300155955,5.1305582227101354e-08
661,-2.04466180517605,0.5515034684359474
662,1.7893450332492327,0.2049831844262655
663,1.5203137199207744,0.05997827663044103
664,0.6516403110053863,8.119859791999584e-05
665,-1.5863000927755864,0.0827941636207779
666,-2.879697095704931,6.446767364236684
667,0.4893030606016131,8.355585338515326e-06
668,-2.100539535208006,0.6722974048824559
669,-2.2088264262000505,0.9707047203625991
670,2.9386127152295636,7.425375380836076
671,0.34823617598739887,5.564350149533936e-07
672,0.037988067495966504,1.1324274851176597e-14
673,-1.4790031615312185,0.04863283271892355
674,-0.27792073730096156,9.197939132565836e-08
675,0.5465388223450378,2.0127618729826047e-05
676,-0.9684409338661206,0.0018397637616396345
677,1.7515634083850058,0.17471133530994146
678,-1.4765492153379909,0.04802124317156492
679,-2.0654562330755524,0.5941072615126687
680,1.9156643346308977,0.34073136520790615
681,-0.6734292520711498,0.00010534233427861306
682,-2.037373780017293,0.5371973606038088
683,2.991014170308002,8.396850861734636
684,1.1602450363325456,0.0075184372945446
685,-0.3897034660168406,1.364522148272762e-06
686,-0.6564584209124793,8.607494010692829e-05
687,0.1836094608440062,3.352484290175539e-09
688,-0.6367970447272482,6.765521837248656e-05
689,-1.3874815111852539,0.029850959279246914
690,0.7072206794067397,0.00015514710293140777
691,-1.96395982438423,0.40974891203107233
692,-0.7286667357373919,0.00019644600535528856
693,-2.669952606835558,3.7875382578524133
694,-1.2893276352088472,0.016990044217787992
695,-2.9759355110834935,8.107059589716759
696,-0.15193155637743594,7.376509403300702e-10
697,-1.7853686366254091,0.2016004062384426
698,1.1950453150343563,0.009452686742352778
699,1.833430286454731,0.24584573412332258
700,-2.2733657089386172,1.196689864391807
701,2.1865988742125033,0.901734501167295
702,2.607087691962964,3.1988660066855994
703,-0.3126605702112242,2.3551684746880852e-07
704,0.11186529533000567,6.37806474301783e-11
705,0.24550245120170588,3.415884120006041e-08
706,-0.08308141736309249,5.9073856917279954e-12
707,0.9104624863222295,0.0011343215735758472
708,2.3997206373528437,1.7687648305010515
709,0.8454438159418052,0.0006339122582800227
710,-2.061939767847913,0.5867131958908302
711,0.04789699695254335,7.205347429817266e-14
712,2.5599722746995095,2.8096849874723326
713,-1.315355503236809,0.019815206984775402
714,-2.6268768786512555,3.375269594263145
715,2.069040349119481,0.6017245430305007
716,-0.15952543046267476,1.0894415369833155e-09
717,-0.007208057232446663,-1.1102230246251565e-16
718,-2.2483522053629614,1.1043527705755647
719,-1.630996978879613,0.10215534364552159
720,-2.725754793816141,4.383458807353556
721,-2.030943323024746,0.5248367204803777
722,-1.1243955159737844,0.005893144072468881
723,-0.5731519906208167,2.935724288133379e-05
724,-1.0772566334734082,0.004223855926125952
725,-2.388114005309981,1.7081094955409655
726,-0.16514227567128437,1.4366520195707722e-09
727,-2.4321761929731505,1.9480607112363884
728,-0.8776678072135486,0.0008505437685006889
729,-2.9256894640147806,7.2007675302372665
730,1.7107717866731686,0.1463884734821839
731,0.10316307818779569,3.337341514253467e-11
732,-2.0868066083718904,0.6407144070994446
733,-1.792169187931234,0.20741497587072882
734,1.8240456584322544,0.2366115005917053
735,1.9294158416327187,0.35929412761896257
736,-2.2688166406775894,1.1794297014684263
737,-2.9788467456962477,8.16235120298125
738,-1.7017900870163738,0.1407088119061062
739,0.744256579051374,0.00023218335740926577
740,-2.429067959070977,1.930254805870032
741,-2.14961316830735,0.7961365353599188
742,1.8118214033077953,0.22502692310458705
743,-2.5361356814306655,2.6284277766166064
744,-1.3318462080896152,0.02180698211746207
745,2.6894704546927644,3.987740879047729
746,2.9619111643760654,7.845051076104343
747,1.6796960760412585,0.127531288690351
748,1.0107387922063342,0.0025696880697664293
749,0.6878326987688377,0.0001245385862297388
750,0.547563041553166,2.0429115933806585e-05
751,2.7468745819887506,4.62852435286347
752,-1.817997513095404,0.2308180079027718
753,2.675137864811706,3.8398870190685055
754,-0.7208469154266446,0.00018039787617663006
755,0.2671756565145209,6.713532596513971e-08
756,-1.651541527985156,0.11227718907848577
757,0.9061569606539202,0.0010929211709365116
758,1.0425896027810282,0.003273607053307259
759,-2.8064462399953807,5.3822170474420234
760,-2.2307567384355123,1.043060372549993
761,0.42059408556692457,2.5057428326702436e-06
762,-1.5428959101606627,0.06708754290155505
763,-1.1102987891425813,0.005342854313900025
764,0.20701105311299672,8.744975632524188e-09
765,0.7342521970738485,0.00020865615125575943
766,2.5500952985624803,2.733348739844703
767,-1.471106948939044,0.04668837430031514
768,0.3869871869967296,1.2905351493008865e-06
769,2.1087443912292407,0.6917874605197971
770,0.3610816335624287,7.428038604206932e-07
771,2.826767644181956,5.661639746155421
772,1.5640886888714105,0.07440378139627879
773,2.174508302734356,0.8659877011378267
774,2.0103471168004,0.48685412881377127
775,2.0899492308020324,0.6478287910449168
776,0.30331872239894864,1.848754032085509e-07
777,-0.08801583817126968,9.371725617768334e-12
778,-2.8113372868421314,5.4483948785948675
779,-0.7477693128093317,0.00024097465306494037
780,-1.9221429270370618,0.34937255660706634
781,-2.390879994786131,1.722403277630457
782,-1.2539111793957156,0.013706946738029913
783,-2.866077290982962,6.2365609733793
784,1.5152289047731156,0.058469762781263424
785,-1.731807030145616,0.16046055306657106
786,-2.4426918453267596,2.0093269100182543
787,-1.5694285206990528,0.07635134052244047
788,-0.8739187133854713,0.0008224219899726215
789,-0.6052692646897908,4.524177110465377e-05
790,0.7027786985982942,0.00014761006144603517
791,-2.7746927763876617,4.968682745343947
792,0.6103986400932015,4.837208905772439e-05
793,-1.4536884471302176,0.04263342942234971
794,-2.062445428489492,0.5877716299864337
795,-2.864817475143373,6.217409343522253
796,1.1438435444401591,0.006732353034593075
797,2.904440578130899,6.843770575904862
798,-2.9456849657735176,7.55074203178572
799,-0.0015253560616335093,0.0
800,-0.8153884431408711,0.00047680261601434903
801,-2.0222468573639123,0.5085040037571272
802,-0.5229103787849252,1.416834493439545e-05
803,-2.79009804187774,5.1658655292382045
804,-0.4408488407605087,3.64418455900406e-06
805,2.7613448198848882,4.8029511740657735
806,0.4191234476108434,2.436799941718526e-06
807,-0.8797379998240538,0.0008664270314151512
808,-2.589273244538534,3.0467300162012725
809,-2.7158889823906924,4.272751026160807
810,-2.36282994508621,1.5820053381062071
811,-0.005780251370817169,0.0
812,-2.576059811102959,2.9378413348740424
813,-1.2596448617211744,0.014197999778693127
814,0.7895387165667009,0.00036994414882085547
815,2.1408566478305886,0.772727085276515
816,-2.3428573171143006,1.4880116586211878
817,1.8796513016092504,0.2959305546739444
818,0.22522499318920897,1.7155451059736038e-08
819,1.6454777269407792,0.10920433902243842
820,1.3294464238018042,0.021506843858625502
821,1.051538104359933,0.003499149179340466
822,-1.7428189464491042,0.16827612453906216
823,-2.9439216867076925,7.519321435299014
824,2.1831050323137653,0.8912790726491521
825,-0.1367061718429543,3.170755880077536e-10
826,0.7157416839119604,0.00017054749758882437
827,-2.8132379976209245,5.4742947479808945
828,2.322506784071938,1.397115432493408
829,2.929165825782289,7.2606230981177555
830,-1.3983045286682636,0.031681166273347106
831,2.8650449806275624,6.220864233299425
832,-0.14546800666872528,5.210630815710715e-10
833,1.1865552294496986,0.008945074755531801
834,-0.5340796329569804,1.6758914077930065e-05
835,1.743063854817846,0.16845356743473408
836,-2.3718319482692753,1.625973368517137
837,-2.7466911378038565,4.626347521685428
838,0.30319431158182875,1.8427101966533854e-07
839,-2.9328402126205546,7.3243381620005445
840,1.6846065914849273,0.1303651286477688
841,-0.490437834118576,8.510941939543493e-06
842,1.8412584480993734,0.25378120306628904
843,1.5699064927967967,0.07652777535206295
844,2.1752646697554088,0.8681883315211542
845,1.886222945704592,0.303710008686234
846,-1.2862404096254594,0.016679197316182448
847,-0.8989884647228212,0.001026896936218158
848,-1.6276839993434575,0.10059847899319924
849,-1.3463847387544383,0.02370350201134458
850,-1.6898526333942434,0.13345180164312404
851,0.3164522376366712,2.5929820268721926e-07
852,-1.727630600930996,0.15757844265498797
853,-0.08049423687147339,4.586775403936372e-12
854,2.0451992693340015,0.5525711334019299
855,0.8366175187856406,0.0005836897212760928
856,-0.576094865830683,3.057490871349877e-05
857,2.8919523113413677,6.640928521242748
858,-0.2790884912844054,9.511088572278226e-08
859,1.8016816445722235,0.2157873825960617
860,-1.8369951931996764,0.24943293351633977
861,1.7583440905391647,0.1798446171640422
862,-2.8523526903032788,6.030548368165337
863,1.6625429642399494,0.11804096388192548
864,1.091966421078829,0.004694047660211864
865,1.2322071868757378,0.011978265148558098
866,-2.031140563746205,0.5252122450544559
867,-0.7210164663617626,0.00018073333919066403
868,-0.612011108445353,4.9394355022935876e-05
869,2.6355611329740674,3.4552119316082077
870,-2.5609670691075683,2.8174714563277683
871,0.4573109320250701,4.879123791656781e-06
872,-1.771356061630352,0.19005581863938417
873,1.8009207663563238,0.2151072779640889
874,0.9148768594740724,0.0011781746973793528
875,-2.884924807712105,6.529003806450566
876,0.5964602940618358,4.027650550475492e-05
877,0.05534717693198843,2.2926105458509483e-13
878,-0.6969545962571102,0.00013821203513164626
879,-1.7134575272524302,0.14812433555055218
880,0.012215223495248395,0.0
881,-1.3553507206961797,0.024942438466106
882,2.7445012054452853,4.60042675131037
883,0.29886606060523935,1.6429105953452705e-07
884,1.0158162068027137,0.0026722213407346374
885,0.008368678100478366,0.0
886,2.0081594000574263,0.48296010973228237
887,0.26163770248476936,5.6794362435219625e-08
888,0.8996918336569264,0.0010332182057408712
889,2.3925274718189105,1.7309645894722463
890,-0.9397740572003981,0.0014541245245141
891,-2.7883878166261935,5.143658057509516
892,-1.8468374225371336,0.25956865765555853
893,1.8888125478028517,0.30682290949153845
894,-1.709419244350965,0.14552088039763694
895,-1.2034619505929902,0.00998025149239351
896,-1.7338930317218537,0.16191682810351118
897,-2.0375465406756943,0.5375328109282708
898,-2.628470433372976,3.3898218712010255
899,2.8215849965459867,5.589253719857151
900,-0.8763426299357935,0.0008405097661955407
901,0.47637152478735567,6.7523314859485595e-06
902,-2.676025879374883,3.8489125140418534
903,2.120782427900517,0.7212460234166754
904,-2.960649604577787,7.821831905050533
905,1.2302186960175616,0.011829737911032923
906,-1.5795153102659736,0.08014945314387478
907,2.216598901318936,0.9958482785778486
908,1.3970998997772472,0.031472806516190666
909,-2.828503393128359,5.6860570370392445
910,-1.6721160388934144,0.12326014178823158
911,-0.7367250120614481,0.00021426935614021758
912,-0.0677575415963263,1.156408302449563e-12
913,-2.232310243281253,1.0483538050797767
914,-2.242733339202199,1.0844586070278988
915,-2.3352435846493282,1.4534394943404647
916,2.516440937071465,2.48615623581128
917,1.9987268990780889,0.46647138194432713
918,-1.4339551374192183,0.03840823386404524
919,-0.6824661819142221,0.00011705771643188978
920,2.7843221708288457,5.0911848148225705
921,-1.9763612687050276,0.4292699879247578
922,2.477015383804127,2.2206789307269497
923,-0.3645072611334754,8.008910303836103e-07
924,-0.5444555930046637,1.9526335400477102e-05
925,-0.4776395047721813,6.896640295850354e-06
926,0.9572810087568406,0.001680236462360707
927,2.8016663163828666,5.31819206973843
928,-0.014254344056794821,0.0
929,-1.041620021545448,0.003249942537082995
930,-2.085701693909702,0.6382288103606226
931,2.5382273558791812,2.643930387372836
932,1.321029059971215,0.020482013454833747
933,-2.3057370463097078,1.3257672729364194
934,1.3858585085777246,0.02958449810398417
935,-0.061652199252320905,5.434541705540141e-13
936,-0.9214192624687851,0.0012458718484126274
937,-2.2233208744321153,1.0180342202410029
938,2.075339452124731,0.6153121886075509
939,1.6335797432919392,0.10338329738712049
940,1.0441717650251947,0.0033125431112027703
941,2.9832746736563918,8.247050198074401
942,-1.675522808740786,0.12516440587426664
943,-1.4457989605588728,0.04089866301262429
944,-1.1618717235109477,0.007600552319317999
945,0.16444674081282695,1.3889849270753984e-09
946,2.2532959090144917,1.1221099116130002
947,-0.7602389361368305,0.0002745646821363801
948,-1.4882628278551804,0.051001137531354546
949,1.5548882974755713,0.07114785272488722
950,2.9816267145746442,8.215442389202726
951,-2.1134081274715193,0.7030771510037217
952,-2.237949024040322,1.0677581417572304
953,-0.4379306430216605,3.456490506925647e-06
954,-2.19797271301523,0.9364908215955554
955,-2.0286895540382144,0.5205619054792013
956,2.386175409987052,1.6981509533862944
957,1.6380690779509006,0.10554773737317402
958,-2.039196363328929,0.5407452227205111
959,0.23298006512664626,2.2483597206246486e-08
960,-2.3717495035038016,1.6255660766430604
961,-2.4631322951837897,2.133051425432719
962,1.1518084278810363,0.007104732202585895
963,-1.1686357337444613,0.007950360889025065
964,-0.7584976770519676,0.0002696425262032065
965,-0.652211456212676,8.176377497715048e-05
966,-0.4247967227130518,2.712239217217416e-06
967,1.4317088022575462,0.037950885853229366
968,-2.6643721794136654,3.7318679413603197
969,1.8547446728174197,0.2679633828552988
970,-1.6530764681331327,0.1130666331353633
971,1.0406359644939016,0.0032260762606574067
972,-2.6096898048191495,3.2216111648941523
973,2.2383613074617434,1.0691886990159472
974,-1.6031587988452127,0.0896910302585095
975,1.5839199296956252,0.08185800216579375
976,0.9362107326386866,0.0014114868128610736
977,1.6046687514821567,0.09033203146311919
978,1.414813278400505,0.03465831898136823
979,1.7633461938855426,0.18371329201883313
980,2.4631160195503883,2.1329504256791725
981,1.1569091069096764,0.007352433300322647
982,-0.6097150062712058,4.794427955756575e-05
983,-1.6128723402484044,0.0938834865702714
984,1.413841248148346,0.03447660228201216
985,-2.5143974201488772,2.4717713133683015
986,2.5681154204156096,2.873956495692447
987,1.463903327235542,0.04497301450788588
988,0.4232367588980881,2.6339197586322527e-06
989,0.5668948272357253,2.6907909766116234e-05
990,-0.7442333760630886,0.0002321262280218228
991,-2.3136400110390976,1.3589991103814423
992,2.7787885533412773,5.02048368443071
993,-0.4681624392728416,5.88019496838843e-06
994,-1.0994625367750193,0.0049505963659753904
995,0.26646448034726333,6.572143407268527e-08
996,1.7560825327876097,0.17811842384237833
997,2.537025466953594,2.6350131568772066
998,-2.477362194507457,2.2229060065062183
999,1.7971131760914378,0.21173123509124342
