,data,labels
0,-2.724437368018463,4.368538356678815
1,-1.6091536971329408,0.09225911702538092
2,2.930066502556401,7.276198249172392
3,-1.217390127075308,0.010909145317436086
4,2.802258138304344,5.326084623634749
5,0.38462550877728674,1.2290800834868776e-06
6,0.07977775807291554,4.270139797313277e-12
7,-2.0214067202943915,0.5069492108808555
8,1.00269911358021,0.002414301563213317
9,-1.0648344514764516,0.0038590813480040564
10,0.8223819115180149,0.0005099584467314067
11,1.6828953959213608,0.12937156534480998
12,2.9658989288330115,7.918824141027636
13,1.676481792556678,0.1257049515606477
14,0.12754961670439346,1.8213597297034312e-10
15,-0.2923929830501133,1.379437273296702e-07
16,-2.116736635075911,0.7112294748724343
17,-2.2470764798492056,1.0998091642638619
18,0.5331518908780462,1.652903755589019e-05
19,2.085832359491227,0.6385223276442141
20,-2.9411107779903474,7.469457870146423
21,-0.7494965316164284,0.0002454025430727036
22,1.5546244314716393,0.0710563023273269
23,1.5595013252180525,0.07276477099282891
24,-2.009980733478028,0.48620013841999243
25,2.1328995459361693,0.7519615622169644
26,2.7317808283505407,4.452250242229559
27,2.1217145720991635,0.7235706364651513
28,-2.68044676108894,3.894109298380551
29,0.11428656531922332,7.56943396851284e-11
30,2.3299023787745945,1.4295917169724577
31,1.8331601764336911,0.2455757325221425
32,-0.03724536156256475,9.547918011776346e-15
33,-0.10981730570532644,5.501876731983657e-11
34,-2.245979705362378,1.0959155100701707
35,2.757005557630949,4.750078455227865
36,2.098310704179541,0.6670838784404547
37,-1.8793883603309736,0.2956228433909929
38,-2.2464760028287736,1.0976759720998044
39,-0.04425136290965659,3.8191672047105385e-14
40,2.604474188230405,3.1761567183882384
41,-2.984866099252267,8.277669704247556
42,2.4578157168149533,2.100271674058281
43,0.08943368360438964,1.0649592319111889e-11
44,-0.7468309534519779,0.00023859834519845968
45,-2.1236040493717256,0.7283021054377948
46,-0.6356109362499058,6.666343385286488e-05
47,1.6222213831781618,0.09807571174613078
48,-1.6608922099478602,0.11716033881249266
49,2.276256403165407,1.2077679457655446
50,2.3513123318578835,1.527211774110569
51,1.0834743680495542,0.004417377605452577
52,-2.3772119937518963,1.6527378512893507
53,-1.9777362411629607,0.4314820701040889
54,1.3928582695775589,0.030748491462628813
55,-0.24109273883212312,2.9554412805943286e-08
56,0.7064703028774311,0.00015385085503194507
57,1.1904741062532729,0.00917637678471267
58,0.28093006702093737,1.0023883911802756e-07
59,-2.1881941774573326,0.9065427956765273
60,2.957129241515469,7.757341572061075
61,-1.0681270146229649,0.003953005326223558
62,0.3326593887563494,3.862591033687579e-07
63,0.3270356115894275,3.371326211532022e-07
64,-2.695422899215079,4.050528710441017
65,-2.9140562672119588,7.003449009819269
66,2.793431799025967,5.209384798014236
67,-2.9253343500140194,7.194676428694549
68,0.05192383619191521,1.376676550535194e-13
69,0.2419653858034554,3.041984497631489e-08
70,1.7100692699068372,0.1459372926140087
71,2.7727132331476945,4.943807047631667
72,-2.21072462851067,0.9767953428009604
73,-0.42191745782691736,2.5692319767234295e-06
74,0.9517905967551759,0.0016062559845542168
75,2.9846506892644697,8.273519622761208
76,1.839701739831625,0.25218604143259205
77,2.7188063355844383,4.3052416206209605
78,-1.9913485484549154,0.45390824450466016
79,-1.4751344972910805,0.04767166379818283
80,2.5467491817870878,2.7078849645844247
81,-0.6252936028596463,5.855701630308463e-05
82,-1.5468036441298287,0.06838821945456136
83,0.0451429885601371,4.4853010194856324e-14
84,-2.1488756341278945,0.7941420130770732
85,-1.1502910154572181,0.0070324486408865905
86,1.2340034110433749,0.012113810778614842
87,-1.2361757370881634,0.012279502677593701
88,-2.6647283229079157,3.7354002670290107
89,-0.4256470336899021,2.7557802950717303e-06
90,1.5231994193209468,0.0608491155983355
91,0.5039980856287016,1.0572091438176834e-05
92,-0.4678939238450175,5.853413287959519e-06
93,0.15025221378087394,6.749258929517055e-10
94,2.3000539430936797,1.3022949824240146
95,0.07379709596097683,2.289501921381998e-12
96,2.6852992191123954,3.9442281758793483
97,2.9877947226108255,8.334264603772295
98,0.7892387496608242,0.0003688379899406957
99,1.7766424534574838,0.19434315696265642
100,-0.10051569492215018,2.7108315592272447e-11
101,1.1138945231053077,0.005478816754989624
102,-0.7545823829920941,0.0002588542761031709
103,0.43202007460166847,3.1020202327924906e-06
104,-1.4436784643594327,0.040442865303748354
105,0.5334821879238385,1.6610561410335123e-05
106,0.9719463027243771,0.0018925071933408866
107,2.2113260312435647,0.9787317291301887
108,-2.170012287168941,0.8530035807448114
109,-0.7031398830671858,0.00014821076972360014
110,0.38417520496859936,1.2176572318223222e-06
111,-1.4962506988610291,0.053122932338924844
112,2.9698507090680364,7.992500378521557
113,2.0666449193688345,0.5966244694304392
114,0.1794661960416315,2.7933976243232905e-09
115,0.9956028828869501,0.002283979556013338
116,1.250342299275621,0.013408745226575813
117,1.336786242106717,0.02243618904946304
118,-1.446986844358938,0.04115591813266006
119,1.3496337263925202,0.024146192601295857
120,-1.3331282362679948,0.0219687956263247
121,2.1314625642220433,0.7482622111022819
122,0.4742945388578441,6.521640758427871e-06
123,-2.6815829397185205,3.905796381690497
124,0.8975722541996438,0.0010142710145100153
125,-2.5530693081983324,2.7561488831603635
126,0.9707112598453271,0.0018737765775818094
127,2.040702504859226,0.5436920437365488
128,1.0376038336157922,0.00315348947132299
129,-0.935215382685902,0.0013997722610461505
130,1.656126495691396,0.11464938810231701
131,-1.5224571163551963,0.060624077121790465
132,0.3292599028345702,3.558674168679943e-07
133,-1.222655367583831,0.01127921755294542
134,-0.43392938187258423,3.212881833136727e-06
135,-1.0963865187187378,0.0048438923849573046
136,-2.642988944050958,3.5248391286027787
137,-2.9951507779759297,8.477840511015193
138,-1.021567085464764,0.0027926163635364487
139,0.8763210667784871,0.0008403473473631573
140,0.25610279514669454,4.787855778509709e-08
141,-1.3335603772329643,0.022023571358181393
142,1.897545924678214,0.3175217180333416
143,2.030279473443658,0.5235744936682318
144,0.5879760572785777,3.595033835579464e-05
145,-1.9772538373850028,0.430704871924254
146,1.1646319419405478,0.007741660453086607
147,0.7203591167404362,0.00017943576817647244
148,-2.392195513025629,1.7292366556107064
149,-0.5488058233006212,2.0800234859508215e-05
150,-1.8733124740037594,0.2885877601500375
151,0.47807089842713957,6.946347194447533e-06
152,-1.527938097664586,0.06230264150576509
153,1.0590649395037914,0.0036991502407177634
154,-1.0497338136313925,0.0034526212013831215
155,0.6125637858714166,4.9749045736846575e-05
156,-1.1009024769490512,0.005001240769070714
157,2.9862373900334998,8.304129591343507
158,1.8805789056227482,0.29701827242487683
159,-1.1152631182107244,0.005531346395515335
160,-2.3956586090186676,1.747334491190417
161,2.066321211875004,0.595938081710579
162,1.3109381459782492,0.01930905882549866
163,2.827682181780216,5.674493891369432
164,1.95616646161253,0.39787077126899234
165,1.7690692023912673,0.18822626031435302
166,0.4797503206130651,7.142848052477113e-06
167,-2.6915076833732656,4.009137837457886
168,-0.3326435111795423,3.861120461134959e-07
169,0.5035139032024647,1.0491615903829299e-05
170,-2.1816589416528087,0.8869816340824113
171,-1.2987295369736824,0.01796763619067887
172,1.3390139576946716,0.02272500098132979
173,-1.4545809510449763,0.042833593061711084
174,-2.248769898376379,1.1058438529958443
175,-0.7629910157651958,0.00028250361277903924
176,2.252363118918841,1.1187411628901294
177,2.9901330377095974,8.379682841644767
178,-1.9798719371404383,0.4349371761605319
179,1.9910974571820983,0.4534858068306557
180,-0.11629501082213878,8.70102878636203e-11
181,-0.10691823141117629,4.442080037136975e-11
182,1.8709205753128133,0.285857548635835
183,-2.031442449800249,0.5257874433070832
184,-0.4806755192005947,7.2531598994673985e-06
185,2.1486218405898514,0.7934566527707566
186,1.9897288971027889,0.4511891835682861
187,2.4952202613298304,2.3401436958534463
188,1.8351097891919803,0.2475302345301485
189,1.7702978964331004,0.18920737984475705
190,0.690594189893011,0.00012854777534476725
191,0.8642994141984568,0.0007539297990075688
192,-0.2847071289090142,1.115179272259681e-07
193,-1.3162896719613886,0.01992369599415489
194,1.230882065533418,0.011879109733989368
195,0.12330442936576347,1.3894341233111618e-10
196,2.3768019155024565,1.650684856491625
197,-1.4958173448536638,0.05300591161769336
198,-2.18438362547454,0.8950933695926792
199,2.7277419192710326,4.406044426252262
200,1.604153028690071,0.09011265914742561
201,-1.8416211025977702,0.25415404536570585
202,0.6262680811734107,5.928402324117954e-05
203,2.422381264447723,1.892412014303044
204,0.3181726765225097,2.7076348119159377e-07
205,-2.60093465321875,3.145616196588272
206,0.44556831928992136,3.966594882109931e-06
207,-0.6415017951014828,7.171694741381351e-05
208,2.181842010078136,0.887524701485549
209,0.5333820579753978,1.658581038666007e-05
210,-2.9907826807950655,8.392337678912115
211,-2.9104847542190333,6.943781943588573
212,2.655999042717103,3.6496220101296006
213,-0.7326412045603039,0.00020506847901191616
214,0.5161354927220323,1.2773535112087231e-05
215,-2.729056051160267,4.42103414975696
216,0.1443489479229001,4.898617067539135e-10
217,0.8255678393424359,0.0005257152001362231
218,0.21254197068452285,1.0796114113809097e-08
219,-2.6386135659622116,3.483684400320966
220,1.0142592859160642,0.0026404108833565365
221,1.0630584345422838,0.00380922489150215
222,-0.00817070363310135,0.0
223,-0.2450241967021647,3.363089384755824e-08
224,-1.1765289246027313,0.00837606357530285
225,1.7748328227979453,0.19286634478255232
226,-1.5806906116157677,0.0806023395726358
227,2.7719917138271555,4.934766050794178
228,2.393799957031556,1.7376016588326582
229,0.8396233443519412,0.0006003901701340242
230,-2.59885526173906,3.1277892768402635
231,-0.10521480574030129,3.9066416768207546e-11
232,0.3052935141312547,1.9470366985352427e-07
233,2.073073074784377,0.6103938619418792
234,0.25916597193335367,5.264802671600677e-08
235,-1.3166231864635094,0.019962552100039554
236,-1.4441398877165132,0.04054167471853337
237,-1.0486426857760203,0.0034247444527675253
238,2.5307785027617813,2.589069611306816
239,1.9329105704470972,0.36414596726916826
240,0.7166960643007845,0.0001723525195004294
241,-2.3790936987203093,1.6621858609542919
242,-1.2516043698042758,0.013513553265768974
243,0.8681839487014607,0.0007809676769415796
244,2.9757449599584893,8.103451447398994
245,0.6758490761823026,0.00010837455770973392
246,-2.9078312324675313,6.89972593733256
247,-2.1724900209481723,0.8601385895911939
248,2.7864653646864346,5.118789969794275
249,1.9451443367773624,0.38157091230542006
250,1.2483287555075266,0.013242981961210154
251,0.26556235799047867,6.396542651110337e-08
252,-2.4419650974545357,2.0050413557921765
253,2.130984910511808,0.7470359538093602
254,2.5598092084431796,2.808410354068666
255,2.4246412691251207,1.905131988038882
256,0.0764810561537077,3.0468960687812796e-12
257,0.18402827056447446,3.4140981153285566e-09
258,1.4860653742411722,0.05043034067579755
259,0.9497512696796231,0.0015795056842901056
260,2.4310547625861982,1.9416206239890939
261,0.32935139429477234,3.5665713227217566e-07
262,2.343891196683458,1.4927591524858896
263,-0.05912926807111951,3.8891112552619234e-13
264,0.9243568869981749,0.0012773500659030157
265,-1.5284539233623289,0.06246264400062651
266,1.5937926231786728,0.08580114766370123
267,2.8335822623383633,5.7580080426962255
268,-0.20816634734684936,9.142684387342115e-09
269,-0.09584686526009456,1.853084352632095e-11
270,0.9129118716813953,0.0011584758590613697
271,1.3146468016922457,0.019733241991467088
272,-0.47930933028951817,7.090785963725921e-06
273,2.8257345007666856,5.6471477794980025
274,2.5570652456467426,2.7870342687016927
275,-2.587443431233398,3.031452466519568
276,1.2588595223833092,0.014129857444956984
277,1.2513259345376282,0.013490370243652128
278,1.2475034813384323,0.013175554078079521
279,1.827314809714725,0.2397941793670303
280,-1.9200942873642313,0.34662018733032773
281,0.045800351595868705,5.040412531798211e-14
282,2.0319152253489836,0.5266893172322495
283,-0.7979051746782515,0.000401981203184687
284,0.013338149238592223,0.0
285,-2.6392780048619944,3.489908088557855
286,0.7197976041118621,0.00017833380242326946
287,1.907463168536018,0.33005335841724287
288,1.948532036550965,0.3865193071872089
289,-2.7650392429499044,4.848353099672811
290,-2.738062667149645,4.524919478899477
291,0.08905408100357004,1.0293321750509676e-11
292,-2.067867302367427,0.5992224383505246
293,1.8882827568321119,0.3061838646954236
294,2.444664214170027,2.020996525698046
295,-1.8669517483172762,0.28137578689140386
296,1.146033334839089,0.00683301065592723
297,-2.498837692788271,2.364512543299466
298,-2.400106399775723,1.7708114549101908
299,-1.8858202112471414,0.3032283098324887
300,-0.8383507381310542,0.0005932695508255037
301,-2.2567266405532402,1.1345735379683675
302,0.6170959491232186,5.2742382222303874e-05
303,0.1013018576834952,2.8851143696329018e-11
304,-1.3473722874667373,0.02383731577244319
305,-1.0396503990200194,0.0032023256089427354
306,-0.6377437346001047,6.845601023752756e-05
307,-0.893964715353861,0.0009827156259945014
308,-2.3570218900324855,1.5541712991643766
309,1.13368626081387,0.0062820222602653075
310,-0.8518862224061916,0.0006729008906073419
311,2.074722141787067,0.6139692371867942
312,-1.805825055652517,0.21952314323186747
313,0.0004598799764847783,0.0
314,0.2874249890650509,1.203059143417562e-07
315,-2.547846344181317,2.716212320045055
316,-2.11264964876544,0.7012305419159324
317,2.6748815976000078,3.8372856936392608
318,0.9367051303708278,0.0014173370559443788
319,-1.546254648375475,0.06820419477694784
320,-0.9865900368532396,0.0021272768675842935
321,0.028679907138806193,1.2212453270876722e-15
322,0.07414418232006303,2.377209540327385e-12
323,-1.189766248683009,0.009134219377386454
324,0.5276523169673695,1.5221988975300249e-05
325,2.894794370215804,6.68664482047134
326,-1.5919539735205408,0.08505472746142256
327,-0.718224081587346,0.0001752770901490841
328,-0.2156547737982173,1.2126200488182803e-08
329,1.983130228503927,0.4402535724133264
330,1.2399066613816636,0.012568636907235031
331,0.33975063659666915,4.5704309425964595e-07
332,2.9900880693459975,8.378807460522827
333,2.933915022763265,7.343063505768412
334,1.4805607892561916,0.049024490859097436
335,-0.23585292449147044,2.4796337649846123e-08
336,-2.7119818916107157,4.229558819561705
337,2.6986726222703528,4.08515479574082
338,-2.900539178779431,6.779854804294147
339,1.2467029003008694,0.013110426697668043
340,1.3091444302167519,0.0191067319334276
341,0.2983913380528378,1.6221950560613152e-07
342,0.721046215381624,0.00018079225471612226
343,0.0812651869764065,4.950040377593723e-12
344,0.02288072287355236,2.220446049250313e-16
345,-2.2597123658038107,1.145515208972362
346,0.8099501817960886,0.0004523307557126044
347,1.3337551616570567,0.022048299516204017
348,0.39742577466532847,1.595487484240543e-06
349,-2.723068477830746,4.3530800147032
350,2.0401542784346844,0.5426178492923548
351,1.6898091787524514,0.1334259798851132
352,2.2527210486393976,1.1200328083871567
353,1.5652670619153692,0.07482986427181426
354,-2.8635282938991233,6.197862083924209
355,-0.026359847935823577,5.551115123125783e-16
356,-0.32076948340714795,2.889081716084263e-07
357,-1.5742055266127926,0.0781304307130396
358,0.4303111073708994,3.0056393771626944e-06
359,-1.5055018706912886,0.05567444380478909
360,0.8010267909761959,0.0004145377110849058
361,-0.5016073072483191,1.0179895588047216e-05
362,0.5510539790462197,2.1486537890691437e-05
363,-0.6660307644855266,9.652486463529453e-05
364,0.18101800673486723,2.9924126510039173e-09
365,-1.5625535184568653,0.07385180156360072
366,-0.7011961926366181,0.00014500301338105093
367,-2.69533084501938,4.04955144884327
368,-2.109252061210197,0.693008916960977
369,0.789795502115965,0.000370893362142799
370,0.8438762070731087,0.0006247277214234126
371,-2.6053399397640415,3.183664422381442
372,2.025687386669963,0.5149133898521203
373,-1.943220957563519,0.3787854362697735
374,1.80481131866968,0.21860409557775565
375,0.14883366919391872,6.25628993056182e-10
376,2.644694123524472,3.5409877538626824
377,-2.3586618665848853,1.5619885373548195
378,-1.1040824282496196,0.005114672849131918
379,-0.3759948812966698,1.0256834265254255e-06
380,-0.1763576406772711,2.429258127989442e-09
381,-0.8169940381647778,0.0004842441705167344
382,0.9196712199291102,0.001227461839620303
383,1.7963512458897082,0.21106110520080107
384,-2.823826202496373,5.620461312157388
385,2.7247086000338685,4.371606710345031
386,1.1313241767324254,0.006181110409001711
387,2.343800174759628,1.4923406762354554
388,-2.886688468902843,6.556944174450541
389,-2.9411507565880783,7.470165127178607
390,2.903172713688491,6.8229446006430425
391,1.140452693345794,0.006579014008333495
392,-0.9271661961281374,0.001308096367138356
393,-2.7851138013986514,5.101366811180862
394,-0.36660937764176715,8.384677445683053e-07
395,2.9179383828728955,7.068788983252658
396,1.006866872194422,0.0024938055536100068
397,2.7274599940891617,4.402834167014806
398,-1.5291350001844948,0.06267444433144198
399,1.9820571180083064,0.43849658125019797
400,0.5960584410297072,4.006180785054436e-05
401,-2.8349124142280617,5.776976911856455
402,0.9451025091393683,0.0015199664113887401
403,-1.5628966414984609,0.07397486842583167
404,-0.829154946688476,0.000543960810761468
405,-0.2627316335784431,5.871874231289098e-08
406,-0.32858316847696223,3.500734389039195e-07
407,2.8728952387356337,6.3410622946025015
408,0.21947650987053446,1.3953543098743637e-08
409,0.998410918883101,0.0023348011137365177
410,-1.733316978508979,0.16151355354914382
411,0.8136693924349365,0.00046894557843835116
412,-2.750613229920975,4.67307554024414
413,2.0904419653579067,0.6489502955718318
414,2.9565981369154137,7.7476506933816065
415,-0.0691950235735872,1.3679057886406554e-12
416,1.6835582335883874,0.12975565601606942
417,-2.638378303349244,3.481482961570587
418,1.302888923766945,0.018415337343041183
419,-2.216413131089437,0.9952409792404902
420,-2.1172226375006873,0.7124264688848732
421,-2.1294777186676512,0.743177736280957
422,2.4755453338767115,2.211259644090078
423,0.4603649850318523,5.144550325297814e-06
424,-1.4683177847016555,0.046017665132499
425,-1.3773866800421941,0.028226535617182302
426,-1.0310794325944763,0.0030020786710986958
427,-2.2246895614793623,1.022602267797302
428,-0.887241250521317,0.0009261731087446545
429,-2.6131644146597566,3.2521937481319574
430,2.1850337223161755,0.8970380131745909
431,0.13156045767878766,2.3330304355084763e-10
432,0.5813644634339621,3.286562698423534e-05
433,-2.448898605888748,2.046241775791247
434,1.5120000421164725,0.05752882855551911
435,-2.6525428375266675,3.6161179734890467
436,2.4749152819217803,2.207232884375361
437,1.054103278124071,0.0035662320824539906
438,-0.6397878192064317,7.021329240841645e-05
439,-0.43239153480240855,3.1233229775828875e-06
440,-0.25091477044614763,4.06583811063399e-08
441,-0.5021594685515618,1.0269328937773103e-05
442,1.9807159796485099,0.4363091092061506
443,-1.2712821479946106,0.015241445004949339
444,1.4399855760537417,0.03965948698161559
445,0.7098910918397103,0.0001598375843124833
446,0.8172311890230999,0.0004853518186256345
447,1.947438734710225,0.3849164133338747
448,2.84920030749562,5.984040004036108
449,0.3319302535302002,3.7955615483920013e-07
450,-0.39771238301318634,1.6046794031332468e-06
451,1.9555338311478838,0.3969195079237654
452,-0.721239474199459,0.00018117539530304594
453,1.6737647232313124,0.12417858636117896
454,1.830854784816193,0.24328150997188644
455,-2.20477773387518,0.9578209172165167
456,1.0643462691063972,0.003845321121848877
457,-1.328034878831889,0.021331969205712564
458,-1.0789680671921205,0.004276376769291712
459,-1.0361955822419138,0.0031202607423260753
460,0.6289819489898099,6.135031212428643e-05
461,-2.560280273330452,2.8120938298992177
462,-0.4109936105817136,2.0847526100986613e-06
463,1.1430614179787177,0.0066967129875761255
464,1.2199397125154308,0.01108701580259669
465,0.6584053182772474,8.811656329088535e-05
466,-2.6862961671207626,3.9545916837646002
467,-2.8872705720614698,6.566187843267715
468,1.4093650972325609,0.03365032570305476
469,-2.353514333684302,1.5375622682071861
470,-0.04720552210461815,6.417089082333405e-14
471,-0.5458931877271462,1.993956554524612e-05
472,2.394541418543761,1.741478847179173
473,2.076484068850986,0.6178088636377517
474,-2.175362506214359,0.8684733285841368
475,0.0145305309025332,0.0
476,-2.548330235081089,2.7198918164751147
477,-2.6315835873084197,3.41840253892581
478,2.3587236911738643,1.5622838805780466
479,-0.08747740218027955,8.92275142660992e-12
480,-1.7450629151557335,0.16990791463953572
481,-1.677794036519389,0.1264478457114921
482,-0.08298169212666995,5.8509863620770375e-12
483,-1.7956650423634626,0.21045912409900253
484,-1.0018275502036833,0.0023979561657447857
485,0.013539470426349176,0.0
486,-0.3766945016011243,1.0409969830593724e-06
487,2.4651641315353334,2.145691711439426
488,1.1622212839569084,0.007618298832836157
489,-1.0658077993788966,0.003886643963864733
490,-2.5404329654301856,2.660360354058576
491,0.29000207902086617,1.2919193770333237e-07
492,1.3584694097715548,0.025386241380415453
493,-1.874917878745556,0.2904326342498692
494,-2.8294753107298565,5.69976760387172
495,-0.05724578721939766,3.000932835561798e-13
496,-0.6739367107373653,0.000105972021568701
497,2.8749359814783038,6.372623859270099
498,-0.583644329616611,3.390216662646495e-05
499,0.24657007923523455,3.5363622252759797e-08
500,-1.08316373263102,0.004407530526930548
501,2.859032801685049,6.130099349834689
502,-1.546708066208989,0.0683561509808463
503,0.855869645131401,0.0006980359927015733
504,0.09442974690645922,1.6449397399753707e-11
505,-0.4441437655009892,3.866751834724624e-06
506,-2.4297622893622792,1.9342204630450173
507,0.9088774122265093,0.0011189245361254985
508,2.301685669332704,1.308998233875399
509,-2.2262232166727016,1.0277414212321019
510,-1.6554227303931812,0.11428251309526571
511,0.1950660002357898,5.438397843171572e-09
512,-2.628984860358221,3.3945307900642194
513,-0.07268097900741965,2.0268231537556858e-12
514,-2.7663992804439497,4.8651569970709545
515,-2.942968471499455,7.502381092746579
516,1.0603955697870413,0.0037355171779070995
517,-1.1621425147762088,0.007614296752786021
518,2.8431939022806896,5.896252686462737
519,-2.0642519047192796,0.591566097666916
520,-1.1689850853733221,0.007968799317080777
521,2.3091255099067567,1.3399309506581618
522,1.1445353459441678,0.006764013580961459
523,-1.8176350964848433,0.2304747179877012
524,-1.5768432659389837,0.07912791106830963
525,-0.679845009821241,0.00011354830410426064
526,2.2810585009151234,1.2263620368002974
527,1.3260689679017625,0.021090454181305285
528,0.4115983296069614,2.109314952591923e-06
529,1.1023078874978447,0.005051102050528944
530,0.4108326124028361,2.0782554839282597e-06
531,2.3493441898645138,1.5180101841898814
532,1.2581362724173628,0.014067351959965724
533,2.551147545856483,2.7413976249470124
534,-0.2974307575082733,1.5809753750595235e-07
535,0.7634152877794409,0.00028374510233453165
536,1.3237303623816654,0.020806220614377702
537,1.1794357172135674,0.008537717946652035
538,-0.12414850234704744,1.4673429138412075e-10
539,1.6947466057251805,0.1363873347769039
540,1.8342238196385816,0.24664040958946387
541,-1.2613276933878466,0.014344969907801097
542,1.5505115448337055,0.06964228465371408
543,0.25611045645514086,4.788999863336585e-08
544,0.8932404939037344,0.0009764845712972869
545,0.40094307165080645,1.7115366541808896e-06
546,2.1093574956705146,0.6932628212288451
547,-1.7368088552308778,0.16397128767528235
548,-0.33989384023032176,4.5858207642357485e-07
549,2.154741884376394,0.810123511949006
550,1.5895798916537451,0.0840991631632067
551,-1.9575317745593852,0.3999303330964339
552,0.7736314904377815,0.0003151076050417201
553,0.9381536832807038,0.001434599124685354
554,-2.681373828971876,3.9036432054112726
555,2.5241780652252945,2.541257715880481
556,2.937094793860309,7.398695111169587
557,-2.707154683357775,4.176699228742625
558,1.4091305939272551,0.03360751052810712
559,-0.9934241811465769,0.0022452110590396313
560,2.627630666052725,3.382146621976308
561,2.025627251081932,0.514800778342275
562,1.0836409622013594,0.0044226664397516435
563,1.3193880050188653,0.020287186559961923
564,-0.2389818623522455,2.754943284610789e-08
565,-0.11368327293892522,7.255707146214263e-11
566,0.4485820187626568,4.185263629552516e-06
567,2.0414082829065947,0.5450775944485037
568,0.17379995999382647,2.161501977404612e-09
569,1.7710229952917578,0.1897884167065919
570,-1.2386900031269767,0.012473711871957893
571,2.795794904442494,5.240417997276297
572,-0.7085017154682474,0.0001573820225280187
573,1.5652547657428606,0.07482540739351357
574,-2.3257341692546674,1.4112106693519535
575,1.710789436383184,0.14639982404634405
576,-0.5748365005365819,3.0048953721828475e-05
577,-0.8318209650566164,0.0005578753997939057
578,-0.42126750769574617,2.5378770615036572e-06
579,-2.9363677895805034,7.385944975150803
580,1.547969538102664,0.06878044038133391
581,0.5071983514080074,1.1117683571204573e-05
582,-1.4468219856229627,0.04112013258139213
583,0.09522542041897797,1.759126178058068e-11
584,1.3215790058613628,0.020547662497869768
585,1.0187760751389536,0.002733612488766357
586,-2.219810422327716,1.0063965249313476
587,-1.025424506360374,0.0028759786307456237
588,-0.6165036574722884,5.2342489784029667e-05
589,0.8210982209382092,0.0005037266188607781
590,-0.38638141738472065,1.274521438388021e-06
591,-0.02084049480993322,0.0
592,-0.11123921658970737,6.098099802898105e-11
593,-0.14291951216685383,4.52391568650512e-10
594,-2.6535418685748753,3.6257759203581394
595,0.7982127748964203,0.0004032036400762884
596,0.396100161485498,1.5535689383838758e-06
597,1.7428584976515165,0.16830476969027894
598,-0.16182933984248393,1.221772905068974e-09
599,0.03777230092311035,1.0769163338864018e-14
