,data,labels
0,1.7379019320104216,0.16474716336445597
1,-0.5986993635580271,4.1491234240798036e-05
2,-2.6295925890621827,3.400100816744923
3,-2.649243734921657,3.5843772049130584
4,-1.3050961955384124,0.018656796389750097
5,1.6108578455419353,0.09300051141097038
6,-2.3870408876220273,1.7025908565638754
7,-0.4925145867703127,8.801798853319553e-06
8,-2.4506366991464787,2.0566805467968736
9,0.30951385464092906,2.1725125121108135e-07
10,0.6323280111097227,6.39841160935406e-05
11,1.1288430420782607,0.00607662384952945
12,1.4953962357720956,0.05289240921034266
13,0.30870697949047177,2.127720847289183e-07
14,2.0770812582645855,0.6191148700842033
15,2.4912699879938707,2.3137735724386532
16,-2.1279705632380086,0.7393364581820544
17,2.066619378807439,0.5965702890641156
18,-0.8412779523936118,0.000609759146423805
19,-2.843123777094879,5.895234141995834
20,1.060348888152972,0.00373423612396806
21,0.8681379756259231,0.0007806428289062195
22,1.657788173429502,0.11551961904151475
23,0.7024967991380082,0.00014714269074289632
24,1.2286883728485574,0.011716516753138395
25,-0.9834994834331097,0.0020757322081041973
26,-1.37705973433252,0.02817522132993855
27,-0.051550629852476604,1.297850715786808e-13
28,-0.32436285625459416,3.157653076790723e-07
29,1.0803679865253502,0.004319756862921298
30,0.3307952745513081,3.693245197444739e-07
31,-2.0245211485798453,0.5127331773729271
32,-2.8476538771906896,5.961334477890719
33,-0.8811293981497541,0.0008772464628374887
34,-2.075615429497503,0.6159133772915357
35,0.5268714391649603,1.5043918389912037e-05
36,-0.5012582671527737,1.0123712999909884e-05
37,-2.065734466566439,0.5946956526355694
38,0.293763865569308,1.431919767203027e-07
39,-0.3130167670462871,2.3766665369073792e-07
40,-2.8290834715698256,5.694236726006975
41,-0.7208732710028523,0.00018044998609478835
42,0.8094511122197225,0.00045014067856596895
43,1.3840535359071877,0.029290564484208637
44,-1.04185899216342,0.0032557612859767104
45,-2.647772824916152,3.5703008279440627
46,-1.4663223761221649,0.04554291658903692
47,2.605129229468794,3.18183579924468
48,-0.027494660138592586,8.881784197001252e-16
49,0.9483157631602932,0.0015609082765769555
50,0.11319791904190257,7.011646818710915e-11
51,1.435375072715634,0.03869976280196252
52,0.859618191735795,0.0007224297204289076
53,0.6043333937139677,4.4690102845246216e-05
54,2.8517378808792087,6.02145425978549
55,0.11525133201603754,8.095801806717873e-11
56,2.1469487322055265,0.7889509712198589
57,-0.07947542094538429,4.142575171783847e-12
58,2.979965092638425,8.183674685390525
59,1.448259078127231,0.041432979394622926
60,-1.5062796416142115,0.05589366162172926
61,-0.7990573830999672,0.00040657683907263653
62,1.8262011201027617,0.2387058836658943
63,1.0777192902541284,0.004237998705668766
64,2.6060008353079827,3.189405629259903
65,0.10381832606121666,3.510691737318439e-11
66,-2.2184958782840534,1.0020675717208853
67,1.2247351924719068,0.011428354742809455
68,1.2116252264312495,0.010516010099672679
69,1.2032123636103442,0.009964249224642785
70,1.286446197072375,0.016699764189769817
71,-1.4414340122584521,0.0399651793860753
72,0.12873213858084442,1.9608548118554836e-10
73,-0.025931932766104282,4.440892098500626e-16
74,-0.9724867043391097,0.001900753805530897
75,2.786780108192618,5.122854485748808
76,0.45563010803678594,4.738208979504499e-06
77,1.9239211841158266,0.3517766806161428
78,-2.2742851768935184,1.2002042448547616
79,-0.6824008459094193,0.00011696910548153472
80,-1.3954185688327216,0.03118396243839866
81,-2.75377948984921,4.7110854316722985
82,1.6856367840578326,0.13096641901575964
83,1.8206337583397207,0.23332824063315813
84,0.09213407703590626,1.3510081942058605e-11
85,2.511046152612229,2.448331796839607
86,2.748637998345842,4.649493509670504
87,0.9021357410818327,0.0010554451960309574
88,2.843186049578768,5.896138621343013
89,-2.667058008086223,3.758575727796768
90,2.240073511789536,1.0751470703456842
91,-1.0326514039362664,0.003037971250234084
92,2.0896788219075297,0.6472140148144784
93,0.08822712417148804,9.553025037689622e-12
94,-0.26210806384162044,5.7614928050675474e-08
95,2.130582415313528,0.7460039656788093
96,-0.20640083700084233,8.54108195280645e-09
97,-1.3263875892348949,0.021129436749209696
98,0.7934965693476732,0.00038481155029346237
99,-1.563752406780844,0.07428256809563949
100,-0.1416576220217105,4.2142223044550065e-10
101,-2.065329139755628,0.5938386562566522
102,1.5071475909773806,0.056139169535662725
103,-1.2760660174532574,0.015689165527513427
104,0.30533605187013224,1.9492030334244959e-07
105,1.0811235424454315,0.004343327455703649
106,0.8648617166656787,0.0007577925961818055
107,2.418165543808378,1.8688752362870114
108,0.7955844193173691,0.0003928616530487483
109,-1.2550744857952667,0.013805375019678823
110,-0.5542114698131293,2.2483755894864288e-05
111,-2.993421216961514,8.44389912865745
112,1.4516023896832575,0.042168712728379854
113,-2.8083075241307736,5.407321468970799
114,2.507293819416283,2.4223085467626513
115,-2.3779506427647235,1.6564412000518784
116,1.9830154132416071,0.44006530216127326
117,-2.504989216423688,2.4064408782412934
118,-0.197258526339815,5.946581227433967e-09
119,1.5307216861577864,0.06317025696701262
120,-2.123571798500098,0.7282211268098909
121,-2.1529634340690373,0.8052500329169104
122,0.4078041358785227,1.959291847430933e-06
123,-1.7996258046648665,0.2139539817058336
124,-0.8199447235704636,0.0004981833864612373
125,1.8114871351871802,0.22471705329026576
126,2.950637070201136,7.639570917066472
127,-0.07653006664162909,3.062439191126032e-12
128,-0.9073674914169865,0.0011044265024735545
129,-0.2800349731023788,9.771699960303692e-08
130,-2.166155311941119,0.8419962676903389
131,-2.471922326713006,2.188188356217706
132,-0.10451375648536843,3.703248818709426e-11
133,1.410348099150923,0.033830310546985154
134,-1.0182610493061641,0.0027228433130598306
135,-0.35591937489210235,6.622216587315322e-07
136,-2.6312933757776387,3.4157297271231246
137,-2.5738594397895627,2.9200291426245437
138,2.2509285089602926,1.1135767364789388
139,0.26681861489059777,6.642220118369124e-08
140,-1.912161870238856,0.33613579044052927
141,-2.719893235053334,4.3173990840392715
142,-0.28488483368599793,1.1207486327879934e-07
143,0.5342212759382843,1.6794254730667646e-05
144,1.610309193095059,0.09276126476528462
145,-2.175397909278698,0.8685764769668733
146,0.2213038013556261,1.4909265932949722e-08
147,-2.631069440635489,3.4136685077787963
148,-2.004166586040095,0.4759211076109961
149,0.5759776468177393,3.052557834737346e-05
150,-1.52775316983463,0.06224536482764187
151,0.7270725678211143,0.00019307721674244327
152,1.3364016715812195,0.02238665243318827
153,-2.9846415668758803,8.273343909364986
154,-1.617285630769086,0.09584295983339425
155,-1.777709501663604,0.19521846366747184
156,0.08633395188425252,8.031353360138382e-12
157,2.038769640120348,0.5399127851785651
158,0.38192767459414334,1.1620196705974806e-06
159,-0.7939769290831054,0.0003866508533775237
160,-0.08880132665444673,1.0061951272177794e-11
161,-1.2115519536576844,0.01051109302776948
162,1.5120653769425187,0.05754773859034018
163,-2.818730981257483,5.549722435003283
164,-2.3686750598916992,1.6104388776166714
165,-1.8388746414201746,0.25134198625096504
166,2.757557161721042,4.756772514265101
167,1.107483248089439,0.005238438226268016
168,-0.24047227368437518,2.8952248376512557e-08
169,1.8829037383510707,0.29975932860776444
170,2.1322005023373087,0.7501600264595322
171,-0.6839639017798733,0.0001191050681953465
172,-2.464414551319341,2.1410211913642696
173,-0.9406821643081389,0.0014651675996649738
174,1.8112515057403407,0.22449884073018714
175,2.872544928219905,6.335657614362874
176,0.27576120964729967,8.642511639678219e-08
177,-0.47613326650468846,6.725511527250205e-06
178,-2.302085394655039,1.3106447560563503
179,2.225655408930626,1.0258362114726967
180,1.7016312677971266,0.14061009774743827
181,-0.004785193402432775,0.0
182,2.501144813211324,2.3801653253019244
183,-1.6377134397581299,0.10537487342461221
184,2.872553710149475,6.335793057278961
185,-0.3658850806508207,8.253501730948187e-07
186,2.5901271129162007,3.0538811942065185
187,-2.063340796768979,0.5896497514972513
188,0.4169777484124535,2.339183352129126e-06
189,-0.8295343859471749,0.0005459225991018002
190,-2.8297567703943782,5.703743220545881
191,2.900402913321124,6.777631418684874
192,-1.5116948824162613,0.0574405758557312
193,-1.9149154878848949,0.3397443491083527
194,1.00072192770042,0.002377359192806461
195,-2.0975206792512866,0.6652441305493553
196,-1.8775108291416631,0.29343352185271204
197,0.5350164459441982,1.699386330822339e-05
198,-1.5231318480377851,0.06082860095285836
199,0.910133523693645,0.001131111078769953
200,0.2526820579465312,4.30028278541883e-08
201,2.890206803309379,6.6129802639232205
202,-1.270167898356037,0.015138758023833188
203,-2.0938833260956384,0.6568289815704276
204,-1.0614026415683444,0.003763246342777249
205,2.1848534829791166,0.8964985039672871
206,-1.0057084833854926,0.002471483895465809
207,-2.046158523017284,0.5544810247452894
208,1.5203448167450428,0.059987603727565675
209,-1.85737228881662,0.2708035799196903
210,1.4290764571933057,0.03742090346209476
211,0.25482872586163285,4.600888658945479e-08
212,-0.32699192793774756,3.3677348609817415e-07
213,2.5842082510518027,3.0045981089965266
214,1.9234071197677558,0.35108025034665913
215,-1.5704227495586425,0.07671873408767199
216,-2.866267484222144,6.239456545334234
217,1.5982144063231312,0.0876191934352964
218,0.8487498685188335,0.0006536675517314627
219,2.4159093014335387,1.8563797434882514
220,-0.016164981708806536,0.0
221,2.469887241136451,2.1753177603636105
222,-0.6829757468754218,0.00011775081412157551
223,0.827120790175107,0.0005335478388855952
224,-0.057114855838822365,2.9465319073551655e-13
225,2.347430566079047,1.509108227133629
226,-2.744205635018968,4.59693758884092
227,-0.5179313387346562,1.3131054300674627e-05
228,-1.7718864031683408,0.19048226498032678
229,-1.159171707263833,0.007464676245897084
230,1.8279755137897666,0.24044181065348172
231,1.529798334913968,0.06288131826508586
232,-1.7836997537347825,0.2001948903181514
233,-0.40564702291710875,1.8782259594285478e-06
234,-2.4812115658297724,2.2477511572066975
235,0.8847136503087731,0.0009056593179123107
236,-2.1977048894310025,0.935659602340154
237,2.5994894131388975,3.1332169616296794
238,1.1516106345065351,0.007095273885029951
239,0.6079810573953424,4.687395292535257e-05
240,1.9065082600406722,0.32882873155768905
241,-0.9640853739593012,0.001776006734198976
242,1.6703366003787394,0.12227537026383739
243,0.06947128107638711,1.4122036873231991e-12
244,-1.1296801253766118,0.006111703509965705
245,-2.10019472008951,0.6714885926086958
246,1.5029736111187777,0.05496692659098179
247,-1.9856340381272306,0.4443762462275117
248,-1.5708599749930348,0.07688077859317538
249,2.287422431196446,1.2513745820842923
250,-1.3476050765075658,0.023868953359348244
251,1.156483555038852,0.007331486215882088
252,2.621799149433423,3.3292481094995594
253,-2.6444344815987035,3.538524871041665
254,2.574212359192929,2.922879950147
255,-1.4680205812382718,0.04594668646633643
256,-0.6627090182340019,9.277993777545568e-05
257,0.41577383780502153,2.285922657607742e-06
258,-0.7316462751905259,0.0002028796921563769
259,-0.40553730938975496,1.8741823398782387e-06
260,2.386578711317121,1.700218678512485
261,0.5865279969699335,3.5253968842741124e-05
262,-2.7817617837339443,5.058369040408277
263,1.451292014206266,0.04209994240107018
264,1.4816371232513905,0.04929670743145259
265,-1.313769473113035,0.01963217877910922
266,-0.9836539042191585,0.002078281726221487
267,2.1374866540236326,0.7638741134769829
268,0.20425042657614023,7.855308958859553e-09
269,2.7758527213349753,4.983307541822851
270,-1.7988369355359508,0.2132539956731024
271,-0.7585027778624536,0.00026965683221613634
272,-0.7738747288037473,0.0003158896363806285
273,1.3172845665817636,0.020039799133357017
274,-0.6638858599168627,9.409196360365968e-05
275,-0.5093544829872876,1.1498975213908302e-05
276,-0.3905253500540393,1.3876269184809331e-06
277,0.6687415135634467,9.967783376096939e-05
278,-1.9635210838665542,0.40907231766552565
279,-2.0127981607196332,0.49124841153151655
280,1.3150315393109926,0.019777702598471836
281,-1.9604431099955966,0.40435226591808926
282,-1.3869305448068583,0.029760272506312913
283,-0.288606556340572,1.243113940674334e-07
284,0.6559873965866929,8.558723450513561e-05
285,-2.385660951452123,1.695516392797584
286,-0.8572356022702206,0.0007068408084830446
287,-1.897856998452947,0.3179085667705299
288,-0.09209246979371777,1.3461565195882486e-11
289,-1.2770261284999922,0.015780373968155403
290,0.7316071146688783,0.00020279395873568085
291,1.445495783155061,0.040833226615528906
292,0.1816683150356253,3.0794314875848272e-09
293,1.9723263351823332,0.42283392262647285
294,2.8126138811281525,5.465778977745997
295,2.753338591362918,4.705777174591277
296,1.251238553124188,0.013483101780218387
297,0.29865471447091574,1.6336596697641426e-07
298,-1.4607664835543415,0.04424312549783538
299,0.8421666086924526,0.0006148432566611683
