,data,labels
0,0.6428805135798292,7.294676828994984e-05
1,1.3131066511256,0.019556121224314493
2,2.7104172611311306,4.212364706523791
3,1.8333341641850165,0.24574962151561766
4,-0.2729666734560241,7.967422543941893e-08
5,-2.9949685337993603,8.47425875803732
6,-1.5724619641126583,0.07747701288515946
7,2.0761584561677866,0.6170977563154623
8,2.6951749721533362,4.047897127675509
9,-2.7880835414635476,5.13971537038339
10,-1.9289984308541988,0.35871830809242056
11,-1.043933205459385,0.003306646767056276
12,1.872439716810102,0.2875890033159389
13,2.7253846874966765,4.3792628907172375
14,2.328293775692643,1.422474349742677
15,2.646345232240594,3.556683232708879
16,-1.5047752195483042,0.055470300495955915
17,0.7355796161737498,0.00021165322409211207
18,-1.1185032155920906,0.005657446815347189
19,2.6657516815712095,3.745565771102527
20,-2.513066519143487,2.4624402759648767
21,-2.196363391929083,0.9315054800635654
22,-1.207024578872874,0.010211098333960777
23,2.9095857211164597,6.928829263884739
24,2.763078605709561,4.824213805960791
25,1.719539220866122,0.15212008437741614
26,0.5556311420492968,2.2945122259865336e-05
27,2.9587664608283353,7.7872788712638
28,2.609056364348347,3.2160618148886257
29,-1.1303897320849292,0.006141577914113405
30,2.835514783862127,5.785584240252536
31,-1.4686265381664325,0.046091501772581034
32,-0.9565724947045542,0.001670526638835157
33,-1.6271607774231562,0.10035446566752865
34,0.8540288085812433,0.0006863209227605527
35,-1.3900412416357673,0.030275401551483616
36,1.6382142199756,0.10561835568775585
37,-1.5578946709717916,0.07219808796390764
38,-2.3753376149493395,1.6433715387254428
39,0.7845155897314946,0.00035179601249613057
40,2.2077787059304956,0.9673567167091222
41,-2.615366921331976,3.2717051425481856
42,-2.792155475083133,5.192687510471955
43,0.44047421682571786,3.6196020855028266e-06
44,-2.8655825898530414,6.229034706799515
45,1.394801955816714,0.031078603796342585
46,2.7156568227391054,4.270174285800084
47,-0.5871982544588517,3.557481843707855e-05
48,-2.9321145456915447,7.311718096201183
49,-1.4064017312088006,0.033112709626048675
50,-1.9171098296523168,0.3426434823099961
51,2.2042438546116374,0.9561328131864264
52,0.2836116096346961,1.0813763984263147e-07
53,-0.2172070232750425,1.2841446572764426e-08
54,-2.268478079969332,1.1781535560277017
55,1.9035389348533904,0.32504532475410264
56,0.17714661730215298,2.5175044271463776e-09
57,-0.5485475078961084,2.072261644059381e-05
58,0.8453987348810887,0.0006336465019172177
59,-1.7086827115812764,0.1450502759934021
60,-1.8005822540788536,0.21480528847929403
61,0.6526350001556231,8.218510308122262e-05
62,2.229129713169738,1.0375405982532748
63,-1.465112273749376,0.04525705990390333
64,-2.4902540837504388,2.3070323195785867
65,-1.6340662417516192,0.10361600491774176
66,-1.6972219857618946,0.13789299393650967
67,1.456499478129584,0.043266596196890106
68,-0.8410356753697656,0.0006083794020437239
69,-0.838176064335781,0.0005922979471513212
70,1.0641637741921341,0.003840188113296894
71,2.5604611900429575,2.8135095770623755
72,0.4037768279640819,1.8103296316462902e-06
73,0.6455754280882928,7.540379345061243e-05
74,-1.977665553454596,0.43136811123327656
75,1.7636731207493694,0.18396858924660714
76,-0.007855296716791749,0.0
77,-0.14528283732083658,5.157833049551641e-10
78,1.2807007484895303,0.01613368735835341
79,-0.49073546937320867,8.552104761361257e-06
80,-2.6328031875718914,3.429654039648308
81,1.84084815152322,0.2533599411478679
82,1.3053310326604173,0.01868264549356191
83,0.9346130447157783,0.0013927242088125347
84,2.9081878976296363,6.905634009583754
85,-1.9569066532744603,0.39898622420797264
86,-1.0089467984577705,0.0025343233288915856
87,-2.3730752324996676,1.6321258225938224
88,-2.8145305562937484,5.49196629385338
89,2.847191791377883,5.954563840959968
90,-2.944708624860337,7.5333307297895535
91,1.452124571698496,0.04228463083828371
92,2.360065434054647,1.5687051178833624
93,-1.2917338600006436,0.017235769768690123
94,-0.5279969791381136,1.5301168503567553e-05
95,-1.4297992427823918,0.03756578851543657
96,2.983800530429132,8.25715739325417
97,-0.5157096718223917,1.2690018797778535e-05
98,0.15154739530197903,7.228696530248158e-10
99,-1.870283724711347,0.2851343321729452
100,0.9555883161678316,0.0016571197113131042
101,0.7622875272992511,0.0002804555001022502
102,-0.9025481693131736,0.001059236800920682
103,-0.789115702718159,0.0003683850740566763
104,-2.08538473410821,0.6375172898255346
105,0.15123822831382983,7.111625732747484e-10
106,-2.341356341004648,1.4811418977849318
107,-0.16642209155024457,1.5281107490494605e-09
108,-2.0358232171793467,0.5341945483913533
109,1.037122883589678,0.0031421068249332107
110,-0.31219639072868954,2.327408374913631e-07
111,-1.915760134277671,0.3408578091869201
112,-0.36622449480338926,8.314747231841224e-07
113,1.0276090518446246,0.002924137458750531
114,1.491367078490784,0.05181691252386944
115,2.3411808792130717,1.4803405775772926
116,-1.4077645923897837,0.033359037419087634
117,-2.501993479328818,2.3859449604234095
118,-0.5122971923973276,1.2037756656257947e-05
119,0.8533599058825452,0.0006821065343284305
120,-2.8680555378488943,6.266733369987136
121,-0.24790918742897228,3.6927174540402063e-08
122,-2.46188449882325,2.125319754619039
123,-1.0825909389482864,0.004389422857112302
124,-2.487607994471145,2.2895509027103627
125,-2.5512474248814323,2.7421626536100248
126,1.4924933488215677,0.0521156409795725
127,-0.32448314540224477,3.1670087607960085e-07
128,0.427369591969609,2.8458604520720243e-06
129,1.3087249368818936,0.01905967827988564
130,-2.508933253668804,2.433649707918147
131,2.5789589549152065,2.9614489857686874
132,1.7784789382958142,0.19585171882418187
133,-1.3555887604589953,0.024976075718545043
134,2.1494178440647325,0.7956079064184676
135,-0.23920783828948577,2.77582260510556e-08
136,2.542471673849917,2.675623044445255
137,-0.0523144215868343,1.461053500406706e-13
138,0.26798322862531254,6.877304625785285e-08
139,0.5462653157246162,2.0047766788100496e-05
140,1.7160873011836415,0.14984100420859164
141,-2.084831741980423,0.6362775230152321
142,1.0123527630139346,0.0026019045781964234
143,-1.4551911411825267,0.04297090523448566
144,0.7109365653715436,0.00016170726139785874
145,-2.782146411677597,5.063287411889139
146,-2.4159571292855464,1.8566438932860125
147,-1.137935433170742,0.006467140189028608
148,-2.6982768350713524,4.08092446597066
149,-1.0515319022694436,0.0034989883187932502
150,-2.6581077889299154,3.670191158126184
151,-1.4428854910962878,0.04027354038951164
152,-0.9308197338222044,0.0013490412146091035
153,0.8126862173666272,0.00046450268869924205
154,1.2351862378611163,0.012203788950717276
155,-0.20520569913667774,8.153759556428497e-09
156,-2.4583471609775858,2.1035291961327083
157,-2.295359018694324,1.2831688391325458
158,-2.6628734797956337,3.7170340310117225
159,1.2806371420503107,0.016127514162346812
160,-0.7441943283423589,0.00023203011403205576
161,-0.856810445576417,0.0007040900134080985
162,-0.5992769722227997,4.1809729454445055e-05
163,-2.892202067181948,6.644935532390451
164,1.4010118634454036,0.03215377190870555
165,0.4581954853575536,4.954740725815476e-06
166,-1.3623974580665934,0.025954868100695916
167,-2.9812398612123774,8.208037185218558
168,-0.18815097897078292,4.07553857328935e-09
169,0.47201006920903943,6.275877882822023e-06
170,-1.279865363550034,0.01605277269379285
171,0.24029178833359133,2.8779113203647455e-08
172,1.7772981795482892,0.19488065662955723
173,-0.7175224244624374,0.00017392882454814185
174,-2.225507459856187,1.0253402756377294
175,2.31347096867112,1.3582810241049954
176,-0.1791000660220412,2.748167249322364e-09
177,1.4061807206676296,0.03307291108456595
178,-2.092900035641863,0.6545696190655194
179,0.06884607393300346,1.3137269050389477e-12
180,-2.930131689127742,7.277326581369183
181,2.6347884197683786,3.448035182210434
182,-2.276534164441741,1.2088369502363963
183,0.6357436480402878,6.677376988206696e-05
184,2.119255659790854,0.717452149386572
185,-2.064181946930673,0.5914187679609006
186,0.8183087811097218,0.0004904126509709394
187,0.36927004539965225,8.882315017944009e-07
188,-2.8883076603903346,6.582683486114285
189,2.500222210610106,2.373895486056983
190,-1.4437823091415147,0.04046508463256254
191,0.5960603259936801,4.0062812594943153e-05
192,1.3184074860040749,0.020171541706166862
193,0.8179126305832289,0.0004885468543569527
194,-0.4553017389919205,4.711098453902274e-06
195,0.1697110099696042,1.7868959645284122e-09
196,-1.080371477105967,0.004319865501413611
197,2.2600215829819543,1.1466534474266974
198,1.9166773439982894,0.3420704329435017
199,-2.7451593762496818,4.6082043005269036
200,1.2482635617009832,0.013237644593408204
201,0.04438834584504203,3.930189507173054e-14
202,-1.568834881533203,0.07613269399579187
203,1.1827989613196959,0.008728110984238202
204,0.3017206847252627,1.772424736978806e-07
205,-0.6453377354369034,7.518422170527117e-05
206,-0.08935138578132484,1.0571432618178278e-11
207,-1.0295773092301295,0.0029681245362126463
208,-2.9018332164486917,6.800999374164928
209,1.6175456580327738,0.09595949256708747
210,-1.8001976196064613,0.21446259102456167
211,2.3423281456995184,1.4855866621669682
212,0.6017091418484029,4.317433554679173e-05
213,-1.6506295467042833,0.11181037588396658
214,-1.7079853735309591,0.14460591181579763
215,-1.959048385483458,0.4022287188491598
216,-0.27596159260162123,8.692784903008288e-08
217,0.26195016165862395,5.733831254239874e-08
218,2.971181130437879,8.017432529789135
219,2.444456570183698,2.019765317157617
220,-1.517754809828306,0.05921500900031995
221,-1.8282295074453923,0.24069117433568604
222,-0.8490021718215157,0.0006551969092528642
223,-0.10326875509558953,3.364797329652447e-11
224,-0.0513196958774671,1.2534417948018017e-13
225,0.9426901726763095,0.0014898445966404772
226,0.31363231426392435,2.414222077806727e-07
227,-1.465977385191905,0.04546126364917946
228,-0.7447286474196138,0.00023334832273480544
229,-0.6795479661096309,0.00011315644173781614
230,1.8645194739562827,0.27865878509734765
231,1.8586755927352687,0.2722217911394813
232,-0.20684131851050402,8.687838559673366e-09
233,2.071907898354879,0.6078782506898138
234,-1.3594896366012257,0.02553289019036553
235,1.013410554304837,0.0026232084193331673
236,-2.981700649222927,8.216858289896045
237,-2.2828501508184216,1.233360905503531
238,1.236990566277874,0.012342154866430366
239,-1.3944592518730037,0.031020179433572603
240,-0.20383205248145586,7.727636863741338e-09
241,-1.265468708614184,0.014712219806972349
242,-0.8570204690900844,0.0007054477167601769
243,-2.5898311188921697,3.0514006441881514
244,2.1283204451947055,0.7402267019364894
245,-0.0927096828362659,1.4200307596468065e-11
246,0.17082589054368746,1.8829214853965937e-09
247,1.034492416742994,0.0030804786178338928
248,1.2379260452331886,0.012414423464866597
249,-2.9046410024594596,6.8470675942241295
250,-2.631063166510426,3.413610772350669
251,-1.1837966554760577,0.008785290432446247
252,0.8238942491939691,0.0005173861316479789
253,2.2694870430991747,1.1819601017799377
254,-2.8238458904643706,5.6207360991817765
255,-2.719402004133255,4.311900896354156
256,-1.2838421002170377,0.016441108535878268
257,1.2789789052323979,0.01596729359922544
258,2.534089362107136,2.6133351016990103
259,2.7433353696558136,4.586677072996292
260,1.2966067505609136,0.01774278182320521
261,-0.6521955941037714,8.174803247584794e-05
262,1.1315088584208306,0.00618894949531601
263,0.9344573069195823,0.0013909069118757111
264,0.735986000256224,0.00021257822302422902
265,1.3013581534232799,0.018249466760664912
266,-0.3152677715078256,2.516535351215765e-07
267,-0.9181979108161009,0.001212129010706109
268,1.5760041626421994,0.0788094231299643
269,0.852475583041298,0.0006765694122640165
270,-1.8936987553024323,0.3127703541257363
271,-1.1566372316646438,0.007339044739463452
272,-2.281128365198791,1.2266343253440428
273,1.8755164028467597,0.2911229963519094
274,0.9130507698904844,0.0011598588536358978
275,2.6719752519072113,3.8078868168836433
276,0.9095742458659357,0.0011256709287451594
277,-2.886569427195962,6.5550551549268405
278,-2.8123685413208435,5.462434461169678
279,1.8080340748770798,0.22153722153829009
280,-1.1683406990068532,0.007934817953324569
281,0.23751139774601526,2.6224009297415307e-08
282,2.4023710255781916,1.782866366571715
283,2.8888340874808236,6.591069896463827
284,-1.1828800183752528,0.008732744474035659
285,1.3629664018965375,0.026038129784572372
286,-2.2551227166300842,1.1287321467822151
287,2.2958403215693206,1.2851186230922549
288,2.650616840322784,3.5975594665760995
289,-1.7982241739013165,0.21271162078790848
290,-2.662114861892043,3.7095441566237857
291,1.6355651989104771,0.10433581937611891
292,2.586037913829422,3.0197610652013096
293,2.6198404263443855,3.311636329854608
294,-1.6367078539738968,0.1048873997611442
295,-2.1446326076034237,0.7827493174409085
296,-0.12852756744077265,1.93607463394585e-10
297,2.70020762102079,4.1015961525399645
298,0.7642175510129867,0.00028610563123598887
299,-1.7034826742524423,0.14176451810941754
300,-2.0251095917282003,0.5138322576641003
301,-0.6882816092443687,0.0001251828149642087
302,-0.29798098231260894,1.604472669169965e-07
303,2.1011964926937514,0.6738406701980749
304,-0.366307088364068,8.32971074005151e-07
305,1.4109511273962978,0.033941131971574445
306,2.7665441889021425,4.86695027120028
307,-1.90829579296508,0.33112431942413834
308,-0.054184502704830884,1.9340085088970227e-13
309,1.0114309509111337,0.0025834616999312887
310,1.4356609768328852,0.038758691333517004
311,0.5741262355541559,2.9755583912272066e-05
312,0.8853404393140023,0.0009107091480701213
313,2.783722926481409,5.083488584731403
314,2.661680505034001,3.7052614128611503
315,-0.03861446349502673,1.2878587085651816e-14
316,-0.3254652966578768,3.244308121042039e-07
317,0.22038911591401877,1.4423939709296008e-08
318,-1.358585952211601,0.025402956624629214
319,-1.1471833994452247,0.00688639414323422
320,0.6143197416300481,5.089073600073046e-05
321,-2.0170410323140944,0.49893453519593806
322,1.8177496284234644,0.23058315847586458
323,-1.769984758887177,0.18895692501175443
324,-0.9188277900825099,0.0012186637502300535
325,0.39486692292212044,1.5154385886173571e-06
326,-1.6977297713365542,0.13820360291822237
327,0.9817178532677628,0.002046512568600223
328,2.7959062088730944,5.241883485056121
329,-2.5861319800394593,3.020542347970315
330,-1.5636910286393986,0.07426046251612844
331,2.5123062800796276,2.4571234526781027
332,1.923388293516509,0.3510547676519924
333,-1.7016658114673662,0.14063156335258062
334,-2.108726825988456,0.6917452310528078
335,-1.603110781722989,0.08967071012973066
336,0.8720179157691508,0.0008084752034305254
337,-2.460581043700873,2.11726833374313
338,1.2661644137211479,0.014774707122472419
339,1.0971980535442452,0.004871848737409867
340,0.6256981356655764,5.885786818138339e-05
341,1.3594354118800434,0.025525077566801058
342,1.5447334238064352,0.06769649010863199
343,-1.9908787943316086,0.4531181983860125
344,-1.8790865278975486,0.29526995424731006
345,-0.9378592367319682,0.001431075585473729
346,-2.1900239634942666,0.9120844459818142
347,2.9129912741059174,6.985612305155393
348,2.678274982900314,3.8718510531891566
349,1.3419248534300285,0.023107199342528584
350,-0.4011343142576864,1.7180524712889778e-06
351,1.3351008461753215,0.022219789566655823
352,-2.286962837396908,1.249553938879665
353,-0.40029470670756684,1.6896066040716917e-06
354,0.43506210988840444,3.280274360140112e-06
355,-1.9238456764630418,0.3516743129915266
356,-2.8002317392496456,5.299100997237663
357,1.0746992244394074,0.004146413620157663
358,-1.3420246927885586,0.02312040564217399
359,-0.6376438653041201,6.837114436808456e-05
360,-2.3788880948257685,1.6611513234641622
361,-0.1713817741425876,1.932464410714374e-09
362,1.284741760718708,0.016530075675011968
363,-0.8943494594284256,0.0009860399004351095
364,-2.094673493010605,0.658649367742906
365,-1.8384301211347491,0.2508893459578392
366,2.35474611470896,1.543377927582793
367,-1.9717912085680203,0.42198652630522193
368,-2.728168929192404,4.410910476949265
369,2.708145541632942,4.18750419895558
370,0.6075884027387666,4.6634489278774005e-05
371,0.07588613679526723,2.862265979786116e-12
372,-2.820843288815495,5.578957725131611
373,-1.2088054127120234,0.010328207241603105
374,1.841171721725905,0.25369210929079167
375,1.8148214615324445,0.227824319198472
376,-2.6313979526865934,3.416692665770909
377,0.7447611213903258,0.00023342864826225718
378,0.7169739957463417,0.00017288128797987579
379,-1.2797936030073847,0.016045838361747333
380,-2.3338683267197955,1.447267396121921
381,2.4508308734386866,2.057849503663604
382,-2.094177961024503,0.6575072634174012
383,0.8656234052829195,0.0007630524985362541
384,0.931676231106116,0.0013587991577939107
385,2.363777782025725,1.5865872025888663
386,2.8952740160378125,6.6943860267347155
387,0.12380284302878852,1.4349887944575812e-10
388,2.338807377467754,1.4695367556367498
389,0.05261861222911435,1.5298873279334657e-13
390,-1.8062010708054792,0.21986487120795775
391,0.24266747658830568,3.1132136646405684e-08
392,-0.013274638588906651,1.1102230246251565e-16
393,-0.5547415175704913,2.265505576515281e-05
394,-2.41225130328225,1.8362701769299754
395,-2.191985055313829,0.9180554688830633
396,1.8669102598233707,0.2813292536414379
397,-0.025105986259141844,3.3306690738754696e-16
398,1.751781642015401,0.17487458170753764
399,2.832046357212411,5.736169640814059
