,data,labels
0,-1.3968874532328375,0.03143618289389266
1,2.1033513831721864,0.6789237825941906
2,1.285460720975478,0.01660147120120442
3,1.9281661425863046,0.3575725008373986
4,-2.4321771649872117,1.9480663010329657
5,-2.2529590281312566,1.1208922899212368
6,2.716667720537669,4.281403730925775
7,1.4758897013988808,0.047858003529982374
8,-1.0063077913422804,0.002483010599831137
9,1.291197318492686,0.017180714251058216
10,-2.4796403622843703,2.237582090674237
11,-0.3933793303297781,1.470533737668589e-06
12,-1.4745388477581478,0.04752513194836455
13,0.3502594706246409,5.827490644483291e-07
14,-1.7267974026732607,0.15700877388568574
15,-2.1714856490156484,0.8572403021719015
16,0.6760408950804582,0.00010861813990092894
17,0.9968151967101653,0.002305801941019814
18,2.0718835004192924,0.607825669524341
19,2.3869851203985677,1.7023044768140592
20,2.5323306342632197,2.6004216596794754
21,2.012761699337938,0.4911827975181988
22,0.26583402671697076,6.448986800133838e-08
23,-0.10154911271449008,2.941924481802971e-11
24,-0.3866238328649576,1.2809088101306543e-06
25,-2.592308094206958,3.0722108018985326
26,0.8518599931352027,0.0006727380267981253
27,2.327951257437082,1.4209627117068826
28,0.2632196505644999,5.959546134359783e-08
29,-1.9670019863836634,0.4144664690940958
30,1.5088683501543496,0.05662863628793974
31,0.7159150572148234,0.0001708741705426231
32,1.5844039862631814,0.08204765334184416
33,0.3821612268304424,1.1676959000839204e-06
34,-1.9822513774354116,0.438814198640494
35,-0.47544421804588444,6.648470206482848e-06
36,1.8946008303156825,0.3138789876428849
37,1.3134130702975586,0.019591250655794257
38,-2.419965144136711,1.8788923264315258
39,-0.7292171657428868,0.00019762099098008523
40,1.1173212279828775,0.005611160528222081
41,1.109838099452773,0.00532564725785889
42,-0.7450686530000854,0.00023419053210083085
43,-2.9790711785436566,8.166626742707844
44,-1.309963935215245,0.019198942569870203
45,1.5777244699590094,0.0794635634854105
46,-0.2839176497609843,1.0907280356686755e-07
47,-1.7845222492297166,0.20088654121128305
48,-0.707667975682039,0.0001559243046002079
49,-0.29411042244114105,1.4454604468916443e-07
50,-0.18262142061172337,3.210966159628015e-09
51,-1.216648841719237,0.010857894069762453
52,-2.096543985373032,0.6629756134852482
53,-0.32007815128741024,2.8397677165337143e-07
54,-0.07677759491662606,3.142597293503968e-12
55,-1.6210634591976774,0.09754795844455727
56,-2.285811080504975,1.2450011434512855
57,-1.6310941563150336,0.10220131915365882
58,2.500470951874532,2.3755845212411453
59,-0.14385201844895912,4.765389194361092e-10
60,2.0341512901269923,0.5309726355200899
61,-0.40908952374830676,2.0090367832681366e-06
62,-0.16804653545450954,1.651505376898399e-09
63,-1.576829665202821,0.07912274004078163
64,-0.9911011254923112,0.002204503181828854
65,2.847208610965117,5.954810174714848
66,0.15095617407738837,7.00627111882568e-10
67,1.9774537186062116,0.43102675540609264
68,2.427585956227839,1.9218131998594676
69,0.8081482150974351,0.00044446652945495657
70,-1.9151631866855487,0.3400705590859985
71,-0.015621513906613593,0.0
72,-2.7436654020807225,4.590565934781922
73,-2.2820183776600214,1.2301075108981216
74,0.2883888523841365,1.235647428821096e-07
75,-2.9659723260565745,7.920187372761516
76,0.18809383043612193,4.06565459076802e-09
77,2.0246236352393145,0.5129244562626949
78,2.2508502362201686,1.1132955427458695
79,1.266692749118417,0.014822314156219596
80,-0.19897944715032656,6.374077043957982e-09
81,-1.7843297009963337,0.20072444190155292
82,-1.3596130429161932,0.025550678068044452
83,-0.8419054761767386,0.0006133454796278803
84,2.5122435926193543,2.456685470225532
85,-2.697675092084564,4.07449981386698
86,1.1233730409155491,0.005851646057909776
87,-2.3383853940158894,1.4676229115750976
88,-2.928558915661391,7.250143640111502
89,0.8068974535900715,0.0004390780202284672
90,-2.241211414174469,1.0791223631604638
91,-2.8859972601033954,6.545982019303093
92,-0.877459040053965,0.0008489561543224555
93,2.011865285356788,0.48957199020420916
94,2.970257483008716,8.00011647871552
95,-2.2897060578844988,1.2604541379124137
96,-0.30895864207757473,2.1416038264998605e-07
97,0.7535321966730084,0.00025602524896217727
98,-2.5556685774030754,2.776206358619083
99,-0.2529257910884497,4.3335257271515104e-08
