,data,labels
0,0.017801734776627498,0.0
1,-1.4616107066326807,0.04443855482779796
2,-1.8991342861447533,0.31950118950225703
3,2.6281137257730807,3.386559880556657
4,2.560561121476745,2.8142918372676284
5,2.2878937968645356,1.2532441781007424
6,2.742428772334864,4.5760085466114
7,-2.938432240729327,7.4221990175642
8,0.9146299645453015,0.001175683742515421
9,-0.3170004190665372,2.629043970303613e-07
10,2.1250564103564553,0.7319567292341049
11,-1.3784903858226725,0.028400356518255343
12,0.6672977027623919,9.7987502521657e-05
13,1.5018302938518477,0.05464951568968496
14,-0.15215090039201318,7.462087614484858e-10
15,-0.22248980535334129,1.5559778687723735e-08
16,-2.5860136537333536,3.019559596329458
17,-1.4057115374995728,0.03298855895577474
18,0.009617688546818215,1.1102230246251565e-16
19,0.6248796912490242,5.825057731823069e-05
20,1.616343211334561,0.09542162217017752
21,-2.969748416379222,7.99058608459394
22,0.7905600519928075,0.00037373208633284527
23,0.5176859783511176,1.3081698511885342e-05
24,0.6262401727715465,5.9263093363459696e-05
25,1.732077345643967,0.1606486331193796
26,2.6241749502194,3.35071513926315
27,-1.0086930457622945,0.002529349789719304
28,2.5896973212092274,3.050279919016918
29,-0.6235564854472395,5.728029775275978e-05
30,1.8983534660418844,0.31852679879142987
31,-0.40401119236516525,1.8187188335350157e-06
32,2.4737814535861906,2.200001906894794
33,-1.8696166225488287,0.2843784295054696
34,-2.615746776511326,3.275080057226104
35,2.9787891650883243,8.16125456868592
36,-1.7093607543033331,0.14548346089553565
37,0.3628405297732642,7.721514366787474e-07
38,0.04073232883559408,1.965094753586527e-14
39,1.8573565859965964,0.2707865310068138
40,-0.6815631116649743,0.0001158381061497904
41,1.5992421218448376,0.08804643144527591
42,2.4027779464439067,1.7850397511331584
43,-0.13367793386004667,2.650761832256876e-10
44,-1.2703281469894632,0.015153489412809806
45,-0.47828086772199674,6.970653633531221e-06
46,-2.8313827016349262,5.726754792486239
47,-0.395055124093906,1.5212041529766296e-06
48,0.15888722937652844,1.055079690281957e-09
49,-2.0193760928843414,0.5032078615605329
50,-0.8826672123429953,0.0008893406851090413
51,-2.270512619406983,1.1858399353304625
52,-2.7629871168402964,4.823089853242298
53,1.9910158531221702,0.4533485873522327
54,-1.6529519131745563,0.11300239630422348
55,1.9370963135273662,0.3700302261231212
56,-2.044887115636094,0.5519508317427516
57,1.8047231506548762,0.21852431801610148
58,-0.7308249234868351,0.00020108811266583704
59,-1.506477922036867,0.05594966592411099
60,-0.4305100662436665,3.0167238627143433e-06
61,1.2293526200638052,0.01176554586549411
62,-1.48392400347418,0.049879389637922655
63,0.7014677509330145,0.00014544751294898184
64,0.7200558694040096,0.00017883991306577585
65,2.960700262987128,7.822763175643653
66,0.007634120470724426,-1.1102230246251565e-16
67,1.8522324622262198,0.26527164478903575
68,-2.258243186063792,1.1401201070144338
69,-0.7915630088645189,0.00037748463122022624
70,2.466156428370698,2.151887708036591
71,2.663662011991624,3.7248326493673902
72,-0.6280785022147941,6.065558503454138e-05
73,-0.01964805430779748,1.1102230246251565e-16
74,-1.7297465719727896,0.15903308645217168
75,2.203492407476178,0.9537610206513516
76,-1.5267986794354353,0.061950452396768885
77,1.9066691175030739,0.32903475334590604
78,-2.1317716249125866,0.7490565533661914
79,-0.31493644928204656,2.495507287481047e-07
80,-1.051106137425791,0.0034879607551570047
81,-2.801567076432255,5.316869558842959
82,1.3034704776000785,0.0184786924445437
83,-2.8178663647395688,5.537792670621937
84,-0.9144183274543618,0.001173552146910728
85,2.9632726064162362,7.87017294648793
86,2.854591821713994,6.063765907791283
87,-2.8498152928174125,5.9930895687577825
88,2.6345717115771237,3.44602469620747
89,1.6544856907502936,0.11379558796315853
90,2.4718330511626494,2.187622409599923
91,-1.8768414253623975,0.2926562927141642
92,0.25457330478184925,4.5641842860710824e-08
93,1.3846750318036385,0.029391488359513385
94,0.02141272595735977,2.220446049250313e-16
95,1.5214805315576987,0.06032909944941822
96,-1.2753551475261864,0.01562192737741136
97,0.49707217133862436,9.470688424717544e-06
98,0.1993473170361817,6.468869107045805e-09
99,-2.8811247243533558,6.469139024360489
100,1.6433880057958028,0.1081621488885019
101,-1.4427715772401613,0.04024926622357011
102,-1.6027393050094259,0.08951363971577042
103,2.7791152136896464,5.024634423972769
104,-1.8020460047146858,0.21611371032450236
105,1.1482260941847873,0.006935104740016906
106,-1.2129142185242003,0.010602834776398284
107,1.799625730169363,0.21395391551164106
108,-0.10771457479145496,4.7136849978812734e-11
109,-0.9414357424247752,0.0014743866628826874
110,-0.17913662545758902,2.7526546597655965e-09
111,0.16824964183389746,1.667530225013536e-09
112,-1.6811575217337822,0.1283691335644498
113,2.5925985288311884,3.0746586339139994
114,-1.49572282530999,0.05298041741334958
115,-0.4328647591492363,3.150646732175133e-06
116,1.870771870188686,0.28568853768227465
117,-0.7271770276748843,0.00019329641121590413
118,0.6920428450456679,0.00013069554799549632
119,2.3708163819815544,1.6209622641956754
120,-2.39213734991287,1.728934050392223
121,1.4517733813405123,0.042206640751556834
122,1.4061184739849235,0.03306170941234954
123,-0.6091351704404504,4.75840140952144e-05
124,-2.533141672379463,2.6063700391524525
125,-2.912795537928079,6.982338199574338
126,0.15400829060875498,8.22228063412922e-10
127,1.1545163720479197,0.007235323279670913
128,1.8284226923088687,0.2408809849376169
129,2.2207245354252674,1.0094160959117968
130,2.8340168286020537,5.764199530842318
131,-0.6989416584625943,0.00014135811604520931
132,1.566060771863329,0.07511803393642469
133,2.3634765189125364,1.5851296823138314
134,-0.7237662212693623,0.00018625014686102226
135,0.1023567096899547,3.134326131970511e-11
136,-0.019379673721305224,1.1102230246251565e-16
137,1.1032065094950934,0.005083208198151223
138,-2.4829228804587746,2.2588711197811664
139,1.031268306328375,0.003006371696423038
140,2.4829450588432307,2.2590155351544374
141,1.5598213008035193,0.0728780830023168
142,-2.3621374891361713,1.5786650272310239
143,-1.5142359966574699,0.05817902224709104
144,2.2460591000924452,1.0961969783898593
145,0.759872986366597,0.0002735237864491813
146,-0.038692399748532225,1.3211653993039363e-14
147,-0.033265746885999814,3.9968028886505635e-15
148,-1.0734415998409763,0.004108783452565157
149,0.05799121858557532,3.3306690738754696e-13
150,0.8165739779734187,0.0004822876082535288
151,-0.958792011987029,0.00170110756716213
152,-2.5293396807014625,2.5785834131823475
153,-0.50161702259894,1.0181463285685588e-05
154,-2.395346506862161,1.745696975821076
155,0.6562502902380452,8.585914081560286e-05
156,2.510213882679281,2.44253968974888
157,1.8434762742964006,0.2560686271314503
158,2.6132066263851463,3.2525667727072873
159,-0.3039462356823064,1.8795033096541403e-07
160,-2.8411238424754695,5.866247470205558
161,0.83536556708088,0.0005768538142685298
162,-1.5823191408325226,0.08123348852717521
163,0.9842684272914202,0.0020884545305347446
164,2.279957452313651,1.2220775350772004
165,-1.1271808301306199,0.006007480968320378
166,1.089116280399013,0.004599566072132744
167,-2.5375638724620164,2.639004652756748
168,1.0179991338621495,0.002717380775255851
169,-2.1755483995077913,0.869015052247712
170,-1.4040490426368202,0.032691152942357304
171,-2.6573293852096853,3.662587188904263
172,2.6203080594351,3.315833933216813
173,1.9324915342232751,0.363561289205238
174,2.5792995326328505,2.964232697405256
175,-2.186604705006365,0.9017520361049268
176,-1.546842692069713,0.06840132459436077
177,1.472049040859721,0.0469168048007646
178,-0.06327932390809021,6.692424392440444e-13
179,2.804870375390548,5.361038364370111
180,-0.49283643086090034,8.847641911113868e-06
181,1.116932172084006,0.005595996985466201
182,2.62219056451109,3.332776880508031
183,0.16156576459370786,1.20595422536951e-09
184,-2.256195968515959,1.1326380508184628
185,-0.7904075673572093,0.0003731644176602211
186,1.3454353353299107,0.023575466620958385
187,0.12128856844616465,1.2178380526250976e-10
188,0.5648644799126337,2.6152416934266398e-05
189,0.4800751088905084,7.1814047126750324e-06
190,-0.6454663795121123,7.530298912028499e-05
191,-2.820944848076987,5.580366581573011
192,2.1376752324973474,0.7643672359360019
193,-1.8977497527624754,0.31777515174858717
194,1.870668318509626,0.28557089607732017
195,-2.6359576681697563,3.458899691221338
196,-1.2188772218947337,0.011012590064871652
197,1.5762047809024446,0.07888546935031227
198,-2.8753694627320554,6.3793447931955045
199,2.848204143663432,5.969405540154742
200,-2.9075893312214376,6.895721298836701
201,-0.8758994901823467,0.0008371774014336308
202,-1.7731304206496672,0.19148577538048192
203,-2.4050748181025443,1.7973492376283942
204,-0.7867206669921676,0.00035966511761620357
205,2.972170111716377,8.036008004368192
206,1.4409154408302562,0.03985550333149801
207,2.731199133579464,4.445570715074
208,-1.9188583422720393,0.3449685996294714
209,-2.345051105477069,1.4981005186500966
210,-2.104780422817252,0.6823125476887169
211,-2.689499112044005,3.988041203193957
212,2.8939001289472372,6.672232200875509
213,-2.0940528082218406,0.6572190756616904
214,0.9028477688988077,0.0010619985371876917
215,1.5583648843706914,0.0723635445602408
216,1.1967031629305067,0.009554655275482271
217,1.834702319385217,0.2471206531030238
218,2.2482258237644164,1.103901946957651
219,-2.1640153108692344,0.8359408676480578
220,0.2839482547707144,1.0916671078220475e-07
221,2.6603570961924348,3.6922381274881158
222,-0.012588179833186608,1.1102230246251565e-16
223,-1.77101955813962,0.18978565886421306
224,0.9899307592748001,0.002184237731918004
225,0.2372290313772294,2.5975979478509714e-08
226,0.9008827942567872,0.0010439985408696728
227,1.2468538605483719,0.013122686061272149
228,2.1544536796117404,0.8093320592654798
229,-1.4896820595432503,0.051372724664755676
230,0.7805978364512485,0.00033818375369421005
231,-0.2820513147466164,1.0347799461740692e-07
232,-0.18773201063495648,4.003562592558296e-09
233,0.9793448655445363,0.0020081483027363234
234,0.030089033596274906,1.7763568394002505e-15
235,0.03920213218357027,1.454392162258955e-14
236,-2.376195960615137,1.6476551586262742
237,2.411683522192746,1.8331653091732187
238,-1.4275827467321656,0.03712300312809208
239,2.3711460182806157,1.622587362204855
240,-1.4126510574375328,0.03425521627208733
241,2.235230939505179,1.0583671412403028
242,-1.047913923696946,0.0034062343198391076
243,1.157241605335825,0.007368835932453299
244,0.11161537511264719,6.264988527959758e-11
245,-0.49173000099471675,8.690911109665578e-06
246,-1.6498804437231003,0.11142817574190028
247,-0.9354933071910452,0.0014030347155151723
248,-2.785067415530487,5.100769725206735
249,0.2107694026511444,1.00972440408853e-08
250,-2.660898875722105,3.6975649886880495
251,-0.2990288888684365,1.650069022529621e-07
252,-2.773368617448315,4.952031319310743
253,-0.877963326867615,0.0008527955169066459
254,1.9069772644808172,0.3294297255325148
255,1.7404565630386886,0.16657267546558951
256,0.8658031813402873,0.0007642985707333461
257,1.9725429701609887,0.42317738352492185
258,2.5224525812216942,2.5288815054067424
259,2.343370638471889,1.4903672003105275
260,-1.2538439685852292,0.013701278507078363
261,0.37639774821445915,1.0344773104797866e-06
262,0.8659422036823257,0.0007652633800167008
263,-2.024474603817472,0.5126463271788128
264,-1.8424671569682314,0.2550256785446182
265,2.5190427928694454,2.504572966900237
266,2.995011434862417,8.475101804735287
267,2.6137485086170695,3.257358561287954
268,-2.877597650593127,6.4139851661412575
269,0.8588119670301824,0.0007171216303857308
270,-0.1510607018672534,7.045154459817127e-10
271,-1.8750394364269207,0.29057273116072574
272,-1.6783186952838574,0.12674591506810004
273,-2.3839319114633124,1.6866870723536442
274,-1.735466127066751,0.163022471924241
275,-1.3562386142538057,0.025068104845500983
276,1.255809563571269,0.01386788408845796
277,-0.4078957103546781,1.962799865751208e-06
278,2.9702912269284525,8.00074854336547
279,0.8125314428287993,0.0004638066183840772
280,-1.2198153315413613,0.011078280759690362
281,2.739663648503866,4.543597423887781
282,-1.4717907848430183,0.04685408990006401
283,-0.2942364367865289,1.4504117584746012e-07
284,-2.4172768666142694,1.8639451709280055
285,1.7987794841251104,0.2132030936393115
286,-0.16758011595898914,1.6152145176917543e-09
287,1.0175399559992098,0.0027078270111404734
288,-0.3511414487489364,5.945557930431278e-07
289,1.1803946802915704,0.00859163580928246
290,-0.2764457544252483,8.815310859056069e-08
291,-0.5020670518426371,1.0254312637347773e-05
292,-2.682599460048441,3.916277459709406
293,-0.6891762569231172,0.00012647537743659676
294,-1.5944477231273702,0.0860684428406086
295,0.876074282284697,0.0008384904473641708
296,-2.539839539394058,2.65593143197865
297,0.9937332739942564,0.0022506762040108708
298,0.05966971986234437,4.18332035678759e-13
299,-2.2307962148380422,1.043194605420102
300,-1.5827381696615244,0.08139656853198307
301,-2.3618206590815376,1.577138661545118
302,-1.566869823392322,0.07541275051685714
303,0.34698132455605624,5.40641971746858e-07
304,1.0519336043023015,0.0035094202913793504
305,2.4874848229169864,2.2887398823141805
306,-0.29003140129275673,1.2929625736735062e-07
307,-2.910221912155348,6.939407587492169
308,-1.4550330319084968,0.042935289422474154
309,2.9026624878725817,6.814578532207642
310,-2.5140424543784414,2.4692797306001832
311,-2.4972597875041123,2.3538569409909536
312,-0.1102419541058226,5.6743609810894213e-11
313,2.451264274683549,2.0604606522345317
314,-1.1355988728937818,0.006364771812916614
315,0.1548309523941045,8.580068877606095e-10
316,-1.0908312208538014,0.004656216831949056
317,-2.8286044453747645,5.6874812699138175
318,1.9127012323340606,0.336840039175891
319,-0.381825183350867,1.1595363543781545e-06
320,-0.6568080619453323,8.643852736589519e-05
321,0.6994755412481957,0.00014221395488411837
322,0.8685333575735932,0.0007834404558805241
323,-0.7210110948435862,0.00018072270311486616
324,-0.17176307655637135,1.967103591127284e-09
325,-2.2070901839818413,0.9651618429571559
326,0.8034543500848237,0.00042453672675868415
327,-1.0789894770951922,0.0042770373618700175
328,2.219756313448425,1.0062180271922698
329,2.2161656190342605,0.994432325635511
330,0.4429983580293504,3.7880720151761693e-06
331,-0.6084573061969407,4.7165834901718995e-05
332,2.393323149949566,1.7351122127472398
333,-1.3737246799119047,0.027656346336889348
334,-1.9061774457088185,0.3284053779207248
335,1.128361675651556,0.006056530120947201
336,1.2168579613704429,0.010872331183937989
337,-2.8326840360576084,5.745228131785039
338,-0.25182723024885245,4.185447843862988e-08
339,-2.16749443323191,0.8458042793509744
340,-0.2163665396686838,1.2449720920848506e-08
341,0.2947882016541916,1.4722665320210382e-07
342,-0.2758070291647794,8.653984640005774e-08
343,2.8559576183313924,6.084102317544369
344,2.7639317839379505,4.834705743896615
345,2.597345757952062,3.11490113043135
346,-1.0695413362687773,0.00399395362035726
347,1.3268976046440963,0.021191964983304945
348,1.4329861543485611,0.03821037452121756
349,-1.445675152480141,0.0408719299914061
350,-1.652694887467757,0.11286993874116102
351,2.8062615892141247,5.379731846167633
352,-2.73808448718345,4.5251736119038455
353,2.149408723888161,0.7955832306578039
354,0.9584990739030017,0.0016970438169178204
355,0.1483762598327809,6.104199368195395e-10
356,1.7403028947107906,0.16646238049740894
357,-0.6567986193901447,8.642869062436276e-05
358,-0.9838905916592204,0.002082194750224753
359,2.721934891861207,4.340313484039086
360,-2.798213747557251,5.272342779676618
361,1.5730846207649494,0.07770982096316092
362,2.0924782591632223,0.6536024948751211
363,-1.4463957645550238,0.04102773737258708
364,2.457705318122276,2.0995955092896574
365,-1.8688668071981849,0.28353083663843925
366,0.4418204877757992,3.70862377019332e-06
367,0.8266244671937453,0.0005310335773210939
368,-1.1258729541776569,0.005953556299307716
369,-1.0318659220989592,0.0030199903004540785
370,-2.0145292855599983,0.4943722093648584
371,-2.088862479221218,0.64536104640062
372,2.451270239775627,2.0604966100111177
373,2.1968014846337454,0.9328603771027796
374,1.496372958446706,0.05315598672166055
375,-2.545175740175206,2.695980035897918
376,-0.822101446138328,0.0005085912050286634
377,0.7167692360188562,0.0001724915930283455
378,-1.4816429962937467,0.04929819633565796
379,1.0142857606619566,0.002640949052599595
380,1.7633084536127033,0.18368384007510974
381,1.272707119521785,0.015373641472961885
382,-0.38285950192859275,1.1848114453982816e-06
383,-2.200991595716615,0.9459034130229192
384,2.37128260916049,1.6232611527173926
385,-0.9303180462554321,0.0013433538395376532
386,0.5989659993607126,4.16379942503875e-05
387,2.3855844566472006,1.6951249536354416
388,-1.5094454523081342,0.056793608693139874
389,-1.595771253030719,0.08661064559642095
390,-1.1452166594857967,0.006795319765093066
391,-1.782676792647637,0.19933749436013254
392,-0.15480563651186063,8.56885784550343e-10
393,2.44739932815612,2.037273058587765
394,-0.09278798461218596,1.4296452910400603e-11
395,-0.8093210921336311,0.0004495716243649861
396,1.1965244707230225,0.009543619090254196
397,1.069432338298892,0.003990784847983431
398,0.4381836494647722,3.4724222476301136e-06
399,-1.8711074248938029,0.28607003314583457
400,-1.5138251884814564,0.058059093350976976
401,1.9348593578290494,0.36687559018893734
402,-1.4709893364860587,0.046659923716281304
403,-2.5617094816072723,2.82329424845288
404,0.13498521058555735,2.8652824557440226e-10
405,2.5542760831634954,2.7654459115335777
406,-0.41141367462673184,2.101788012076611e-06
407,1.2496821376697627,0.013354202059441989
408,2.832934925838913,5.748795393470454
409,0.43755358125160404,3.432865489649828e-06
410,2.1240931063785453,0.7295310101157614
411,-2.8230954042257337,5.61026940889067
412,2.1012502630683016,0.6739671151820138
413,-1.3849866352417033,0.029442201594904238
414,-0.3245857649511761,3.1750093043569905e-07
415,0.012066997252922818,-1.1102230246251565e-16
416,2.5600350381373103,2.810175717024249
417,-2.893403699663366,6.66424235717576
418,0.38586956541098516,1.261126057472417e-06
419,-0.5049348825369013,1.072932623102929e-05
420,0.060045042383954694,4.39870362356487e-13
421,0.8738013228802419,0.0008215546452718936
422,1.3789962744620405,0.02848033510290887
423,0.5296071508312301,1.567585449990805e-05
424,-1.1464623886192005,0.006852884439601192
425,-0.9646059761132069,0.0017835251207778402
426,-0.4208501440499566,2.517919260980328e-06
427,-2.1703897922884714,0.8540874268224546
428,1.8810884698432,0.29761723651641986
429,0.059939497514834184,4.3376413572104866e-13
430,0.21754593821744006,1.3002429133379678e-08
431,2.757302296503859,4.753678587985241
432,-2.448082629045932,2.0413564810675666
433,1.6368843019085517,0.1049727960470001
434,-0.5588906767079616,2.4035774108255303e-05
435,2.8408113686676986,5.861729288765248
436,1.3521895260899495,0.02449941202067324
437,2.4818631214917275,2.2519794794449073
438,-1.0736775415272735,0.00411582061073934
439,-2.4764003168014095,2.2167338264574648
440,-1.9143121811889958,0.3389509280987225
441,-1.7016321422518579,0.14061064110338814
442,0.7260414419661787,0.0001909251211918983
443,1.9786048568111765,0.43288448964276205
444,-0.6070492167133885,4.630740003053191e-05
445,-2.3052936488525004,1.323923242974588
446,-1.2218422303102894,0.011221368320560199
447,-0.23758604350735713,2.6289923127365e-08
448,1.1190659622903851,0.0056795995160289214
449,0.10896362716534558,5.16898746028005e-11
450,-2.5728784123234574,2.9121168417112
451,0.16754019559139488,1.6121408652480795e-09
452,1.0290593193508393,0.002956493198142063
453,-2.420227794249598,1.8803580754337657
454,-1.451047055449038,0.04204573451671234
455,-0.025718513571705515,4.440892098500626e-16
456,-1.141108821772099,0.006608447321287403
457,2.0123603730855377,0.49046108192509663
458,2.8658293970087856,6.232788625770089
459,1.038024038189091,0.0031634636546620243
460,-0.6132891682900885,5.0217940527397253e-05
461,-0.20937092924855616,9.57411883106829e-09
462,-2.0839381662530037,0.6342785022429224
463,-0.20361687128482497,7.6626812672842e-09
464,-2.324722093830134,1.406777728041226
465,0.2997387037864865,1.6815941406012058e-07
466,1.9381129655202454,0.3714715339629079
467,-1.5048827092859942,0.05550045786729624
468,-1.10943460392476,0.005310615813595598
469,2.806013648127795,5.376396331291693
470,-2.614312421153482,3.2623514320918394
471,1.8214472333432923,0.23410750466312732
472,0.9222710994303083,0.0012549296846986469
473,2.804881334138824,5.361185402977167
474,-2.402650765871205,1.784360234409992
475,1.3500113336227848,0.024198101685924234
476,0.0784236674717107,3.7237990468952376e-12
477,0.9545429267707961,0.0016429812069075345
478,1.5471144422747134,0.06849258806021002
479,-0.5209711537789921,1.3756146109988876e-05
480,-0.6738002466106661,0.00010580236674484489
481,1.951285801196919,0.39058172137804037
482,0.8129411106749771,0.00046565100381756874
483,-1.462166731309497,0.044567673156758136
484,0.11401724523395362,7.42794714625461e-11
485,-0.6964028717643602,0.00013734938684162312
486,-0.9414644180796121,0.0014747384640328987
487,1.3925914185412678,0.030703406013881662
488,1.7041399772191044,0.14217631083271046
489,0.9972530099418981,0.0023137271182821495
490,-0.3236322721274245,3.1013478529740013e-07
491,0.3333111976345755,3.9233853477149694e-07
492,1.2322008192908145,0.011977786977589444
493,2.042537751033813,0.547301131970855
494,-0.5273469811208962,1.5152142771146515e-05
495,1.364852319851808,0.02631576754473819
496,0.706102422642978,0.00015321880671681498
497,0.8877464261380137,0.0009303210772280135
498,-2.4114089806320655,1.8316655817299095
499,1.8008304825361243,0.21502669974002797
500,-0.47327055918052263,6.4104616509519374e-06
501,-2.898753529120164,6.7507672647342645
502,-0.032546097606256374,3.219646771412954e-15
503,-0.42832951561118326,2.8971663370569445e-06
504,0.46755650698973916,5.819910412041551e-06
505,0.22409903378852736,1.6482050946287075e-08
506,1.859071054935109,0.2726533660546424
507,2.5875972381974535,3.032734163711482
508,0.8950324987805232,0.0009919655606632771
509,-2.206499739150794,0.9632829665528397
510,-2.2417213145398374,1.0809077287721331
511,-2.455474953748994,2.0859741498973166
512,-2.204914093429654,0.9582524832347853
513,1.6453999744152066,0.10916540904943955
514,-0.6207526895307449,5.5270756913472496e-05
515,0.8922988494282516,0.0009684341504353489
516,1.3956212559778738,0.031218661871297848
517,1.1692706565471305,0.00798389889030482
518,2.2002790791057727,0.9436746906110047
519,1.4570687765372945,0.043395804640158964
520,0.5467704254440036,2.0195453464655344e-05
521,-2.7444628837962357,4.5999742455176875
522,-1.3282117522985892,0.02135381457877794
523,-0.748273352099261,0.00024225956515266933
524,-1.0027128697765006,0.002414560320165182
525,1.2307363502474873,0.011868249553552812
526,2.7595163888980947,4.780612663069978
527,2.450944923503208,2.0585363611853675
528,-2.2189858705777166,1.0036793367476375
529,-1.7592227483068716,0.18051910929729187
530,1.6066474170389533,0.09117793589149764
531,-2.425631202913314,1.9107261944937195
532,1.8085870214593243,0.2220438252509988
533,2.146149909465618,0.7868073735932755
534,2.3976029105115,1.7575648026944355
535,-1.3645217300943235,0.026266916209237823
536,-0.5859996179980564,3.500281720658638e-05
537,-1.443029284015664,0.04030419949270325
538,2.111200536506483,0.6977138953582619
539,-1.3713250784624549,0.027288111711606
540,-2.294222933465374,1.2785763708207754
541,1.4925772480582307,0.052137953116011215
542,-1.2972181103311164,0.017807289776536284
543,-1.9857079614197666,0.44449846090011913
544,1.2847125314808183,0.016527178701859546
545,2.3259188006549847,1.4120206303146132
546,-1.5017421088495444,0.05462509891877676
547,-1.82452066431669,0.23707169847664716
548,-2.992723519025467,8.430239362697218
549,1.0520183917621804,0.0035116256101795917
550,-0.30831370412006454,2.106183298877795e-07
551,-1.2458493404059563,0.013041295310738887
552,2.105575583106358,0.6842043405474901
553,-0.5233460130391512,1.4262411048515666e-05
554,-1.4083732228510846,0.03346955055630302
555,-0.6466572152248737,7.641018128634602e-05
556,0.33582070234075534,4.1653267268682015e-07
557,-1.8911956062828355,0.30971143132195084
558,-2.305060422575865,1.322954153182581
559,-2.6967872596024023,4.065036096537706
560,-2.491370999741985,2.3144447597787146
561,-2.7360573793517964,4.501615171381623
562,0.21482305411024516,1.1757492868191832e-08
563,-2.3266738139807304,1.4153368752703088
564,-2.144133780904786,0.7814190615752339
565,-0.12286368620428867,1.3502110540741796e-10
566,-2.07372515654862,0.611805542652988
567,-0.6880865609967546,0.0001249025467986442
568,0.19309333825048913,5.014063608754782e-09
569,-0.5252743978188459,1.4685381307999457e-05
570,-1.700225894226311,0.13973915850585836
571,2.416401800000937,1.859101289157567
572,0.15562775514123128,8.939519124950834e-10
573,2.8632274872137913,6.193308470726666
574,-0.03995054577772761,1.6764367671839864e-14
575,-1.4159335783970235,0.034868773767241956
576,-2.468457104900239,2.1663111264893655
577,-1.0872620179516004,0.004538984599541496
578,-1.153769826428642,0.007199115680491697
579,-2.6825598096874304,3.915868194932477
580,2.3479562945077292,1.5115494700739398
581,-2.6537460569054656,3.6277525257024554
582,1.8078515569382203,0.2213702166277144
583,0.005024462214175074,-1.1102230246251565e-16
584,-2.504570194239286,2.403565208216473
585,1.5069788781443059,0.05609137524798358
586,1.9971315289809102,0.46373027192330063
587,-1.7984611191266422,0.21292120917833282
588,-0.05572169979591557,2.4202861936828413e-13
589,0.35194477037065486,6.054909332808833e-07
590,-2.009825749445829,0.48592371758711767
591,1.048826934770589,0.003429438033660248
592,-2.8123537048268155,5.462232262160601
593,-1.433955425935831,0.03840829290776898
594,-2.6305510664538714,3.4089011054509224
595,0.5799362414782081,3.223045991163076e-05
596,2.1942008475865116,0.9248416365484076
597,-0.8985197879346285,0.0010227035333486567
598,2.7702309902804325,4.912761224922462
599,2.8279077128894228,5.677667548591678
600,-2.2038101129137644,0.9547631880821842
601,-1.2191039849550342,0.011028438173940724
602,-1.5457868419345804,0.06804771967171813
603,1.925337476775458,0.35370147531433394
604,-1.416017530225254,0.03488458870425204
605,-2.4811883075715304,2.2476003440781724
606,1.9505120219962446,0.3894365841983448
607,0.8094142251124494,0.00044997917252609376
608,2.604875604398421,3.179635911506802
609,0.27094245001740713,7.507664234740474e-08
610,-2.643001187752378,3.524954860635526
611,2.9659522981155417,7.919815367581785
612,0.44725988550061446,4.088069530561178e-06
613,-2.3782176566654787,1.657781636979487
614,-0.22065701233843882,1.456463183391321e-08
615,-1.8037088622653101,0.21760833428182416
616,-0.3544326342881412,6.404798107428888e-07
617,-0.2467212471031246,3.553717764503972e-08
618,1.7542239189068987,0.17671037489891409
619,-1.4748350955275868,0.047597961569927516
620,2.8495243671878745,5.988807150559938
621,1.1012460257419878,0.005013389755836206
622,0.9644697209195972,0.0017815547019355282
623,-2.376136068991339,1.6473559620394524
624,-1.2173998671179052,0.010909820114289037
625,-1.44121768563038,0.039919395607291075
626,0.7355083220617313,0.00021149130825415252
627,0.13301154993569142,2.546922672763685e-10
628,0.8751510524743336,0.000831575270151319
629,1.8623043354972424,0.27620376904287325
630,-1.273148609633899,0.015414798990428746
631,-2.094930881923399,0.6592432603787468
632,0.3772592741274088,1.0535042741510736e-06
633,2.135238512239118,0.7580160097159295
634,-1.3056839529131514,0.01872155028256628
635,1.8034293501406493,0.21735648749429504
636,-0.31921061390680094,2.7789266776601096e-07
637,-2.2192469867160396,1.0045391362398133
638,1.6940065061123253,0.1359398996295729
639,-0.7878475337660178,0.0003637452473715941
640,1.1722491959078418,0.00814286758698679
641,1.741821149577774,0.16755483866081408
642,-2.999413995084189,8.561988238016697
643,0.295037360323962,1.4822293981087142e-07
644,1.8746277418222625,0.29009847937197514
645,0.3686795744814835,8.769703431221743e-07
646,1.2079268515287502,0.010270288443026299
647,1.627427726903015,0.10047889876226157
648,2.5014044710758636,2.381932414553428
649,0.6367669141510812,6.762986593700226e-05
650,-2.6682055011445764,3.7700349822364836
651,-1.1048984819669276,0.005144138402969456
652,-1.2343877271268082,0.01214298293327254
653,-1.2242895969455645,0.011396260265402414
654,1.8605556639762222,0.2742787397749308
655,-2.1358404646264595,0.759580816675225
656,2.438370028793419,1.9839542998276418
657,2.1918410699691497,0.917615951539359
658,-1.7767943675391877,0.1944675686712738
659,-1.05762805996134,0.00366022385986553
660,-2.0619256644009365,0.5866836980975053
661,-0.43219104236209693,3.1118091917692325e-06
662,-2.9559606220020402,7.73603149730024
663,0.33480781953797933,4.0661497469063335e-07
664,0.4123231654503039,2.1390889300976212e-06
665,1.957355828860229,0.39966441425656474
666,0.43380563072612066,3.2055929549690276e-06
667,-2.8729796073720224,6.3423645295831435
668,0.766979505648167,0.00029436336065058466
669,-0.26334031282693227,5.981398676357941e-08
670,1.616070622579386,0.09530004857760005
671,-2.0126605875894814,0.491000880885559
672,-0.08866515876363756,9.939160605654251e-12
673,-2.452119441465897,2.065621003659406
674,-1.912395207132882,0.33644030644253853
675,2.0580930935923973,0.5787141119641942
676,2.084877704354759,0.6363804894633605
677,0.8009004247279163,0.00041402286783021047
678,-0.5567044613868761,2.3299390598863212e-05
679,-2.0371453315905454,0.5367540531353101
680,2.0993733252322384,0.6695652084198629
681,-1.7518222186924994,0.17490494880789098
682,1.4849545633180217,0.050143893589435995
683,1.7122290556998827,0.1473281773956238
684,-1.440254735558766,0.03971614077499419
685,-0.4299156548081511,2.9837133040944153e-06
686,2.6712880868220177,3.8009634557822687
687,0.9374725830747086,0.001426460036442423
688,1.0593126428820963,0.0037058968224275013
689,-0.11395833851981596,7.397316093005202e-11
690,1.2668214948706726,0.014833935133972243
691,2.836131100505601,5.794401926030018
692,2.6104788012811033,3.2285344915741296
693,-2.344813574057106,1.4970053825675118
694,1.612406084538068,0.09367848679311602
695,0.7066520510219636,0.00015416394993972293
696,-0.3506003627140126,5.872879448309831e-07
697,-0.5543213411467667,2.2519170797985488e-05
698,2.713951989855733,4.251292084053288
699,-1.4995573145690408,0.0540231484595422
700,0.5609849766729811,2.4760150780012147e-05
701,-2.2442328554117705,1.089738011783147
702,-0.9010332925109017,0.001045367742576242
703,-1.474603137344004,0.04754092879049876
704,-0.3016186796011402,1.7676474761696426e-07
705,1.3512290226671482,0.024366149835124695
706,0.8745270997900318,0.0008269298274476977
707,-2.2560850903879057,1.132234003438577
708,-1.3923365053606243,0.030660390566249807
709,-0.8753871009005216,0.0008333385918436464
710,0.07222100562186196,1.9264589923295716e-12
711,-1.5236376198739148,0.06098229721278936
712,2.4691181475757498,2.1704703085510526
713,1.5599449538990546,0.07292191234970546
714,-1.127972785978215,0.006040338613666596
715,-0.731504667409645,0.00020256982190569595
716,-0.9863643640643769,0.0021234758946104826
717,2.247691993498192,1.1019993985304253
718,1.1640325001514817,0.0077108249714600285
719,1.8029044894812944,0.21688424627655928
720,2.6873439659932137,3.96550831979063
721,1.7545667883023608,0.17696941014701004
722,-2.3323160778163556,1.440327470378074
723,0.28139736557497486,1.0157787244668981e-07
724,2.76983658610066,4.90784336344928
725,0.6866385116397185,0.00012283884896979735
726,0.24403868581331256,3.256543512630827e-08
727,2.1707857002443207,0.8552253573496288
728,-0.3880206438374061,1.3182608895601078e-06
729,1.851207089338863,0.26417962124952077
730,0.08269462118572157,5.6910032242285524e-12
731,-1.922964992933729,0.35048221395516177
732,1.78424928432384,0.20065677502495763
733,0.9016181612970149,0.001050703563432842
734,1.424495494885373,0.03651373956940818
735,-1.1896278785980083,0.009125998121088164
736,-1.547405297231475,0.06859038307242238
737,-0.6954488177880522,0.00013586873439008773
738,-2.8581386547654013,6.116695361771106
739,1.990694638712096,0.4528087982219251
740,0.04785595286162181,7.16093850883226e-14
741,2.043203480742344,0.5486153192052081
742,1.2604661093209062,0.014269560518488933
743,2.5845692302204792,3.0075845914352657
744,2.163420865745585,0.8342653500353889
745,-2.76008614721136,4.787564254488594
746,-1.337988981490238,0.022591723311564338
747,-1.1028348690556247,0.0050699088234712475
748,-0.2558663278374631,4.7526609980863554e-08
749,-2.052600069495993,0.567451560177695
750,0.6928867987565903,0.0001319611390570019
751,-1.631633659573326,0.10245688462827712
752,-1.6010006886876025,0.08878162885606178
753,1.426030335468898,0.036815555606456496
754,-0.5813496076583484,3.2858964482351816e-05
755,1.6661050373835558,0.11996049123584629
756,-1.7283721190057588,0.1580869095167179
757,-0.163077068241134,1.2991461240119406e-09
758,0.8199720264715422,0.0004983139778479417
759,-0.14424140006957842,4.869510350502537e-10
760,-2.4762573577388745,2.2158177145990336
761,-2.6528112911681574,3.6187110827530673
762,1.8492470719720808,0.2621028317324484
763,-0.7054985356129886,0.00015218617932744039
764,2.758132026747404,4.763757239017048
765,-0.7804548634559891,0.0003376957805588665
766,-0.8507884322636108,0.0006661136510450749
767,-0.7512992823655567,0.00025009939208464615
768,-0.152990755611075,7.797843482038047e-10
769,1.4903203875119866,0.05154060867228294
770,-2.0077596168723932,0.48225137578260224
771,-2.508064228409597,2.4276324956595556
772,-1.8411387036279763,0.2536581968763928
773,-1.4054041421787091,0.03293339412143825
774,-2.7013933751986565,4.1143345775624995
775,1.606056273131811,0.09092450796313306
776,2.824179653661277,5.6253961724782195
777,-2.6560663685705137,3.6502772274100224
778,1.8964625318519532,0.31617753868251397
779,1.3807605645449552,0.028760777660360948
780,-2.5704993171670805,2.8930032110013926
781,-0.11355978322365834,7.19292403417171e-11
782,-2.0923452181184103,0.6532976854338295
783,-1.2670309178961183,0.014852855054741931
784,1.7483319352472604,0.17230923357913347
785,-0.5051007680101232,1.0757380577763875e-05
786,0.21596181105149403,1.22648454725649e-08
787,-2.498397146315761,2.3615334690346974
788,2.3903743729822207,1.719782899732597
789,0.528689522800184,1.5461354213486267e-05
790,-2.789240389490283,5.154718834040378
791,-2.6794703346173936,3.8840888449979127
792,2.417743168208456,1.8665306827977457
793,1.467273136362377,0.045768595243780574
794,-0.010057266570139944,-1.1102230246251565e-16
795,2.8578811785570553,6.112840118913899
796,0.9666222033073515,0.0018129038526911723
797,0.8446090043913808,0.0006290066506337011
798,-0.4775858395059771,6.890478537746603e-06
799,0.98852322059588,0.002160079484626931
800,1.9195748969064166,0.3459253125795855
801,2.550309814670225,2.734988014945685
802,0.5708991142895758,2.8453867609745664e-05
803,0.7483749717888211,0.00024251933783159263
804,-0.39561453239521605,1.5384549731933816e-06
805,2.512770060241433,2.4603658089957965
806,1.0052749728103514,0.0024631749474749443
807,-0.7568785083260465,0.00026513454503918066
808,-1.4336509846677103,0.03834603358798516
809,2.1589623917717358,0.8217887149140184
810,-1.9039997193035347,0.32563000514544393
811,-2.1940566624190723,0.9243987662545192
812,-1.4999826713075763,0.05413989415194226
813,-2.021963195741315,0.5079785967952601
814,-0.34227374849082715,4.848300050319665e-07
815,-2.005205761701805,0.4777446683816211
816,-0.585069766942941,3.4564622453991944e-05
817,-2.7044280485019225,4.147086393951259
818,-1.331605008081049,0.021776653516016098
819,-2.430825827406355,1.940308107408654
820,-1.8229762725693288,0.23557823249408702
821,1.7583543511119997,0.17985248117422278
822,1.3285559074986644,0.021396375835530723
823,0.152917428881012,7.768012899589394e-10
824,2.3491566036519327,1.5171356073134061
825,0.4339314718687106,3.213005057012275e-06
826,0.14924204183602274,6.394869078718557e-10
827,0.421623424195988,2.5550055406942107e-06
828,2.7595874189089074,4.781478836428411
829,1.4195903271602814,0.03556337065247045
830,-2.8950025797546166,6.690004285301335
831,0.3782969731281174,1.0768274208983186e-06
832,-2.529885026575495,2.5825537210708953
833,-0.2694671445494432,7.187360573368551e-08
834,1.4178979137319248,0.03524043516214065
835,0.16515957432910877,1.4378555013294658e-09
836,-1.1937698756880402,0.009374879285612925
837,1.9863200960953673,0.44551157575896905
838,0.9302410748906063,0.0013424830973945978
839,2.344854794658188,1.4971953814147547
840,2.7382611195536573,4.5272312480588965
841,-0.7643614545900439,0.00028653084568686094
842,-2.6302217914839727,3.40587571136585
843,-0.1960466140603847,5.660782842475953e-09
844,-2.8704403811397574,6.303268887089498
845,0.02803122294851601,9.992007221626409e-16
846,2.3762512332346457,1.6479313208842532
847,-2.8190301972190506,5.553855932608021
848,2.430107197637965,1.936192943113969
849,0.03365448073674626,4.218847493575595e-15
850,2.5139938396507127,2.468938657119349
851,-1.5251141640493326,0.06143290095671372
852,0.923518736785172,0.0012682992794419423
853,-2.9196797008414936,7.098261682186599
854,0.875726172844935,0.0008358771969965151
855,-1.8649717655523719,0.2791623284533943
856,1.144463636996412,0.00676072583138021
857,0.11625874650512813,8.679346130691101e-11
858,-1.575432955300229,0.07859324510360177
859,-2.614430447918289,3.2633972488751106
860,2.979810868641259,8.18073134842372
861,1.9644203284008661,0.41046008889852503
862,-1.822846320225088,0.235452931165723
863,-1.0395122380512092,0.0031990082634079098
864,2.408568463100914,1.8162091891955536
865,0.5207209357742881,1.3703729996428216e-05
866,2.972847450843398,8.048750741583095
867,1.8452521950371832,0.2579128947009407
868,2.1799802735791953,0.882014972047311
869,-0.23489167991841953,2.4000377130128925e-08
870,1.3352465571272507,0.022238427204757216
871,-1.2956641083411582,0.017643712740074535
872,-2.506405537747977,2.4161821864168056
873,2.312612500268619,1.3546392054520189
874,2.630441299751456,3.4078923140485338
875,-0.30153345751846405,1.7636648597108007e-07
876,-2.331114253353097,1.4349734986172862
877,-0.6949055385422334,0.00013503181295848599
878,-1.2946405224191395,0.017536676471040513
879,1.9530638081040514,0.39322386831580414
880,-0.31156312267921926,2.2899974438939097e-07
881,1.1965978071223784,0.009548147078138114
882,2.518285336947838,2.4991997017408085
883,-0.5408379070725235,1.8519328446875427e-05
884,-2.421425163639073,1.8870523049534484
885,-2.4958974392634348,2.3446894154576907
886,-1.6797203908155236,0.12754519004056333
887,2.0514341625921855,0.5650850760008632
888,0.7294115629358591,0.00019803742337520802
889,2.3928514749774425,1.732652510884307
890,0.49824456863245015,9.64976385975369e-06
891,-0.38549004812902243,1.2512734972602857e-06
892,1.087660560510633,0.004551947017994218
893,1.5315860393291842,0.06344176348983332
894,0.6156388867879379,5.1763376107905046e-05
895,1.1340833514990907,0.006299125581011644
896,-2.1909438912775543,0.9148812978190685
897,-2.51576292879207,2.4813757758590684
898,-1.400575932164525,0.032077267047600555
899,0.592371645941808,3.8138163715673024e-05
