,data,labels
0,-1.768212522773294,-0.06130914828816775
1,0.9799040318810066,-0.0001966618285790256
2,-1.919181561263371,-0.13388892482799336
3,-1.6226267613329308,-0.02688520391199628
4,-1.4421333771108842,-0.008607049496100971
5,0.8833800341887623,-7.072033244748255e-05
6,1.4987395335044047,-0.01249528682253137
7,2.166125402256598,-0.42031583159123165
8,0.9880752986291537,-0.00021342008258629086
9,0.5129568064463523,-3.213867558748973e-07
10,-0.01972683167113809,-2.220446049250313e-16
11,1.3043823227251838,-0.0032442687486277655
12,-1.5816615704882822,-0.02101648802561268
13,1.5541923790374614,-0.017749147835305457
14,0.8042141436216301,-2.795254537080183e-05
15,-2.972878865123361,-7.839289028845735
16,-1.399274919085707,-0.006423187437662348
17,2.9268276511393623,-6.80284335911204
18,-1.3856744046027536,-0.0058419363853465245
19,1.6700077118551473,-0.03545524507356845
20,-1.1771831650647204,-0.0011910984422105475
21,0.1880737497548921,-1.4376944079685927e-11
22,-2.8913183060634076,-6.087738000348898
23,1.1973804038032583,-0.0014067935195339887
24,1.6174880304976504,-0.02607689263530688
25,0.01553560471183646,0.0
26,-2.980490074527495,-8.023288250871623
27,1.6305383015583716,-0.028173261051329057
28,-0.3138384944690369,-2.394289544405126e-09
29,-1.302902402942129,-0.0032085817407009887
30,2.6508861773117482,-2.7501965220782325
31,-1.4202123728760558,-0.007419068199930545
32,-2.3834666958997133,-1.02800538891951
33,2.3419049953405082,-0.8726087227294823
34,-1.3365694691375212,-0.004113427333058695
35,2.498652214701842,-1.593279396569964
36,-0.3110985702924758,-2.1935943061990315e-09
37,0.4216561836652115,-4.558823907263587e-08
38,-1.400072888244986,-0.00645883820562998
39,2.7359462686379032,-3.6754548709544657
40,1.963947550142917,-0.16664864172585636
41,-0.624947899041647,-2.2915777493359712e-06
42,-2.997214439149829,-8.440945220076838
43,2.0652449743639583,-0.2682083799262055
44,2.573417763591249,-2.0925364904312085
45,2.907196251256911,-6.398902986209143
46,1.136882157716709,-0.0008468030215094124
47,1.0456474409272625,-0.00037256341445979224
48,-1.9662465709715877,-0.16850775458612458
49,-1.0345097051568248,-0.000335335841293416
50,1.286454705997115,-0.0028348959343627023
51,0.22468402701769818,-8.502887283157179e-11
52,1.693477699604668,-0.04053794550247969
53,0.4370214954735663,-6.513640227190365e-08
54,2.463711461784932,-1.398336505829856
55,2.3978671245920076,-1.0872690853412892
56,-2.446955469008199,-1.3125421761801186
57,0.3961923639529541,-2.44948809013934e-08
58,-0.6792022742552808,-5.238305560650858e-06
59,0.963802103551155,-0.00016704550048785016
60,1.7732918904928603,-0.06301424595583455
61,-1.8741643085123474,-0.10683133042894516
62,-1.401503625106208,-0.006523200986006394
63,0.24333966661262707,-1.8865076167884354e-10
64,-1.1900519361815842,-0.0013248009463917576
65,0.031588779400286704,1.1102230246251565e-16
66,-2.5243125909246267,-1.751298748825434
67,0.6820241066936688,-5.458351657550153e-06
68,0.3530636441913124,-7.757183562162595e-09
69,-0.9114869349290808,-9.634559580429247e-05
70,1.3503716451895649,-0.004545830295683284
71,2.904776798828143,-6.350606025280311
72,-0.15229439159549107,-1.744382416291046e-12
73,-0.4633865137107671,-1.1678331868214542e-07
74,2.257694542786158,-0.6197732299896409
75,-0.12391370618095099,-2.220446049250313e-13
76,0.3306395510326503,-4.02970390389612e-09
77,0.17925467514158555,-8.896550163228767e-12
78,-1.7049079496303967,-0.04323993234701434
79,-1.141798408429736,-0.0008833777902844675
80,-2.8970330697338293,-6.198167975362167
81,1.9000846608667175,-0.12174738762157222
82,-1.4284332540411653,-0.007846257234566334
83,-1.8560443949415077,-0.09738959762222629
84,1.2850444467998434,-0.0028047412321833276
85,1.001743345409884,-0.00024432667943741215
86,0.3919566820582099,-2.2004664979036193e-08
87,-2.1267140755438168,-0.3536401016845948
88,0.7832006151069417,-2.1507880915594413e-05
89,-0.8253102020507495,-3.6114377382490126e-05
90,-1.0110299988451799,-0.0002675526596055411
91,-1.559357759394069,-0.0183265764470954
92,2.0381490384653382,-0.23675036008024386
93,2.7096816703019204,-3.3642884065651857
94,-2.6337772775092665,-2.591112763224556
95,-1.5737791592283668,-0.02002821344982353
96,2.1632826432350347,-0.4151596859255979
97,-0.6409949846057659,-2.947981952550194e-06
98,1.8647049411215093,-0.10180578596416942
99,-0.28003334260155954,-7.67246155497503e-10
100,2.966758087486367,-7.694014138462559
101,-2.8204475520425367,-4.85481683056729
102,-0.3113450210805855,-2.2110058228719254e-09
103,1.5370493470332738,-0.015946985991175222
104,0.49120190329048175,-2.0873692530010146e-07
105,-0.507750875366034,-2.9034622006651745e-07
106,1.8276366863241602,-0.08407161392846449
107,2.1021335770631513,-0.31695740874101963
108,0.8589502050832114,-5.360698832812538e-05
109,-0.10294983013829828,-3.4861002973229915e-14
110,0.32659052423038215,-3.563334516343275e-09
111,2.673233829188163,-2.9708843697703227
112,2.119395090828177,-0.3423443901260802
113,-0.8573028577123747,-5.2599572942124695e-05
114,-0.7902559792097703,-2.3504877137869862e-05
115,0.4251438591852459,-4.949045318003442e-08
116,2.195141452342475,-0.47627053889183485
117,-2.746881807051488,-3.8122860901939
118,-1.4417875353708935,-0.008587063596364797
119,-2.0917038618180293,-0.3024380378338308
120,-1.0174614075007822,-0.00028477630836976076
121,-1.6345500554107695,-0.02884713241593506
122,0.6188456574561414,-2.078683728368169e-06
123,0.10520364717270958,-4.318767565791859e-14
124,1.3659278527970011,-0.005081407611628175
125,-0.45255734211787546,-9.226512998061764e-08
126,-2.3872140459414455,-1.043146541440301
127,2.531326223506092,-1.796820042557452
128,1.3756026056263666,-0.005442215542489637
129,1.6101425858489549,-0.024958989508825247
130,-2.4672658507089604,-1.4171576947093725
131,0.32506808637603335,-3.4009465244011494e-09
132,1.818921057821428,-0.08032317286946666
133,-1.3288973078008093,-0.003889287814397957
134,1.1593383378997713,-0.0010256574536097185
135,2.2589967568590508,-0.6231272588541629
136,-2.8939257704068875,-6.13790776774452
137,2.8468416129149183,-5.285618230449956
138,-1.0053573152468938,-0.0002531414311361946
139,-1.6684844554893747,-0.03514586214766696
140,0.7016671319834642,-7.234681196122139e-06
141,-1.8419125215132932,-0.09054734845871448
142,-0.87038083789548,-6.108719781006133e-05
143,-2.2825223091116005,-0.6865425252010399
144,-0.08706965040676362,-6.439293542825908e-15
145,0.13180921544337476,-4.1178171983347056e-13
146,-1.0365435440804425,-0.00034187445709699116
147,1.5461730487000622,-0.016884725073555984
148,0.4618485820453433,-1.1297800628362609e-07
149,1.4542489510118557,-0.009333896899922756
150,-2.798401623275274,-4.518923367634434
151,2.6594617266660165,-2.8331162338103413
152,-2.515022116671215,-1.6925636574125704
153,1.4454565995521635,-0.00880121889223029
154,-0.04377988880767614,0.0
155,1.6110861778856425,-0.02510016692047623
156,-0.6824768653007123,-5.494419927920546e-06
157,1.4879433378097362,-0.011651295625754066
158,-2.4922068398090977,-1.5556173949549978
159,1.9223220444350142,-0.13598509939363548
160,1.0731840319970019,-0.00048096394079988336
161,-0.16157236918482099,-3.1504798769788067e-12
162,-0.9179458694168874,-0.00010329779126860839
163,0.5637542196217842,-8.225691695562531e-07
164,2.9718714669579427,-7.8152147332007065
165,-1.3571539752763262,-0.004772808001142326
166,-1.051945502160377,-0.0003952133626988763
167,-2.302782432455187,-0.7456490959355266
168,1.4664220033035953,-0.010118774956640153
169,-0.5753086793516506,-1.006506039402666e-06
170,-1.215706436066056,-0.0016320225970575253
171,-2.1967546690574795,-0.47956589385517145
172,-0.46058075393150855,-1.0992523880037908e-07
173,0.6201737171972601,-2.1234414732118623e-06
174,0.664792105495569,-4.233898852068485e-06
175,2.042004233264622,-0.24101683441141095
176,-1.754450156056015,-0.056893194720763735
177,-2.397725982137098,-1.086673925358615
178,-1.0907426532926463,-0.0005640396533515002
179,-2.531664472303345,-1.799041483829044
180,-2.6920191711018866,-3.1682780970273443
181,-0.4028458224089242,-2.8920938310861288e-08
182,-2.5860302451189723,-2.189101331626242
183,-2.9232791225227244,-6.728214980333046
184,-2.7853796943709814,-4.33025535240483
185,0.04085769239801795,-1.1102230246251565e-16
186,-0.23518833841666975,-1.3422329914192233e-10
187,2.574132892237026,-2.0979097900797368
188,0.3969458173300877,-2.4963484168694094e-08
189,-0.11143437608547213,-7.693845560652335e-14
190,-1.270021859640972,-0.0025008421526412916
191,1.0122784472455795,-0.00027082120971888557
192,0.7517168931379916,-1.432516412935847e-05
193,-1.1615915771148067,-0.001045345821577559
194,2.569734199214916,-2.0650503811694163
195,-2.4886985417920418,-1.535448677347448
196,1.5710401860023557,-0.01969461775601422
197,-0.32148491872412777,-3.044709373511978e-09
198,-2.597680050474203,-2.2817547715967965
199,2.270222071614766,-0.6527102273810222
200,0.2964965233581838,-1.3573491219887046e-09
201,-1.3112147767638433,-0.0034136634436610636
202,-2.0481176011112074,-0.24792191210249143
203,-1.7678592212419408,-0.06119208609757021
204,-2.2571542617696747,-0.6183863454504539
205,1.4690578658183613,-0.010296274275494233
206,2.3476283225644607,-0.8926957245374197
207,-2.706489218612606,-3.3280911785158573
208,-2.3836112985796545,-1.0285860431430531
209,0.003259151854039466,0.0
210,-2.662828381957242,-2.8662651313577814
211,0.05811063626739532,0.0
212,2.297966723403082,-0.731207636228017
213,1.2247540790668312,-0.0017546698992478849
214,0.6300885964763303,-2.485905166493829e-06
215,-1.6650232810431818,-0.03445177751848344
216,-0.4332757252125905,-5.97800150492489e-08
217,2.253027836605133,-0.6078839530597313
218,1.893336962692934,-0.11769674202865191
219,0.3231222581269648,-3.203100784610058e-09
220,-1.1981991090706423,-0.0014162292205696092
221,1.4270509142777428,-0.007772927647746508
222,-1.2271118974680315,-0.001787954705386452
223,1.6396627937167896,-0.029726688180292504
224,-1.1460926459207514,-0.0009164738248956805
225,-1.0697233931484118,-0.0004659467953557206
226,1.1965911605665829,-0.0013977505910998667
227,1.9870479604900977,-0.18618191933908582
228,1.8518583908879682,-0.09531661648027018
229,1.1316241640156104,-0.0008091897222942679
230,-2.0040680196980043,-0.2018438132906069
231,-2.4197936914460785,-1.1832906977123434
232,0.0670664102390166,-5.551115123125783e-16
233,2.516705598286899,-1.7030763256874852
234,-1.463898430277959,-0.00995139663316491
235,-0.8147902114213106,-3.181018204534425e-05
236,2.5485975925118565,-1.9133849031432542
237,-2.347430675227561,-0.8919953109969659
238,2.548907285286445,-1.9155343327900536
239,-2.1784793964044975,-0.44338634149633804
240,-2.9013027184559705,-6.281815715405956
241,2.4111580870176237,-1.1446170085459453
242,-0.3381505460391008,-5.04249453303629e-09
243,-0.7006726865373736,-7.133603547204714e-06
244,1.557744496259307,-0.018144463419987822
245,2.5640016199348814,-2.0229063141868306
246,-1.1953519241967585,-0.0013836565418686164
247,1.614192082599919,-0.02556989229915002
248,-0.8404309752814951,-4.321689030639675e-05
249,2.29888551511843,-0.7339437300670327
250,-2.9020140109615404,-6.295846585911209
251,0.2450743847759842,-2.0252488575067673e-10
252,1.55113783561593,-0.01741535600498406
253,0.6458490690072427,-3.177373682161644e-06
254,0.05645091568493266,0.0
255,-0.3183822798060705,-2.7637584443240826e-09
256,-1.1455501925300986,-0.0009122328219552944
257,0.2532662693911707,-2.812712285304997e-10
258,-1.6764730720075587,-0.03679550787948002
259,-0.3089213686923493,-2.0450514615077964e-09
260,1.1110653041152894,-0.000676042824658607
261,0.31273294707958277,-2.311403957122593e-09
262,2.8136858266135683,-4.749540092022967
263,-2.6500562270934207,-2.742285835766202
264,2.114334703060111,-0.3347220970818761
265,-0.9774485195776412,-0.00019186156126016485
266,-2.7237035674774885,-3.527401342900553
267,0.5470307907798642,-6.096101622388161e-07
268,-0.13513266291704173,-5.280220705117245e-13
269,1.2654262573749877,-0.0024139412196885757
270,-2.489464789373501,-1.5398339731557797
271,0.5314993571399116,-4.5767562706355847e-07
272,1.7912877431602272,-0.06939908338376041
273,1.6331362395451432,-0.02860803043104071
274,-2.334350530989219,-0.8467056181453183
275,-1.6349847269392637,-0.0289209994767326
276,-2.8905094822647994,-6.0722488179357
277,-1.625791640765429,-0.027394046497173863
278,2.8966980625573795,-6.191646289175722
279,-1.2134592522781082,-0.0016027737584082824
280,0.8462977420299396,-4.6293649075934695e-05
281,1.0161279448008589,-0.00028112580279349153
282,1.6057401352035878,-0.024309596881277984
283,-0.9046716263490069,-8.946719027524974e-05
284,0.2106955058910982,-4.473177384056726e-11
285,-1.3300147917898364,-0.003921241207962278
286,0.06313587798592657,-2.220446049250313e-16
287,0.2098908955125829,-4.305400480575372e-11
288,2.3998144204416265,-1.09550967504187
289,-2.9114829781971086,-6.485265624152301
290,-2.359959365841412,-0.9373642888678977
291,-1.705846527578474,-0.04346874924979552
292,-0.5225490761272962,-3.86488913539651e-07
293,0.031095533694632138,-1.1102230246251565e-16
294,1.3744197050943914,-0.005396908411797519
295,-1.0874082870612833,-0.000547341323437367
296,2.195421473804328,-0.4768411069183237
297,-0.4088471738056101,-3.351653810046429e-08
298,-2.0166755411839743,-0.21418586972326842
299,0.23936415220058205,-1.600256593903282e-10
300,0.8288058635899427,-3.765608454642244e-05
301,-1.9651626627979506,-0.16762897219597545
302,1.8709870618712436,-0.10511934357045968
303,0.728980247592049,-1.0565587847066737e-05
304,-2.570874974664301,-2.0735285030722412
305,-2.4859687385739155,-1.5199150028441546
306,-1.9923789667736285,-0.19096757512134677
307,2.963837037196112,-7.625519532711144
308,2.284141308129813,-0.6911088874993433
309,-0.08217228191469861,-3.6637359812630166e-15
310,1.6164583640094987,-0.025917552244288433
311,0.7153256694235632,-8.759235740174454e-06
312,1.0868426322127602,-0.0005445528548807532
313,-1.847230860996195,-0.09307059758494973
314,-1.7185684958341432,-0.04667811034390987
315,2.108547322189656,-0.3261889544310256
316,-2.8597820982828535,-5.508820812083617
317,-2.517091691146139,-1.7054954048098399
318,-1.9042073474515413,-0.12428259012246587
319,-1.1555075724320267,-0.000992944659772399
320,2.0649501433734043,-0.2678471162494567
321,-0.872911740790097,-6.286481740513938e-05
322,0.14956910873153495,-1.4563905637032803e-12
323,2.1349260362197704,-0.3667049794316196
324,0.5764225281279569,-1.0260559881736242e-06
325,-2.1436118773792217,-0.38098617911875843
326,2.1302535404138965,-0.35921991521429003
327,-0.42477856749456677,-4.9068118124218074e-08
328,1.9144158663077118,-0.13076263531269772
329,-0.36457837728559284,-1.0685291429446409e-08
330,-1.2059125572849896,-0.001507943403699863
331,-0.7166126953984069,-8.916786887303019e-06
332,-0.16687885721308593,-4.351963234228151e-12
333,-0.21047769474286238,-4.4271808441465055e-11
334,-1.5266917568883112,-0.014938842513333883
335,2.1456424192451014,-0.38439480495369827
336,-0.9249540596761365,-0.00011134669383683349
337,2.205138493729258,-0.4970180604887171
338,0.7628042304365827,-1.6561511382406913e-05
339,0.549553406055558,-6.381682157163837e-07
340,2.352182503492159,-0.9089694869275291
341,2.5385496721770373,-1.8447881724107322
342,1.2312167424837668,-0.0018472497358449358
343,1.9761999444381644,-0.17677018718147275
344,2.412535456435342,-1.1507097599000866
345,-1.7390548220060804,-0.05228984210163892
346,-2.6923847408586714,-3.1722310391644286
347,2.089321034080971,-0.2992045912495862
348,-0.9125942696325193,-9.750685672882398e-05
349,-0.6946125220950368,-6.544560731014393e-06
350,0.45726285554693646,-1.0228398494849245e-07
351,2.3165343543825765,-0.7882831076551072
352,0.10638194553067226,-4.829470157119431e-14
353,-2.365976862900019,-0.9598689067230554
354,2.3739433889826325,-0.9903944957192908
355,-0.7010828006847287,-7.175133841741399e-06
356,-0.5076428640271771,-2.8973177945701423e-07
357,-2.4430061006328603,-1.293008912175976
358,2.226999666959461,-0.5451904935921892
359,-1.421219930300897,-0.0074702850867548465
360,1.3504918658010832,-0.004549768252368469
361,1.086889449671503,-0.0005447831642348966
362,-0.22900851786662457,-1.0287026785960052e-10
363,0.7976897672593539,-2.5787467243687523e-05
364,-1.688241113167507,-0.039350981297749416
365,-0.3092429501986449,-2.066406046274949e-09
366,0.28389749481330817,-8.79780803764163e-10
367,-0.6865500063166845,-5.828649908834471e-06
368,1.6737791714876318,-0.03623169062427972
369,2.990212153633519,-8.263814982811976
370,-0.14704469032806333,-1.2284617767477357e-12
371,2.8324148418580464,-5.046168334947679
372,2.375675373023343,-0.9971430845736312
373,-2.3914861784491084,-1.0606474878497638
374,2.030782061763807,-0.22878289470965366
375,2.3813739223066825,-1.0196341048724968
376,-2.785929889873305,-4.338084666694375
377,-1.905843291223354,-0.1253014883341355
378,2.558375829456745,-1.9822846846941498
379,2.507556117375004,-1.6466264828971577
380,-1.7456051861144701,-0.05420639344056913
381,0.22377426394723177,-8.165068621224236e-11
382,1.1253547110830429,-0.0007662982789961026
383,-1.0314407093964848,-0.0003256810487937134
384,-2.062248289176247,-0.2645564562611744
385,1.5955918802156397,-0.02286955589414108
386,0.6257788171305556,-2.3220325464645697e-06
387,1.0731182265359038,-0.0004806743925781509
388,-1.8421933262058883,-0.09067904140393493
389,0.7695053973706374,-1.8060376194783956e-05
390,0.9161980725632621,-0.00010137350536976175
391,-0.27237484806209267,-5.81647396913354e-10
392,-2.251471716089805,-0.6039644482532249
393,-2.6834224146684775,-3.076559285709686
394,-0.3541709290509836,-8.003409712742382e-09
395,2.6787178792724893,-3.0273609601487235
396,0.3473125759451179,-6.584516376584304e-09
397,1.366241133014583,-0.005092748118285695
398,-2.524453099027059,-1.7522006455696508
399,2.232752457048006,-0.5585327339805048
