,data,labels
0,-1.7448180302568939,-0.053972832523423414
1,-2.2161150613974097,-0.5207138968748327
2,2.733534571105899,-3.6458655963873206
3,-2.2159871001950817,-0.5204320131905199
4,-1.2096584652674234,-0.0015543680016711359
5,-1.5617807784654731,-0.01860315513727545
6,2.178326164503183,-0.44309347499705265
7,-2.1986979967327507,-0.48356229657046124
8,-0.7436408394726852,-1.2870982102786144e-05
9,0.9608913944917905,-0.0001621403549533218
10,-0.20476319923957043,-3.362587985833443e-11
11,0.5859572221959795,-1.2078904945145297e-06
12,0.5701485332831266,-9.202313728806644e-07
13,-1.24330656335482,-0.002032228942558889
14,2.2569188775700857,-0.6177829784789264
15,2.9996578806331264,-8.503532894711288
16,0.37652305190584556,-1.4739244602601786e-08
17,-0.9261695613119438,-0.00011279849635126293
18,1.3641528759624855,-0.005017579035744013
19,-2.4393036876077336,-1.2749300201628493
20,0.5818078528210786,-1.1254756191458881e-06
21,2.323080707993104,-0.809322860311531
22,-0.6163238192222504,-1.996019018624118e-06
23,-2.250668555116902,-0.6019502122639196
24,-0.43726944571390725,-6.550573761199274e-08
25,2.7708361975555205,-4.12774697466453
26,-0.09100709719055056,-1.0103029524088925e-14
27,2.294382110516475,-0.7206187428547285
28,2.5868006217304904,-2.1951244986282927
29,-0.4685282279380161,-1.3035669244043646e-07
30,0.8708410400415105,-6.140703633583655e-05
31,-2.653401753957878,-2.7742964377590833
32,0.6536215778573822,-3.578204970433596e-06
33,0.5450522857591631,-5.88021162317709e-07
34,-1.1934324394976945,-0.0013620764966854049
35,-0.6895586175165169,-6.087127812914872e-06
36,0.06475925608582411,-2.220446049250313e-16
37,1.099948640239333,-0.0006125343579196363
38,1.0729351349330383,-0.0004798695982990431
39,2.1000354705483906,-0.3139880705217691
40,-1.4042852439790927,-0.006649972888721933
41,-0.10509254681798463,-4.2743586448068527e-14
42,0.11509875166120676,-1.0613732115416497e-13
43,-0.9220920034677693,-0.00010799414235918015
44,-0.04094278673082119,1.1102230246251565e-16
45,-1.3583204529268404,-0.0048128480739202395
46,-2.7180701458130807,-3.4610532683883806
47,1.2902345019017405,-0.002917149355629256
48,1.6185887946032746,-0.02624819815457291
49,1.3194005270033884,-0.0036269725500729932
50,-1.140271477964694,-0.0008718697439795697
51,-2.233619506185555,-0.5605684404859305
52,1.438770460470173,-0.00841445563370724
53,-0.564335857968743,-8.310507244591037e-07
54,0.8910569614926378,-7.702869281778213e-05
55,-0.5880230775140278,-1.2509102653712745e-06
56,1.231553421026618,-0.001852190159190359
57,-2.874396897864738,-5.770806599722154
58,-0.266292950659079,-4.6419934562891285e-10
59,-1.9245955585909933,-0.13752068857197072
60,0.05492089361777586,-1.1102230246251565e-16
61,-1.9719308937050788,-0.17318346772060814
62,2.8800181920244095,-5.874446652572498
63,-1.6417120626214354,-0.030085867491646656
64,2.402103906964494,-1.105268691105957
65,2.770665811249388,-4.125424605653382
66,-1.8970398739194492,-0.11990455714139828
67,-0.6433347228844695,-3.056625972219784e-06
68,0.7938269070336625,-2.4577684299975644e-05
69,0.2357154137012647,-1.3725909298045735e-10
70,0.3968534901996854,-2.4905632112215415e-08
71,-2.9544364369866556,-7.408701986348817
72,-1.230160899577123,-0.0018318325344285347
73,-2.8348587092810362,-5.086048172743674
74,1.1803021574931671,-0.0012223452923064149
75,0.08497187372342685,-5.10702591327572e-15
76,2.5286837806921767,-1.779548765850107
77,-0.9470407073098412,-0.00014052094322303255
78,0.6774981265230484,-5.109306144723824e-06
79,1.495848255080169,-0.012264086913179206
80,0.8629314093402676,-5.6113430274562504e-05
81,0.970228845537425,-0.00017834960556528667
82,-0.015443073918347316,-1.1102230246251565e-16
83,0.6485578590224526,-3.3122369033078414e-06
84,2.4501053997935003,-1.3283072803422538
85,2.7059431228565085,-3.321933722576805
86,-1.004071665913066,-0.0002499735373109324
87,0.2596606587704273,-3.6082370424850296e-10
88,-2.259716910808056,-0.6249889821496278
89,0.00468415129591504,0.0
90,0.2391933135654929,-1.5888823590159973e-10
91,0.9370954841301691,-0.00012663001659840578
92,-0.37578141612064364,-1.4452152474753177e-08
93,1.2008462970505835,-0.0014471267276155442
94,-2.0022906957094238,-0.20015553702078048
95,1.3709879333428843,-0.0052673629303280345
96,0.3909115489940227,-2.1426359575471565e-08
97,-1.3741170793209827,-0.00538537149308288
98,-0.33712695699161044,-4.892199534367592e-09
99,2.941714069685596,-7.123884030364469
100,2.963044152462169,-7.607019951211399
101,2.2639817632484123,-0.6361153080096287
102,1.212396323172209,-0.0015891027754770248
103,-2.685713833206475,-3.100775463042329
104,1.216351507624104,-0.0016405063221312521
105,2.905529383187366,-6.365594700805571
106,2.332021635678263,-0.8388581084879602
107,-0.20080593313495188,-2.766797901898599e-11
108,-0.547012263644314,-6.094047390048374e-07
109,1.1493859413436862,-0.0009426019494396254
110,1.1144804172960256,-0.0006967018377825873
111,-2.2726393825180216,-0.6592405219978239
112,1.7923327045908852,-0.06978686056466357
113,-0.4303959312268937,-5.593492169442271e-08
114,-2.8901639296232573,-6.065641940523983
115,-2.4975929035649864,-1.5870350032076115
116,1.184306037700198,-0.001263530090201248
117,1.2852373279764802,-0.0028088485156562704
118,1.9218165727355085,-0.13564576225777655
119,1.3655982851384953,-0.005069501825753109
120,0.16275098315884584,-3.3879565819461277e-12
121,-1.9060612834123227,-0.1254378154873268
122,0.9645298816073642,-0.0001682925401126356
123,-2.433221562765068,-1.2457139121286471
124,-2.446154919907608,-1.3085618591628654
125,0.06533123155880816,-3.3306690738754696e-16
126,2.8535778954066995,-5.400797492206839
127,2.7165951305490585,-3.4438632734488626
128,-1.7919688379882075,-0.06965161484627178
129,-0.15178407284476192,-1.6870949082203879e-12
130,-1.6688335186955572,-0.03521654639290217
131,2.510989590974921,-1.667614027235262
132,-0.4097162536261525,-3.423383809764147e-08
133,2.1826130229398526,-0.45135157945936827
134,-0.11259877142757269,-8.515410598874951e-14
135,-1.3010766272814427,-0.003165037697577533
136,-1.6623660937429081,-0.03392721365657253
137,1.9485634661657558,-0.15466871704013507
138,1.996962339097398,-0.19516879039768364
139,-1.2426427055813936,-0.002021658017109962
140,2.5921310576611347,-2.2372011247166603
141,-1.5141453081340124,-0.013793895726559091
142,1.9938489880363015,-0.1923062217553922
143,-0.9765887001844691,-0.0001902056775000549
144,-0.12030453405442998,-1.653122083666858e-13
145,-0.6461546079679716,-3.1923348211559954e-06
146,2.180409816248944,-0.44709055298725386
147,1.9548935369454217,-0.15950242995312475
148,-1.4114558339256433,-0.0069869589912173735
149,1.9746123346037816,-0.1754287208835891
150,1.7748723146673235,-0.06355329629100415
151,1.1000407158810983,-0.0006130376581297003
152,-2.153092578056093,-0.3971331769739666
153,-1.2064746329053901,-0.001514829464819789
154,-0.9825242815541504,-0.0002019025005605135
155,0.7187087319514411,-9.178823293543026e-06
156,-0.47960553361695046,-1.6452901652197482e-07
157,0.9840064785089582,-0.0002049220522375439
158,0.4285128515525236,-5.354240506516561e-08
159,0.48623648027187816,-1.8864593043232958e-07
160,0.14608766311253563,-1.1508571873264373e-12
161,2.5216758977964613,-1.7344498618897999
162,-2.8227031299728345,-4.890387621848687
163,-0.9448330909746496,-0.0001373247873512895
164,0.4157477124672906,-3.9604448831553896e-08
165,0.38880522464585887,-2.0302204806199597e-08
166,2.400223250135971,-1.097246737531852
167,0.2163933918456431,-5.840039563054233e-11
168,-0.5373146551417811,-5.10030377154358e-07
169,-1.3362767418864243,-0.004104668427301228
170,-1.765767440855393,-0.06050305532813899
171,0.3036719220600781,-1.7234030869062167e-09
172,2.9613535391309913,-7.567705876952649
173,-0.3252902353051983,-3.4242191304656444e-09
174,-0.5500228039611397,-6.436129006415214e-07
175,1.2072174488340615,-0.0015239728929534735
176,1.6500618198676626,-0.0315895573040858
177,-2.9277014046298246,-6.821330053023475
178,2.479097907368377,-1.4814278279365927
179,-2.377512641220373,-1.0043461710515833
180,-2.617090638681048,-2.443804651861931
181,-0.5526081225601196,-6.743558033095454e-07
182,-1.2447867919703868,-0.0020559772789967012
183,0.839781689248158,-4.288791064976927e-05
184,2.2878360518331284,-0.7016303333111069
185,0.500998749990015,-2.541081551843405e-07
186,1.562175595398049,-0.018648572200009927
187,1.6658606016799107,-0.03461856250956735
188,0.9155933040517086,-0.00010071518733412166
189,-2.711222010943265,-3.381876706857103
190,-1.3900086780671816,-0.006021860446732308
191,-0.6759821140341518,-4.996952995828252e-06
192,-2.062948958187622,-0.26540636732715206
193,2.466769850810225,-1.4145179606695868
194,0.06142674447889096,-3.3306690738754696e-16
195,1.9925018398066925,-0.19107915033121958
196,-2.2230834352460063,-0.5362694349593135
197,-1.3952772658664871,-0.006247212080028819
198,1.5868485804373886,-0.02169025802208774
199,-2.3176559110501582,-0.7918531382196021
200,2.208665216635204,-0.5045254222814214
201,-0.14228679787953702,-8.841816168114747e-13
202,1.5139108242597832,-0.013773262849477608
203,1.3392387128963037,-0.004194068290222452
204,1.9941243625256213,-0.1925579078204571
205,-2.0780900217783476,-0.2843722054259104
206,-1.5050114390689089,-0.013010206729147211
207,2.8449666834347287,-5.253945914201799
208,0.12460803114632846,-2.348121697082206e-13
209,-2.617164684237105,-2.4444417010204935
210,-2.8149171382762335,-4.768560448907193
211,-1.726752814757721,-0.048852364534372084
212,-0.02179398567533042,0.0
213,1.7620823633182816,-0.059305929648908906
214,0.9770370837783511,-0.00019106759348330726
215,0.3099312318337315,-2.112786834373992e-09
216,2.5627322089664926,-2.0136769872814493
217,1.9964230245671732,-0.19467023387878926
218,-2.280302619213086,-0.6803251902041021
219,0.6549496905228263,-3.6510644024767558e-06
220,-1.8127918986085971,-0.07777666985679446
221,-2.0646249895026108,-0.2674491962598591
222,1.9397799165346585,-0.1481764867859959
223,1.0603040789193354,-0.00042717424994997977
224,-2.419336045276638,-1.1812126628660882
225,-1.7884807304018737,-0.06836687129414232
226,2.9974156244284895,-8.446083198349742
227,-0.39807236300068505,-2.5679174342485567e-08
228,2.5572900492572543,-1.9745278351253466
229,0.17270868322360977,-6.133760166449065e-12
230,-0.17336854334016127,-6.372125049836086e-12
231,-0.8358457821406744,-4.094128142040354e-05
232,-0.2937048995017446,-1.2349994360505434e-09
233,1.4281326925238549,-0.007830260972829794
234,-0.12100114135398599,-1.7497114868092467e-13
235,-1.9618541140929524,-0.16497159772995584
236,0.29374004421111266,-1.2364759216509924e-09
237,-0.7327933774438931,-1.1126433090979937e-05
238,0.9533256044506029,-0.0001499882653936968
239,0.5493146546398351,-6.35414777350185e-07
240,-0.21456221799318875,-5.3646087572190027e-11
241,2.6139411109578674,-2.416842532729711
242,2.464874644924449,-1.4044714162266652
243,2.0087612064361915,-0.2063625937188432
244,0.2763666748767566,-6.726166290604851e-10
245,1.8598252151862766,-0.09929617688016823
246,-0.22299912662978327,-7.886846731253172e-11
247,2.329795913647824,-0.8314182542861425
248,-2.1608741505948594,-0.4108350108691142
249,1.8347839012160367,-0.0872604360704379
250,1.0375037066252393,-0.0003450007611559558
251,1.029824660076275,-0.0003206977695632274
252,1.208826310386101,-0.0015439458572699127
253,-2.8943131437298018,-6.1453919990894486
254,2.2386399574826417,-0.572484995305357
255,-2.847403331999354,-5.2951396407091575
256,0.18387929459809005,-1.1475709271735468e-11
257,-2.0009692258859277,-0.1989083884374781
258,1.3864365959748817,-0.005873224696421875
259,-2.615721592409299,-2.4320523614193537
260,-0.4159126563157107,-3.9761406500637975e-08
261,-2.7024514242582303,-3.282799367608676
262,1.3685350845695572,-0.005176477558278103
263,-0.10551490116944606,-4.463096558993129e-14
264,-0.2588189297869077,-3.493089151263007e-10
265,0.6026915308687992,-1.5981383244545455e-06
266,-1.8884824962985816,-0.11485693375624612
267,0.24406515672985574,-1.9434542863905335e-10
268,1.7589437934163472,-0.05830296954240946
269,-2.577538069245434,-2.1236622543213715
270,2.0734686602234422,-0.27846029227788427
271,2.916152044705674,-6.58049231001889
272,0.89861927274558,-8.373131405670087e-05
273,-2.0749828447365344,-0.2803852391681574
274,-1.915816338575973,-0.1316745622202849
275,0.4511918107631585,-8.952774743775649e-08
276,-1.5229136709549362,-0.014585480729991163
277,-1.733286523845079,-0.05065218529877022
278,1.0674610850956192,-0.00045635787824294116
279,-1.2127179822121184,-0.0015932287947650892
280,-2.0855058614535373,-0.2940911002434539
281,0.5363534569025661,-5.010219354950607e-07
282,0.0631788647192284,-2.220446049250313e-16
283,-0.6838672597659299,-5.606524817070024e-06
284,2.1825712280708824,-0.4512704151813132
285,0.9388479303172002,-0.00012898457429633137
286,1.3913918522160609,-0.006080309590707544
287,-1.83707625905282,-0.08830567573834275
288,1.5830907519597748,-0.021200248328624105
289,-0.4347363523023722,-6.181966349938506e-08
290,-0.060805465167997674,-2.220446049250313e-16
291,-2.3918427703208,-1.0621199092742815
292,-1.6645819941167108,-0.03436416571237455
293,-2.6607030631970003,-2.8452993119864387
294,0.311047286570318,-2.1899867475028145e-09
295,-2.8764193975651455,-5.807909288299371
296,-1.613843357495496,-0.025516765750381087
297,-2.9557851255465097,-7.4394724990062295
298,-0.785986900210327,-2.2277575243645487e-05
299,1.0327542067592885,-0.0003297823118422194
300,-2.8067679364708322,-4.643910479664964
301,-2.360781577779949,-0.940411553793385
302,0.9055478149191032,-9.032610340020675e-05
303,-0.4214469449554432,-4.536318054526589e-08
304,2.989215110138977,-8.238860521690938
305,1.4184445702010766,-0.007329961813781094
306,2.579416907474897,-2.137990090024827
307,-0.9034656644765349,-8.829697602585895e-05
308,-2.4478073313348747,-1.3167893263347072
309,1.04157250606022,-0.0003585347327368371
310,0.20544819216667332,-3.4766967083044165e-11
311,-1.1889132953266612,-0.0013124524023205297
312,-2.3633854709142157,-0.950119740541099
313,-0.10164573168021951,-3.064215547965432e-14
314,1.5816410739095357,-0.021013862969566754
315,-0.8434707378044624,-4.478736902269187e-05
316,1.552789108834614,-0.01759510205739634
317,0.3339625315388446,-4.4526968778768605e-09
318,-1.2229157570559406,-0.0017291038993686447
319,2.5502207486683695,-1.924674080857192
320,2.7053566373915148,-3.3153320019780104
321,-1.3697317531822186,-0.005220641478300092
322,-0.4321327085638229,-5.822630644303217e-08
323,-0.9654422454108484,-0.00016986764044146785
324,-1.749373718191553,-0.055337050923620845
325,1.636492220215934,-0.02917848393536998
326,2.2904852143137306,-0.7092610225225655
327,-0.18955668474980714,-1.5551115950529493e-11
328,-2.6064247806618095,-2.3535516514603105
329,2.7545866078592223,-3.9113590718992612
330,-0.44697147045684993,-8.15228134998236e-08
331,-0.11951487383403725,-1.546540673302843e-13
332,0.6997088719562221,-7.03685081271388e-06
333,1.498561972457762,-0.012480977174227359
334,1.531146844044704,-0.015365299932756482
335,1.4716104851887515,-0.010470806088785867
336,2.10475011223941,-0.32069521444084287
337,2.525813198832216,-1.7609520334509259
338,0.5765256997691948,-1.02788397571274e-06
339,-1.4383427132471314,-0.008390235982575878
340,1.8724690294338204,-0.10591481778697306
341,-1.0319878767967257,-0.0003273839429043246
342,-0.8414957076855138,-4.376126793315116e-05
343,2.3546863639644986,-0.9180276419123531
344,0.9333419614299867,-0.00012171594068921543
345,0.7806080212776494,-2.081320902680428e-05
346,2.7613280054273,-3.999890900455348
347,2.0503812143827513,-0.2505227189005429
348,1.694724746401291,-0.040825256565761386
349,-2.9496229613173712,-7.299789492827423
350,-1.985201315679739,-0.1845491149998201
351,0.20899515853814687,-4.1252778970601867e-11
352,-0.9170817715508242,-0.00010234238606887658
353,-1.7671824760728398,-0.060968408576012406
354,2.3327964814328084,-0.8414619013206485
355,2.5446506769102175,-1.8861764816907136
356,-2.2233909366408833,-0.5369652220260248
357,-1.3192885217099162,-0.0036239753996148427
358,2.1873357550538763,-0.46060643254888145
359,0.5208269619447954,-3.739941167868466e-07
360,0.38279511887457573,-1.738011112806248e-08
361,-2.143791569532718,-0.3812867434919773
362,-1.6893946070772194,-0.039609755643050054
363,2.4197740649562425,-1.1832015136290877
364,-1.0356362501514318,-0.0003389436194595197
365,-0.2031754294186392,-3.1109226306114124e-11
366,1.7881027166206485,-0.06822891176412635
367,0.2979333802975104,-1.4244802004625967e-09
368,0.5601374392709442,-7.715512375661149e-07
369,-2.89406500013643,-6.140596829684992
370,-1.2495387777192652,-0.002133900887222817
371,0.7010868710713636,-7.175547115712e-06
372,-1.3039822401353847,-0.003234586327888922
373,-0.632412121065304,-2.578496365202021e-06
374,0.5939171475216156,-1.3813194756906455e-06
375,0.25374927353713783,-2.866756831920725e-10
376,0.6558612404809328,-3.701839493275294e-06
377,2.475130489433221,-1.4595971885347236
378,-1.3017963659580458,-0.0031821398036976922
379,-0.5447153230303119,-5.844135601007494e-07
380,1.4271329145668652,-0.007777260450858192
381,-0.8765093403377522,-6.547146606106224e-05
382,1.0409419883001672,-0.00035640682991078254
383,-2.5322105065654004,-1.8026326504341572
384,-1.3085238710888834,-0.0033460290657132408
385,-2.812259627003369,-4.727592497944792
386,2.674161668349842,-2.980373998947011
387,-1.069101425698953,-0.0004632927485440641
388,-1.7399499123646849,-0.05254813311617215
389,-2.8441333937402797,-5.239923063943594
390,-2.657383824285084,-2.8128252601451575
391,-0.8990477455564121,-8.412626414999735e-05
392,0.9940328126599525,-0.00022643246338294176
393,-1.889887339451291,-0.11567243939972272
394,-0.08973446628287807,-8.770761894538737e-15
395,-2.692734053426934,-3.176012237854678
396,2.3564797775369595,-0.9245644426592418
397,0.5266606892228154,-4.178511784358463e-07
398,0.8656552629689234,-5.788829109332205e-05
399,2.0055902940930537,-0.20329982541914116
400,2.570892123250463,-2.0736561827354265
401,2.7707927201223885,-4.127154267282885
402,-1.0668707963524888,-0.0004538851330635474
403,-1.563709947324513,-0.018826011814587373
404,-2.7010818093278193,-3.267559894866314
405,2.966050156432484,-7.677364816673438
406,-2.3647130377148144,-0.9551032674848339
407,-2.967718400683781,-7.716649629376443
408,1.9506427077463862,-0.15624194094479968
409,2.559108845994687,-1.9875365225237842
410,1.1349776217142908,-0.0008330020522711035
411,-0.8025007486413474,-2.736873106756743e-05
412,1.2932478692917684,-0.0029842433715404626
413,1.47122812315353,-0.010444495958565392
414,-1.0127095638934482,-0.00027195818740366473
415,-2.2568113804085095,-0.6175076008022615
416,-0.08976790254650036,-8.881784197001252e-15
417,-1.0270716681234553,-0.00031236556357672196
418,-2.8851059057020527,-5.969652740723306
419,-2.3527510378726078,-0.9110193170067354
420,-2.182005981930094,-0.45017399081870957
421,-2.512552346508072,-1.677244270763744
422,-0.9558902356169696,-0.00015401286805727388
423,-1.6192323491422678,-0.026348813659229586
424,-1.7968158542168786,-0.07147242995737696
425,0.20779668051953237,-3.894873312759728e-11
426,2.512430860794005,-1.6764938831207865
427,1.6482479438541286,-0.0312573383591786
428,-1.282823574860188,-0.0027578339317726464
429,-1.9676500038560183,-0.16965165146194072
430,-0.5410734431293438,-5.466724369851406e-07
431,-1.9800691677351812,-0.18007763447162506
432,-1.1132940892228635,-0.0006894622776427717
433,-0.6704177877450519,-4.603333719988001e-06
434,-1.2996344532986408,-0.0031310160745549598
435,-0.8767678296685064,-6.56624328347899e-05
436,-2.8707530783808712,-5.7044852584356605
437,1.6871898773148652,-0.03911645676381073
438,2.9738145344241325,-7.861707375695196
439,-1.9138496627260506,-0.130395539397301
440,2.8390365512823568,-5.154864279440938
441,1.1401247450184284,-0.0008707709499971017
442,-1.8262642008824637,-0.0834712320085867
443,1.6751408749450416,-0.03651572010792131
444,1.7412879399561767,-0.0529363524064089
445,0.33837904632774407,-5.076607245690923e-09
446,0.4859619759041234,-1.8758774666949307e-07
447,-0.09715242711848404,-1.9539925233402755e-14
448,-2.020353602767617,-0.2179100953121196
449,1.1144943151067945,-0.0006967870504374085
450,-2.0400472761772575,-0.2388426815093302
451,-2.3254028761275225,-0.8169043199846827
452,-0.9720441226125125,-0.000181664221919009
453,-1.0205360189836719,-0.00029335562864940545
454,2.3324305799318044,-0.8402314387630803
455,1.609852126362103,-0.024915674199403715
456,0.5871532600388791,-1.2326320614208797e-06
457,2.190476887021825,-0.4668543355862457
458,2.941230736704177,-7.113255523847534
459,2.609315021867758,-2.3777141962478603
460,-0.7430197166947092,-1.2764831597400494e-05
461,-1.9105810548491513,-0.12829414392491584
462,0.1107275571005708,-7.216449660063518e-14
463,1.5412116654269328,-0.01636888030602729
464,-1.9126072972762345,-0.12959325445691833
465,0.03667314735142302,1.1102230246251565e-16
466,-1.2875461304378697,-0.0028584314911684894
467,0.5470020003156302,-6.092909690114112e-07
468,2.951884913038281,-7.350793655228983
469,-1.904242995302296,-0.12430471382804548
470,-2.5781218956103147,-2.1281053865932558
471,2.117950749566231,-0.3401533393270196
472,-2.7071033919250884,-3.3350282125232913
473,-2.13761669084506,-0.37107749145798674
474,-2.6347183231018017,-2.5996478345026803
475,-1.4061188897290393,-0.006734737547392844
476,-1.2541597166011957,-0.0022121940695479236
477,0.3800141019058412,-1.6160763616213103e-08
478,-1.2487055716576063,-0.002120050129871043
479,-1.490366103238658,-0.011836144083538391
480,2.2772334276775545,-0.6718102439302754
481,1.3702950158222453,-0.0052415451558465165
482,1.1115666874912051,-0.0006790411046335709
483,-0.8933670924389503,-7.902327283360044e-05
484,2.2411424739496955,-0.5785080418122525
485,0.746179392744045,-1.3313106749124337e-05
486,-2.2106348501344866,-0.5087616165484568
487,1.7494797605966799,-0.055369166984628876
488,2.15230020514551,-0.39576087524812203
489,2.592183958213031,-2.2376222324760953
490,-2.632749767927831,-2.5818216204788755
491,-2.2314989697268555,-0.5556012618847267
492,0.5628734079889606,-8.098730244210373e-07
493,-1.768739042545317,-0.06148397307991929
494,0.2669707243617929,-4.761361305227751e-10
495,-1.5455728928427201,-0.01682156606800511
496,-1.8735450972717098,-0.10649575681722995
497,0.7287395701588189,-1.0531055037343862e-05
498,-2.321526274731541,-0.8042826462873248
499,-1.5055114445371347,-0.013052058605801997
500,-1.8072252791087264,-0.07552621491406158
501,-2.1170920765408443,-0.33885662376871645
502,0.30999861694050423,-2.1173774955585145e-09
503,0.8572570857502231,-5.257182565654439e-05
504,0.6191788681186856,-2.0898331006824478e-06
505,-1.6469553997871516,-0.031022502171931365
506,0.5602685857493515,-7.733503006868148e-07
507,2.3957039128807285,-1.0781788560640073
508,2.0365545366424165,-0.23500537759310156
509,2.144641491938043,-0.38271121787658724
510,1.600615772601203,-0.023572674586662012
511,-2.645680636279396,-2.7009095218239367
512,0.46955114052490377,-1.3322030945062124e-07
513,0.973442089745471,-0.00018425433736879437
514,-0.016212028799362344,0.0
515,2.613308460035138,-2.411458260000195
516,1.5714988157056746,-0.019750129998292176
517,-1.1237999216994108,-0.0007559812260433674
518,2.45521440226835,-1.3542320506882493
519,-1.6999604137987416,-0.042051358998568655
520,-1.6255301744745831,-0.027351686405093334
521,0.6643449024912309,-4.205706583992885e-06
522,-0.41605058842089804,-3.9893089609499555e-08
523,2.7302690416414874,-3.6061340668234014
524,0.14347829201160422,-9.610090501155355e-13
525,2.738158050167332,-3.7027765265504606
526,-2.4229821344100397,-1.1978580549195224
527,-0.697664376465744,-6.835502856739062e-06
528,2.975851248619713,-7.910700776355102
529,-2.349502151431209,-0.8993602380710047
530,-1.2379693373858145,-0.0019486208050961684
531,2.5980733203407294,-2.2849417883579486
532,1.5033445382520707,-0.012871544207072594
533,0.7728304485631723,-1.884834148457859e-05
534,1.0750957986638339,-0.0004894442560013923
535,-2.4189562945792105,-1.1794907691799172
536,1.8243441319005003,-0.08263769590825579
537,-1.7251176252290028,-0.048410906878346205
538,-1.7965305551171498,-0.0713640972613411
539,1.9342653777405774,-0.14422493457044
540,-1.6344397505144332,-0.028828414162538507
541,1.441837567818622,-0.008589952368045273
542,-1.2866884268955074,-0.002839921302459858
543,2.7254177576813268,-3.547810762769094
544,1.376713480879876,-0.005485072490855336
545,0.295786121829682,-1.3252218211690092e-09
546,-0.3488242726526698,-6.876191283033961e-09
547,0.984538443954885,-0.0002060156007658298
548,-1.4745374842007735,-0.010674175031736455
549,1.0801586173552744,-0.0005125521312902004
550,-0.7045289657141405,-7.5327776800637736e-06
551,-0.8397077018532326,-4.2850565667773566e-05
552,2.1274052235797036,-0.35472360907862166
553,0.34658334041500805,-6.447833378331325e-09
554,-1.2331055878267168,-0.0018751196336468379
555,2.2064285156186347,-0.49975261957941414
556,-0.8116106284658144,-3.060309638325265e-05
557,0.9222464844458997,-0.00010817276193597625
558,-1.3299948625923348,-0.003920669306405167
559,-2.6946784407417788,-3.1971320643162304
560,2.3967519045449883,-1.082574320708576
561,0.4110067998330251,-3.532448045184822e-08
562,-1.2745929577894615,-0.0025900397798360175
563,-0.20872216504402008,-4.0717429428127616e-11
564,-0.2454000904602811,-2.05229722105571e-10
565,-0.4547435961076225,-9.680470114403761e-08
566,-2.099353510623767,-0.31302823876561
567,-2.9938503371413727,-8.355435813344098
568,-2.5819123716551817,-2.157151657720664
569,-1.9861772233447872,-0.18541042670502011
570,1.1312729781973383,-0.0008067315678225162
571,-1.7962440921183105,-0.0712554692183267
572,-1.0436419146913094,-0.00036559881231335023
573,1.9710508264932347,-0.17245212608090735
574,1.6655096700727023,-0.034548573680926314
575,-2.0186179067591032,-0.21614553497158812
576,-1.4265456118540925,-0.007746275475937925
577,2.6408953904561674,-2.656288485934253
578,-1.998504098511266,-0.1966002721138053
579,-0.44039655876210615,-7.03281169966985e-08
580,-2.2383940503385134,-0.5718961442297897
581,-1.474473753856704,-0.010669709826482965
582,1.378990336068581,-0.005573854079448826
583,0.9587248101359958,-0.00015857339284142125
584,2.125454933703802,-0.35167367046368553
585,0.9099638087060917,-9.476854250922706e-05
586,1.319204881969057,-0.0036217387247478583
587,-2.1071550897982814,-0.32416511334456005
588,0.10552127797632727,-4.451994328746878e-14
589,0.4962272282411231,-2.3100839974254939e-07
590,-1.2659795348471081,-0.0024242586827655233
591,1.7341992128507027,-0.05090823102563874
592,-0.7076458245224284,-7.86994025259169e-06
593,-0.5380428411324303,-5.169516168468391e-07
594,-1.7891689564516988,-0.06861868127133286
595,-2.572598841726472,-2.0863981834274696
596,-2.1875636585562264,-0.46105724906530854
597,1.0269055264935876,-0.000311868976801577
598,-1.2412916662252123,-0.002000296307697713
599,-2.6605097425282827,-2.843398948134039
600,-0.2261089180613851,-9.057288252733997e-11
601,2.8192122510136866,-4.8354323343403705
602,-1.9505196878468851,-0.1561484670850056
603,1.2527871304635356,-0.00218867464126149
604,2.4781845229616284,-1.4763766419713447
605,0.5985701858573984,-1.492758929355631e-06
606,2.693945884476685,-3.189160639472011
607,2.788098667575465,-4.369067654415527
608,-2.301551511225095,-0.7419340534827121
609,2.3854915174033167,-1.036162442954418
610,-1.7134924261826738,-0.04537318649617869
611,0.8313043783153966,-3.8793910354661953e-05
612,-2.9147831942195204,-6.552448089589317
613,0.7386430625228702,-1.2038853641205272e-05
614,0.18521515794271393,-1.2336576205029814e-11
615,-1.2653749442023452,-0.0024129863263693263
616,2.9357663837340464,-6.9940576501593865
617,-0.399106606285093,-2.6352413362573657e-08
618,2.6744319788493724,-2.983143649377086
619,-0.2877115461737634,-1.0052015886330423e-09
620,1.1414568944177148,-0.0008807921704661048
621,1.9689016419265588,-0.1706776192922259
622,1.49965863058899,-0.01256959065914559
623,0.19401588077579124,-1.961908413505853e-11
624,1.5244305200266082,-0.014726446450336828
625,-1.8836529782235065,-0.1120921455469314
626,-0.498786560153869,-2.4315235225280674e-07
627,0.7232165807511732,-9.765925795379715e-06
628,-2.1736383529686343,-0.43421599412146783
629,-1.6334232797180999,-0.028656431105593183
630,-1.9570540449971625,-0.1611825709758658
631,2.873523237377108,-5.754843733843464
632,-0.7171295028870102,-8.980764208743608e-06
633,1.5135723211526058,-0.013743525499247788
634,2.057135940872156,-0.25842768615944994
635,2.0628461315515105,-0.26528148769703785
636,1.8679172262072514,-0.10348837783702977
637,-2.8279343402009216,-4.973766130354468
638,1.0129829829579027,-0.0002726814841518266
639,1.065404975145599,-0.00044779651170567814
640,1.2672800160250794,-0.002448665129370531
641,2.718061946236328,-3.4609575016881213
642,2.060186377529404,-0.26206930567688913
643,-2.195315234754184,-0.476624564617788
644,2.410820610169001,-1.1431285316428224
645,-1.6688309706157287,-0.0352160299570663
646,-0.08630575609535374,-5.995204332975845e-15
647,1.7208891454806468,-0.047285710465946734
648,0.8688783145985921,-6.005332068248492e-05
649,0.3276113202106963,-3.676086879345064e-09
650,-1.4645676128672616,-0.009995538734657305
651,0.6674631992172388,-4.405850445032833e-06
652,1.657973483793043,-0.03307560616713673
653,0.17147875902778065,-5.710987238671805e-12
654,-0.5743277761864292,-9.895673346305145e-07
655,-2.8888883658173796,-6.041308043384695
656,-0.4774425203162629,-1.5728434465955843e-07
657,-2.0526361155888813,-0.25313748019019994
658,-1.9524471598366153,-0.15761871822546533
659,-1.5351032726808365,-0.01575307293008793
660,-2.0808801785906965,-0.28799502054437504
661,2.649877495853808,-2.7405848748158195
662,-0.8235411312659711,-3.535593745829235e-05
663,2.8702810030224732,-5.695942100532195
664,0.0674384417862881,-4.440892098500626e-16
665,-2.8305355918404453,-5.015688976937356
666,-0.5137272982558923,-3.262257659564227e-07
667,-1.4558870189569817,-0.009436252285858926
668,-2.37646202743007,-1.0002216034491835
669,1.0940526617516486,-0.0005810652614121059
670,-0.5508699545536695,-6.535449900146872e-07
671,1.1278462908517612,-0.0007830942897443238
672,-1.4304218903803587,-0.007952830790585619
673,1.9467820615986362,-0.15333202202263882
674,-1.4594902119314874,-0.009664926185414535
675,-0.9001876912505637,-8.518516546374144e-05
676,-0.9989612890561728,-0.00023772932381194156
677,0.9913297318404144,-0.00022044288732214756
678,2.960870167115732,-7.556498174983065
679,1.4281075781781034,-0.00782892567242982
680,-0.6631014976718417,-4.128204337261465e-06
681,-2.561628301816194,-2.0056810944872
682,1.1137802299733082,-0.0006924207722110998
683,-2.7114923258086128,-3.3849715989879563
684,-2.299677944326052,-0.7363107740258014
685,-1.5250429219841681,-0.014783701746466149
686,2.203920926098349,-0.49444921598327785
687,-1.4565190126626337,-0.009476009233612137
688,0.6858435091220532,-5.7694002648656095e-06
689,2.8050837101558743,-4.618508190560537
690,-0.6419165336063957,-2.990352368503757e-06
691,-0.0032621615448196195,0.0
692,-0.007430304830426948,1.1102230246251565e-16
693,-2.477789652518868,-1.4741976330979467
694,2.6571389003112564,-2.8104419814827617
695,1.3738792466359637,-0.0053763201027466345
696,2.6413070441822644,-2.660101400276005
697,-0.8277014557054856,-3.716274487264304e-05
698,-2.5210179414398466,-1.7302677200910632
699,-2.7173958778309797,-3.4531859451705302
700,2.5192574905413814,-1.7191214363507807
701,-1.5937874095901317,-0.02262160246238515
702,1.020825672980644,-0.0002941756758190195
703,-0.5624533036431361,-8.038798238185763e-07
704,-2.0547024309481077,-0.2555547237207966
705,2.3103724943934463,-0.7689212998128309
706,0.6120510271826838,-1.8626755630135605e-06
707,-2.617014357347103,-2.4431485198713117
708,1.8981448236841931,-0.1205704405461051
709,2.904049954490713,-6.336159381855096
710,0.2203338210204726,-6.994005374849621e-11
711,2.256379190276415,-0.6164015433411629
712,2.9030956957227376,-6.317236442130425
713,2.666309131604251,-2.900895292599196
714,-1.329790754598423,-0.003914816369813279
715,0.3226097530274519,-3.1527436217260174e-09
716,2.59337339903961,-2.2471090366278994
717,1.5178833425072753,-0.014126552575719653
718,-2.822184729327849,-4.882192192323863
719,0.755322204160962,-1.5020655122932602e-05
720,-2.635250013585324,-2.6044810639246085
721,2.0847200302442745,-0.2930474967703209
722,-2.7726127746993185,-4.1520302143191765
723,2.304202681249511,-0.7499559250316027
724,0.16630201684017454,-4.203859482743155e-12
725,2.29877085275724,-0.7336017816348552
726,1.93589073459081,-0.1453797978162222
727,-1.8891323750266547,-0.11523355011990952
728,2.9130818043670406,-6.517737103627205
729,0.5496090147126989,-6.388110687094439e-07
730,-1.635447426438293,-0.028999814263896473
731,2.169508329367453,-0.426525370998872
732,0.38360247292636673,-1.7749266723043888e-08
733,-0.8601548688399228,-5.4354599252293134e-05
734,2.6231244318068327,-2.4961974777855787
735,-0.3689194930203685,-1.2024831574919403e-08
736,2.03667026309685,-0.23513164166266184
737,-1.7162041416324971,-0.046066207909203266
738,-2.3207939837797626,-0.8019178156402896
739,-0.3140205499281419,-2.4081923122309945e-09
740,-1.557116598135659,-0.018074019716974477
741,2.831092016557391,-5.024696692245388
742,1.7011596545822796,-0.04233676219930191
743,-0.5914354571672558,-1.3249922384828139e-06
744,0.9097395852939472,-9.453834428341246e-05
745,-2.0281426422659234,-0.22598660571209375
746,2.732893009868979,-3.6380295515223655
747,-0.5637892550904104,-8.230778532070104e-07
748,0.5197737739989368,-3.665327996671408e-07
749,2.4075467535792088,-1.1287771109204814
750,1.2342034228455363,-0.001891490200668755
751,-2.114691844968795,-0.3352550852974174
752,0.19903213284064325,-2.532019038881117e-11
753,1.828378470756988,-0.08439769284347223
754,0.6908234779651732,-6.198833531256831e-06
755,2.163149748602634,-0.41492001712448534
756,-0.38911164949062016,-2.046237623787306e-08
757,-2.6042361592070113,-2.3353985739369745
758,-0.07044993488265927,-7.771561172376096e-16
759,-0.4625468058590565,-1.1469158611721042e-07
760,-2.7856511952153427,-4.334117273894372
761,-0.7914930177864221,-2.38716652267712e-05
762,2.037726509778894,-0.23628684272453968
763,-2.0064302813285337,-0.2041072222994872
764,-0.6240416564647235,-2.2587715625688176e-06
765,-2.48240608528656,-1.4998502375173997
766,0.4108892394196819,-3.522385239040915e-08
767,0.915007328558334,-0.00010008098303637691
768,-2.669745957653793,-2.935448624730963
769,1.4230911875648644,-0.0075662429621281
770,-0.8352027598232965,-4.0630896485538415e-05
771,2.718765375607492,-3.469181652265791
772,-1.4731776245425574,-0.010579258031382599
773,-2.647257808843402,-2.7157598411972765
774,-2.5781037785952465,-2.1279673866715147
775,1.7810178848219804,-0.06568853139616701
776,-0.17358361365163777,-6.451505996096785e-12
777,-2.398434702594729,-1.089665310472692
778,-0.6630058960133525,-4.122298852826667e-06
779,-1.6038797629761032,-0.024039726119170657
780,1.7129941680934495,-0.045246860749527856
781,1.70596665878365,-0.04349811366248443
782,-2.491581270411913,-1.552004094144734
783,-0.7627070496185149,-1.654062164224701e-05
784,1.1556820803211156,-0.0009944143420408391
785,-0.7164912010434064,-8.901806211047969e-06
786,-1.7607772306226537,-0.05888701703263208
787,0.07115312650780448,-7.771561172376096e-16
788,-0.22200822922543395,-7.543599078729812e-11
789,-2.813007543751894,-4.739090963854635
790,-0.79297887483692,-2.4319010969886534e-05
791,2.298672553581432,-0.7333087437026327
792,2.618183594407551,-2.4532227079952658
793,-1.9830862820055963,-0.18269458474983066
794,-1.5681530855812693,-0.019348341135888014
795,2.2716933469361127,-0.6566780017284813
796,-1.596926018817699,-0.02305443197578988
797,-0.9727558260610243,-0.00018297874300121642
798,0.23980992164392223,-1.6302814653812447e-10
799,1.410150393363704,-0.0069244989468827955
