,data,labels
0,0.6306402348587996,-2.5076130925061335e-06
1,1.2127532753169152,-0.0015936820924242756
2,-1.6861315958419476,-0.03888161550065758
3,0.41785269856771157,-4.1649956261657906e-08
4,-2.932108443670079,-6.915246196088654
5,0.21159713668362645,-4.6681880583321345e-11
6,-1.1624965654821744,-0.0010533480493127856
7,-1.9569941581433838,-0.1611357890117922
8,-1.6283456680389816,-0.027810901693456958
9,1.79899750594016,-0.07230567405689592
10,-0.8800525702775417,-6.813299875518819e-05
11,-2.0391838341557187,-0.2378889382077208
12,2.3030368365736127,-0.746418955345113
13,-2.9804395649305073,-8.022054826825418
14,-1.491561648378485,-0.011928318655287762
15,-0.8445429859540372,-4.5353429502070775e-05
16,-2.9973553996596296,-8.444544858375574
17,1.5922669817715782,-0.02241453873347027
18,2.9137400454170734,-6.53114707003629
19,0.037692032517858465,0.0
20,2.405220504980594,-1.1186763601500624
21,0.9836652873439276,-0.00020422341276016276
22,1.12488326699176,-0.000763156716621749
23,0.9754074544041891,-0.0001879516451190888
24,1.6646508088023309,-0.03437781493328146
25,1.1181847358314645,-0.000719747057084219
26,0.47486481357072385,-1.4902602418764843e-07
27,-0.3781341119511028,-1.5380642204299022e-08
28,-2.2390871216592743,-0.5735571493615849
29,0.25234196919160556,-2.711837421287555e-10
30,2.151665636240538,-0.3946648952042316
31,-1.2273667805444857,-0.001791586397196454
32,0.11657035649066039,-1.2045919817182948e-13
33,1.2307572828914752,-0.0018405266150391397
34,0.8207109469387404,-3.417224428103882e-05
35,-2.287667630229496,-0.7011476667988524
36,1.5887365330469034,-0.021940222778800145
37,-2.304854853549157,-0.7519409423117617
38,0.5486663038944197,-6.279913400408788e-07
39,0.2824707595032403,-8.366097814516138e-10
40,-2.8813411771794195,-5.899074572251025
41,-2.363407572371832,-0.9502025188038733
42,-1.0654989119560196,-0.0004481844965691373
43,0.08946876448595642,-8.548717289613705e-15
44,-2.689792371516459,-3.144292813458758
45,-1.3527932157899811,-0.004625740490144747
46,2.8514750117569587,-5.364607584217831
47,1.2285494873419536,-0.0018085245229602087
48,0.5821328884962536,-1.131744116422695e-06
49,-2.8657630071901243,-5.614745758123532
50,1.3529263460904577,-0.0046301698121412604
51,-1.7040506430644722,-0.04303186425128322
52,1.6648948534389882,-0.03442625942526467
53,1.058551355495152,-0.0004202869501491735
54,-2.2923326671051236,-0.7146256877064978
55,-1.9064743617443913,-0.12569650540780208
56,-2.0997636141420397,-0.3136051319322592
57,-2.654376357743141,-2.783683169305807
58,-0.31957423921888406,-2.8688080799810223e-09
59,-1.094567741268139,-0.0005837555948524642
60,2.5749881094809908,-2.1043516107652804
61,-0.31859554642169874,-2.782295838166249e-09
62,-2.5466298513961103,-1.8997772512216278
63,2.592478295191004,-2.2399665355569414
64,2.739136109231109,-3.7149150348072824
65,-1.0694257684880522,-0.0004646750849467418
66,-1.2305346078649668,-0.0018372761546694427
67,-0.08100284214314524,-3.1086244689504383e-15
68,2.8758434139179014,-5.797321640872227
69,0.973733966767246,-0.00018479927411230168
70,-1.9496936174993618,-0.15552207814875774
71,-0.05206682602449586,0.0
72,-0.49354638424857544,-2.18875049418088e-07
73,1.0811705987013056,-0.0005172863881153233
74,-1.1063661022214313,-0.0006485117594334788
75,-0.7680867257464508,-1.7733273820597084e-05
76,-1.6397271184313944,-0.029737904286889494
77,-0.1722121338345688,-5.959899240792765e-12
78,1.8565712026973813,-0.0976532929935855
79,-1.9687810988107826,-0.1705785716080793
80,-2.7006459498703155,-3.2627232130491985
81,1.4943756680906999,-0.012147802756104109
82,2.2431888775408417,-0.5834748112559603
83,1.0685630307773328,-0.00046100625156575425
84,0.8384467555352773,-4.221857249397942e-05
85,1.3867746759988195,-0.005887150810501007
86,2.0377734856316927,-0.23633833591484033
87,1.184233735876557,-0.0012627755188697187
88,2.105142486817635,-0.3212590807742534
89,-2.8987750304097455,-6.232176443425739
90,-2.912245539976362,-6.50073519280117
91,2.3838621022425137,-1.0295938343519788
92,-1.2218968507053756,-0.001715077512337626
93,1.3159717749146171,-0.0035362181784616697
94,0.3114084784897386,-2.2155092205267124e-09
95,2.2333113182840343,-0.5598441107601458
96,-0.660988769724943,-3.9994526109810025e-06
97,1.5414305695176553,-0.0163913409221757
98,-2.070196963255407,-0.27434091578754655
99,2.5205279687987563,-1.7271590932714227
100,-0.6003120714615333,-1.536510893740406e-06
101,-0.38031870787719324,-1.6290459203816e-08
102,-1.2764833463497791,-0.0026277502616347537
103,-2.5470079604074236,-1.9023853863569946
104,-0.6364250017239081,-2.74572515557292e-06
105,-2.821289893430579,-4.868074025362305
106,0.47049300245219516,-1.3590689851294968e-07
107,1.539307182217751,-0.016174623969876067
108,0.284469485037981,-8.97643626096567e-10
109,0.22423968149684725,-8.336364931693652e-11
110,2.1875345067022334,-0.46099956198180914
111,-1.204956485667015,-0.0014962946684859424
112,0.13607715589254665,-5.661027202563673e-13
113,0.031068288146054446,0.0
114,-0.1428380110655203,-9.192646643896296e-13
115,-2.8066067057103483,-4.641473426521846
116,-1.4047402621770422,-0.006670917984956004
117,-2.682733650295924,-3.0693128364258038
118,2.3205191171754516,-0.801031756484912
119,-1.5896206401550972,-0.02205815688093582
120,1.8778384759565228,-0.10884184926934715
121,2.4105744707769317,-1.1420439837489362
122,0.5570775719351122,-7.3062907113286e-07
123,-2.16479532487449,-0.4178963620011815
124,2.023887490202606,-0.22154219348014142
125,-1.0000230978568156,-0.0002402282294304836
126,0.280592617249412,-7.826875814131995e-10
127,0.7429860876295526,-1.275910684017667e-05
128,-2.7199680654781027,-3.4832826760166653
129,-1.7905859377732662,-0.06913972315752906
130,-0.8195396668482582,-3.3692858019795935e-05
131,1.14809134532031,-0.000932252583508264
132,-2.8134117723405128,-4.745315781392544
133,-2.7770429914210855,-4.21313195007696
134,-1.1579610219261698,-0.001013786611563372
135,2.457449427291154,-1.3657126792667036
136,-1.5922409622344615,-0.022411009910798252
137,1.0319604913319287,-0.000327298524794184
138,-1.8120833417184767,-0.07748695193713648
139,-0.1363407982249143,-5.770939282001564e-13
140,-2.6518817046715335,-2.759711859399494
141,-0.5236303537111873,-3.945245695691213e-07
142,-1.105780917382067,-0.0006451545467558439
143,2.161056488762992,-0.41116101815940165
144,-0.8253223171340274,-3.611962129768109e-05
145,-2.995225247787319,-8.390291399344706
146,-2.176932587326611,-0.4404378145453198
147,-2.1047079461444564,-0.320634671265478
148,0.5869096914496827,-1.2275569339914583e-06
149,-1.4387703566891767,-0.00841444974993305
150,2.3875321136385335,-1.0444406934940496
151,-0.5674466814182733,-8.777617467314869e-07
152,-1.0456211774182145,-0.0003724714471184942
153,-2.034639590240494,-0.23292475351837963
154,-0.6993506156215039,-7.001188570998629e-06
155,-2.348852841570423,-0.8970459352256441
156,1.7825256401860887,-0.06622201695065344
157,1.949058796134434,-0.15504222180953361
158,0.4152798087656002,-3.9162226683764345e-08
159,-0.5072681863415185,-2.876094102877147e-07
160,-0.5575082685715023,-7.362686028633547e-07
161,-2.062845687776067,-0.2652809488587259
162,0.2569389896637375,-3.247763169511586e-10
163,-1.3532179662134158,-0.00463988540422583
164,2.2690881272375334,-0.6496666245954412
165,0.648456058449737,-3.307077029890415e-06
166,-2.3511489254296993,-0.9052533704579668
167,2.8420526636343784,-5.205051171748321
168,1.7103956517886054,-0.04459309528750699
169,2.236607726333764,-0.5676346210789986
170,2.701408041094364,-3.27118417091618
171,0.6825709428652269,-5.50194125581438e-06
172,2.3551955744273494,-0.9198795053209337
173,1.4657250491141927,-0.010072300003858059
174,2.845157863128411,-5.257167782967791
175,1.1753878948488392,-0.001173438500796431
176,-0.8090687059434911,-2.9667815589884405e-05
177,1.1173363953661681,-0.0007144100355492844
178,-2.5266969883742987,-1.766659256885279
179,-1.2072655613367678,-0.0015245668133664347
180,0.41567034994648555,-3.953102423182031e-08
181,2.306918079519737,-0.7582513371603733
182,-1.349644208574118,-0.004522067107490979
183,-0.7697339498057554,-1.8113576688350008e-05
184,1.3675314030284502,-0.00513969321422425
185,-1.4692749177834197,-0.010311013432674043
186,-0.9582758163677623,-0.00015784304408084093
187,2.852858539134007,-5.388393590904108
188,-0.4486651885218831,-8.465461054374401e-08
189,2.2390925533856896,-0.5735701837589461
190,2.323009463853815,-0.8090912453040644
191,0.15165702241989987,-1.6727730312027234e-12
192,-1.8354334150167912,-0.08755547312636819
193,-1.3140227415542622,-0.0034855383050850786
194,-0.12678199364827858,-2.7899904608830184e-13
195,0.3924631781697929,-2.2289942669395657e-08
196,-0.388825409536004,-2.0312720727666544e-08
197,-1.3370297006468312,-0.004127231976170487
198,-1.3539458201773604,-0.0046642139068764354
199,1.5603773670190861,-0.018442511811556705
200,-1.6052627912403983,-0.024240096328489447
201,0.5087990965091382,-2.9637031728757535e-07
202,0.8990801079488286,-8.415616228452105e-05
203,-2.4074844231160775,-1.1285054232657883
204,-1.5043819077908633,-0.01295768312752199
205,2.473241374046399,-1.4493022690882373
206,0.051626896786431065,-1.1102230246251565e-16
207,-1.9827084180089227,-0.18236500396457647
208,-0.20397738733483317,-3.2358227208817425e-11
209,-0.15861562889666203,-2.619571226603057e-12
210,-2.697219883211147,-3.224923028107584
211,-1.8447000136074558,-0.09186218436861801
212,2.791394259705994,-4.416520052280344
213,1.3256856932040169,-0.0037987440092104863
214,-2.2462633901611926,-0.5910076246132816
215,-0.3031435207503401,-1.6936940738787598e-09
216,-0.434313809025745,-6.122327933510974e-08
217,-2.0544075261894568,-0.255208490338341
218,0.22043615060568733,-7.026534909471138e-11
219,1.7956057712303473,-0.07101394259991217
220,-0.7170163214919425,-8.966717980118943e-06
221,1.5983255157842189,-0.023249792368177646
222,-1.4193791380224907,-0.007376949287240586
223,-0.346810398811507,-6.490115556090359e-09
224,0.2827348365099849,-8.444535071205905e-10
225,1.1938600605498486,-0.0013668578673114995
226,2.729927787143617,-3.602004067818214
227,1.7184491147999612,-0.046647041991506044
228,1.828356783343736,-0.08438814344057902
229,-2.6138874775357004,-2.4163856676192306
230,2.205761077215871,-0.49833614494588346
231,1.002676220426566,-0.0002465753126265069
232,1.1449227860433036,-0.0009073495288097755
233,-1.1771064722020013,-0.0011903391907621685
234,-2.562342783410296,-2.0108530796226987
235,-2.3994457037127392,-1.0939451254958532
236,1.9511668546586378,-0.1566407575754253
237,2.620921272368461,-2.4769536156850838
238,0.6516201170422979,-3.4708706619923646e-06
239,1.2925003995759727,-0.00296747341915643
240,0.9883068929166212,-0.0002139131403460226
241,0.8540879395709675,-5.068227512394774e-05
242,-1.9709184625934715,-0.172342367693535
243,-2.192780318169798,-0.47148344481120086
244,-0.7649736116529571,-1.7034041293828572e-05
245,-1.7414770460530116,-0.05299142508306065
246,-0.006552486573290217,-1.1102230246251565e-16
247,-2.013777237856376,-0.211290981466696
248,1.1774743414650795,-0.0011939850012830378
249,-0.18634939192944877,-1.3112733121545261e-11
250,-1.2118675729990767,-0.0015823410748365685
251,-0.8106592316982195,-3.02499854679672e-05
252,-0.5191292995100394,-3.620332627018996e-07
253,-2.1736412527206745,-0.43422143656585
254,0.8882942576839588,-7.470268258880086e-05
255,1.407417388041921,-0.006795344905537459
256,-0.16658398210240533,-4.27557989013394e-12
257,2.8384572559604857,-5.145273793333532
258,-1.5000612538664637,-0.012602264230004878
259,2.414417030085856,-1.1590790068689927
260,1.7737322775523676,-0.06316404361911987
261,0.16338918380638212,-3.5231817463454718e-12
262,0.7129966996033952,-8.480473927097165e-06
263,-2.3468444682783787,-0.8899207860509663
264,1.773663147400299,-0.06314050810646327
265,1.3270200016722926,-0.003836130698789575
266,2.443965834490559,-1.2977319812044399
267,-0.4774573608434096,-1.573330574711207e-07
268,-0.3810851191965101,-1.6620933185329534e-08
269,2.1289338987189437,-0.3571305274976668
270,1.1650168221046773,-0.001075922423289244
271,0.5671006571024386,-8.724518939517978e-07
272,-2.6610905767610755,-2.84911197485745
273,0.9464303759071533,-0.00013963071664391258
274,2.7621981980170895,-4.011445982082373
275,0.6056913455519317,-1.6789925884053147e-06
276,-0.25119610830620065,-2.5913049483961004e-10
277,2.757042354424554,-3.9434080357420953
278,1.7008687342620128,-0.04226736946022719
279,-0.22762522467526924,-9.682776802577564e-11
280,0.282885689010695,-8.489638991804327e-10
281,1.1106339497682924,-0.0006734728003198187
282,2.448977623883949,-1.3226438127972509
283,1.326306756783067,-0.003816105276267856
284,-1.26107824255663,-0.002334214821014924
285,-2.799598435174162,-4.5366199531161016
286,-1.6705205110804326,-0.035559940956529035
287,-0.25680741372536975,-3.2311875397539325e-10
288,0.9082993071608465,-9.30715953945116e-05
289,-2.5429925368305146,-1.8748478605019199
290,1.3987227060414513,-0.0063986190999063
291,-1.1732028685530937,-0.0011522605273939224
292,1.8436892558707108,-0.09138347531428379
293,0.4820167581243844,-1.729574410358481e-07
294,0.04316292690273471,0.0
295,-1.624760552283904,-0.027227337891635617
296,1.2345883225983503,-0.001897259854167499
297,-1.1930083816297794,-0.0013573497320831795
298,1.880139430977672,-0.11011795182611206
299,-1.362461836686222,-0.004957435027713175
300,0.33683788892817024,-4.850491230889986e-09
301,1.7467850660784334,-0.05455816207703032
302,1.1015902941146658,-0.0006215635816345655
303,1.218224078844246,-0.0016653572700186525
304,2.093258933508772,-0.30456485963099567
305,-0.6346652927894523,-2.6712299002751294e-06
306,0.5216486712163078,-3.79910007453077e-07
307,1.2016089704281967,-0.0014561395681286227
308,2.1256141494699143,-0.3519217865558885
309,2.758540317143664,-3.963070352458491
310,-0.5431010106765735,-5.674046885673079e-07
311,-2.307921026346455,-0.7613356934147556
312,2.6091129667664674,-2.3760179447170797
313,-2.015952802020729,-0.2134607168523747
314,2.2586609842041927,-0.6222609020429503
315,0.9641117286105492,-0.00016757502444475492
316,0.7219853482129688,-9.602315194312538e-06
317,-0.8244758987409977,-3.575489410256871e-05
318,-0.9193297349446818,-0.00010484454365655704
319,-1.879570572267221,-0.10980123681388512
320,2.013961512274065,-0.21147400262847407
321,-2.3632141390083823,-0.949478253761455
322,0.8541495106166241,-5.0718397926696746e-05
323,-0.8164824254900407,-3.2469864811757176e-05
324,-1.115556659718001,-0.0007033283347539498
325,-0.6914142018565634,-6.251630714770862e-06
326,-2.636349324708047,-2.614499192088381
327,-0.4876057015460713,-1.9400468553865124e-07
328,0.7412006718913422,-1.2458459095587848e-05
329,-2.9125658550925375,-6.507242849765634
330,-0.26848406830074456,-5.037914529992804e-10
331,2.5671000978761596,-2.0455903930138533
332,1.3085680973740628,-0.0033471309299613616
333,2.4537556769731523,-1.346784942730937
334,-2.2313447795605894,-0.5552416042446829
335,2.8706955608943545,-5.70344376235665
336,-0.6101265306695609,-1.8052745897056965e-06
337,-1.732641439366885,-0.050471903697752396
338,-0.7409907076559605,-1.242352413788339e-05
339,-0.4380016280476817,-6.660737794650373e-08
340,1.5410228713037188,-0.016349531121618632
341,1.5598790482312364,-0.018385768766195465
342,-0.5854447123123347,-1.1974258159463957e-06
343,-1.411004171970459,-0.0069652922108530135
344,2.7735976891364347,-4.16554652860744
345,-2.396043806296722,-1.0796027038595817
346,0.002509812961903446,0.0
347,-0.21162251721106262,-4.6737946846064915e-11
348,2.4276086376639574,-1.2192764962052496
349,1.711501295540229,-0.04487023360642539
350,-2.760146678584887,-3.9842511063176835
351,0.5362492339501994,-5.000537919297443e-07
352,-0.8586998240436352,-5.345276470214433e-05
353,-1.0818461998433657,-0.0005204687270636832
354,-0.7577938868864118,-1.5514810723260553e-05
355,2.732278302660222,-3.6305353804386193
356,0.026582858860677128,0.0
357,2.4260485807502086,-1.2120168090525585
358,1.7736624545203856,-0.06314027225336905
359,-2.692654843638124,-3.17515446987026
360,-1.7269462220316392,-0.04890481503534427
361,1.526738555816154,-0.014943266948688916
362,-2.552403091592094,-1.939944774466461
363,1.5772903089473047,-0.02046320510074351
364,-2.120327315604851,-0.343765180128537
365,-0.6214640957794781,-2.1677564091548973e-06
366,-0.2301989523275898,-1.0833967056811389e-10
367,-2.125536476041905,-0.35180072377526433
368,0.13930422563611433,-7.154277170684509e-13
369,1.0693582860689919,-0.00046438717384433836
370,-0.26009054327780934,-3.6683533988224326e-10
371,1.5432355384504266,-0.016577587501322655
372,2.86770190384744,-5.649465925893127
373,-2.8673835994665113,-5.643753105272966
374,0.5168186185642352,-3.4630585710182515e-07
375,-0.8102902301560384,-3.0114017042337515e-05
376,1.6803580903353064,-0.03762234789452029
377,-1.2056462153588983,-0.0015046901912494914
378,1.3982614695380615,-0.006378162619267824
379,-1.8185127587177026,-0.0801512649261874
380,-0.32547783255344953,-3.443983431772324e-09
381,-0.7441640586721667,-1.2961014722145947e-05
382,2.8547544317138556,-5.421138564548405
383,0.5334919876383442,-4.750440039114068e-07
384,-0.5962078416673724,-1.435210866485015e-06
385,2.5485263679687016,-1.9128908677966454
386,0.36978419265814466,-1.2309019581380198e-08
387,0.9090519768649572,-9.38355343681474e-05
388,-0.5328697040097921,-4.695574505886313e-07
389,0.4220739427869642,-4.604058889690066e-08
390,0.6958377402983484,-6.660001119596082e-06
391,2.930862324045126,-6.888576530901197
392,1.5654677970989024,-0.019031142856148264
393,-2.7724440918336453,-4.149719187889909
394,-1.002247441182334,-0.00024553947806704723
395,1.2328909242977222,-0.0018719334718421132
396,1.7530287915098093,-0.05645361840638319
397,1.5158446178468123,-0.013944246820648543
398,-2.5670912036320788,-2.0455249590581066
399,2.4416596239538686,-1.2864081115495885
400,1.3344196827951311,-0.004049488560954162
401,0.7781086268673025,-2.0162634519427236e-05
402,-0.5892956133147349,-1.2780899305564475e-06
403,0.6489769773428904,-3.3335566089753854e-06
404,2.8153909526634333,-4.775897358986437
405,-0.6178491715830292,-2.045658934357597e-06
406,-2.7528530561967846,-3.8888730994742833
407,0.3104594510979526,-2.1490142998459305e-09
408,-1.4676916975868333,-0.010203933132375442
409,0.6261897881839831,-2.3372293851409154e-06
410,-0.16667820427349067,-4.299893774373231e-12
411,1.8695941241020453,-0.1043764907013133
412,2.1914199865070536,-0.46874476811727944
413,1.7040554425576762,-0.04303302660726707
414,2.0283183027946485,-0.2261717625878882
415,-0.022684848800996527,0.0
416,-1.9045313500765109,-0.12448380037113793
417,-1.3932518022945644,-0.006159703221081836
418,1.8395057048822343,-0.08942552762608033
419,2.272697432696405,-0.6593980490074568
420,-1.035470519814673,-0.0003384106954231747
421,-1.4209449766178501,-0.0074562772728526405
422,0.5666902167742416,-8.661909859375427e-07
423,2.6532438016278395,-2.7727777688740094
424,-0.002626608146909515,0.0
425,1.1212581239786683,-0.0007393820201808676
426,-0.5465701502982054,-6.045211323746358e-07
427,-1.5230462682115316,-0.014597755331039353
428,-0.17498972885583175,-6.993294832113861e-12
429,2.497322318866239,-1.5854434270026359
430,-0.6953736304458258,-6.616059260444729e-06
431,2.2366243548737117,-0.5676741611659956
432,0.3204978048521312,-2.9526582290273495e-09
433,-2.7066017646175258,-3.329361426544165
434,-1.4411211611128105,-0.008548670961655569
435,-0.22110628547234956,-7.242906274740335e-11
436,0.9487510666862615,-0.00014304281724542012
437,1.3294797027706124,-0.003905911737708434
438,0.2309622673406171,-1.1198286742342134e-10
439,2.625271850860093,-2.515080819357707
440,1.3702156042289912,-0.00523859353785594
441,-2.4300276048004057,-1.2306088426878667
442,-1.2149208364845019,-0.0016217436485599923
443,1.0207557718073366,-0.0002939775891133145
444,-1.5236575610732819,-0.014654462046449046
445,2.8106528505008335,-4.70297269089553
446,-1.3002159385552596,-0.003144694137256543
447,2.1561650719288448,-0.40249423377419213
448,-0.12475605634466724,-2.375877272697835e-13
449,0.7709682431409126,-1.840332251623611e-05
450,-2.1693283237970573,-0.4261929318138311
451,-0.6096162738817545,-1.7903243638706101e-06
452,0.26744942107792546,-4.847325874024477e-10
453,-0.1242238923832053,-2.277067423506196e-13
454,-2.5537883511645223,-1.9496931724881195
455,-0.5603557932095242,-7.745486952925873e-07
456,-2.389393281235008,-1.052041799656727
457,-0.46583969445009155,-1.230921579109534e-07
458,-0.7905966033938019,-2.3605366105794445e-05
459,-2.983142574492299,-8.088295223002522
460,1.9748329775452822,-0.1756146143659649
461,2.7024033725664154,-3.2822636497232516
462,-2.136473623162668,-0.36921432578868235
463,-1.515190176711595,-0.013886171475632036
464,-0.9041615186472134,-8.897051801082245e-05
465,-1.3028626681983537,-0.0032076284201149607
466,-0.6418501882813454,-2.9872838164246573e-06
467,-0.9986818213539528,-0.00023707549381224435
468,-0.2915355114750704,-1.14687270791336e-09
469,0.2115120299414759,-4.649447493676462e-11
470,-1.921844951686705,-0.1356647939379815
471,1.0448998725077834,-0.00036995357042846067
472,-2.9395573549784997,-7.0765651063540425
473,-2.0955823909160083,-0.30776721635035365
474,0.18395209019610093,-1.1521006371140174e-11
475,-0.44878087198992933,-8.487241132115741e-08
476,2.606085157674494,-2.3507266116365173
477,-2.213301137701091,-0.5145461568502044
478,-1.7175363152017857,-0.046410096572066684
479,-2.631174006209049,-2.5676298539734854
480,-1.0056646242237834,-0.000253903955446555
481,-0.1970585747651361,-2.292022127647897e-11
482,-0.824691338664413,-3.584741384732304e-05
483,-2.3335462741369115,-0.8439882869737445
484,-1.0580152095910713,-0.0004182001121645351
485,-1.0787194167126322,-0.0005058860150745081
486,-1.0807532272184284,-0.0005153291191343223
487,-2.1114585482317567,-0.33045703546653604
488,-0.9254353471849726,-0.00011191953214562123
489,2.0675519963991196,-0.2710501416772448
490,-2.149074639202395,-0.39021769267889916
491,-1.8756113795060048,-0.10761920931287966
492,0.004681794366805825,0.0
493,-1.602254400346074,-0.02380613076129079
494,1.394603162925896,-0.006217965626065691
495,-0.6948281357940109,-6.5647447329286734e-06
496,-2.938982342710899,-7.063995794516729
497,-0.8078212796461668,-2.9218280974352417e-05
498,2.6709342526255506,-2.9474794115772083
499,-1.7164702395254874,-0.046134717256595265
500,-2.938361462487845,-7.050445824887734
501,-2.587933548722912,-2.204008728818673
502,2.110168817686729,-0.32856013962490643
503,2.655776750676522,-2.7972196782334127
504,1.2586097216200116,-0.002290005390930938
505,-2.4511342873546167,-1.3334927663182188
506,-0.2499802404848417,-2.4686996891176705e-10
507,1.6969021918634333,-0.04133126443184679
508,-1.8338843153811808,-0.08685326183052672
509,2.672131277859827,-2.9596423679842987
510,2.5074757735029856,-1.6461381669941022
511,-1.3943302674236564,-0.006206160607338473
512,1.9130683784059883,-0.129890495956321
513,-0.4096480802034934,-3.417707594710606e-08
514,-0.513008084124436,-3.2170678576637357e-07
515,-2.714846505551246,-3.4235817748066792
516,-0.010236429811670167,0.0
517,0.5557213013213085,-7.131227254264516e-07
518,-1.7359150205969656,-0.05139269650620584
519,-2.7978828379764726,-4.511271223017784
520,-1.6879757998540028,-0.039291673911566405
521,-2.1834281233611765,-0.452937057575449
522,2.6574556944846286,-2.8135249435501057
523,2.8538409470257147,-5.4053395566725975
524,-1.0683929902925564,-0.00046028621150462357
525,1.2667749665120107,-0.0024391608088797923
526,-2.975270784995992,-7.8967104675568764
527,0.020315532875142317,0.0
528,0.9891618104677957,-0.00021574208052443922
529,2.4224136957918248,-1.1952494613645268
530,-0.23491922736085558,-1.3269674248306274e-10
531,-0.1558555733168645,-2.1979085218504224e-12
532,-0.5629915022272893,-8.115649673401393e-07
533,1.1751880510280017,-0.0011714872000030407
534,-1.029011871373355,-0.00031821732834835803
535,0.5542437033642047,-6.944800867714207e-07
536,-0.8143182327571452,-3.162834535874737e-05
537,0.4249054342807712,-4.921442753325067e-08
538,-1.213316521003708,-0.0016009319178279524
539,2.713066162218599,-3.4030402394074857
540,2.479405486581113,-1.4831322189727751
541,1.8337579011780525,-0.0867961789495624
542,1.5380339514282841,-0.016045902119305178
543,2.3323845921433586,-0.8400769021737835
544,0.03708876519808646,0.0
545,-1.9640921658862225,-0.16676504828613514
546,-1.0498411711992535,-0.00038751206675535776
547,0.3997920774449799,-2.68073221398879e-08
548,-0.6540001683111822,-3.59883998113375e-06
549,2.0002635097286383,-0.19824518397185611
550,0.2874024751229012,-9.94470061854713e-10
551,-2.9499034287349613,-7.3060967848490925
552,0.27586108956610866,-6.604277125177305e-10
553,-1.05490167987867,-0.00040626355211437204
554,1.3610784224006203,-0.004908711167088964
555,1.167178318698162,-0.0010956267507861162
556,-2.3001728941581874,-0.7377926390605735
557,-0.399246315031184,-2.644456298384057e-08
558,-1.470672484447562,-0.010406367712973097
559,1.687135314501111,-0.03910431809213877
560,-1.0854998886628522,-0.0005379844495075892
561,-2.0829208776024033,-0.2906704975500455
562,0.14537492977113153,-1.0960121699099545e-12
563,-1.9425415242453328,-0.15019116955387618
564,-1.5598243288547422,-0.018379547402953278
565,-1.337482209133039,-0.004140845249170966
566,2.699345752291827,-3.2483324112072185
567,-0.11989988562449039,-1.5976109324356003e-13
568,1.362600317575379,-0.0049623359952775115
569,0.21724588415361534,-6.074074576645216e-11
570,2.823947973317944,-4.910116747365148
571,2.5742056259416106,-2.098456972372824
572,-2.6377943024451946,-2.6277189232395797
573,-0.7282304736348459,-1.0458342526220576e-05
574,0.9367775422146534,-0.00012620698618615034
575,-2.0568699240055097,-0.25811224650261455
576,-1.9479778134006815,-0.15422813237127747
577,1.814280511975375,-0.07838847273821409
578,2.6842892892269905,-3.0857009819847896
579,0.8183500753786088,-3.321215902785113e-05
580,-1.7110576772499155,-0.044758853968895757
581,-2.9945546551703464,-8.37327521157664
582,-2.781170756112485,-4.270771116991152
583,-0.2984584142800939,-1.4497455458339914e-09
584,1.7052053407853869,-0.04331231758336704
585,-1.9535367653369342,-0.15845526784256914
586,1.7381187195460939,-0.052020922929076785
587,1.4950405826978121,-0.01220018619557317
588,-1.6674566680347969,-0.03493846981798654
589,0.2689115388920249,-5.11860553942256e-10
590,-2.3735830473950736,-0.988995512041647
591,1.726884662011594,-0.048888115029211116
592,-0.9627395780902042,-0.00016523973494242394
593,-2.655040856819393,-2.7900991706929172
594,2.607306596008357,-2.360900677462794
595,0.05206238895534199,0.0
596,1.544090416039337,-0.016666453875886555
597,1.25835282025297,-0.0022854477073211976
598,-2.1021852635935,-0.3170308701357882
599,-0.7394983598224618,-1.2177741557151123e-05
600,-0.8722398198614081,-6.238841872330259e-05
601,-2.6699488597279,-2.937499828838411
602,-0.49236340710335913,-2.1370554936783748e-07
603,-0.39780430447948945,-2.550722510985537e-08
604,-1.039631890949115,-0.0003520215512826663
605,-0.4481270320477768,-8.364799874982509e-08
606,2.516911026906924,-1.704363070188517
607,-0.6930818126747296,-6.40286229547371e-06
608,0.2596478788554899,-3.606464016314703e-10
609,0.7810225659215551,-2.0922913995136128e-05
610,0.4432726117876582,-7.504260290946974e-08
611,1.557735754026158,-0.018143480956833158
612,0.3933608749409272,-2.2803741006605094e-08
613,0.6787092529611831,-5.200687890560829e-06
614,2.0447581237955834,-0.2441060195652196
615,0.19172578556964126,-1.742395117076967e-11
616,2.288901273965264,-0.7046898661962716
617,2.7886396976435375,-4.37682696990272
618,2.7146934546513153,-3.4218116107774055
619,-1.2360226478879395,-0.0019188991027325741
620,-2.198379404353664,-0.4829051112561308
621,1.3123754787469561,-0.0034432117141962038
622,-1.454325271985552,-0.00933864378790672
623,1.4974783339604336,-0.012393962563668148
624,0.4179950157016332,-4.179162016448856e-08
625,1.7162530345373463,-0.0460787890570655
626,-0.020245992777306654,0.0
627,0.495103191085672,-2.258493603246592e-07
628,-0.06439459024626926,-2.220446049250313e-16
629,-2.224844887978664,-0.5402658985327996
630,0.4297954325332869,-5.516173440245353e-08
631,2.5346712165550898,-1.8188946600372062
632,1.2904488647306724,-0.0029218773653151286
633,-1.7111814236122154,-0.044789898355777485
634,1.5104980442627616,-0.013476057380392259
635,-2.9537738111632237,-7.393624999139936
636,0.9180307802789693,-0.00010339210434950896
637,-0.5595318362533694,-7.632922712774715e-07
638,-0.5984496285121246,-1.4897726431373215e-06
639,-0.9335685876135105,-0.000122007717565209
640,-2.544770329845052,-1.8869962900696757
641,-2.254902850638075,-0.6126364804748696
642,1.8604422634497721,-0.09961046083494512
643,-2.2964488964254355,-0.7267073627550682
644,0.730272018192367,-1.0752675785652421e-05
645,-1.9008373309889979,-0.12220678528605816
646,1.0007157489445921,-0.00024187099255845723
647,-0.38008201038413914,-1.6189597329407945e-08
648,-1.571019662272006,-0.019692136825289253
649,2.5940023762562765,-2.25213994683202
650,0.5757360798352051,-1.0139677224518806e-06
651,-1.9783627711999772,-0.17861229898873376
652,2.5714130162962086,-2.077537784144497
653,0.33191647095654986,-4.187769020447263e-09
654,0.9050963588627132,-8.988263013642861e-05
655,-0.9560196363588882,-0.0001542184723369866
656,1.7567952791670578,-0.05762510081234498
657,2.1966557200420063,-0.4793631903891328
658,-0.6270050430878982,-2.36764040362214e-06
659,0.15101583368653593,-1.6034951144661136e-12
660,1.044134250771127,-0.0003672976712187914
661,0.1684214992440931,-4.77118344832661e-12
662,-0.26988023164464536,-5.305780259590165e-10
663,2.2588795516848066,-0.6228247265476
664,2.1852187182033713,-0.4564372831541431
665,-2.2915686901265575,-0.7124029137315058
666,1.9174236097118271,-0.13272808767401406
667,-1.6029960862500592,-0.02391247345203823
668,-0.3215850658549293,-3.0541911222314866e-09
669,1.284104085920637,-0.002784793522277007
670,1.780307006509748,-0.06543832862804436
671,-2.9676511510249375,-7.715062592965066
672,0.20656696010963094,-3.6705749550947075e-11
673,1.5449962391570713,-0.01676107853089137
674,-1.285793575712906,-0.0028207235479582593
675,2.299047027742591,-0.7344256347822277
676,-1.3889729556926007,-0.005978422214437729
677,2.8688444081626043,-5.670013010334148
678,2.547842752398023,-1.9081548039059801
679,-2.7844814164844722,-4.317499458203093
680,-0.4845936656879797,-1.823922162191849e-07
681,2.5790764561192185,-2.1353875528329964
682,0.5642205520215722,-8.293630950895192e-07
683,-1.8213486387417908,-0.08135203729051266
684,2.6225181433384455,-2.4908886883393335
685,-1.918829942518352,-0.13365602167100876
686,1.9378038842306724,-0.14674963496941526
687,1.1113852376203415,-0.0006779546613773224
688,0.5423111469162452,-5.592456477909735e-07
689,-1.953707662783194,-0.15858683121019948
690,2.9188777745524437,-6.636649082319693
691,-0.9228913585798653,-0.00010892126397943347
692,-2.147238284138669,-0.3870926290868739
693,2.0651974706039278,-0.26815014329332454
694,-2.589940727912315,-2.21982635662704
695,-0.13099385264031582,-3.8691272408186705e-13
696,2.9876268522738183,-8.199245243560146
697,-2.8084748584852592,-4.669780094730563
698,2.9326036854447253,-6.925870554995225
699,-0.9087220042862514,-9.349993232299347e-05
700,-2.3824976189963545,-1.0241214946064219
701,-2.6600426971989832,-2.838812441550171
702,-2.579529387772536,-2.1388505441942756
703,1.5512294246181426,-0.017425282770920425
704,-1.7574705164128013,-0.05783738425466187
705,-1.1922152691967303,-0.0013485486238399291
706,-2.2426386554696234,-0.5821356974407706
707,1.4265072251562323,-0.007744254102516168
708,-2.370730092379171,-0.9779805862354244
709,2.8350891901814617,-5.089823466180743
710,-1.400089794662827,-0.006459595436003607
711,-0.10166224870141427,-3.0753177782116836e-14
712,1.5867317585192104,-0.021674874371296227
713,1.1065369530549205,-0.0006494948752390206
714,2.0889395874260055,-0.29868982423677515
715,2.2246651238826862,-0.5398568405774367
716,-2.997720933485719,-8.453885580843467
717,-2.633960909274366,-2.5927763250746803
718,0.3270721651655748,-3.6161408312196386e-09
719,0.8353460751391077,-4.069989103561156e-05
720,-0.1784664861444849,-8.512968108220775e-12
721,-0.4550340657256351,-9.74227069017175e-08
722,-2.15326290165895,-0.3974287068401702
723,0.16721828164034935,-4.441114143105551e-12
724,1.2403243342563455,-0.0019851255947569424
725,2.6355207935563865,-2.6069455708484166
726,-2.9231232071615976,-6.724952483834576
727,0.4599197722783246,-1.0836327080099295e-07
728,1.9421838429588139,-0.14992886924179186
729,2.623418095952953,-2.4987724363569153
730,-0.9309211638169925,-0.00011863798644407009
731,-2.0923027774085483,-0.30325559573552835
732,-2.352786707881272,-0.9111480596624003
733,0.48610685877230964,-1.8814558733204478e-07
734,-1.327659354584605,-0.003854161131672751
735,-1.730175067088849,-0.049787869159649806
736,0.28631564680316846,-9.575467085909395e-10
737,-0.1224684281263313,-1.9750867608081535e-13
738,1.67605740607205,-0.036708006054858355
739,2.6597511964242226,-2.835953124285566
740,-0.9048384417081969,-8.96301502627539e-05
741,2.066798264256465,-0.27011878901224295
742,2.2951160221762255,-0.7227756279281756
743,-1.6005275667755112,-0.02356016580864062
744,2.0010029765640214,-0.1989401551468157
745,1.411782608116063,-0.0070026721869567154
746,0.2380077784200596,-1.5119372420713262e-10
747,0.46730278561403527,-1.2699902462998125e-07
748,2.8947623054577507,-6.154080029340807
749,0.939668943115934,-0.00013010110455924373
750,1.8175573523631678,-0.07975028066186679
751,-1.056269141674634,-0.0004114680133908699
752,0.5327973204185752,-4.689229700094444e-07
753,-0.33919697318327824,-5.200423425222311e-09
754,1.706587650432164,-0.043650187615852876
755,-0.5337767766589172,-4.775740931606265e-07
756,-2.063864117109289,-0.2665200907567584
757,0.7985308008940288,-2.605783991438404e-05
758,2.989371247794929,-8.242764040209794
759,1.410976088024647,-0.0069639469693209
760,1.872905617780341,-0.10615018013264058
761,-0.09178787933985788,-1.099120794378905e-14
762,-2.2516671097929293,-0.6044553719107849
763,-1.3066191632814503,-0.0032988808040353423
764,-2.8216241297999733,-4.873343202820132
765,-1.1819765756531282,-0.0012394204567178213
766,-1.8532770869896806,-0.09601475324902406
767,-2.736250982346763,-3.679208386888062
768,1.323330093497363,-0.0037335341197447525
769,0.22414105532363493,-8.299794185262499e-11
770,0.7325765182325754,-1.109383449382495e-05
771,-1.9535460567372647,-0.15846241823131693
772,-2.481101684023816,-1.4925624145704113
773,1.4174704930054842,-0.007281272005551509
774,2.8219902171562357,-4.879120247423174
775,0.6488021796736172,-3.324650070024582e-06
776,0.1928280065574599,-1.8451240535455327e-11
777,-2.1526990682729767,-0.39645113725700903
778,1.542415531378171,-0.01649274250511784
779,1.9773795630899222,-0.1777727898412663
780,1.9089380253144093,-0.12724921282918283
781,2.5917606344857713,-2.23425437246417
782,-2.071418991563477,-0.27587321623171085
783,0.32296381234194227,-3.18745552174704e-09
784,1.9883236008651055,-0.18731729629974553
785,2.1435163938075847,-0.3808265524933868
786,2.066163362768023,-0.26933646716491183
787,-0.535525790782887,-4.933798133377465e-07
788,-0.7407738384626139,-1.2387532612012642e-05
789,1.9565221341958141,-0.16076747753912604
790,2.380488395201515,-1.0161100419346862
791,-0.05112377370578969,0.0
792,-0.3479867344911143,-6.713188449580798e-09
793,1.5428377047340538,-0.0165363758066997
794,-0.9049686160456751,-8.975750078021871e-05
795,-0.6004640821014977,-1.540383137821344e-06
796,2.37092121281594,-0.9787150864016266
797,-2.8949877254895453,-6.158444334202415
798,2.3518225006149764,-0.9076736128409743
799,1.160393622856425,-0.001034836674913775
800,-0.4410671355216236,-7.140286994999911e-08
801,0.36114720159439795,-9.72320068903798e-09
802,1.925038913567655,-0.1378219251787589
803,1.2730648054783433,-0.0025599093306900023
804,-1.594633090076543,-0.02273750863564672
805,-1.4283246859748142,-0.007840475748874809
806,-1.7506522491254866,-0.05572537202589936
807,2.790442791038779,-4.402773872849473
808,-1.0002055369107057,-0.00024065994881838915
809,-1.1611883065420694,-0.001041797496491359
810,1.34519155229395,-0.0043790115593502765
811,-2.792169861914344,-4.427753285053377
812,2.5815707611668417,-2.154519692239467
813,1.710820183552583,-0.044699327192007976
814,2.008942983241301,-0.20653940193265713
815,2.331030193823488,-0.8355368271028425
816,-2.3651447569393635,-0.9567288463793799
817,0.9367311714123856,-0.0001261453944737534
818,-2.098786039543519,-0.3122315236603318
819,0.1807056571569743,-9.64295310268426e-12
820,0.8803668984218742,-6.837372855705848e-05
821,-0.3809490609958246,-1.6561829019323682e-08
822,0.89913019719065,-8.420245622065003e-05
823,-2.667672128991401,-2.9145556616848625
824,1.3216619406405972,-0.0036879608108787987
825,-1.425032970908635,-0.007666977388387952
826,-1.6516701300254262,-0.031886747183450415
827,-1.6765289584203509,-0.03680728664954566
828,1.6101314943648548,-0.024957334241792084
829,-0.629091697986774,-2.447103142011464e-06
830,0.1183268658060852,-1.3999912340523224e-13
831,0.16887032034787008,-4.899747274578203e-12
832,0.8360501394350344,-4.1040368321865195e-05
833,0.2940401701056805,-1.2491493395216935e-09
834,-0.8748994116966884,-6.42932472325608e-05
835,-0.3173276540137433,-2.6737114744435075e-09
836,-0.746775601594087,-1.3418900679074142e-05
837,-2.5265139903441263,-1.765476181310614
838,-2.760756221107063,-3.9923142298090464
839,-2.3284020539963857,-0.8267887228150522
840,0.15693062828889381,-2.354338946020107e-12
841,-1.711947332923201,-0.04498246872083836
842,2.653387102685837,-2.7741555389957266
843,-0.022818648317781687,0.0
844,2.110023952896957,-0.32834767937474973
845,-2.493926682624018,-1.5655894287275758
846,0.14143101713917705,-8.324452238639424e-13
847,1.886350535420564,-0.1136290717109365
848,0.8685740038868213,-5.98458467113705e-05
849,-0.45413031820827676,-9.551144697361735e-08
850,0.040623931768058785,0.0
851,1.9089168273783814,-0.12723578082205134
852,2.5243857030510624,-1.7517679916915734
853,-2.438943712439793,-1.2731841927802765
854,-1.3140221903828677,-0.0034855240653744457
855,-0.6492806961986535,-3.349083092185623e-06
856,-1.1859292248236817,-0.0012805767511579469
857,2.726835158519635,-3.5647648136623222
858,-1.7531562780499124,-0.05649292189463734
859,0.03289054242450362,0.0
860,2.1466499933500316,-0.38609617774517213
861,0.2468872481117308,-2.1799839711178493e-10
862,-1.748008067084533,-0.054924924420347854
863,0.36739553257078317,-1.153830386790844e-08
864,0.08897801848465114,-8.104628079763643e-15
865,-1.9139083679691733,-0.13043355824284178
866,0.8626924944407901,-5.5960105596497556e-05
867,-1.6029727787046382,-0.023909125204911952
868,-0.6264328443860494,-2.3462590656997406e-06
869,-2.840668414581895,-5.181964855481395
870,-2.6759273668796615,-2.9985065644708895
871,-1.1582194475193293,-0.0010160045302382015
872,1.8752134222299643,-0.10740202389918743
873,0.3209131134214518,-2.991077496794503e-09
874,-2.974045897864854,-7.867259428751696
875,0.17260833602840453,-6.09823302966106e-12
876,1.7625416069011726,-0.05945396242148476
877,-0.034827977603217875,0.0
878,2.1309196687904777,-0.3602786925066966
879,-0.7299864656767303,-1.071106498495844e-05
880,-1.4903982151801252,-0.01183861154759136
881,-2.8434744628036546,-5.228857634404065
882,-0.21001991278325116,-4.331912606403421e-11
883,-2.196910845373298,-0.4798859851593165
884,-1.3815737494890887,-0.005676139306374561
885,1.9423592371812166,-0.1500574412761271
886,-2.072181649908994,-0.27683334398690795
887,-2.275765059664522,-0.667769863195632
888,0.893438631519043,-7.908577220139268e-05
889,-1.13465142787265,-0.000830658610865731
890,1.6945144979440903,-0.04077669034590525
891,1.0821643822909746,-0.0005219735453855234
892,1.5567078447534133,-0.018028292677038038
893,-1.4708295070451058,-0.010417130105003669
894,0.6112235628042364,-1.8377973298733252e-06
895,2.1703007717648823,-0.42799160040715417
896,2.6080162571128325,-2.366829617980134
897,1.1708097743284034,-0.0011294584254535334
898,2.731688586401458,-3.6233586297416136
899,0.09576871604811377,-1.687538997430238e-14
900,2.7125840363642233,-3.397496149967892
901,-0.3854153900831747,-1.8604026541524377e-08
902,-2.069835245406755,-0.2738888039955697
903,2.0989090161058845,-0.3124040273490034
904,2.946942973662793,-7.239760868562108
905,-0.6253402432082007,-2.305912948252775e-06
906,0.613390079650761,-1.9035763635377734e-06
907,0.7833598918596936,-2.15512286187991e-05
908,0.07766640555260285,-1.9984014443252818e-15
909,-2.2240242445606544,-0.5384007265770061
910,-1.8382237853793075,-0.08883306807459632
911,0.3877858308540132,-1.9777438464707586e-08
912,-2.673944179215561,-2.9781472062714918
913,1.0872854653639994,-0.0005467347747438733
914,-0.05844087686541677,0.0
915,-1.538262620397691,-0.01606895283859122
916,1.276666990739729,-0.002631439690937487
917,1.5750209718921084,-0.020181110394424162
918,1.265071709454162,-0.0024073502749140108
919,0.31957936424962785,-2.8692672682240072e-09
920,1.8870827837396256,-0.11404947799946272
921,1.8515721730512906,-0.09517631627995204
922,-1.2760445569294008,-0.002618953642394839
923,-1.532395263311822,-0.0154867307406793
924,-1.3249447791000626,-0.0037781246411222047
925,0.9528677489153479,-0.00014927976015088884
926,0.22697573335153765,-9.410261458953073e-11
927,0.35598184148898193,-8.421281894044341e-09
928,2.1231522974121484,-0.3481025699867985
929,2.8984589110664842,-6.225992689563422
930,1.5226255683060694,-0.01455884257315071
931,-1.5940297204305636,-0.022654758948185527
932,-1.4991147350506504,-0.012525572383313865
933,2.028640049696085,-0.2265112514771963
934,-0.4172535499666532,-4.1058280775274625e-08
935,0.6222052865697618,-2.1935847180909462e-06
936,-2.4105288138422782,-1.1418429082796173
937,0.6212361675987639,-2.1598688820789747e-06
938,-1.650408475431233,-0.031653404718457734
939,-1.8320039657282319,-0.08600760778647565
940,-0.841872941804866,-4.395561066028453e-05
941,2.496713211543735,-1.5818658039159046
942,0.9741312125663883,-0.0001855432541471025
943,-0.6474730659273078,-3.257623060193282e-06
944,-2.377322412716344,-1.0035982503635665
945,1.6053033026450176,-0.02424598785746057
946,0.5450928455053212,-5.884567507719041e-07
947,-1.1357214674458378,-0.0008383681121832964
948,2.9589873448741715,-7.5129807076544575
949,-0.9155119621230878,-0.0001006269358452272
950,-1.2596697038852602,-0.0023088964696909575
951,-2.190743837948803,-0.46738875141695
952,1.0702695000036098,-0.0004682883385592751
953,1.6134413556646336,-0.025455644565025137
954,-1.6596627311166476,-0.03340083018360418
955,1.4706166183963596,-0.010402541020791967
956,-1.946759029760711,-0.15331480705451186
957,0.0356160272372148,0.0
958,-0.8185186889483456,-3.327991737434033e-05
959,-0.401095953301871,-2.769216844722422e-08
960,-1.5774247995579227,-0.020480032804230053
961,0.3364666922648185,-4.797402031186948e-09
962,2.5701686265869528,-2.0682753979303015
963,-2.993637560604472,-8.350053033581798
964,-2.746672868002321,-3.809630400487885
965,1.622250411005341,-0.026825257741642905
966,1.8383397845301426,-0.0888865353240463
967,-0.8299371716769199,-3.816752187379979e-05
968,0.34087868391051623,-5.463568153452059e-09
969,0.7486969753549464,-1.3764990367759466e-05
970,1.419402050330124,-0.007378104618158632
971,1.851759457828372,-0.09526810007878211
972,-0.3445286252243518,-6.076326775072971e-09
973,-0.9474171612065465,-0.00014107256898021614
974,-1.85579211471812,-0.09726354161953948
975,0.3350516295008603,-4.599777669866967e-09
976,2.583015590276747,-2.165670814387062
977,1.1112340978289774,-0.0006770508888161997
978,-1.6287620219513912,-0.027879388808810412
979,2.9127732508738333,-6.511459435798491
980,0.4507180320734996,-8.859519839976571e-08
981,-2.23741113394542,-0.5695477805110614
982,-2.696069473018947,-3.2123169841718284
983,-2.0674562127151295,-0.2709316288261195
984,-0.9583150063102721,-0.0001579066715626798
985,-1.4503802239895829,-0.009096074137066534
986,-1.6822445914194062,-0.038029769810988795
987,0.9785027975752163,-0.00019390955596887416
988,-1.1054501655517168,-0.0006432639030623521
989,-2.870385745435411,-5.697836656869368
990,0.5486768658444108,-6.281116443629386e-07
991,1.773227222132638,-0.06299227558153073
992,0.14593738347377094,-1.1390888232654106e-12
993,-0.8726085778970214,-6.26494696386315e-05
994,-1.8495844645112414,-0.09420700859610964
995,-1.0471036446512394,-0.0003776945388924702
996,0.6578587889015823,-3.815330437917375e-06
997,-0.758694117699525,-1.5698382935802613e-05
998,0.06030850896823381,-2.220446049250313e-16
999,0.8743085738136944,-6.386563616667118e-05
