,data,labels
0,2.7820003096182333,-4.282437977111988
1,-2.3667591642373145,-0.9628293030182066
2,2.362142280675129,-0.945473747252187
3,1.7270660869234522,-0.04893734652597845
4,0.7698306859768227,-1.8136136428203997e-05
5,-0.6200684175083331,-2.119861372773535e-06
6,-0.02878867820143549,0.0
7,2.3849250729762232,-1.0338747789578615
8,-2.342550935895275,-0.8748556326695114
9,-0.3327284747420829,-4.291162536418369e-09
10,-0.47130479916983026,-1.3826145650597255e-07
11,-1.4465822036794227,-0.008867865056717938
12,0.17806934583496536,-8.325562461664049e-12
13,-0.48220065536246626,-1.7361590542996908e-07
14,-2.428926903226416,-1.2254408398880527
15,0.5663938126646921,-8.616947335671199e-07
16,-2.074322717067562,-0.2795445926047747
17,-2.1109676112280296,-0.3297338425339013
18,1.3852675154535845,-0.005825294318264895
19,-2.6795088355701484,-3.0355838336428365
20,-1.1298972254210948,-0.0007971660555762261
21,-1.2049972111283156,-0.001496789221498429
22,2.3308756678734603,-0.8350202184956398
23,-2.9296402597495352,-6.862509323332053
24,-1.9327002894217182,-0.14312058088232354
25,-1.0379176944679065,-0.00034635658826187576
26,-1.8084954598172343,-0.07603456857899765
27,1.790371554148007,-0.06906066690783347
28,2.4295780652840477,-1.2284958550397354
29,2.0163974988984084,-0.2139066412898861
30,-0.5788556383267096,-1.0699526077351251e-06
31,0.6811649647232514,-5.390493371448812e-06
32,-1.8055862600173473,-0.07487470086166625
33,0.9788986318317399,-0.00019468352703011504
34,-0.6612296450467801,-4.013947393577411e-06
35,2.5134413182742152,-1.6827442330314621
36,-0.7046135751977785,-7.541756198103933e-06
37,-2.3874276098625495,-1.0440153331587814
38,2.860299582831125,-5.517915933572903
39,0.016458936025657955,0.0
40,-2.650215732491473,-2.7438046103607547
41,-1.0420625699411554,-0.0003601964702978355
42,-1.77007389958045,-0.06192918129217481
43,1.2139891492555774,-0.0016096282551772423
44,2.7034146898184295,-3.2935548207270458
45,1.5049543923859963,-0.013005439362311466
46,2.1386490882950007,-0.37276740310021694
47,1.7785141160035058,-0.06481104994151918
48,-0.4440727219085998,-7.640371446626659e-08
49,-0.3030826922707641,-1.6903036748061595e-09
50,0.31929279103472297,-2.843684732134477e-09
51,0.6860590480104376,-5.787418629554786e-06
52,-2.165841311976286,-0.4197980221894291
53,0.6748879115711928,-4.917244196045445e-06
54,-0.273968199120612,-6.165382648859463e-10
55,2.502140816594201,-1.6139970404964716
56,-0.8203149858723573,-3.4009503748877457e-05
57,0.848274412769296,-4.737367399887393e-05
58,2.4386532571333284,-1.2717770617195758
59,-1.1663300878549743,-0.0010878561053230262
60,-0.3296590023430994,-3.911990398286491e-09
61,-2.14551992483129,-0.38418841521822794
62,-2.7796765229021925,-4.249826557921603
63,-1.3186071688075423,-0.0036057906380595472
64,-2.1562385396452335,-0.40262320311793587
65,0.7757878623199082,-1.9574952637047005e-05
66,1.1159616170420072,-0.0007058362412782904
67,2.348578425199097,-0.8960694258353993
68,1.2739282603274802,-0.002576895308547378
69,-1.0672901223115079,-0.00045564047074064806
70,2.475357904969484,-1.460840842671603
71,0.6965345996493788,-6.726471768581099e-06
72,2.5612940827319477,-2.0032657707008767
73,2.156450779252646,-0.4029959855052797
74,2.7609031503048245,-3.99425997358368
75,-1.2812184677136425,-0.0027243695652386934
76,1.7743283670691854,-0.06336730683892752
77,-2.2600795538334006,-0.6259283341588778
78,-2.509625304695424,-1.659246637034716
79,-1.581222731670515,-0.020960348361001357
80,0.1586412328947131,-2.6237900740966325e-12
81,2.7129626707297634,-3.401849494815236
82,-0.9441436958072624,-0.00013634012190355538
83,1.5830102998313462,-0.021189866173516148
84,1.3057989499779543,-0.0032787609185859767
85,1.7001996151556842,-0.042108148873187895
86,-0.33287953060377706,-4.310648060723565e-09
87,0.5339450875187883,-4.790750673944189e-07
88,-2.7895516198168897,-4.389932902546494
89,-1.8057827715621972,-0.07495255070470408
90,2.5100243808998046,-1.66169040480971
91,0.5196566571956205,-3.657114061583755e-07
92,-1.5341177624873092,-0.015655676399569163
93,1.028062440551997,-0.00031534164299928946
94,-0.5659236971980968,-8.546063869907528e-07
95,-0.9021704548911442,-8.705545334419806e-05
96,-0.35125186869618874,-7.36896255126851e-09
97,2.06654729597724,-0.26980930754106625
98,1.3084589340072643,-0.003344411794322044
99,1.2141406915362145,-0.0016115933441568364
100,1.914150397583244,-0.1305904058355589
101,1.5592958321830448,-0.018319555896554263
102,-0.4811644144194931,-1.6993474660775831e-07
103,-0.07543648364895006,-1.5543122344752192e-15
104,-0.8044888990253138,-2.804719631965824e-05
105,0.9665232207168795,-0.00017175091093613037
106,0.625991579017195,-2.3298889149092616e-06
107,0.282539380213632,-8.386417116312828e-10
108,0.8125953684933522,-3.09724717594273e-05
109,-0.5108645239034626,-3.0857006083628846e-07
110,-1.721638427755907,-0.04748338444640823
111,-0.2061981949102183,-3.605626908154136e-11
112,-2.1171018441680403,-0.3388713496412801
113,1.0858211901365067,-0.000539549700903752
114,-1.532017347634141,-0.015449881937820431
115,-1.3407398808024706,-0.0042400372740712955
116,-2.013195786693335,-0.21071440332017075
117,0.25211128472500643,-2.6871738167955073e-10
118,-1.2691780425732886,-0.0024846796555100803
119,2.879640582041856,-5.867433848726659
120,-2.1636864495728556,-0.4158886808923613
121,-1.1025445966853165,-0.0006268668627603668
122,1.3364818018296702,-0.004110802428082039
123,-1.3633529043967039,-0.004989046378380546
124,1.7465121594033874,-0.05447661819555266
125,2.7466134675878493,-3.808875696675618
126,1.2980605537637295,-0.003094259795976606
127,-2.8007378854343936,-4.5535248531727905
128,1.1192448008137763,-0.0007264661645081105
129,-0.9638669572136247,-0.0001671562896429224
130,-2.0494878950489364,-0.24949345999612133
131,0.4492077671692063,-8.568050569035535e-08
132,0.13032714906670861,-3.6759484345338933e-13
133,1.178967187118264,-0.001208882661215438
134,-1.6306642227310761,-0.0281941979213976
135,-1.5292001355291507,-0.015177638844337538
136,-0.24209242552031052,-1.792103132558509e-10
137,-1.4450280319648334,-0.00877596128050201
138,1.0190393247857168,-0.0002891508128057829
139,1.8758142396819713,-0.10773007009658755
140,1.1343631533377723,-0.0008285924978780335
141,-0.12703308988382833,-2.8466118351389014e-13
142,-1.6120435092054262,-0.02524412522240982
143,2.80381771819075,-4.599494268970657
144,1.476056507757832,-0.010781097792362637
145,0.8301928753670729,-3.828397885552448e-05
146,-0.5873650206436327,-1.2370597289868002e-06
147,-0.25333813333572497,-2.820693678629027e-10
148,1.7428259281671705,-0.05338573283428982
149,-2.6361528125554026,-2.612705875827989
150,-0.6529757375050007,-3.5432486313879963e-06
151,1.016672030963445,-0.0002826102101353145
152,-2.3820633167678187,-1.0223850856528516
153,1.521946587648273,-0.01449623481379042
154,-0.5141116707130262,-3.2866417998267394e-07
155,0.9283817395827656,-0.00011548432080310533
156,-2.5369657062950646,-1.8341743178104242
157,-1.2107130448652559,-0.0015676661342988174
158,-1.0644143144009646,-0.00044372306917961346
159,-0.8257274760421804,-3.629538476901395e-05
160,1.5570207494389052,-0.018063287917605975
161,-1.0460180872804161,-0.00037386348153589655
162,-2.1961948460885985,-0.4784200567275013
163,-0.9423836335433569,-0.00013385484285399762
164,1.7925936807143206,-0.06988400632378419
165,-0.9352954449286273,-0.000124251673857656
166,-0.5010860367727874,-2.5454939567293167e-07
167,-2.793566940681294,-4.4480507916571
168,-2.4094450863842862,-1.1370792638770852
169,-2.7007345334440025,-3.2637057051890688
170,-2.9698478556524,-7.767051212328869
171,-0.49784086480631995,-2.3859980369245193e-07
172,0.6404765508712673,-2.924383414426579e-06
173,-2.5339935368835205,-1.8144032745388345
174,2.115706543792963,-0.3367734877945748
175,-2.4005239516507535,-1.0985259262320224
176,-2.9995774677525073,-8.501466701629777
177,1.723488695483999,-0.04797466500294384
178,-0.31403292347319445,-2.4091397765602096e-09
179,-2.5178937092795013,-1.710530145131538
180,-0.8104437905588937,-3.0170533721896042e-05
181,2.1385155731179157,-0.37254847251467804
182,0.2762567944654357,-6.699504284668478e-10
183,1.052670080722251,-0.0003978966557185437
184,-2.929951339557465,-6.869136583774124
185,2.750500641345268,-3.8585413654757277
186,-0.17607673533548107,-7.439937554920562e-12
187,0.0018706025481334265,0.0
188,-2.1482956662127775,-0.3888893440405361
189,-0.4215823142346151,-4.550867027663941e-08
190,0.2529926909029725,-2.7825086679200695e-10
191,2.9397057986726196,-7.079813149991543
192,-2.5166634246133217,-1.7028122679778197
193,-1.8453982516240985,-0.09219417700040003
194,0.5050854425939764,-2.7552062309421643e-07
195,0.6053886311665604,-1.6706700546320619e-06
196,2.03017894584176,-0.2281412495675319
197,1.6618808627107509,-0.033832192872303546
198,0.3536497788505555,-7.886659769695825e-09
199,-1.1935634454878439,-0.0013635397269513572
200,-2.4300620514609195,-1.2307708855863755
201,-2.318592364418988,-0.7948448798167824
202,-2.0125754724600484,-0.2101008232156477
203,2.441610705784729,-1.2861688608419692
204,2.758540933070967,-3.9630784548141023
205,1.1847557080157936,-0.001268232086001353
206,1.4145217465854572,-0.007135629542068478
207,-2.135534096770282,-0.36768912060717546
208,-2.1429107309558573,-0.3798153986473012
209,1.1611192759667777,-0.0010411911858725365
210,-0.8914838490817276,-7.739383516458531e-05
211,-0.7127996088834374,-8.457253023896882e-06
212,1.527644826673897,-0.015029177376432779
213,1.5672362427192708,-0.019239514717621642
214,0.7864363516879957,-2.2404021391198015e-05
215,-1.2683189743858707,-0.0024683209061529543
216,1.568438295724654,-0.019382306202506416
217,0.7798778452627606,-2.0621229743889025e-05
218,-1.7785223203179032,-0.06481390818870086
219,-2.4042729608169155,-1.114584928296802
220,-0.29113647370262186,-1.1312929482087952e-09
221,2.273289833986719,-0.661007509699519
222,0.11450170402136539,-1.006972283335017e-13
223,-2.3140664977869356,-0.7804775979695806
224,-2.4521256715161037,-1.338506092964289
225,2.42604958647129,-1.2120214768601962
226,1.7484056478190464,-0.05504462432138077
227,-2.6333021744531773,-2.586813049595086
228,-1.676310115282345,-0.036761181802051346
229,-2.1732089004467943,-0.4334106344203729
230,1.820945359158208,-0.08118031278277402
231,-0.13662283824748211,-5.890843368661081e-13
232,0.7871266361843379,-2.259947611638058e-05
233,0.7369779199143824,-1.1772529201481419e-05
234,-2.9581669222915474,-7.494087185930475
235,-1.9631704830448262,-0.1660243827374977
236,-1.1652127498150326,-0.001077695363861042
237,-1.0084626071719995,-0.0002609417543544268
238,2.1729102440892447,-0.4328513370853849
239,-0.03828671565169772,1.1102230246251565e-16
240,1.250138778401256,-0.002143924956874599
241,-1.7635083355145662,-0.05976665045502044
242,-0.8552129851351822,-5.134597569522725e-05
243,-2.367945187024442,-0.9673328161329183
244,2.792355031865233,-4.430438851012283
245,2.8767562674689824,-5.814109438430825
246,-2.9110635397637834,-6.476770531376004
247,2.935507996005674,-6.9884648750688285
248,-1.358220128536697,-0.004809392639374743
249,1.7752195918913074,-0.06367229239916553
250,0.9922250791557552,-0.00022241092239161375
251,-2.8192501434447452,-4.83602593579937
252,-2.6157560086691083,-2.4323471906679983
253,-2.1825496541347285,-0.4512285243422586
254,2.7465067447802056,-3.8075200744962094
255,1.213741763929833,-0.0016064249431901323
256,-1.8234700523568923,-0.08226069398638941
257,-0.14742496479572642,-1.2606582444618653e-12
258,2.348069228614265,-0.8942599344410406
259,1.2362990180508895,-0.0019230938570591327
260,2.836741402616961,-5.116958884840752
261,2.023960570599833,-0.2216178667606009
262,2.8224800127303826,-4.886858868363462
263,0.521184901204693,-3.7656084439507964e-07
264,-2.2796907920416243,-0.678620223043298
265,-1.9457949229580254,-0.15259572660630186
266,-0.45697153281165015,-1.0163642538696394e-07
267,1.7613688967754335,-0.0590765994321473
268,-0.6086448844194448,-1.762170230401594e-06
269,1.2765403254370495,-0.0026288944812409842
270,2.627387085784778,-2.533803792426535
271,-1.556936832454327,-0.01805389672060176
272,-0.13032890669842123,-3.6770586575585185e-13
273,-1.7696567926349398,-0.06178975935176112
274,2.9565230753238234,-7.45635629119096
275,-0.6709982114377446,-4.643050016572836e-06
276,-2.3338616890450847,-0.8450530570515953
277,0.03484636346454506,-1.1102230246251565e-16
278,-2.666013751152936,-2.897942329100813
279,0.0820084694069303,-3.6637359812630166e-15
280,-1.099112282028304,-0.0006079795877609318
281,0.13935730566833904,-7.183142969324763e-13
282,-0.4131280352802351,-3.7185168499931365e-08
283,-1.2941048925848753,-0.003003575284572735
284,0.9030482479966264,-8.789513991058762e-05
285,0.6680943723209012,-4.4473869311723035e-06
286,-0.9205067170834615,-0.00010617635741960729
287,-1.8643144938719265,-0.10160293228363579
288,0.8659209100329965,-5.8064051195905186e-05
289,-1.8227930912841164,-0.08196976089380634
290,2.1504693361716516,-0.3926060252218093
291,-2.578454236985516,-2.1306382756436495
292,-1.0475961502226283,-0.000379444204061552
293,1.0013231442254433,-0.00024331982367631344
294,-0.048500631644139425,0.0
295,1.220916593301574,-0.001701679192863681
296,-0.4078704750370665,-3.2726565124541196e-08
297,-1.8132195547652579,-0.07795199644875131
298,-2.5975126438631326,-2.2803993128261366
299,1.8207045443295318,-0.08107792240446834
300,-2.6501866209463083,-2.7435273616298512
301,-0.4232951537881222,-4.738615300148297e-08
302,1.0191921638792518,-0.0002895777117281062
303,-1.1943730315025758,-0.0013726133462079182
304,0.6155344864822743,-1.9707587385342507e-06
305,-1.9363018927241593,-0.1456732324958056
306,-2.3492888130626035,-0.8985992668634198
307,1.2803291689974046,-0.002705985343646078
308,2.872817090826085,-5.741969871470327
309,1.8219109260190436,-0.08159200823812854
310,-0.625999589381462,-2.330185168486487e-06
311,-2.374592701478687,-0.9929197779228778
312,1.981738938479145,-0.18152181016829286
313,1.6146466371404777,-0.025639289090059914
314,-0.5097447782995514,-3.019012558835854e-07
315,-0.3757327485754347,-1.443349018082074e-08
316,-1.4636152035467629,-0.009932766168905427
317,-2.468987437716664,-1.4263537425722934
318,1.7111271756555677,-0.0447762867574307
319,0.17661398416016771,-7.669975765622894e-12
320,0.1009199383905246,-2.842170943040401e-14
321,2.1224769391377354,-0.34706127046460894
322,0.35332277508880994,-7.814187519272764e-09
323,1.1270159611063821,-0.0007774607345472084
324,0.419681086445733,-4.350323623558694e-08
325,2.7445714951251405,-3.7830113882172074
326,-2.9747109372752174,-7.883237589521046
327,2.6289548995946284,-2.5477602228615517
328,-0.16271268027128105,-3.380073998471289e-12
329,-0.5286220435803215,-4.3360233437095275e-07
330,-0.9208352139374778,-0.00010655076365806426
331,-2.8113402035390314,-4.713490841487506
332,2.0973626752399106,-0.31024103764621086
333,-1.4201766886735976,-0.007417260027472339
334,-0.8277380616876622,-3.717900345590053e-05
335,2.8436793221536565,-5.232295640088039
336,-1.9948118581227452,-0.19318753628968527
337,-0.9904277928411207,-0.0002184761435211069
338,0.6503637036189569,-3.4049778111500117e-06
339,-2.914129815626912,-6.539099032589243
340,-2.1972481453095565,-0.48057794231376516
341,2.8103160560027396,-4.697826449983591
342,-1.6879915341768668,-0.039295188901151884
343,-0.4643656052460807,-1.1926551934937635e-07
344,2.119605411022736,-0.34266448186500964
345,0.6012952864012773,-1.5617122606226275e-06
346,1.9092558752796212,-0.12745076819447354
347,-2.929503172708312,-6.859590593731528
348,-1.5099168767722193,-0.0134260188085904
349,2.6396356956424984,-2.6446504715292467
350,-2.4752266278045347,-1.4601228210916142
351,-1.4084974761972853,-0.006846127877342567
352,2.1338046228996594,-0.36489608393467743
353,2.38563717735222,-1.0367514312279364
354,2.194173975908316,-0.47430385847505524
355,1.7473605161118897,-0.05473046044872851
356,-0.2316878790226653,-1.155481266224001e-10
357,-1.3769232823899062,-0.005493200218450789
358,1.4028332392365463,-0.00658352662458378
359,1.024930325852834,-0.00030601913027661354
360,-2.2484117428756507,-0.5963220796607929
361,-2.667019507140281,-2.9080078533050395
362,2.455235076349479,-1.3543378563941966
363,0.007864247190409568,0.0
364,-1.5825051448755452,-0.021124780424061518
365,-2.7343857164272314,-3.6562843796014883
366,1.6162807913054937,-0.025890160654819916
367,-0.1782315516391897,-8.401723761153335e-12
368,-2.4755329770519636,-1.4617988845957293
369,-2.4275201543137404,-1.2188637189215608
370,-1.7438528430311806,-0.05368766671318817
371,-2.5568598142884285,-1.9714616157801788
372,-1.7065361082017458,-0.04363754754988611
373,-2.507711259045381,-1.6475697673955574
374,2.40792517103179,-1.1304278040194229
375,2.187961667198701,-0.46184548551363785
376,0.20219169726322095,-2.963640444164639e-11
377,1.6181905370217962,-0.026186104469516636
378,-1.2417314837761013,-0.0020072281640703404
379,2.7723297669053872,-4.148153530204366
380,0.8463545980130496,-4.632440334562116e-05
381,0.28407053843465224,-8.8515073048967e-10
382,-0.18761485904303798,-1.4030443473700416e-11
383,-1.1619917272089257,-0.0010488773639425464
384,-2.949801458687645,-7.303803078808702
385,2.633100392581829,-2.5849888086978536
386,0.9774603744485129,-0.00019188448191176377
387,-1.2187391859674392,-0.0016722519866832486
388,1.2132523775358024,-0.0016001048102501914
389,2.8929531294174,-6.119151114989152
390,2.831645616722856,-5.033672764793852
391,-2.972678921709633,-7.834505718556507
392,1.537999939666589,-0.01604247611718096
393,2.5529064895976443,-1.9434823339508074
394,-0.3185007175857839,-2.7740395536213214e-09
395,-2.9433176806446193,-7.1592472682914154
396,2.7885816364246434,-4.375993691741452
397,1.999041932971398,-0.19710181854097653
398,2.512797154628437,-1.6787572887936781
399,-0.297521834961175,-1.404953708927792e-09
400,-1.3400178432556134,-0.004217871132286222
401,2.545730550422067,-1.8935866513811845
402,1.6570965314934911,-0.03290788238439418
403,-0.7962362943894647,-2.532613610728429e-05
404,-2.915351905156097,-6.564086761167946
405,0.33304913779943,-4.332621483804644e-09
406,-1.6350581424397446,-0.028933492119549487
407,1.8527826268438803,-0.09577091768378507
408,-0.7236807343191227,-9.828250620569356e-06
409,0.9659474954032561,-0.0001707455702278926
410,1.9136987310661482,-0.13029783770120953
411,2.2072015105510108,-0.5013975536346503
412,-2.4127140366213267,-1.1515017922527153
413,2.414929727639713,-1.1613687630017664
414,-2.8005188332519153,-4.550270706211693
415,-2.158919713388414,-0.4073549345081821
416,-2.8638475288097736,-5.580628877174226
417,-0.6034459664135206,-1.6181364318468283e-06
418,-1.2936537348923611,-0.002993384612218375
419,-1.6621261263444234,-0.03388019223294758
420,0.641977111952774,-2.993156662634e-06
421,-2.033759377742788,-0.23197386592113445
422,-0.2569412003922462,-3.248041835490767e-10
423,-2.3714423050552327,-0.9807201805561281
424,0.5715176823402839,-9.424496327792298e-07
425,-0.41164519034439095,-3.5875449500011314e-08
426,-0.08433091066843224,-4.773959005888173e-15
427,0.2612781493377403,-3.839140116923545e-10
428,2.8148604927710936,-4.7676839681566054
429,-2.0482070520078826,-0.24802423278692054
430,-2.146289833918753,-0.38548725604770157
431,2.449650600513042,-1.3260208041716588
432,0.2679585958669479,-4.940292619437514e-10
433,2.541049317270355,-1.8616477543913512
434,0.28840910096128614,-1.0298061292601801e-09
435,-1.4212367284161052,-0.007471141644717183
436,0.448437719687941,-8.422781327954709e-08
437,-1.1810720470594143,-0.0012301700855863462
438,0.7096815919373509,-8.097407356633113e-06
439,-0.6367235555053696,-2.7585475641522805e-06
440,-0.7657978388857467,-1.721671975563055e-05
441,1.3887668434681046,-0.005969811267474812
442,1.9135652907906833,-0.13021151262366146
443,-2.9598717566871144,-7.533394587533181
444,1.8850230177502532,-0.1128704037747345
445,2.4843431201404336,-1.5107304455525088
446,1.7474906069233498,-0.05476947846966537
447,0.8695999386238515,-6.054789157217133e-05
448,-1.1434890421235404,-0.0008962778866382637
449,-1.2967305790199406,-0.0030635007944554427
450,-0.601318469014795,-1.5623109218543263e-06
451,-2.76789851429743,-4.0878665494437
452,1.0757518364986929,-0.000492385023150077
453,-0.3574607388545652,-8.776984583569458e-09
454,-1.833595371579098,-0.08672283689327187
455,0.1168709878844858,-1.2367884494324244e-13
456,0.22143542767596358,-7.351375064246213e-11
457,1.0424062739149909,-0.00036136603099889975
458,0.8486698878987777,-4.759244837881926e-05
459,2.162443802596826,-0.41364892677665316
460,-2.0227922427304046,-0.22041082237807977
461,-2.9127113324596925,-6.5102003150527885
462,-0.8365429071743393,-4.128018202842476e-05
463,-2.257179999835881,-0.618452352089908
464,-0.03548620250457857,0.0
465,2.5837784948941422,-2.171579325083357
466,-0.5240472234993705,-3.9766247372785557e-07
467,1.2309261632497455,-0.001842995241036649
468,2.0324081667033607,-0.2305208436218419
469,0.5878719812391018,-1.247717784980118e-06
470,-0.8065039687524322,-2.8750203040495137e-05
471,-0.9851265195534293,-0.00020723057263327682
472,0.5098822752083474,-3.0271310125229434e-07
473,-1.5587616679897782,-0.018259098162410226
474,1.5029820888134129,-0.012841568306515727
475,-0.6560876722871649,-3.7145500824120603e-06
476,-0.32736260892163704,-3.6483236431905652e-09
477,0.6329336478470964,-2.5996997324861937e-06
478,-2.0749356983314913,-0.2803251260416437
479,2.5933784108671585,-2.2471490849283904
480,1.3988231984645587,-0.006403083831174161
481,2.9212104639139778,-6.6850414598643795
482,-2.8858331132990953,-5.983370867092474
483,-0.2773710208589044,-6.974315569507894e-10
484,-2.9335266354608533,-6.945708674348558
485,-2.54178186435377,-1.866614244154732
486,-2.9086659721239174,-6.428398445725067
487,2.270455407105472,-0.6533380779488172
488,2.3804652597940397,-1.01601811581399
489,0.140943018959792,-8.042455590384634e-13
490,2.08056611627746,-0.28758520563486356
491,-2.2078145600266637,-0.5027055206147055
492,1.9653343079808234,-0.1677678631410229
493,-2.2511948558462502,-0.6032694436564863
494,-2.5447149529855113,-1.8866168336453772
495,0.4811781828787747,-1.699831942980623e-07
496,-0.16323574021320697,-3.4902081225141046e-12
497,1.159409311940439,-0.0010262725187616395
498,-0.7468921942306461,-1.3439677357451885e-05
499,2.261989041367899,-0.6308950471429084
500,0.17366477683569892,-6.481704062366589e-12
501,1.7305485410579458,-0.049890918235325515
502,-1.7573222343516368,-0.05779070743367881
503,1.6535780415160932,-0.03224251921116633
504,0.7584512547524787,-1.5648668124979004e-05
505,0.6089112394477425,-1.7698502474683409e-06
506,-0.7515419899083007,-1.4292171264029818e-05
507,-1.6253121354845748,-0.02731640650234679
508,2.3033041305571516,-0.7472285762522239
509,1.6961750968159217,-0.04116168161385614
510,-2.4856753779797027,-1.5182539238818717
511,2.4659863441509025,-1.4103569222639731
512,0.9921299493080218,-0.0002222010760869475
513,1.5873892952892135,-0.021761588440281032
514,0.2833397750759872,-8.62671933887782e-10
515,-0.3063386082982742,-1.8806123325276758e-09
516,-2.741360554642483,-3.742652401213724
517,0.10926978007275467,-6.306066779870889e-14
518,1.810349854213242,-0.0767821879084428
519,-1.6043515507857793,-0.02410791157738157
520,0.2564673141781144,-3.188695973932454e-10
521,-0.9166921879189438,-0.00010191423163852242
522,-0.5269418881436523,-4.200773690010706e-07
523,-0.6194496668197393,-2.0989336713128637e-06
524,-1.8795845288910895,-0.10980899756419338
525,2.7970386979721438,-4.498844363513582
526,-1.8988788120023863,-0.12101457827072068
527,2.7109966966359256,-3.379298935091693
528,2.701065954880745,-3.2673838495901233
529,-2.663346746931445,-2.871399237307446
530,1.8076973804208123,-0.07571480685602447
531,0.6564077023557466,-3.7325815791522388e-06
532,-2.710477315256955,-3.3733633793337305
533,0.01726823714805148,0.0
534,1.1137973643467651,-0.0006925252532516968
535,0.7905343169498846,-2.3586961980792687e-05
536,0.8663844038039605,-5.837185845225523e-05
537,1.4111086247821039,-0.0069702976100315395
538,0.7753408361230782,-1.946353479898022e-05
539,-0.9851277455839291,-0.00020723311231618524
540,2.173162069090268,-0.4333228906032531
541,0.1723251469181113,-5.998979091259571e-12
542,0.1656711181401871,-4.047095991666083e-12
543,-2.885272723306084,-5.972797166469649
544,0.5227472204887746,-3.8795034795757743e-07
545,2.3637491292206168,-0.9514825859380586
546,1.5113324930164138,-0.013548193848362866
547,1.5128731393454569,-0.013682283586333388
548,0.5196531982949217,-3.656871725432609e-07
549,0.531347532394753,-4.563759741227358e-07
550,1.9168377745065275,-0.1323432258554477
551,-1.8197875122611857,-0.08068906374596271
552,0.6652082525863614,-4.2602856050732996e-06
553,-1.7075038211795666,-0.043875409970196205
554,1.6853326939506283,-0.03870516326928736
555,0.1724097992375766,-6.0285110237146e-12
556,-2.9490617212461823,-7.287182374615133
557,-0.27340623880635073,-6.040232758408592e-10
558,2.305733324977277,-0.7546220702533502
559,-1.8597727549191583,-0.09926949764935178
560,-2.8720893591353933,-5.728728923894741
561,-2.9485176053400206,-7.274978141096059
562,0.5289956439552563,-4.3666241500428526e-07
563,-0.9029534991651218,-8.78041561844789e-05
564,0.6877266256190273,-5.9285391619257055e-06
565,1.8301286506865306,-0.08517149889391273
566,1.5637193409528338,-0.01882710274804078
567,-1.5495905612532963,-0.017248415385343552
568,2.5439667556926695,-1.881496570468571
569,1.62339815234178,-0.027008445700067607
570,1.012249353993175,-0.0002707446360056265
571,-2.6221049885668233,-2.487276706647862
572,1.2046782878852271,-0.001492920253836183
573,-2.2373688873411837,-0.5694470368365196
574,2.1576553919719776,-0.40511757644815766
575,-0.8970256009549553,-8.22768697963383e-05
576,1.4152124710139269,-0.007169510417792624
577,2.282743077840922,-0.6871636286311422
578,-2.0882499882587737,-0.2977611885778996
579,-0.30916430895762037,-2.061165460531811e-09
580,-2.5213793095576533,-1.7325635701279687
581,-1.1021574241677787,-0.0006247103957137679
582,-2.4686043573167185,-1.424302944317369
583,-2.830626144660296,-5.017153930782446
584,1.2075173304111502,-0.0015276781276151175
585,-1.7272940977511333,-0.04899928201470072
586,-2.24145381141998,-0.5792612653137129
587,-2.315692225560455,-0.7856118618202159
588,1.2371082171326933,-0.0019354230416395724
589,-0.04078123143890977,0.0
590,-0.5568376993916084,-7.275050410981976e-07
591,-0.41999757653416436,-4.383145812969502e-08
592,0.8130522301107854,-3.1145194114623465e-05
593,-2.7295145260113447,-3.5970081768945823
594,2.297359032024441,-0.7294029228146566
595,-2.8643287329897658,-5.589182530871849
596,-1.6224105238129656,-0.026850746432835082
597,-0.450006903471746,-8.721185373872231e-08
598,-2.998753378314412,-8.480317227833122
599,-1.2225196843313448,-0.0017236393869048405
600,-1.9347223117223311,-0.14454877543858816
601,-1.003937497242585,-0.00024964499417479136
602,1.409837091033153,-0.006909582962642824
603,1.7382359621486136,-0.0520545364346339
604,0.424860148584294,-4.9162156789961386e-08
605,2.7391229386809517,-3.7147513457615315
606,-2.973311533220844,-7.8496486490393815
607,1.1068943340635649,-0.0006515556410000567
608,-1.2911021572725836,-0.0029363286734535032
609,2.1290721240374326,-0.35734887483810446
610,-1.872140812473457,-0.10573818257014181
611,-2.493665255155718,-1.5640699970517595
612,-1.6364767096249364,-0.029175824337250467
613,1.0446893540905346,-0.00036922158597019195
614,1.1397929063055532,-0.0008682905760950543
615,-1.1383454422718733,-0.0008575450172902954
616,-0.068505970508288,-6.661338147750939e-16
617,-1.8887100033878692,-0.11498865390409665
618,-0.18138684366731095,-1.001232430297705e-11
619,2.4421318267769543,-1.2887195936690032
620,1.4336202760870798,-0.008126944042829098
621,-2.757291443750139,-3.9466716428346227
622,1.1802550437546806,-0.0012218678981077424
623,-2.9466742777196444,-7.233766325507666
624,0.46038622832718357,-1.09463466402282e-07
625,-2.8424838272233437,-5.212260465109597
626,0.8793624532460544,-6.760713212228264e-05
627,-1.2135538268281876,-0.0016039952149203285
628,0.7762478457373398,-1.9690196941368754e-05
629,2.3967170946608656,-1.0824280687237784
630,-0.1826595960617321,-1.0737077893452351e-11
631,2.9158823169193493,-6.574957972032652
632,2.430760357238257,-1.2340598881999114
633,-1.9066979637134878,-0.12583673303061252
634,2.473073314288471,-1.4483895150082247
635,-2.3101024212469348,-0.7680823552713731
636,-2.069243219870144,-0.27315025179883073
637,2.0337117735208867,-0.23192253743530566
638,-2.7270508736187242,-3.5673512892491503
639,0.8062797795692411,-2.8671215443032416e-05
640,2.1341461087128932,-0.36544608075505336
641,-0.47782018617500555,-1.5852822876638584e-07
642,-0.3328403947945979,-4.305592105069422e-09
643,1.332868908635965,-0.004003917629360143
644,0.4985255742115431,-2.4188823899429224e-07
645,1.6236544984679782,-0.027049512058646807
646,0.6178868830975803,-2.046900110186378e-06
647,-2.975894100777194,-7.911734457636554
648,-1.400350777767643,-0.006471294789715087
649,-0.4174945456275796,-4.129535591257394e-08
650,-2.194314690395885,-0.4745894556522081
651,2.9024175303148336,-6.303818570980041
652,-2.3013248226265373,-0.7412516676946372
653,1.8454326617040504,-0.09221056550179699
654,0.3457496279743175,-6.294698429165635e-09
655,1.0823208176588963,-0.0005227148201811804
656,1.9388932064045772,-0.1475346991967145
657,-0.014310117566946001,0.0
658,-0.4524199922984602,-9.19864313608798e-08
659,-0.8238968764831291,-3.5507295700676345e-05
660,-0.7455124477934225,-1.3195648490005318e-05
661,1.9690593904745253,-0.17080731479852648
662,-0.42707164296280853,-5.177389783561637e-08
663,1.4260073093015206,-0.007717972338234569
664,-2.4456522349059977,-1.3060679537030835
665,0.6196564438982071,-2.105906653948608e-06
666,0.5052186041336544,-2.7624482201726863e-07
667,-1.1390806544614713,-0.0008629880706176873
668,0.17154708738561109,-5.733746810676621e-12
669,-1.585833300778937,-0.021556885273637916
670,-1.616837715017672,-0.025976155617822183
671,0.6723498132251802,-4.736730138010792e-06
672,2.27321620101735,-0.6608072721249161
673,1.8704601588726,-0.10483779725926706
674,-2.6105982144948863,-2.3885114628836734
675,-0.40712364129173473,-3.2133850802473773e-08
676,1.659912271529616,-0.03344911334120365
677,-2.2980590234895772,-0.7314820919790758
678,1.8931984125067727,-0.11761483708381354
679,2.7332955151660903,-3.642944030515113
680,0.7059386183377034,-7.683624853593862e-06
681,-0.29660562406232405,-1.362344681510308e-09
682,2.7205081054533116,-3.4896307722526574
683,1.472042657740074,-0.010500614713008005
684,2.6513523981576714,-2.754649105948522
685,-1.0265874280033218,-0.00031092017189948695
686,0.21516332521857162,-5.5166871071321566e-11
687,-2.644662472946218,-2.6913606641861496
688,-0.15870250060168,-2.6338931036207214e-12
689,-0.26326455826384354,-4.140849885203579e-10
690,2.65061872734635,-2.7476451305269474
691,0.5359238752335589,-4.970422882166758e-07
692,1.0801448186497078,-0.0005124878468840688
693,1.155304337923872,-0.0009912354934439316
694,1.1878859114777285,-0.0013013988203244287
695,0.8467520066232099,-4.65398797416805e-05
696,-2.745595930187231,-3.7959678842635634
697,1.3725509311237731,-0.005326016347915574
698,2.3552893074795858,-0.9202207461788403
699,2.1121982184813195,-0.33154928155192315
700,0.5936171070526468,-1.3743970074253653e-06
701,0.5822789917346052,-1.134572003791412e-06
702,-0.22591008249010613,-8.978029431006007e-11
703,1.939531154240452,-0.14799618727705435
704,-1.0658913387804556,-0.00044980858230270204
705,-2.6132924579670624,-2.4113222087929023
706,0.4739631699250819,-1.4623075272890418e-07
707,-2.268868945095022,-0.6490797674146723
708,-2.087251368239013,-0.29642094052411794
709,2.007332715305129,-0.20497780387740136
710,0.0832793207414122,-4.218847493575595e-15
711,-0.47447348567151515,-1.478069857618891e-07
712,2.83720103011866,-5.124530192132516
713,0.6445906876042269,-3.1164167025865552e-06
714,2.5443099736979695,-1.883843851717165
715,-2.370855432677832,-0.9784622301090824
716,0.9726697062399499,-0.00018281922738050405
717,-2.3715334255738614,-0.9810711719047139
718,0.737301662919033,-1.1823891029716371e-05
719,-2.9079568860913976,-6.414153126386985
720,-0.6883038361175471,-5.978101114689771e-06
721,-1.1916859852720245,-0.0013427036068716092
722,1.1802153454562436,-0.0012214657724584632
723,-0.4622363035573134,-1.139266879723877e-07
724,0.1539610019031974,-1.9449997168408117e-12
725,-2.4936748477928656,-1.5641257270705737
726,-1.938028312683149,-0.14691107513078538
727,-2.9282776521098732,-6.833546265284204
728,-0.46773795448116484,-1.281823621690492e-07
729,0.062069585570802666,-2.220446049250313e-16
730,-2.1526720665533343,-0.39640437525192046
731,0.4962753180024655,-2.3123146319914412e-07
732,1.300052226326942,-0.003140837811614672
733,-2.9993193733837984,-8.4948379893476
734,-1.1926618997441643,-0.0013534985553048662
735,1.6400074734543635,-0.02978683288852879
736,-2.4909235330256116,-1.548212959088492
737,-0.058656750822227544,-1.1102230246251565e-16
738,-1.2369014885559322,-0.0019322665715252874
739,-0.5230480901108283,-3.9017894015724863e-07
740,-2.2183909550366696,-0.5257499945155747
741,-1.7075748816327017,-0.04389292182490509
742,1.7084962712467728,-0.0441205481864719
743,2.4892046535899315,-1.5383439609984781
744,2.446277073829502,-1.3091685184082957
745,1.1195692476839145,-0.0007285338173931288
746,1.6870094201282697,-0.03907632294890437
747,-1.2142782351298687,-0.001613378763568707
748,0.33027188311297984,-3.985197616351854e-09
749,1.9172337191367337,-0.13260323144427835
750,0.8074038885295374,-2.9069235721324027e-05
751,-0.3879142631790411,-1.9842874565689783e-08
752,1.1650329768724506,-0.00107606850833597
753,2.749701013124027,-3.848278472037701
754,-0.968830943981994,-0.00017583412578481283
755,-2.7908858963116145,-4.409170880807417
756,-2.4443042976041784,-1.2994012552744973
757,2.554646975477076,-1.9557571221786778
758,2.2716014234559303,-0.6564294782760101
759,-1.9300693212676814,-0.14128099479013834
760,-1.4737949128707404,-0.010622250627719265
761,2.4455816858009705,-1.3057182827778184
762,0.9790713507202824,-0.0001950221087313464
763,-2.586379521190162,-2.1918303331396785
764,-0.6366674679347399,-2.7561345982141106e-06
765,0.06447788388876408,-3.3306690738754696e-16
766,1.0595995217982814,-0.0004243936580528018
767,2.221228117048777,-0.5320882459836906
768,-0.6642780102809889,-4.201504133605205e-06
769,0.9207062189302269,-0.00010640360000868654
770,1.7410559370123018,-0.05286885645588199
771,0.33254634871026845,-4.267774467159313e-09
772,1.0785063417602547,-0.0005049057107516797
773,-2.134659748093448,-0.3662747275798327
774,-2.582487007086665,-2.1615853612602716
775,-1.5735275850498396,-0.01999736446924144
776,-0.777268193673522,-1.9948010441916963e-05
777,1.05182712862349,-0.00039477653853547956
778,-1.469899561414959,-0.010353535488367094
779,-0.09854942032005365,-2.2426505097428162e-14
780,0.8181223828974611,-3.312085581996804e-05
781,-1.6357418027627857,-0.029050056734852392
782,-2.3493406094113682,-0.8987839706081672
783,-0.0009508919678151706,-1.1102230246251565e-16
784,-0.17836062925148255,-8.462675005205256e-12
785,1.3778432674675987,-0.00552896746173237
786,0.41604341691183677,-3.988623320516638e-08
787,-2.7085595021747704,-3.3515256238591875
788,1.826222085288303,-0.08345286919517358
789,2.1264456578403417,-0.35322009449760666
790,1.3762917526373553,-0.005468767140589859
791,0.4639757844817254,-1.1827161661148722e-07
792,2.8440049573531194,-5.237764620779622
793,2.4828376665880993,-1.502268413107152
794,2.0307198111887725,-0.22871659353453241
795,0.5866943046411306,-1.2230846649918803e-06
796,2.9138494770401575,-6.533378801177018
797,-2.3392614923099075,-0.8634661960736199
798,-0.8260843807957903,-3.6450849916991324e-05
799,1.3048046171238825,-0.0032545167718100454
800,-0.10941042120521072,-6.405986852087153e-14
801,0.3362675967318256,-4.769142969429652e-09
802,1.4206017268333309,-0.007438822898251929
803,-0.4939137559457354,-2.2050314552046757e-07
804,2.739737075847433,-3.722390837788682
805,-0.30409988903706786,-1.7478080094335269e-09
806,0.5352946187913243,-4.912641216048286e-07
807,2.1849013353650806,-0.45581513214327135
808,-0.31515346487963347,-2.496351014791287e-09
809,1.139537903181946,-0.0008663888146865917
810,-1.037698605635683,-0.0003456384704835225
811,2.7770150407281635,-4.21274399229472
812,-2.658849585742879,-2.8271252803488673
813,1.6335010594301558,-0.02866955883937533
814,-1.1112307026504236,-0.0006770305990037029
815,2.2979759358209044,-0.731235025415691
816,1.5390364249386765,-0.016147174108993745
817,1.3011286103191884,-0.003166270140870453
818,2.3918349794337175,-1.0620877202962593
819,-2.6561137126463557,-2.8004854482183013
820,1.4387574178055296,-0.008413716219796974
821,-1.8567088981685254,-0.09772232118410734
822,2.5399579988487613,-1.8542704423118828
823,-0.9497089745278369,-0.00014447286590113517
824,0.39836241431741115,-2.5866404351759797e-08
825,-0.9463021238698248,-0.00013944429244017176
826,-1.4888548245670654,-0.011720534959537121
827,-2.357750931204372,-0.9292224729759577
828,1.5286846826027896,-0.01512829248471459
829,1.5739717642822022,-0.020051860019978884
830,0.43102557590857504,-5.6756088495646395e-08
831,-0.9360476989630255,-0.00012524069485164713
832,-2.7630272779502607,-4.022482389431891
833,-2.164247853525522,-0.41690406690701987
834,-2.9121950573880966,-6.499710087966857
835,-0.0023303269283383443,1.1102230246251565e-16
836,-2.3354784278858456,-0.850529420356768
837,-2.4481854072661706,-1.3186781826078193
838,-2.9714644173576064,-7.805505661406043
839,2.363983675930954,-0.9523624865813344
840,2.2898367275563167,-0.707386376484893
841,1.1133405071093136,-0.0006897442728062142
842,-1.0561264921751492,-0.00041092232643180626
843,-0.26498171962220773,-4.418675425554852e-10
844,2.9430522896798115,-7.153384194710458
845,2.842883370623526,-5.218948870039867
846,2.9431979490231646,-7.1566016105393135
847,1.8289411462168106,-0.08464578536287332
848,1.1388971959070968,-0.0008616269733622284
849,-0.193794812852766,-1.9396928507831035e-11
850,1.327084683942802,-0.0038379513794937203
851,-2.324833875337556,-0.8150408664307539
852,2.595330896230756,-2.262798752526491
853,-2.9927087428965686,-8.326591549337289
854,-0.15466387622909128,-2.035482893347762e-12
855,0.2889740286921523,-1.0501280955921288e-09
856,0.7145857526493686,-8.669794345883552e-06
857,1.937150894876833,-0.14628080751647088
858,0.7224302449744631,-9.661148594686253e-06
859,2.9010653527612167,-6.277139574052519
860,0.13417631577306288,-4.918287999089443e-13
861,-0.6043328362158142,-1.6419322500516031e-06
862,-1.2751007136357213,-0.0026001210051989077
863,2.6321670461441924,-2.57656544605315
864,0.2991255440797458,-1.4824298455451412e-09
865,-2.8601871895561946,-5.515939431020511
866,1.0368896035047932,-0.0003429982971187018
867,2.090577335706512,-0.3009055360393945
868,-0.14813021702386298,-1.3222756223285614e-12
869,2.96967620586865,-7.762977809179236
870,-2.5880000966705463,-2.204531568801373
871,-1.4113789686617315,-0.006983267433173235
872,0.35027888221669556,-7.167768933946661e-09
873,2.8363765297934975,-5.110955433034065
874,-2.2320012794135753,-0.5567743553218507
875,0.9024802236400191,-8.735095003720161e-05
876,2.512624058578897,-1.6776873574583497
877,-0.10231525507163042,-3.275157922644212e-14
878,-0.7634741944571077,-1.6706170410607513e-05
879,-1.8955204066250748,-0.11899419268513983
880,-2.5824494641247515,-2.1612954472705916
881,-0.19523861727291614,-2.0890511542859258e-11
882,-2.9140250406828634,-6.536960615101178
883,1.398975125729498,-0.006409839010694862
884,-0.735696879255384,-1.1571249882935675e-05
885,-2.1104461403151937,-0.3289672029486945
886,-1.4933888877960098,-0.012070431188440811
887,-1.152904761514902,-0.0009712533883707852
888,2.6307700508069196,-2.564002775302245
889,-1.1309963171619302,-0.0008047997601160484
890,1.295216278013548,-0.00302881129049537
891,2.2727729990162766,-0.6596031581869237
892,-2.639384543755641,-2.6423355060191573
893,-2.392163993133691,-1.063447828149044
894,-1.7216344048647647,-0.04748232117982412
895,0.5683172248100017,-8.912491527013344e-07
896,-1.799669214096741,-0.07256395077980746
897,-0.020757791821086613,0.0
898,-1.4489105845357995,-0.009007155665236355
899,0.6956976230734115,-6.6467073136511345e-06
