,data,labels
0,-2.5332893092511513,-1.8097462811024894
1,2.094611868582696,-0.3064259704208323
2,-0.7905541861150356,-2.3592831435936823e-05
3,-2.9260691418251126,-6.786830609069525
4,-1.6541681087677407,-0.03235326221441226
5,-1.1940407052082664,-0.0013688822162762349
6,-1.8449931744500288,-0.09200144481496808
7,2.5495726800311456,-1.9201597057793216
8,-1.2898850119829577,-0.0029094556100154323
9,-0.16615771862300877,-4.167666212140375e-12
10,0.17573239912859773,-7.295830606324216e-12
11,-2.3991278367931557,-1.0925979237472359
12,-0.7210400012420655,-9.478368236170986e-06
13,2.1763395785122857,-0.4393120219573989
14,-0.7112185057234073,-8.273025400296063e-06
15,-2.235013409231672,-0.5638548527109473
16,-1.2605343345086786,-0.0023244088940119756
17,-0.5355336728209705,-4.934520938526532e-07
18,2.955655957165513,-7.436520662405406
19,1.5597677896056652,-0.018373121095593914
20,-1.4196597863209295,-0.007391111820625407
21,-2.368394460355889,-0.9690436188371668
22,1.6822504094679598,-0.03803103235661984
23,0.8382419851872829,-4.2116733123043204e-05
24,-1.6803635947362618,-0.03762353099950852
25,-0.19185927980657702,-1.7545520591966124e-11
26,-0.7820179401718059,-2.1188450650355684e-05
27,-1.179889643043638,-0.001218171018912917
28,2.2763758120042166,-0.6694478059271782
29,-0.20448911512167456,-3.3178682024015416e-11
30,1.9145671413522578,-0.13086086876777864
31,2.6585538477241872,-2.824234916498809
32,1.8868168512850527,-0.11389663885930287
33,-0.3507820025034114,-7.2711783261070195e-09
34,2.9738996155232673,-7.863748676534252
35,-2.206776792160749,-0.5004931617423174
36,1.3372133657694167,-0.004132752539218354
37,-1.4380456259258376,-0.008373451054748404
38,1.7634893233118358,-0.05976048692122132
39,2.11450461114059,-0.33497556949996415
40,0.601897126041476,-1.577320949075478e-06
41,-1.854294345918562,-0.09651813089517139
42,1.536453204966664,-0.01588736000783425
43,-1.2337027044494018,-0.0018840078802991878
44,-1.8281385970375026,-0.08429212493783061
45,0.5606885417195802,-7.79136629991406e-07
46,1.0512023997677593,-0.00039247830213917645
47,-2.1979278193216683,-0.4819749428194863
48,2.0443777200146505,-0.24367722634714611
49,-2.293231825069259,-0.7172496026362095
50,-2.884244468681376,-5.953438191940836
51,-0.09395312004653711,-1.4099832412739488e-14
52,0.6596237727730414,-3.9181974306190526e-06
53,1.1804409764003294,-0.0012237528861779312
54,0.4446654125466849,-7.742623930884207e-08
55,0.0888301434604033,-7.993605777301127e-15
56,0.7641174133900988,-1.6846120248881213e-05
57,0.009029019616849432,0.0
58,-2.3297561371144972,-0.8312858253386559
59,1.02853176771118,-0.0003167602450253604
60,2.80608401999665,-4.633580584478301
61,0.9186538206069685,-0.00010408649775328627
62,0.6974289897932504,-6.812656510035708e-06
63,-0.05676143030004255,0.0
64,-1.976136389948075,-0.1767163122128119
65,0.3692847496246241,-1.2144147132353567e-08
66,-0.6655852791252705,-4.284319213287979e-06
67,1.0764786715603485,-0.0004956615979863077
68,0.24893682910542747,-2.3676738347688797e-10
69,-1.0546591296180776,-0.0004053465993894001
70,1.389338253660247,-0.005993710826275922
71,-1.7403622880689928,-0.052667510655954125
72,-0.28891666475057587,-1.048048203777796e-09
73,2.247190883466314,-0.593296847726258
74,0.6802547733151387,-5.319430097405764e-06
75,2.8800938256344537,-5.875852169498963
76,-0.192346752266066,-1.7996049095359012e-11
77,-0.8652346766985519,-5.761099371137668e-05
78,1.195357736379755,-0.0013837223473194826
79,-0.04299543652862248,0.0
80,1.2857230574462255,-0.002819215615181059
81,2.336318677413324,-0.8533879263436811
82,-0.8060796835324666,-2.8600880921381133e-05
83,-0.9992342652125439,-0.00023836952469491468
84,-2.0436202042932194,-0.2428253344455108
85,-2.6294355732448893,-2.552052615547604
86,2.086019512645236,-0.2947750164205106
87,0.656092931216337,-3.714845753899354e-06
88,2.37968769249378,-1.0129327926194998
89,1.8019575342357568,-0.07344998168462485
90,0.4914055673893114,-2.096005696783365e-07
91,-2.2755521854502794,-0.6671858985065199
92,-1.1533500120093247,-0.0009749337024386184
93,-0.9907080833400728,-0.00021908564794537178
94,-2.2559506002050287,-0.6153064258762531
95,-1.6948270021571235,-0.04084889564225819
96,-1.8428452877580759,-0.09098545618427226
97,-2.5645942439425875,-2.0272277460277848
98,-2.9629170819936204,-7.604058804059847
99,0.4804117885769488,-1.6730525198571655e-07
