,data,labels
0,-1.1870819005737048,-0.0012928066057076304
1,-0.8188012509714717,-3.339374456756694e-05
2,2.4584613136532214,-1.3709385453135345
3,0.6737877598986781,-4.8382547226388795e-06
4,2.7787217247626534,-4.236490483759947
5,-2.999182762162275,-8.491331197171798
6,-0.1365956007472171,-5.880851361439454e-13
7,1.990421602215675,-0.1891979440560151
8,1.4163309127756376,-0.007224675494847177
9,2.9362613314927266,-7.004781699650931
10,0.4747618679028558,-1.4870446196635356e-07
11,0.8707859598407302,-6.136867691530767e-05
12,-2.9765039556824417,-7.926458234794566
13,-2.9495493428795996,-7.298134715498398
14,2.8992691623484106,-6.241853171624982
15,2.2590165017744512,-0.6231782375793028
16,-1.3799445465335065,-0.0056114411378877516
17,-0.46540767573826347,-1.2195939280701396e-07
18,1.4244742044390755,-0.00763786833725294
19,-0.04351651078079488,0.0
20,2.7374305477775183,-3.693770231654786
21,0.1084337284698913,-5.839773109528323e-14
22,0.8773579607370303,-6.610028229403486e-05
23,-0.6656262403453925,-4.2869376088994215e-06
24,-0.7980636043719356,-2.5907334910257873e-05
25,0.7268848643914461,-1.0268318081485539e-05
26,0.5420472173874833,-5.56542932961257e-07
27,-1.2634679058132006,-0.00237773631008098
28,-2.010805301255593,-0.20835855343656554
29,-1.3051500712417656,-0.0032629215477167905
30,2.4467314450049393,-1.3114272596667627
31,0.02690049493266855,0.0
32,2.5297843806107085,-1.7867245683444437
33,-1.7838977653616677,-0.06671085065442706
34,-2.559268515265356,-1.9886821256155085
35,2.174614172946603,-0.43605088192058833
36,-0.17311980088283985,-6.281308806421748e-12
37,-2.8811029616606456,-5.894633418295488
38,2.5160629613311993,-1.699056554759395
39,-2.4801282954811947,-1.4871443217611588
40,-0.15331110193258723,-1.8643975252530254e-12
41,2.5500170151917168,-1.9232538906868655
42,2.400988954143724,-1.1005066405878852
43,-0.5751352859428542,-1.003492979156917e-06
44,-1.9038892246028443,-0.12408531173045767
45,-0.24438295060245396,-1.9688850549925974e-10
46,1.3550252722533669,-0.004700504092056745
47,2.485503562655053,-1.5172818059497226
48,-2.444748952922999,-1.3015971347586412
49,-2.80954306032756,-4.686033710725259
50,-1.7964116688761067,-0.0713189972475877
51,-1.8786863165465872,-0.10931052570126837
52,0.15569390865936894,-2.1752599721480692e-12
53,-1.949989272503787,-0.15574600993860385
54,0.0036713763409537137,0.0
55,2.3548226404574706,-0.9185229210489382
56,-2.1131772905538506,-0.3329999508756329
57,0.5485605409354903,-6.267878041033015e-07
58,-2.4180678875410946,-1.1754711221079202
59,-0.28222601066988595,-8.29398549839766e-10
60,0.6388798480769706,-2.852765196625917e-06
61,0.7754388071644804,-1.9487904527770716e-05
62,-1.780375524962266,-0.06546240769476974
63,0.22896003925301667,-1.0265288619137891e-10
64,-0.3681869633715076,-1.1788713893956526e-08
65,-2.7669886629863005,-4.075583692991766
66,-2.4292390221249556,-1.2269043520534209
67,-1.867956908682859,-0.10350931669870597
68,-0.07170089816664182,-9.992007221626409e-16
69,2.020261120918457,-0.21781575502521391
70,-0.5650551860695794,-8.416487270457296e-07
71,-1.3203124737588816,-0.0036514577780910606
72,2.247992186800155,-0.5952809078621477
73,-1.0787366499295603,-0.0005059653751555704
74,-0.09289479710377435,-1.2545520178264269e-14
75,-0.8167891133630638,-3.259072687111786e-05
76,-1.0322748694571449,-0.000328280303811157
77,-1.4752825859391234,-0.010726503493009687
78,-1.0544994422196026,-0.00040474391827483025
79,2.3068304868369376,-0.7579824878995797
80,-0.7237145072723417,-9.832799429010386e-06
81,-2.5956972544085484,-2.265745860114021
82,-2.7264970783934883,-3.560714465238407
83,-2.6828701580702403,-3.0707478340186056
84,-1.5632570581211715,-0.018773481991804786
85,-0.760219052692841,-1.601379369275957e-05
86,-2.1948844824989693,-0.4757474710804244
87,0.1897682268034866,-1.572530994309318e-11
88,0.03970839693872108,0.0
89,1.4059922579112811,-0.00672885287932401
90,-0.48459815889379776,-1.8240906318744976e-07
91,-1.7029533070438894,-0.042766838975789256
92,-2.8496558199648057,-5.333471718779062
93,2.9292473849825917,-6.8541475094166024
94,2.349311438089149,-0.8986799427031711
95,-2.7543011188489137,-3.9076481490010218
96,-2.0363107093511603,-0.2347395446143537
97,2.120546538353704,-0.34410005014009737
98,0.46825245976017493,-1.2959421669123117e-07
99,0.8449254429880098,-4.555688268670366e-05
100,1.4841101786910702,-0.011364087160010194
101,-0.9645852482354735,-0.0001683877506251097
102,1.280419394243813,-0.0027078454830969934
103,-1.4538973739091323,-0.009312057826576514
104,-0.8993877314645005,-8.444083741943054e-05
105,0.09021558722818401,-9.43689570931383e-15
106,0.32263950249842877,-3.1556471880023196e-09
107,-0.50953382281322,-3.0065948064539327e-07
108,0.00786083022203865,0.0
109,-2.438772334504873,-1.2723537746465567
110,2.271369367894695,-0.6558024641655306
111,-1.5553336168471705,-0.017875312357556128
112,1.4344852446795446,-0.008174610857004605
113,1.5866623600422747,-0.02166574025461937
114,2.3730920336673087,-0.9870920126214465
115,-2.136192218214374,-0.36875691421099777
116,-0.3423441850475677,-5.702581296063158e-09
117,1.4400567650930007,-0.008487663822961511
118,-1.9107409783553524,-0.12839625665893398
119,-0.5076252905252621,-2.896319202250197e-07
120,-1.5183527850376128,-0.01416883015401682
121,-0.7844433728774094,-2.1848187470752123e-05
122,-0.16309698856018517,-3.460787212361538e-12
123,-0.7572060170260784,-1.5395976091348018e-05
124,0.23206603964270345,-1.174460528829968e-10
125,0.7421940694613727,-1.2624944002892491e-05
126,-1.54473470488348,-0.016733709005029795
127,-1.5798550784315055,-0.020786242275093736
128,-2.5370041188397634,-1.8344310759557012
129,-2.5456313503409986,-1.8929048667093895
130,-1.049518187342489,-0.0003863419961475101
131,2.973117950103063,-7.845012095287639
132,-0.4253932444132058,-4.978065626382033e-08
133,2.323083864435172,-0.809333123270789
134,1.8997844639846626,-0.12156458759711694
135,0.3706233606944238,-1.2590577136428749e-08
136,1.6329312640660536,-0.028573511986711597
137,1.0730041778732078,-0.0004801729405480293
138,1.4334415317277092,-0.008117124711159995
139,-2.0312681533804993,-0.22930120102909077
140,-2.7107207243662423,-3.3761439481646045
141,-1.901046365723056,-0.12233464338093275
142,2.012257127378817,-0.20978654842202898
143,-0.8855832753800121,-7.248161584527679e-05
144,2.630426072303801,-2.5609177747363434
145,-0.6097939561470405,-1.795517682645631e-06
146,-1.0327052411432383,-0.00032962859604146466
147,1.5848417835883968,-0.021427338691587583
148,-0.2615891447566603,-3.885031185646426e-10
149,-2.7378068002116906,-3.698425736676583
150,1.8749803739254975,-0.10727501810465709
151,-0.47915525567158923,-1.629966287497453e-07
152,0.22029654476449778,-6.982181499637363e-11
153,-1.7566074903193618,-0.05756618615463732
154,-2.1681794900206945,-0.4240766205360572
155,1.5005749051133934,-0.012644057685943455
156,-0.6379772466328708,-2.8129806606269625e-06
157,-0.00451342430186763,0.0
158,2.1741033941239287,-0.4350895841524
159,1.8002732373071346,-0.07279690074220818
160,-2.7581447944524493,-3.957870361606241
161,1.8262542327964546,-0.08346688550133063
162,1.9776798256642696,-0.17802879680882344
163,-0.6844168843031886,-5.6514032983345786e-06
164,1.1481668333466768,-0.0009328532551899915
165,1.9340680118327702,-0.14408525512354806
166,2.9385774213060873,-7.055156281689732
167,0.6547782446465171,-3.641584711444601e-06
168,1.193822245784597,-0.0013664344444044296
169,1.453287757736721,-0.009274297909539153
170,0.8128374841678334,-3.106389937468368e-05
171,-2.1313435252895543,-0.36095382565188927
172,-0.09564064327953581,-1.6764367671839864e-14
173,-2.158996041553644,-0.4074903544218894
174,-2.113387913614181,-0.3333127586225793
175,-2.2418170859932403,-0.5801412350840062
176,2.5140798699385893,-1.6867046642191517
177,-0.38932184751860444,-2.0572904824156524e-08
178,-2.5986118670400273,-2.289312462422832
179,-1.4027426183810423,-0.006579399348309534
180,1.6777079570489803,-0.037056557702649845
181,-1.2452500794463346,-0.0020634608774133256
182,0.5079730757134975,-2.9161392767207417e-07
183,-2.0181056002953,-0.21562713139370673
184,1.8226734348960623,-0.08191843197908205
185,0.04112181996438036,-1.1102230246251565e-16
186,0.022285292591386785,1.1102230246251565e-16
187,-0.3828989621191381,-1.742720234787498e-08
188,1.6770090782142706,-0.03690861609087445
189,-1.4127097158402406,-0.007047424498439758
190,-0.602208528814713,-1.5854520520885984e-06
191,-1.391441824849178,-0.006082430731534305
192,-1.0604252879057605,-0.00042765425109136945
193,-1.274888683334131,-0.0025959070029590303
194,0.3376134549414287,-4.9631226906043935e-09
195,1.2903898518620016,-0.0029205750892747906
196,-1.765451408472603,-0.060399555555864626
197,-0.5729701369310018,-9.665454939744578e-07
198,-1.43568552692327,-0.008241168903074525
199,-1.4460925556520472,-0.008838818311598884
