,data,labels
0,-0.9447929759357503,0.0015160721102870367
1,-0.41345704461519306,2.186401514725489e-06
2,0.5011207232638315,1.0101647943794312e-05
3,-0.3367522694913134,4.2584013626445483e-07
4,-0.7473317647285573,0.00023986405372389275
5,-0.3962433291490097,1.558049348870938e-06
6,-0.4851932305982243,7.813443842374923e-06
7,0.2831102032366637,1.0662064264810311e-07
8,-0.06877312667418534,1.3026246747926962e-12
9,0.6846268098660968,0.00012002115819176318
10,0.4930465809193869,8.877687746933205e-06
11,0.28590762297479944,1.1532786281520657e-07
12,-0.07779153610669431,3.490319144816567e-12
13,0.9880811261380147,0.002152539547415677
14,0.19409447035125904,5.225646471096468e-09
15,-0.7250722957596083,0.00018892144681437184
16,0.18211268378527157,3.1401585776080765e-09
17,0.6706615525810296,0.00010196501530190805
18,0.10677426380852606,4.3944736738410484e-11
19,-0.8504704134109702,0.0006641585974581643
20,0.3620458297354683,7.587685826315749e-07
21,0.7840647741665918,0.0003502057820955473
22,-0.7363821827423518,0.00021348338553173196
23,-0.2096483004045695,9.67594759870849e-09
24,0.549249692627106,2.0934200728683905e-05
25,-0.9265212013077451,0.0013009810724021742
26,-0.5405035418312518,1.842858540757053e-05
27,-0.3810311492354528,1.1404538502457484e-06
28,-0.0034179026990170946,0.0
29,0.2933105305362611,1.414374526387263e-07
30,-0.1286784833730905,1.954328920916737e-10
31,0.5642545114618378,2.5929091958309947e-05
32,0.7236554008106499,0.0001860250075298442
33,0.1289263014539801,1.9846302379278313e-10
34,0.09603607181322626,1.8825385694754004e-11
35,0.8382148318492826,0.0005925134677214894
36,0.03485291197490281,5.551115123125783e-15
37,-0.20050545938089903,6.775397243252712e-09
38,-0.7637499265919576,0.00028472765515596965
39,0.09961255404226543,2.522038133889737e-11
40,0.3468308488171732,5.38774710401313e-07
41,0.19862648554539364,6.284270881451448e-09
42,-0.6315308187033379,6.334784013617423e-05
43,-0.3995766085712682,1.6656047595597911e-06
44,-0.6093050548068619,4.7689321982624655e-05
45,0.08698152487426425,8.526179762213815e-12
46,-0.9878798840983547,0.002149114916943029
47,-0.7255256562704131,0.0001898564633561195
48,-0.15425994447835212,8.330317546878518e-10
49,-0.23888330410773473,2.7458799678470314e-08
50,-0.7354923246239591,0.00021145499133146117
51,0.29377210139008025,1.432240268606222e-07
52,-0.5015809478896243,1.0175643225585063e-05
53,-0.5102711104670217,1.1664497340579949e-05
54,-0.37148804521042744,9.316688308613763e-07
55,-0.6508284981596957,8.040112553464596e-05
56,-0.23831634451934747,2.6942476138991367e-08
57,0.9340807097184858,0.0013865209143718582
58,0.3834925625063752,1.2005175158424919e-06
59,-0.5511731196663132,2.152345300043823e-05
60,-0.5988794673113742,4.15903163026865e-05
61,0.36938453404057947,8.904295332179402e-07
62,-0.44841958920077873,4.173215254477114e-06
63,-0.5763516022265267,3.068319639365491e-05
64,0.7256935811554595,0.0001902038144449003
65,0.30353322679953787,1.8592152883911695e-07
66,0.04002906730837541,1.7208456881689926e-14
67,0.2618789549149343,5.7213951909496075e-08
68,0.43271889750324743,3.142202581352116e-06
69,-0.24789699986688096,3.6912676137923484e-08
70,0.7881784979254085,0.0003649512128598431
71,-0.4447809453480265,3.91113538478205e-06
72,0.5703495279440478,2.823720459910195e-05
73,0.15114783458334347,7.077710639791235e-10
74,0.002593281713316964,0.0
75,-0.8099578096923257,0.00045236430108930303
76,-0.6291468301164365,6.147784679710888e-05
77,0.6913587417653657,0.00012967743642811058
78,0.9284135212862441,0.00132195210899555
79,0.8521135086766771,0.0006743136000213479
80,0.855442680380371,0.0006953034365028143
81,-0.4729682519375584,6.377956465519752e-06
82,0.5138150898290699,1.2324182507184034e-05
83,-0.47453809271937475,6.5483311778580244e-06
84,-0.09752488828120698,2.1290191831724314e-11
85,-0.6957507688037052,0.00013633583943051253
86,-0.8376310890303411,0.0005892754609431172
87,-0.7456687984189341,0.0002356835747301389
88,-0.5763556887874755,3.0684922746160304e-05
89,-0.9410243037656554,0.0014693470228568373
90,-0.6060346214220036,4.5697329023597355e-05
91,-0.7635153958554002,0.0002840387259521737
92,-0.04571139693063331,4.96269692007445e-14
93,0.4783689331667913,6.9808703326845745e-06
94,-0.7958056576033374,0.00039372319560559976
95,-0.43508853225352606,3.2818609992935066e-06
96,0.1885303686268518,4.141689102787893e-09
97,-0.11084815672784987,5.92875748495203e-11
98,-0.9401501666931122,0.001458689431550364
99,-0.3423852307669335,4.860910798321072e-07
100,-0.1854018097114829,3.6231756483928734e-09
101,0.5966972022160264,4.040354759937692e-05
102,0.9493230469712592,0.0015739379328709724
103,-0.52750813334943,1.5188971751234348e-05
104,0.548668016302069,2.0758795220232606e-05
105,-0.9088170791148809,0.001118342075113632
106,-0.2586839590195553,5.187105156512217e-08
107,-0.1217826978190173,1.2580847474907841e-10
108,0.542623888999489,1.901065625387055e-05
109,0.6175859092886271,5.307519409958328e-05
110,0.9488744266551368,0.0015681232322717342
111,0.71662360078326,0.00017221488820207131
112,0.636823955232892,6.767786837991174e-05
113,-0.9176957520940294,0.0012069411193033064
114,0.003081405612484378,0.0
115,-0.035973598612832225,7.327471962526033e-15
116,0.44527445987613845,3.945816804962199e-06
117,-0.3597477461849097,7.212021547742253e-07
118,0.7366433768319074,0.00021408197116290495
119,0.3000024988749266,1.693443588690613e-07
120,-0.09568976051459521,1.8289258996162516e-11
121,-0.39979637627750986,1.6729184841857148e-06
122,-0.8112354999710303,0.0004580138350814833
123,0.931519033727741,0.001357003659097078
124,-0.6861554644686247,0.00012215706702201068
125,0.038148827516788275,1.176836406102666e-14
126,-0.3523624109832699,6.112451521600448e-07
127,0.4638318313907803,5.461052565047808e-06
128,0.7382649704999598,0.00021783100469330297
129,-0.12267890486010957,1.3340573090658836e-10
130,-0.19432602833062762,5.275682224414879e-09
131,-0.16761018416426232,1.6175326633671716e-09
132,-0.5361955982399222,1.7293671263685084e-05
133,0.2916994793202512,1.3535338216907888e-07
134,-0.9979734106413867,0.002326818982139045
135,0.15733199503953887,9.752839646992584e-10
136,-0.09187339280019469,1.3207435145545787e-11
137,0.06140269698941725,5.259126467649367e-13
138,-0.5871752585481587,3.5563768358448655e-05
139,0.6702535568660348,0.00010147521704850782
140,-0.6809996968430809,0.00011508282390582103
141,-0.5205647455770006,1.3671099408751886e-05
142,-0.09251737461573861,1.3966272582877082e-11
143,-0.5509352714937519,2.1449811898999194e-05
144,0.5394561632849724,1.814684383261156e-05
145,0.8435976345104497,0.0006231077343028524
146,0.7755518510891068,0.0003213278108477047
147,-0.6491302801429601,7.875494041009734e-05
148,-0.21980678215590643,1.4122206626332456e-08
149,0.13252368749681476,2.473172777683885e-10
150,-0.3441793691842454,5.067842011596824e-07
151,0.37721355870544837,1.0524870128758579e-06
152,0.9728971001445494,0.0019070372988959639
153,0.834828896989082,0.0005739448540635905
154,0.9650741009263466,0.0017903091869478915
155,0.7609955742336239,0.0002767277708640714
156,-0.018864128697192895,0.0
157,-0.2718543193948144,7.7118207264526e-08
158,-0.39842604748553545,1.6277688776877852e-06
159,0.2326973773259453,2.226656903303592e-08
160,0.7535916123188655,0.000256184583961927
161,0.07609090775850014,2.92466051377005e-12
162,0.6615925966618119,9.155003063465728e-05
163,-0.37820222373708456,1.0746792979965392e-06
164,0.5579802605161575,2.3726688648251226e-05
165,-0.5067623232309995,1.1041931951782935e-05
166,0.4754608107855931,6.65031632030022e-06
167,-0.37430400335987035,9.894827737166878e-07
168,-0.8334007680016897,0.0005662658353059458
169,-0.9664367790543327,0.0018101846089655371
170,0.4223576780002469,2.590660781676135e-06
171,-0.5043399760196088,1.0629240721815592e-05
172,0.9910829955967158,0.002204188016169395
173,-0.5801630313373549,3.2330598557450685e-05
174,0.17407139234031166,2.1886350509703334e-09
175,0.40652206338279706,1.9107503037574247e-06
176,0.7203371297578312,0.00017939250761456194
177,-0.9516933711506084,0.0016049717960514576
178,-0.0540620935475693,1.8995915951336428e-13
179,-0.30039705684469054,1.7113030192916767e-07
180,-0.20303637949379616,7.48982709186663e-09
181,-0.9859504571855358,0.0021165198157493403
182,0.5044935791143137,1.0655004157866799e-05
183,-0.05272709609682735,1.5554224574998443e-13
184,0.9772273140562362,0.001974441500225521
185,-0.5434719081099002,1.9247902597441247e-05
186,-0.7832666300945401,0.00034740569107039043
187,0.15649427588966747,9.345310081343428e-10
188,0.6409147133162996,7.11987777262113e-05
189,-0.7856935350465257,0.0003559808294010258
190,-0.4058564851819919,1.8859671016002721e-06
191,-0.46266729084660185,5.352892624044259e-06
192,-0.40918526988028425,2.012785941918338e-06
193,0.4449027983583136,3.919673685959246e-06
194,0.07203882463902422,1.8879342533750787e-12
195,-0.20991889074252246,9.77619840636379e-09
196,0.45257731767414633,4.491340058088156e-06
197,-0.8189446647308103,0.0004934204945458154
198,-0.09105814095007503,1.2298606577587634e-11
199,-0.5232016858267259,1.423118642840393e-05
