,data,labels
0,-0.15444272119623959,8.409560825484164e-10
1,-0.386631145841259,1.2811019325376094e-06
2,-0.013012668450061105,0.0
3,0.2897825269197605,1.284131738721328e-07
4,-0.2950990206305413,1.4847040263887834e-07
5,-0.8580728707762595,0.0007122852971223059
6,0.02963204229090266,1.5543122344752192e-15
7,-0.6819271653962291,0.00011632842847109082
8,-0.7474958626347412,0.0002402800496009716
9,-0.26909545176360483,7.108572230851706e-08
10,-0.3446792134918999,5.126846366332316e-07
11,0.15560944314107283,8.931113626431397e-10
12,-0.743966946233718,0.00023147111201315962
13,0.21379327955863014,1.1314598258316266e-08
14,0.7006159371054337,0.00014405718474452822
15,-0.4714953587482209,6.22163507801865e-06
16,0.05522074129754517,2.2504220709151923e-13
17,0.7592382509885949,0.00027172650379980734
18,0.5595188869455123,2.4251093010407843e-05
19,0.6377411628018614,6.845382365128216e-05
20,-0.08162780370937184,5.129674462978073e-12
21,-0.3704881046554209,9.118615502679006e-07
22,-0.44776504965989505,4.124970479524315e-06
23,-0.7370863525903362,0.00021510048976614016
24,-0.8054390362251025,0.00043286667404662804
25,0.03510613783177341,5.995204332975845e-15
26,-0.3568960634292071,6.768530992351529e-07
27,-0.04325881883485505,3.186340080674199e-14
28,0.8658487311271104,0.0007646145679556238
29,0.3232950220827111,3.075653824957669e-07
30,-0.7126483851971359,0.00016480971759413876
31,0.8924256460873377,0.0009695148082087268
32,-0.8869715820533042,0.0009239654553996335
33,-0.6974435315141052,0.00013898044773641427
34,-0.5048119848376802,1.0708583116469939e-05
35,-0.24450450155941894,3.306530227398241e-08
36,0.30391637177221753,1.8780298571829945e-07
37,0.5837209738284799,3.39375024289712e-05
38,0.07258831459279436,2.006173005497658e-12
39,-0.010518360208615407,0.0
40,0.1287064788007939,1.957731754487213e-10
41,-0.7532178955041171,0.0002551838204937207
42,-0.35075975072925125,5.894207281142982e-07
43,-0.6014262284673715,4.301363316205897e-05
44,0.7421611729882336,0.000227073195038896
45,0.5123339766671411,1.204462852077981e-05
46,0.28106364544447215,1.006200205377894e-07
47,0.16261305696949702,1.2698859741533397e-09
48,0.6420812966498008,7.223164579317487e-05
49,0.959329994933207,0.0017085926511568594
50,0.5538509595524423,2.236789332732414e-05
51,0.3475229579617338,5.474100277513827e-07
52,0.23336093135062108,2.2778924080313345e-08
53,-0.4352185207102872,3.2896764513568044e-06
54,0.38058093509406854,1.1297565032375445e-06
55,-0.6518441761947944,8.13999409917665e-05
56,-0.5507824101285663,2.140259998517635e-05
57,-0.5893307907982508,3.661265439725003e-05
58,-0.16379315020139296,1.345459299528784e-09
59,0.31372170363408824,2.4197187742380777e-07
60,0.6450323440527801,7.490293010059546e-05
61,0.34304772501244707,4.936444426562048e-07
62,0.058753710150845295,3.6970426720017713e-13
63,0.571268662837968,2.8600368267794885e-05
64,0.1384957662011581,3.5182623481233577e-10
65,0.5045234453139948,1.0660019858610426e-05
66,-0.9193177607855978,0.0012237681086374463
67,-0.0009445357387065645,0.0
68,0.8519748779176775,0.0006734516273720903
69,-0.4332935137366254,3.175582827696921e-06
70,-0.028506908814955878,1.2212453270876722e-15
71,0.4381370575200496,3.4694835590043382e-06
72,-0.7836364841067627,0.0003487008025778726
73,-0.17383641816863005,2.1651291870483647e-09
74,-0.10587764361200747,4.107869600034064e-11
75,0.20606107995161582,8.429369535711828e-09
76,-0.8641524309041004,0.0007529229048340857
77,0.16945388728591548,1.7653677408802082e-09
78,-0.8769944802382528,0.0008454325399782636
79,-0.6067818337718429,4.6145939132213876e-05
80,-0.22471388672155546,1.6846850581231365e-08
81,0.6638077830230718,9.40044202467627e-05
82,-0.00650103240758626,0.0
83,0.255410034796302,4.685387178238187e-08
84,-0.699425653548956,0.00014213379198735332
85,-0.5819542893364702,3.313110502523031e-05
86,0.18164913849163145,3.0768341208187167e-09
87,-0.31021916624734525,2.2123390386319386e-07
88,-0.6786921015822338,0.00011203395573511354
89,0.6435026879333408,7.350773915781872e-05
90,0.6930570073403022,0.00013221767237148185
91,-0.05586680189879578,2.4702462297909733e-13
92,0.9779793486729307,0.0019863556649964975
93,0.228909456655497,1.9530211115004192e-08
94,0.29373218140315505,1.4306873541425347e-07
95,-0.8666887796163174,0.0007704626966049677
96,0.15872070531968396,1.046271180804581e-09
97,0.954362415413345,0.0016405504767398327
98,-0.3741103508716759,9.854089263461319e-07
99,0.7057997486902852,0.00015270048417281856
100,0.39594032232188736,1.5485800967107721e-06
101,0.47911666675615905,7.068144812327759e-06
102,-0.014328858031670721,0.0
103,0.5934511662063002,3.8692898722159086e-05
104,0.37456480642389445,9.949925103835966e-07
105,-0.6612860858460188,9.121485748242453e-05
106,0.5318196060044629,1.6203735911601846e-05
107,0.25040250320602864,4.000006503801501e-08
108,0.6019875845308169,4.3333009223101016e-05
109,-0.2598359846699163,5.374494260745877e-08
110,-0.4045831775109823,1.839336080000642e-06
111,0.3443990799050831,5.093704359415696e-07
112,0.08828893685789185,9.60675983208148e-12
113,-0.21040302348051343,9.957832558527002e-09
114,0.621440678699952,5.5758076315859384e-05
115,0.6794782389838263,0.0001130646280218528
116,0.28220198798040697,1.0392017124605246e-07
117,-0.4547184141796359,4.663272342053659e-06
118,0.8326275300378081,0.0005621455215025772
119,-0.6307931989069264,6.276402979998874e-05
120,0.862906477884934,0.0007444344267748537
121,0.48492161907983933,7.778722333151578e-06
122,-0.6060962692591281,4.573419661513256e-05
123,0.7456371054031603,0.00023560452220150463
124,-0.7411874925927209,0.0002247321290590465
125,0.9601694730461254,0.001720329547274968
126,0.9198696130922961,0.0012295393296404278
127,0.21389893973939134,1.1359359453066986e-08
128,0.5505930650528772,2.1344245600407596e-05
129,-0.6547407851374396,8.430807182302491e-05
130,-0.46604219046544815,5.671603343304632e-06
131,-0.8654988496088936,0.0007621902072837416
132,-0.8722318007277607,0.0008100342244311554
133,-0.44793817663702185,4.137683703553385e-06
134,0.819678663974341,0.0004969123638498552
135,0.8512708444860173,0.0006690888718343668
136,-0.5074041961881266,1.1153602495372894e-05
137,-0.9166124413356576,0.0011958148045569938
138,0.3873602212195839,1.3004836327823455e-06
139,-0.08773041533193715,9.131362332936988e-12
140,0.2875294346289301,1.206553765786822e-07
141,-0.532707745397482,1.6419964028124845e-05
142,0.10622586856180649,4.217182159038657e-11
143,0.21626683439545347,1.2403951865636031e-08
144,-0.7280636222707653,0.00019516554236731487
145,-0.8208615363248821,0.0005025848603934513
146,0.8920391741244393,0.0009662242621220063
147,0.9153055371284897,0.0011825105598427532
148,-0.700335403885449,0.00014360183897088596
149,-0.001972396398881582,0.0
150,0.16233244278228676,1.2524716819228843e-09
151,-0.3611988763049978,7.447293022266877e-07
152,0.22544401802297354,1.7289201625914075e-08
153,0.9385659323885511,0.0014395450061814863
154,0.10872809509772541,5.080291742842746e-11
155,0.3449563602743897,5.159820299915907e-07
156,-0.6425885694026303,7.268483098754608e-05
157,-0.3681563992668966,8.670970477187012e-07
158,0.48714612526722245,8.06710056444615e-06
159,0.6630827078094286,9.319481552860776e-05
160,-0.368298164411653,8.69762780131289e-07
161,-0.5389489716390901,1.8011766477976643e-05
162,0.14846034960146626,6.131914975782138e-10
163,0.3279739639250414,3.4492831979537897e-07
164,-0.3751603438444442,1.0076744551001937e-06
165,-0.25259528953621824,4.2885023088246044e-08
166,0.008733823666922325,-1.1102230246251565e-16
167,-0.6423618770202684,7.2482004276897e-05
168,0.7118679222676016,0.00016338886131150865
169,-0.6809687355595009,0.00011504144354512746
170,-0.153588374301038,8.044737098700239e-10
171,0.266692827229136,6.61725459982776e-08
172,-0.7061905518856686,0.00015337001371207304
173,0.9437030188666098,0.0015024279238595728
174,0.8514389249439376,0.0006701281961125627
175,-0.14391641142349632,4.782473306264023e-10
176,-0.5284046854329358,1.5395294939435367e-05
177,-0.8903903898819365,0.0009522946296390833
178,0.8963770615605291,0.0010037205790910386
179,-0.8502706173180392,0.0006629328812451929
180,-0.19717289946085992,5.925982038412769e-09
181,0.8973944701550265,0.0010126955776880164
182,-0.8031544095298018,0.0004232900427793007
183,0.4844447659623268,7.718089410246876e-06
184,0.6789212066951833,0.00011233347776573588
185,-0.8420775757141767,0.000614332233894288
186,-0.35189800631941104,6.048495786448171e-07
187,0.6801198331346647,0.00011391190502663129
188,0.463693218843261,5.4480793154620955e-06
189,0.6356062261658677,6.66595208295151e-05
190,-0.26551398097842793,6.387242956762407e-08
191,-0.7431919244385581,0.00022957457148864435
192,0.09931494990337386,2.4623858507766272e-11
193,0.40297132417244774,1.7817533422004317e-06
194,-0.7479300466261893,0.0002413837551131781
195,0.4918120914195243,8.702455781217644e-06
196,-0.3395581154951488,4.5498122069886904e-07
197,0.7180203588252927,0.0001748846938453008
198,-0.6713469803062491,0.0001027925062346835
199,-0.8987760516505585,0.0010249945625020462
200,0.9704705298434566,0.001870144447970401
201,0.841203812667801,0.0006093366394674948
202,-0.8926492604433391,0.0009714231708710663
203,0.042250280322803535,2.631228568361621e-14
204,0.18783455522892822,4.021075694637943e-09
205,-0.5414386925348975,1.868335467758442e-05
206,0.14671742441674462,5.579409156908355e-10
207,-0.9592768374401697,0.0017078517893922562
208,0.685913227071663,0.00012181641075226235
209,-0.6438953423255991,7.386369919548663e-05
210,-0.4238383059079529,2.6638837838932616e-06
211,0.9002653742043363,0.0010383976578161036
212,-0.9062991306682613,0.0010942669943002636
213,0.6291694106119714,6.149533066290847e-05
214,-0.9220818347562771,0.0012529122561182326
215,-0.67540688740876,0.00010781485356003984
216,-0.7036031516550172,0.0001489843749871156
217,0.6420676998650903,7.221953270974968e-05
218,0.26103613625857314,5.575980777106082e-08
219,0.9665185591560643,0.0018113834767555792
220,-0.8239938481729678,0.0005178785836041921
221,-0.27916385478486827,9.531614675317712e-08
222,0.5419156347555472,1.8814470200023692e-05
223,-0.6718915357472519,0.00010345409035306119
224,-0.6708036908010158,0.0001021361349518024
225,0.39063987201810146,1.3908733288436892e-06
226,0.36477961097912726,8.056749375429106e-07
227,-0.27858968401493445,9.376204423983125e-08
228,-0.04943651047776587,9.29256671611256e-14
229,0.39589649098068125,1.547214496300242e-06
230,-0.3493040016332023,5.701902280330629e-07
231,-0.4039368715626499,1.8160548107548635e-06
232,0.5717776865275959,2.880323802834095e-05
233,0.6092383432216681,4.764794462164268e-05
234,-0.30060697671521686,1.720871848354122e-07
235,-0.5605689898357658,2.4614773023401426e-05
236,0.3478779871302755,5.518864100162446e-07
237,0.17068057105967172,1.8701546977695216e-09
238,0.38986042699584456,1.368908481569342e-06
239,0.8705449280358104,0.0007978090756186607
240,0.4725302465600074,6.331115787516772e-06
241,0.8323916120754424,0.0005608935948356875
242,-0.547778009514927,2.0492893342827223e-05
243,0.2804183759404075,9.879032469850557e-08
244,-0.31302469559363644,2.377147003684854e-07
245,-0.017638963673848984,0.0
246,-0.7874263440056106,0.0003622155296435503
247,-0.09221960289334441,1.3610890192694569e-11
248,0.917860822062577,0.0012086443570784589
249,0.25330999514871455,4.386383967158736e-08
250,-0.28422475834088123,1.1001833200019462e-07
251,-0.9176192384998338,0.001206152337359212
252,0.8050142570707746,0.0004310719793679807
253,0.6625217640887962,9.257265012208027e-05
254,-0.36675266092978154,8.410841855210904e-07
255,-0.3379427428204187,4.3799859683613107e-07
256,-0.11168473159018544,6.296196897181972e-11
257,-0.8449567225300685,0.0006310459266095636
258,-0.0935714330470443,1.529099069585982e-11
259,-0.2871832060785877,1.1950033085295075e-07
260,-0.7418296037978576,0.00022627361642069133
261,-0.09109351646256503,1.2336909271937202e-11
262,-0.7529523131584512,0.0002544746953512256
263,-0.17081163755053907,1.881665934178045e-09
264,0.0021473537776219853,1.1102230246251565e-16
265,-0.3078086918397316,2.078806156102786e-07
266,-0.12928012516657628,2.0286050617102092e-10
267,-0.6471389512432997,7.686209333335192e-05
268,0.6012627521543867,4.292101213254629e-05
269,-0.9174338523027785,0.0012042430373282453
270,-0.05152053184167382,1.2922996006636822e-13
271,0.7425934146227757,0.00022811923550880575
272,-0.8233824985997951,0.0005148622699692185
273,-0.9188563975990565,0.0012189612656521298
274,-0.573913062615607,2.9668023091899975e-05
275,0.3846297547424915,1.2291882347525984e-06
276,-0.4374984613463597,3.429423761303063e-06
277,0.5880999569624656,3.601047457046924e-05
278,0.42330217031342543,2.6371636779876084e-06
279,0.31354144415484275,2.408645520812769e-07
280,0.9332737043344594,0.0013771625906426888
281,-0.5726661323836306,2.916033289424025e-05
282,0.1681117469722222,1.6566357174951918e-09
283,0.8070845376478692,0.00043988038297604337
284,0.8468320283156472,0.0006421434156114181
285,0.7156195793453002,0.00017031775241771463
286,-0.932594298753386,0.0013693264844883979
287,-0.7938879610276881,0.0003863096181258019
288,0.2551074257532988,4.641232431712439e-08
289,0.31100835992927967,2.2576573122101706e-07
290,0.5762729715920911,3.064999566526616e-05
291,-0.870659235278642,0.0007986323958950603
292,-0.0999337042579207,2.587796643638285e-11
293,-0.5926027103638796,3.825631438114652e-05
294,0.8731206898640638,0.0008165413936188637
295,-0.7925160865923893,0.0003810808644680863
296,-0.8884018277246843,0.0009357265673026749
297,0.9255601443634276,0.0012904414054318858
298,-0.22828778851270082,1.9110445448333735e-08
299,0.41221309947506435,2.134544264453808e-06
300,0.513135597536404,1.2195236130274623e-05
301,0.3227565730395725,3.035016657992884e-07
302,-0.3334583014333701,3.9372208282539845e-07
303,0.8057356529530708,0.00043412372923834486
304,-0.05113756086713028,1.2179146580137967e-13
305,-0.21075836738794163,1.0093019975343509e-08
306,-0.357373882750621,6.841134809754124e-07
307,-0.44724036030929404,4.086649069923176e-06
308,0.511645941790658,1.1916658238297906e-05
309,-0.4193742055989993,2.4484368448263183e-06
310,-0.669946058814479,0.00010110742148339291
311,0.6066516467932008,4.606750267610593e-05
312,-0.10684223200495802,4.41688907670823e-11
313,0.29625312452218244,1.531693217815544e-07
314,0.5110092665143398,1.1799299044712441e-05
315,-0.5645471471839378,2.603602491646484e-05
316,-0.503565856099272,1.05002252673847e-05
317,0.27353698696810813,8.101320880804508e-08
318,-0.4556451053052397,4.739450417012847e-06
319,-0.3577487070741767,6.898564099966364e-07
320,-0.2993066553165802,1.662343426245272e-07
321,0.4722648066211712,6.302875786290407e-06
322,0.18662251077906866,3.818301341773633e-09
323,0.06235160105904125,5.946354519892338e-13
324,-0.9905060272721795,0.002194178508594713
325,-0.09972191996173341,2.5442536966124862e-11
326,0.12325139154002063,1.3846634949743475e-10
327,0.145962149085491,5.35384958588736e-10
328,-0.5046479316681032,1.068094817546772e-05
329,-0.82272388497174,0.0005116298548270004
330,0.8971116084136483,0.0010101933702167942
331,-0.13307346835006606,2.5564173000702795e-10
332,0.7957903803760422,0.00039366365052673213
333,-0.3861917092888696,1.269542272308577e-06
334,0.33681742801322656,4.2649789488979906e-07
335,0.3851951883014999,1.2436651936065246e-06
336,-0.6920746297699796,0.00013074302007654026
337,0.7122643675540297,0.00016410926368293222
338,0.6357555723190476,6.678369146373431e-05
339,-0.40929384971538685,2.0170450266698836e-06
340,-0.9450931171840367,0.0015198481217819637
341,0.12736699756024406,1.800609661373187e-10
342,0.8530941375579131,0.0006804383240013312
343,-0.7565844302341727,0.000264322866361133
344,-0.13938744132968872,3.703520823350459e-10
345,0.3984945465757965,1.6300002442237727e-06
346,0.48453455870183526,7.729475124840235e-06
347,0.06901100663134474,1.3390399900004013e-12
348,0.9770061842439672,0.0019709500386732026
349,0.5674233118883991,2.7107653106872576e-05
350,-0.05101343594684149,1.1945999744966684e-13
351,-0.06841326462368658,1.2490009027033011e-12
352,-0.4378906104686353,3.4539755268125916e-06
353,0.6366257611058217,6.751120729109328e-05
354,0.7133543463675096,0.00016610419266416265
355,-0.5999173733194032,4.2165337998611996e-05
356,-0.9510949539067652,0.0015970872832014038
357,0.5666858897976064,2.682929559871816e-05
358,-0.7776350242997248,0.0003281958568881471
359,-0.8558309402727269,0.0006977878994453013
360,-0.13533584765215156,2.9253421907071697e-10
361,-0.6585324210469516,8.825130464251707e-05
362,0.6293938717323377,6.16693645468791e-05
363,-0.9755147643980264,0.001947541150427723
364,0.090144841119153,1.134603522245925e-11
365,-0.971415287263649,0.0018844340402771609
366,-0.8159475200086246,0.00047938244689194054
367,0.4166248850390386,2.3234616446377032e-06
368,0.21783196709362085,1.3139661469985242e-08
369,-0.20987090312753454,9.758353569644385e-09
370,-0.26692578609535356,6.663555685015865e-08
371,-0.23455267862946716,2.3725045705802472e-08
372,-0.736667199996693,0.00021413663996161514
373,0.9141753819328715,0.0011711093493007585
374,0.8881008900010814,0.0009332411779114924
375,0.631025203196566,6.294714872034923e-05
376,0.4769375719596649,6.816424266364862e-06
377,0.5463264971083419,2.0065605035868295e-05
378,-0.6090770793834248,4.754805115547711e-05
379,0.9220487462736382,0.0012525598452053366
380,-0.8069496334386819,0.000439301680202675
381,0.11204371681413705,6.459865975472212e-11
382,0.5750553091042749,3.0139837693732296e-05
383,0.4908045856191192,8.561688328412309e-06
384,0.7553197981745792,0.0002608569639853675
385,-0.4449950281083057,3.926147087662812e-06
386,0.833732221785199,0.0005680400544417763
387,0.6301735416748941,6.22772135511207e-05
388,-0.45922067635602004,5.043658576786569e-06
389,-0.023782594036525495,3.3306690738754696e-16
390,0.6921587312904149,0.00013086870234102488
391,-0.34321894796990904,4.956132250155676e-07
392,-0.2514269855508098,4.132608277807037e-08
393,0.25149611364444446,4.1416925555815e-08
394,0.8651279967924759,0.0007596278242607557
395,0.4666990283466712,5.735521597771687e-06
396,0.8732397200424453,0.000817416197758436
397,0.08024806163444897,4.4756420791713936e-12
398,-0.06721104237149977,1.0839107389415403e-12
399,0.5587716573989849,2.3995168686674617e-05
400,0.8613973346420294,0.0007342642651244624
401,-0.6518986254477761,8.14537901620005e-05
402,0.7805692897766356,0.00033808627367681865
403,-0.23886335476536646,2.7440486216612214e-08
404,-0.2268853599274263,1.8192348849588313e-08
405,0.46487810428704734,5.559850224878815e-06
406,0.2493953988946802,3.8732955176534745e-08
407,0.7321001443428912,0.00020387564312851492
408,0.7867226195133756,0.0003596721526938351
409,0.9169634236130746,0.0011994098374655815
410,0.4526042015080647,4.493464058841212e-06
411,-0.3114416203204051,2.282879991710729e-07
412,0.5728925639790565,2.9251957954334884e-05
413,0.657497067783692,8.715893332555957e-05
414,-0.14848271956324055,6.139305730457068e-10
415,0.669258620484944,0.0001002893792075854
416,-0.17423962609267707,2.2056015902549575e-09
417,-0.8299091646451271,0.0005478663228549729
418,-0.6193011405957127,5.425475094156251e-05
419,-0.14460296503815107,4.96796825899537e-10
420,-0.8639019814595275,0.0007512099161421926
421,-0.2967359156690095,1.5517324070124516e-07
422,0.660951424124534,9.085012205156673e-05
423,-0.5098348301143651,1.1585457549867506e-05
424,0.7067119535907027,0.00015426726468581453
425,-0.8518474467564461,0.0006726601354408723
426,0.43035658777955077,3.0081700611583884e-06
427,0.531142209341253,1.6040489608348807e-05
428,-0.15265177286942833,7.660768686079678e-10
429,-0.07838218170823485,3.70803387994556e-12
430,-0.1633250312810528,1.3150229793978951e-09
431,0.4741047370072873,6.500906766571113e-06
432,0.4776610214704613,6.8991121582318016e-06
433,-0.9544353276120146,0.0016415319223507252
434,-0.9913463533488382,0.002208770000103777
435,0.6848655335485434,0.00012035255591835714
436,0.34414672568302507,5.064009322985896e-07
437,0.728220455454883,0.00019549781224259544
438,-0.10814423574383847,4.8661741303135386e-11
439,0.945791262708402,0.0015286629000285101
440,-0.6839812176785836,0.0001191289198179124
441,-0.14815963071267735,6.033303856511907e-10
442,-0.44512377951699156,3.93519947461396e-06
443,-0.5380171083812444,1.7765873604025373e-05
444,0.3284164873738884,3.486590893775343e-07
445,-0.428596055464173,2.9115548271230196e-06
446,0.05536053243701944,2.297051437949449e-13
447,-0.935982276237989,0.001408790554599526
448,0.6090148679103387,4.7509563626424445e-05
449,-0.5315569584665993,1.6140269076370117e-05
450,-0.14898278743545323,6.306586364246414e-10
451,-0.26774190920186536,6.828004139869392e-08
452,-0.8814768136289364,0.0008799661722229679
453,0.8763673815643871,0.0008406962349483127
454,0.5749073358880894,3.0078349584239383e-05
455,-0.7603888228625799,0.000274992008629793
456,0.26736862181368326,6.752351799921286e-08
457,0.7268810349470978,0.00019267587350391135
458,0.5018541485752688,1.0219792014543039e-05
459,0.5980827517864387,4.115356860634467e-05
460,0.33981318538704874,4.5771473811129226e-07
461,-0.9234968799430328,0.0012680640040132474
462,0.578031317070457,3.139996348466845e-05
463,0.06185277621262042,5.576650252692161e-13
464,0.5106126170710823,1.1726695126501596e-05
465,-0.4635935471598025,5.4387673192879404e-06
466,0.46958875111792975,6.024256057002297e-06
467,-0.5451319352290755,1.971980681858554e-05
468,0.5448073585164876,1.9626752203016906e-05
469,-0.7486264463798451,0.00024316323003659157
470,0.8031763302375345,0.0004233810469070898
471,0.6129638105335771,5.00071516638112e-05
472,-0.012335230599289426,0.0
473,-0.12788864898482877,1.8604351392781382e-10
474,0.41727141584011296,2.3523383630985606e-06
475,-0.6958955682305079,0.00013656033336384432
476,0.7842713694795076,0.0003509337596619977
477,-0.19888693231560883,6.350429959667281e-09
478,-0.16981276632362574,1.7954789877094868e-09
479,0.5265319743519252,1.4967075724792167e-05
480,0.6382407314812939,6.887970929603249e-05
481,-0.8241114469709694,0.0005184605572222667
482,-0.2227329650747587,1.569617336105722e-08
483,-0.3300175468761808,3.624533998491941e-07
484,0.2499674300865089,3.9448290412025244e-08
485,-0.9804344231384305,0.00202568515667112
486,0.6820079471632441,0.00011643747330047916
487,-0.9927539999144532,0.0022334008988943443
488,0.7594287034890135,0.00027226469699936917
489,-0.8514690656588766,0.0006703147191942094
490,0.4862851258663654,7.954395264353487e-06
491,-0.9562688485339739,0.0016663802381690074
492,0.3877362362383081,1.3105793494894158e-06
493,-0.15238094900296484,7.552775072028339e-10
494,0.8566751496342531,0.0007032165910229038
495,-0.5598744761052303,2.4373715132419704e-05
496,0.06361704589994055,6.983302824892235e-13
497,-0.7134266943611036,0.00016623735103094006
498,0.8872143925023053,0.0009259530292311524
499,-0.618679580171482,5.382469416403968e-05
500,0.22083961631462423,1.466121724025271e-08
501,0.23961782822074484,2.814057620259547e-08
502,0.8714767513354205,0.0008045422509294076
503,0.08949087731962391,1.0704104269620984e-11
504,0.3676162897318507,8.57006195342791e-07
505,0.5905623330797476,3.722394879690505e-05
506,0.33089839999715576,3.702441128128342e-07
507,0.16107732141915876,1.1771128516357976e-09
508,0.542203076080229,1.8893877313130858e-05
509,0.23421123155191204,2.3450523856105576e-08
510,0.5102902597303998,1.1667977316442979e-05
511,-0.6205939667343343,5.5158858123904864e-05
512,-0.25805402906511365,5.08707672652875e-08
513,-0.6219270547061904,5.6104843515147884e-05
514,-0.07841250821486989,3.719580199401662e-12
515,0.41275698612136713,2.1570839566775746e-06
516,0.7442963865626702,0.00023228139822573102
517,-0.2789227510417127,9.46608322838216e-08
518,0.7697212489414098,0.0003027649012475875
519,-0.7762885512067463,0.0003237422243576038
520,-0.4185187104970889,2.4089344643485333e-06
521,-0.3408612695519895,4.6909801953987085e-07
522,-0.9305264180262185,0.001345713513396074
523,-0.8806553567341175,0.0008735472471506078
524,0.48499881915306475,7.788577492284787e-06
525,0.3954677584559121,1.5339123597968296e-06
526,-0.8760174500855709,0.0008380633253747272
527,-0.9475207857496806,0.0015506910336038349
528,-0.7123177354628778,0.00016420645224379804
529,-0.2578216283711865,5.0506013926643334e-08
530,-0.6670484983584288,9.769828906347477e-05
531,0.7191261419187902,0.00017702379776496358
532,0.3320308752103587,3.8047508121863416e-07
533,-0.6040926483579256,4.4549142399263886e-05
534,-0.5540614337126679,2.2435473117976557e-05
535,-0.9072429865901583,0.0011032383342105545
536,0.6901783276342373,0.00012793692478141327
537,0.5425405528830762,1.8987479950993702e-05
538,0.18813609047139113,4.072961412582288e-09
539,0.9162673586317287,0.0011922893176248284
540,-0.21874984307868384,1.3588637770567402e-08
541,-0.21551006266729056,1.2061331489121585e-08
542,-0.3491677201357757,5.684183385090691e-07
543,0.25711756103073546,4.9414899061517303e-08
544,-0.23425048423639794,2.3481940836234116e-08
545,-0.06958445403537783,1.4306333895319767e-12
546,-0.07786284008725208,3.5160763189878708e-12
547,0.3708723011872177,9.194279247948245e-07
548,0.7364548101585462,0.00021364968141512897
549,0.09626597487675337,1.9188761690713818e-11
550,-0.3149810465178995,2.4983287705282464e-07
551,-0.9515866993335114,0.0016035638630059745
552,0.11467292332673873,7.776512767065924e-11
553,0.5231782483464895,1.4226121455851448e-05
554,-0.13508044115971174,2.881486160788427e-10
555,-0.8033196776943761,0.00042397657524140264
556,-0.3700532779037673,9.033637446975717e-07
557,-0.5797383768656086,3.2143314163568526e-05
558,0.8391730286968737,0.0005978620762014941
559,-0.09268511432600102,1.4170220552500723e-11
560,-0.43704017364725045,3.4009244105348557e-06
561,-0.4381435367782256,3.4698920944320477e-06
562,-0.797017156473866,0.000398470179678756
563,0.03989697998265518,1.6653345369377348e-14
564,0.6004871557458009,4.248394623829199e-05
565,-0.04254937271880843,2.7977620220553945e-14
566,-0.8212366730969303,0.000504395551656267
567,0.7216638666369279,0.00018201924486005439
568,0.37859209729619847,1.0835424250066339e-06
569,-0.30734915788774386,2.0541652634431529e-07
570,0.20330475650336943,7.56931362033697e-09
571,-0.964634565370075,0.0017839387965221665
572,-0.12764280263330496,1.832028972970079e-10
573,-0.8481992922595221,0.0006503409496847468
574,0.5042256859038745,1.0610106435215982e-05
575,-0.628134937490916,6.06987806596182e-05
576,-0.14933787171587176,6.427773868722397e-10
577,0.9298055562316643,0.0013375654877285648
578,0.2575246378752294,5.004321668167222e-08
579,-0.6541309337322487,8.368838576022775e-05
580,0.4839513346363542,7.655783211601985e-06
581,0.5508159472797032,2.141295031510282e-05
582,-0.4605199814963057,5.1583506756047726e-06
583,-0.9358219110387165,0.0014069005827369585
584,-0.6870573932991857,0.0001234327463752738
585,0.058972748351680204,3.808064974464287e-13
586,-0.9721936628582961,0.0018962780904763221
587,-0.9748174913051755,0.001936679875962577
588,0.18347306784436523,3.332629616714655e-09
589,0.3221957487893099,2.993190522104783e-07
590,-0.8643370349862134,0.0007541877042654965
591,-0.7772027309700784,0.0003267602207561726
592,0.005866870470676577,0.0
593,-0.7372712343693386,0.00021552682739989226
594,0.432321146121867,3.119276498875223e-06
595,-0.8943338846697888,0.0009859051417544507
596,0.21157394670501328,1.0409386019816225e-08
597,-0.2713463387287225,7.597499418476872e-08
598,-0.8703753432069865,0.0007965889654437674
599,-0.6639148199289204,9.412445293266458e-05
600,0.5177062912106862,1.3085778416965788e-05
601,0.5914521250423932,3.767112904229375e-05
602,0.0004387976655058079,0.0
603,0.5998890383965307,4.214954832459927e-05
604,0.8278518875400407,0.000537270253445632
605,0.2689486646371364,7.077666153154638e-08
606,-0.46724218891652036,5.788851794141792e-06
607,0.6945660144451171,0.0001345110583349518
608,-0.6756677980475474,0.00010814479810750122
609,0.20899131911421454,9.43627576077688e-09
610,0.8967790102804754,0.0010072580577497048
611,-0.8644435242716277,0.0007549181454744591
612,-0.3305017612340353,3.6671811176614e-07
613,0.8402770438197229,0.0006040765945652948
614,0.6102178413642485,4.825862512936041e-05
615,0.01449885918600069,0.0
616,0.2135089947203026,1.1194930649160995e-08
617,0.84979722754153,0.0006600365523287133
618,0.19468467114009136,5.3540059052892275e-09
619,0.563931118771849,2.5811365688577226e-05
620,-0.014912941800779178,1.1102230246251565e-16
621,0.42548089752427143,2.7472254562344034e-06
622,-0.6000318367737902,4.222917541096827e-05
623,-0.6622406752879642,9.226224609382161e-05
624,0.85490845863058,0.0006918975276070105
625,-0.42248518455463135,2.5968965577938263e-06
626,-0.9335312977127188,0.0013801437649261228
627,-0.9109660244575921,0.0011392511434493713
628,-0.21129071016286316,1.0298548680509612e-08
629,-0.7174567389032807,0.00017380307012138108
630,-0.8206679820463609,0.0005016528333422476
631,-0.0072589043906237105,-1.1102230246251565e-16
632,-0.4196847860262949,2.462917184864466e-06
633,-0.23836848091957652,2.698959900016007e-08
634,-0.7056651690159113,0.00015247051007094559
635,-0.5691873968506973,2.7783790565560906e-05
636,0.9565189595161852,0.001669794947238623
637,-0.8362143614198987,0.0005814807601211003
638,-0.6154431788674435,5.1633093420710985e-05
639,0.7223755122642552,0.00018344193854535895
640,0.7750137614525294,0.0003195742202520835
641,0.2865669370690238,1.1746830896885996e-07
642,0.18481993592865953,3.533275449996154e-09
643,0.13330655585882867,2.592444037219366e-10
644,-0.6604026448792679,9.025477704327489e-05
645,0.13553545005533718,2.960021117104361e-10
646,0.17633106661592435,2.4263335784979745e-09
647,-0.6525499280763976,8.21003246124219e-05
648,-0.6955640871294633,0.00013604688634250017
649,-0.4149509153858306,2.2501290800613916e-06
650,0.41105047081052626,2.087051455768041e-06
651,-0.2092690042368488,9.536936240728267e-09
652,-0.6338940509354918,6.525027698789376e-05
653,-0.46953811182099514,6.0190890983635725e-06
654,0.9823894074591015,0.0020574842647097524
655,-0.23232818800302235,2.198589066360057e-08
656,-0.8622191538672619,0.0007397874621893896
657,0.4186956216244606,2.4170573450499333e-06
658,-0.11606406719294693,8.563783016057869e-11
659,-0.34145725647949443,4.7568076444459706e-07
660,-0.14159275759803536,4.198816849765308e-10
661,0.3545945482578192,6.428169400107819e-07
662,-0.52302173571631,1.4192338488872025e-05
663,-0.812132444107647,0.0004620163734382343
664,-0.7910742589711803,0.00037565191068300585
665,-0.5924516482997169,3.817903543779089e-05
666,0.84521967822881,0.0006325919043367323
667,-0.15049413802554534,6.836639032670178e-10
668,-0.06106378140385993,5.032640970625835e-13
669,-0.5445380084157532,1.9549821842157478e-05
670,0.9149277019547655,0.0011786882219000372
671,-0.9737512370066228,0.0019201725790507496
672,-0.3466024848653777,5.359516963565625e-07
673,0.4100995586561611,2.0488959558973008e-06
674,0.871374801749077,0.0008038031873011109
675,-0.987999515077514,0.0021511501640751884
676,0.6299283480181059,6.208549456754309e-05
677,-0.025692529559167232,5.551115123125783e-16
678,-0.05663588136687747,2.7544633240950134e-13
679,0.001086087513462175,-1.1102230246251565e-16
680,0.4867076175248666,8.00952671964339e-06
681,-0.7452746666921095,0.0002347021230133528
682,-0.6263542777072781,5.9348706919704064e-05
683,0.5253823371665476,1.4709376646715455e-05
684,-0.7853024944718803,0.00035458682928424246
685,-0.8874089311054754,0.0009275481409828368
686,-0.16496686818729933,1.4244979640309907e-09
687,-0.40966542587168586,2.031679863900848e-06
688,0.29385084804969863,1.4353078836570887e-07
689,0.004160520731117945,0.0
690,0.8774437541777025,0.0008488400107836691
691,0.838416870460821,0.0005936377657729253
692,-0.5336118120393876,1.664265092160555e-05
693,-0.2518566801984401,4.189359004147519e-08
694,0.938828767596855,0.001442706036019592
695,0.2515819800005725,4.1530007433010496e-08
696,-0.9504186869878488,0.0015882174945216487
697,-0.16959515825204696,1.7771677462974367e-09
698,0.07960514736612234,4.196865077688017e-12
699,0.8944523915075069,0.0009869309095923429
700,0.31240462319115214,2.339826071784401e-07
701,0.7322480894104624,0.00020420120550657117
702,-0.319707447313609,2.813628998676876e-07
703,-0.9360708621995477,0.001409835521547942
704,-0.9412393765512923,0.00147197954503131
705,0.4053288992675672,1.866522079563282e-06
706,0.1570725420683634,9.624991914591874e-10
707,-0.6377805355506454,6.848730569186667e-05
708,-0.6813843096417194,0.00011559794804483214
709,-0.5269242842458994,1.5055911530059696e-05
710,0.3727465221513737,9.57130872669687e-07
711,0.7366205744133876,0.00021402965612193903
712,0.18265378707057645,3.2155179630066755e-09
713,0.9096610951431399,0.0011265142281583485
714,-0.41456202213703963,2.2333849193367783e-06
715,-0.21663499481070936,1.2573688312755849e-08
716,-0.9578740962752945,0.0016884020077378992
717,-0.361557117869457,7.506396424439288e-07
718,0.035972642269721744,7.327471962526033e-15
719,-0.7243388746394803,0.00018741731397187156
720,-0.41359800116434275,2.1923465026718603e-06
721,0.5763733184636379,3.069237130748359e-05
722,0.9271567733750803,0.0013079921770750014
723,0.22362891795767093,1.6207804542922588e-08
724,-0.45023256718319327,4.309427816262534e-06
725,-0.7890663299174787,0.0003682034767478193
726,-0.24293247917068506,3.140475623997219e-08
727,0.3857973584212593,1.2592463052296665e-06
728,0.30177298047515944,1.774878306548544e-07
729,0.527121337576635,1.5100706170279032e-05
730,0.7740158792645555,0.00031634422015092145
731,-0.26167921155331797,5.686636339596873e-08
732,0.49282042105128254,8.845356579190167e-06
733,-0.5020933258338645,1.025857980796463e-05
734,0.2910757177110235,1.3305996182655377e-07
735,-0.8495693781654385,0.0006586464296863825
736,-0.7949099000314963,0.00039024505800688836
737,0.4904381921580643,8.51099135223965e-06
738,-0.9110437701248244,0.001140013917071525
739,0.695494073406379,0.00013593865396677174
740,-0.5721196509789304,2.894023048227723e-05
741,0.6909952541646602,0.00012913929336288987
742,-0.4938246110335338,8.98970180640557e-06
743,0.6923045951451527,0.00013108693238017555
744,0.3181930598752736,2.7090193233103577e-07
745,-0.8447992205672663,0.0006301215083833744
746,-0.3225478939447253,3.0193941324974105e-07
747,-0.2510578519148823,4.084393956382826e-08
748,0.711897180593934,0.00016344193397288542
749,0.8726730043315107,0.0008132584331483894
750,-0.8226561190206114,0.0005112982685396839
751,-0.76608643921441,0.00029167087546655424
752,-0.1671872154481664,1.5851869816785324e-09
753,-0.2737475546874595,8.15125296149688e-08
754,-0.11641872490225191,8.775324911169946e-11
755,0.079445302190988,4.12991862930312e-12
756,-0.4268995396513242,2.821027862309755e-06
757,-0.7493548192039243,0.00024503660362318325
758,-0.7990281944736479,0.0004064598575185263
759,0.07058509550469783,1.6038281813735011e-12
760,0.6699800899555832,0.00010114806859717884
761,0.858433933064543,0.0007146443852512618
762,0.516465890750859,1.2838666151426814e-05
763,0.8743429920548618,0.0008255634236372655
764,0.9901482829368977,0.002187991998223282
765,-0.27672490876442923,8.886639990546286e-08
766,0.9830637012054799,0.00206855196662048
767,-0.08815225835166562,9.4885210799589e-12
768,0.03454786253080777,5.218048215738236e-15
769,0.6317926441786599,6.355620428977193e-05
770,-0.07438741786656355,2.4401591858236316e-12
771,0.6568949674517244,8.65291066072249e-05
772,0.016943848849138243,0.0
773,0.5923199434255448,3.811177015411449e-05
774,0.19525041733380633,5.479626974391749e-09
775,-0.8093939828813779,0.00044989056560362783
776,-0.7527577047633878,0.00025395616492174256
777,-0.9501934020796972,0.001585272200244514
778,0.4093919212578807,2.0208986837300102e-06
779,-0.18180787885079464,3.0983925425331904e-09
780,-0.12948922786862105,2.0549928425595e-10
781,0.9854643035313959,0.0021083747870810354
782,-0.005394236260485297,0.0
783,-0.4555681897168029,4.733086536479192e-06
784,-0.4464481460195282,4.029377604575224e-06
785,0.1155309753884306,8.254230632331883e-11
786,-0.1212475523530463,1.214546241357084e-10
787,0.26150805839035574,5.656999702008392e-08
788,0.8088739251882717,0.0004476192950731983
789,0.3170986616478473,2.635552935892349e-07
790,-0.979286250431312,0.002007208610846245
791,0.30899386205154045,2.1435530406233028e-07
792,0.41935300052481295,2.4474509078276085e-06
793,-0.76929724834395,0.0003014521609624454
794,0.11756375699961663,9.489786734206973e-11
795,-0.6367442908182372,6.761083567918824e-05
796,0.14392528212203626,4.784830309745303e-10
797,-0.8832571390410271,0.0008940184593844158
798,0.2392775598638126,2.7822924852927144e-08
799,0.2552659394712733,4.664316133329294e-08
800,-0.2803703079826092,9.86551973447547e-08
801,0.9602870991571475,0.0017219796690448597
802,0.3279693961481054,3.4488999289816746e-07
803,-0.6729981292282943,0.00010480993202766076
804,0.18639871151850973,3.781854496232029e-09
805,-0.04392285544534369,3.608224830031759e-14
806,0.3829454802741956,1.1869339547887492e-06
807,0.2601679114331852,5.4295722362596166e-08
808,0.8793752950266951,0.0008636257689598192
809,-0.24874244950801083,3.793031588816831e-08
810,-0.6536882905421288,8.324109305324345e-05
811,-0.3920742157117574,1.4320989407679008e-06
812,0.977382081221823,0.0019768883364853496
813,-0.3967565483280555,1.57420335744618e-06
814,-0.1397708205727437,3.785759483676543e-10
815,0.5668047269481287,2.6873984304787157e-05
816,-0.8351859230548369,0.0005758786510261515
817,0.48628018942464135,7.953753064615654e-06
818,0.8443563385879547,0.0006275284251174851
819,-0.33960697028274844,4.555036773323806e-07
820,-0.3172286173145853,2.644184660116622e-07
821,0.7805807151782529,0.00033812528573839984
822,-0.9140058002084843,0.0011694068343468533
823,-0.4903128355583548,8.493706322387773e-06
824,-0.49196656316088183,8.72421599107387e-06
825,-0.16468986631776494,1.4054872821134268e-09
826,0.7994671617891802,0.0004082222336808661
827,0.6370087591225317,6.783359249351584e-05
828,-0.6146988514854244,5.1140201617672076e-05
829,0.8217851874901074,0.0005070532966641172
830,-0.1822571351142439,3.1601234962153057e-09
831,0.06515045719200341,8.449907440422066e-13
832,0.7565767390646629,0.00026430166716462367
833,0.8015177701675607,0.00041654335128704645
834,0.38410762688206823,1.215951008326499e-06
835,-0.7110073184200332,0.00016183447778861382
836,-0.6484248516481588,7.807980658847136e-05
837,-0.05982601978787794,4.2721381987576024e-13
838,-0.3889870321411326,1.344656678781142e-06
839,0.9616308711597503,0.0017409284191700625
840,-0.6724152692884278,0.00010409387302812156
841,0.976058503232073,0.00195604745011857
842,0.9576081407391774,0.0016847361248607529
843,-0.21065083560819553,1.005194227854389e-08
844,-0.966191085343898,0.0018065869609624752
845,-0.9165266540343608,0.0011949375275319696
846,0.14361974857136484,4.704212575035172e-10
847,-0.11369109409666045,7.259703949102914e-11
848,0.010185139009988298,0.0
849,-0.3000276581534722,1.694577524968821e-07
850,0.4391799934013132,3.535786936348373e-06
851,0.19042722790389388,4.486711779883024e-09
852,-0.09746566743671159,2.1187052112736637e-11
853,0.7348087589455103,0.00020990824105981964
854,-0.1076637794560591,4.6959436339477634e-11
855,0.4687824243790897,5.942441179684899e-06
856,-0.9141900591458645,0.0011712568021797765
857,0.030917182412623534,2.1094237467877974e-15
858,0.9003318266457563,0.0010389992215480426
859,0.2523191565438736,4.2511995590466256e-08
860,-0.7051434001869832,0.00015158174252649648
861,0.20923013125412426,9.52278877974777e-09
862,-0.029182188241245077,1.3322676295501878e-15
863,0.09138656667884115,1.265809679296126e-11
864,-0.09069479877703723,1.1911693853505767e-11
865,-0.31401241538367275,2.4376708185336327e-07
866,0.4003415620437307,1.691183151408815e-06
867,-0.627460328782719,6.018418515074675e-05
868,0.007459255343208682,0.0
869,-2.479463705640228e-05,0.0
870,-0.3099565100560515,2.197433801587323e-07
871,0.006418726100788197,0.0
872,0.41921993958011905,2.441272105357939e-06
873,0.106640892050331,4.350764193361556e-11
874,-0.167176773645896,1.584395725728882e-09
875,-0.6943165306661041,0.0001341295208533433
876,-0.5753618287239699,3.026755621793331e-05
877,-0.026918842845804702,6.661338147750939e-16
878,0.21332167450735318,1.1116685905143697e-08
879,0.31261885715731963,2.352662060722821e-07
880,-0.4881161566557175,8.19574568722281e-06
881,0.9466177626206074,0.0015391555558194048
882,-0.984269890985477,0.002088478811913985
883,0.6027544633939796,4.377265463773039e-05
884,-0.6015024585969637,4.3056882515712935e-05
885,0.48099332311957044,7.291393403274782e-06
886,-0.07555843609161284,2.76489942052649e-12
887,-0.3866567517959689,1.281778339468076e-06
888,0.9630337439123959,0.001760903155541782
889,-0.9702388487786962,0.0018666546126998584
890,0.554116208389595,2.245308954107461e-05
891,-0.25987703868003087,5.381279943872386e-08
892,0.894838324112686,0.0009902778760809694
893,0.8713337726431727,0.0008035059211987106
894,-0.4356456176620047,3.315469863207632e-06
895,-0.5396770843157315,1.8205956153205527e-05
896,0.8675791098812651,0.000776703227925335
897,0.6670696005847805,9.772275034569677e-05
898,-0.9421954323099695,0.0014837313718050194
899,-0.06341964102105946,6.811218256075335e-13
900,0.601915262259227,4.329174677741854e-05
901,-0.6830164677567203,0.00011780635552949281
902,0.609711778862803,4.794226773285892e-05
903,-0.5454727331733671,1.981792592775644e-05
904,0.5918222752496765,3.7858529266521224e-05
905,-0.8324090121427572,0.0005609858475440488
906,-0.24616986700909238,3.4907713608589575e-08
907,-0.16047215238180557,1.1422173207265018e-09
908,-0.9296559994075893,0.0013358803916231343
909,0.4028174232997024,1.7763385756763839e-06
910,0.49723159078709056,9.494866945569669e-06
911,0.8091296873872322,0.0004487350478685759
912,-0.8464307133545144,0.0006397544055636306
913,-0.7555743630546665,0.0002615514391468565
914,-0.8978340304202206,0.0010165946213257504
915,0.9422902216166231,0.0014849009417383652
916,0.9029532922880432,0.0010629727482919238
917,0.505206815987812,1.0775348804004103e-05
918,-0.3620379188231839,7.586363871547874e-07
919,0.31408044790870093,2.4418887378807597e-07
920,-0.5923894474812832,3.8147254891152116e-05
921,0.04138339309656014,2.2426505097428162e-14
922,0.45668951556969595,4.8266057763868275e-06
923,-0.6510162970020443,8.058499774199479e-05
924,0.3709432064064626,9.208303133334539e-07
925,0.9211594174857272,0.0012431201529469194
926,0.7904886527143924,0.0003734661882299761
927,-0.055757859977885404,2.433608869978343e-13
928,-0.14900736431903616,6.314908596039004e-10
929,-0.5024442602902357,1.0315723988796321e-05
930,-0.8731088613939395,0.000816454505506603
931,-0.701771444483192,0.0001459460176574945
932,-0.17708445119194494,2.510450958226329e-09
933,0.20783757627095967,9.027926739513248e-09
934,-0.7630516259940121,0.0002826806784789193
935,0.6890925393960965,0.00012635393384363702
936,0.93799223279846,0.001432666172514696
937,-0.5471528026554575,2.030788520479554e-05
938,0.027418886965665523,8.881784197001252e-16
939,-0.2481987493854212,3.7273107600377386e-08
940,0.30952051390798085,2.1728855870151165e-07
941,-0.528902511150146,1.5510911775984404e-05
942,-0.03243942387432419,3.1086244689504383e-15
943,0.19708531759721026,5.904976951853769e-09
944,0.5141144039893599,1.2381359356883337e-05
945,0.8402262220943164,0.0006037892910704112
946,-0.5866086956768657,3.5292464908742716e-05
947,-0.6889361794253503,0.0001261273844506139
948,-0.9716493478128525,0.0018879888314874416
949,-0.2668040616931229,6.639327487789615e-08
950,0.5146907694213032,1.2492112557827006e-05
951,0.6848833270400387,0.00012037728883163012
952,-0.016610070877623118,0.0
953,0.7760240940509608,0.0003228737007338056
954,-0.5008706234286022,1.0061633965774419e-05
955,0.17861061761107666,2.6887037041234407e-09
956,0.41383104323183284,2.2022062624582617e-06
957,0.22068841821976037,1.4581203910957186e-08
958,-0.08662096891050997,8.247624805335363e-12
959,-0.17641420635142668,2.4354936956072493e-09
960,0.31610238325362694,2.570193661233233e-07
961,-0.5577758146350977,2.3657758058237555e-05
962,-0.46366593275787094,5.445528684089318e-06
963,-0.19967866873497053,6.555304299382669e-09
964,0.5437183246040549,1.931732382642881e-05
965,0.47161312378093156,6.234009513383931e-06
966,-0.4639112079808212,5.4684938445292985e-06
967,-0.5831701819462984,3.368427929162365e-05
968,0.24332184726568884,3.180910279620974e-08
969,0.6450491235627243,7.491836162620835e-05
970,0.9936741249916916,0.002249629485462701
971,0.10944202032373096,5.3533066868283186e-11
972,-0.6415470018202536,7.17569836221621e-05
973,-0.9411295407785074,0.0014706346286219585
974,-0.9584184734788634,0.0016959271741783244
975,-0.06065239574058423,4.767297667740422e-13
976,0.016833746341004874,0.0
977,-0.01717499931085409,0.0
978,0.8703991478029878,0.0007967601343092934
979,-0.7601703286476691,0.00027436927521684584
980,0.7708253519674688,0.0003062066496115623
981,0.45545426819027424,4.723674548734458e-06
982,-0.4107297826490022,2.0741150221770255e-06
983,-0.4052012055224856,1.8618421303573385e-06
984,-0.8550592681902038,0.0006928575367215473
985,-0.8163590385694417,0.0004812891202107261
986,-0.12682917503350444,1.7406998065183643e-10
987,-0.7968766736662263,0.00039791719184467667
988,-0.5524083052611604,2.1909440867218244e-05
989,-0.9118990798974869,0.0011484347793859762
990,0.7087353904100895,0.0001577927040673499
991,-0.11012291388574003,5.625533372466407e-11
992,0.0909125610370971,1.2142287175720412e-11
993,-0.9626862508617864,0.0017559369741563247
994,-0.4190531602550944,2.4335468029601515e-06
995,0.1529299887946154,7.773115484610571e-10
996,0.9897903393123471,0.0021818171729148794
997,5.585176261813096e-05,0.0
998,-0.14613328640090106,5.404247049867195e-10
999,0.22289785247186433,1.578925701295475e-08
