,data,labels
0,-0.042712904928603246,2.886579864025407e-14
1,-0.6175911359719937,5.307875423621322e-05
2,0.07108145759011175,1.6961987370223142e-12
3,0.8989281638699023,0.0010263565699368815
4,-0.49806499754047917,9.62214547994833e-06
5,0.007495808088622269,0.0
6,0.6192664650003368,5.4230680319622415e-05
7,0.3224375514370226,3.0111619064854267e-07
8,-0.8462379977776782,0.0006386099248095745
9,-0.20167584087082524,7.097996301830278e-09
10,-0.217518965083491,1.2989552655717773e-08
11,-0.020770863722564092,1.1102230246251565e-16
12,0.8116820693818727,0.00046000283048741597
13,-0.20426679491245325,7.860341266763271e-09
14,-0.7389759612331401,0.00021949270522858555
15,-0.40560683378970697,1.8767438588751517e-06
16,0.6466405055587552,7.639454773322729e-05
17,0.35762531847924284,6.879612587384898e-07
18,0.5355637642487294,1.7132454213864e-05
19,-0.6003565946096834,4.241075494026969e-05
20,0.08530215866984436,7.295053450206979e-12
21,-0.16720763872725897,1.5867357427978845e-09
22,0.8335906879159649,0.0005672818563103865
23,0.49782781095828343,9.58577147658346e-06
24,-0.5369932071794454,1.749907569681408e-05
25,0.8149846690341345,0.00047494693326421977
26,-0.8693664189462191,0.0007893635054195824
27,-0.8132522881146629,0.00046705622738363317
28,-0.46542478727893966,5.612090433038119e-06
29,-0.46582039989824153,5.6501613424631e-06
30,-0.8151085198662709,0.0004755154638320658
31,0.983153802806231,0.002070034773701712
32,0.8789859871373205,0.0008606277959501973
33,-0.46018718406512793,5.1287592458537645e-06
34,-0.6872814962856817,0.00012375150871868357
35,-0.945353750861075,0.0015231337101166975
36,-0.4556129682251089,4.7367905352535544e-06
37,-0.6013637523350801,4.2978215414546383e-05
38,0.8859543692138996,0.0009156790533945136
39,0.40126749574165954,1.7226028801164972e-06
40,-0.5881549029566171,3.6037171333158646e-05
41,0.07318240155814926,2.141398169897002e-12
42,-0.9325444991948859,0.001368753632275399
43,0.20417489111900866,7.832122839168676e-09
44,-0.35296779589135974,6.196709214645324e-07
45,-0.5255560825439183,1.4748072771464393e-05
46,-0.9064574213342573,0.0010957671121868406
47,-0.1493810768467576,6.442658628813547e-10
48,-0.5814499894565015,3.2904006515233064e-05
49,0.2703390297247912,7.375178479041011e-08
50,-0.26670092642781995,6.618859593743309e-08
51,-0.553790250352685,2.2348433623364805e-05
52,-0.18895092160641092,4.216112570176733e-09
53,0.2350591239037083,2.4137400411738952e-08
54,0.2881674901907765,1.2280956795951425e-07
55,0.012991131847346349,0.0
56,-0.7378176063861419,0.00021679106206584642
57,0.3460346601790154,5.289882576420268e-07
58,0.3254326499440243,3.2417124395944796e-07
59,-0.08410906288659792,6.517897332969369e-12
60,0.9735641821355026,0.0019172892836906152
61,-0.2741098758947884,8.237800497301606e-08
62,-0.9502966375895707,0.0015866212759749754
63,0.08340265158135907,6.0925708922354715e-12
64,-0.48502854851823773,7.792375570692123e-06
65,0.21382115966917148,1.1326394155908304e-08
66,0.5303523902570355,1.585196386610921e-05
67,0.9888477769301061,0.0021656293613137034
68,-0.39981436113817637,1.6735182483129663e-06
69,-0.623149080616634,5.6984406265114806e-05
70,0.3754677466327456,1.014275674227072e-06
71,0.11840099802765391,1.0043921250257881e-10
72,0.5985316495267254,4.139915333134514e-05
73,-0.2028692325615684,7.440692062488097e-09
74,-0.009376167258780432,0.0
75,0.9920088879349283,0.0022203335050506867
76,0.5898998299896929,3.689400895379169e-05
77,-0.5087948840246321,1.1398935142348243e-05
78,-0.352497133368471,6.131115113383601e-07
79,0.599472116504598,4.19178131833009e-05
80,-0.10860927685184185,5.0360826620021726e-11
81,-0.0884504090603675,9.748313267721187e-12
82,-0.027272660773225876,8.881784197001252e-16
83,0.11780274148699377,9.645162446503264e-11
84,-0.2394162679087941,2.7952032688460804e-08
85,-0.9703860089792373,0.0018688706470203487
86,0.5849995336550124,3.453171997591653e-05
87,0.43770721783825417,3.4424745987138294e-06
88,-0.28164471164709726,1.022929458915911e-07
89,-0.6600485082481287,8.987239731084173e-05
90,0.5185111418333008,1.3248331481197084e-05
91,-0.9554778920898033,0.0016556213011474918
92,-0.02396584114854261,2.220446049250313e-16
93,0.2087842639194446,9.361824426790122e-09
94,0.9099827476900944,0.0011296422246559468
95,0.6880251624755898,0.0001248144353499514
96,0.28760290900864893,1.2090174439371992e-07
97,0.30561966371550575,1.9637005521655482e-07
98,-0.07958285995773373,4.187428181978703e-12
99,0.10646665525505128,4.294220534717397e-11
100,0.8711656179256595,0.0008022885953791192
101,-0.462503422158697,5.337823983153633e-06
102,-0.10662104817007756,4.344291593127991e-11
103,0.8600845399148103,0.0007255156522084638
104,0.031369532359543095,2.3314683517128287e-15
105,-0.03820560907951687,1.1879386363489175e-14
106,-0.8385049035545367,0.0005941282289397831
107,-0.2518794913297464,4.192390679058633e-08
108,-0.5654941527311517,2.638471393945352e-05
109,0.6204194836969217,5.503607630008567e-05
110,0.6454162239360399,7.52566648171138e-05
111,0.2928862928321856,1.3981259516793187e-07
112,0.5073281744267262,1.1140325287928299e-05
113,0.15984630008519574,1.1070845351568437e-09
114,-0.3165547403165352,2.599692078275595e-07
115,-0.9306053615499632,0.001346608435679686
116,0.19661613793617239,5.7935577446599495e-09
117,0.7875531723187812,0.00036267556732827444
118,0.3392484536470508,4.516818373767606e-07
119,-0.7393022353823089,0.00022025894534394297
120,0.1863212717876772,3.769314416146585e-09
121,0.9991313004158364,0.002347995824844351
122,0.8713966404751761,0.0008039614532527883
123,0.8948786565709437,0.0009906282236461506
124,-0.45300966508093543,4.525604891725266e-06
125,-0.440209658447273,3.6023293645826016e-06
126,0.6055532872492824,4.541036375804719e-05
127,-0.1440783732169666,4.825676525044287e-10
128,-0.1030861640440559,3.317501828803415e-11
129,0.36237190230378036,7.642349638681267e-07
130,-0.8706749789179689,0.0007987458503171396
131,-0.5063322909198384,1.0967663550132123e-05
132,-0.2394930871362586,2.8023760201278947e-08
133,-0.9480322374709542,0.0015572576591122989
134,0.3991209557366415,1.6505298648938904e-06
135,0.019808327263155068,1.1102230246251565e-16
136,0.19801400466535002,6.131057772584825e-09
137,0.7205264556590183,0.00017976531404573226
138,0.6768106913924554,0.00010960047215846647
139,0.7723245390500952,0.00031093440807994366
140,-0.5747621795587352,3.0018138297727148e-05
141,-0.7984037778546054,0.0004039643319165842
142,0.8021105991392481,0.0004189762825930199
143,-0.10184132035968751,3.0103031178896344e-11
144,-0.05286626184737142,1.5876189252139739e-13
145,-0.31477998618845304,2.485630532511607e-07
146,-0.8809413944734381,0.0008757777389397647
147,-0.7112750321001713,0.0001623166248631014
148,-0.06269452482078286,6.212808045802376e-13
149,-0.5509580936871215,2.1456868422697895e-05
150,-0.028852922575683282,1.3322676295501878e-15
151,-0.6280226422562432,6.061285613934153e-05
152,-0.6821294742683559,0.00011660168668436999
153,-0.9812916961666287,0.002039576439569424
154,-0.7404534044009681,0.00022298103745665987
155,-0.6900551158504753,0.00012775642783857677
156,0.989006220064468,0.002168343206030654
157,0.949709423197262,0.0015789608445345715
158,0.8067575608216317,0.0004384788821564234
159,-0.6644186937077363,9.469129921313435e-05
160,0.3899114749812731,1.3703376886553542e-06
161,-0.6067434270497993,4.6122787339841764e-05
162,0.28577205615062384,1.1489200013592438e-07
163,0.31521589961902374,2.513233002821025e-07
164,0.3023987713587557,1.8044698135710746e-07
165,0.8087092046406121,0.00044690198521657454
166,0.381446951609125,1.150412051176275e-06
167,-0.15212575282816232,7.452233274918285e-10
168,0.06631085120144165,9.729994587814872e-13
169,-0.26981664015857376,7.262139112285126e-08
170,0.4253510736796051,2.7405565974358836e-06
171,0.4126496449427115,2.152619143158674e-06
172,0.9324570186691188,0.0013677478331863835
173,-0.05756152270252679,3.1386004906153175e-13
174,-0.36214368176964973,7.604054048648834e-07
175,0.4350418980578923,3.2790611099731137e-06
176,-0.3153659146422345,2.5227938704741604e-07
177,-0.41977829488784857,2.4672915166501497e-06
178,0.4509275775396817,4.362665319224135e-06
179,0.54073892058997,1.8492424082472425e-05
180,0.810259437018167,0.00045369250896609703
181,-0.3567640552328004,6.748591666605464e-07
182,-0.09087562244149128,1.2102874258346219e-11
183,-0.7202027547731107,0.00017912831486632808
184,0.14821541868436272,6.051492640324341e-10
185,0.7194234303220368,0.0001776027625651766
186,-0.903382308419912,0.0010669414935485788
187,0.6598330352032433,8.964043101011843e-05
188,-0.7026807779454292,0.00014744756919538027
189,-0.923757747612014,0.0012708745558359658
190,-0.48816607300078285,8.202413732449898e-06
191,-0.6274490714899383,6.017563037197249e-05
192,0.6570989841304824,8.674207258230204e-05
193,-0.6106446602295739,4.852685744050067e-05
194,-0.8268457705713497,0.0005321533762007169
195,-0.3423765705937041,4.859930144984759e-07
196,-0.5973971520065016,4.078093896719981e-05
197,0.6665461075000574,9.711750017837861e-05
198,0.015239883047612368,-1.1102230246251565e-16
199,-0.5284454747311926,1.540473963113076e-05
200,0.17696717251037897,2.4971912315763234e-09
201,0.603727011018351,4.433579688434275e-05
202,-0.8773508113306436,0.000848134119094679
203,0.9528609523294933,0.0016204526014399478
204,-0.30895576636060484,2.141444742642662e-07
205,0.49690868650000786,9.445949145869825e-06
206,0.04662009455551508,5.81756864903582e-14
207,0.3369681318899833,4.280226144626198e-07
208,-0.16383255131596686,1.3480490057560246e-09
209,0.7302413623981832,0.00019982359606496303
210,0.67621468247127,0.00010883923619986469
211,0.6142693839832369,5.0857679095073216e-05
212,-0.8158487669398229,0.000478925875914582
213,0.4879446614072045,8.172872632994377e-06
214,0.06979244638802817,1.4652723479002816e-12
215,0.7474114665359153,0.00024006602321502424
216,0.17094604146926629,1.893534662400498e-09
217,0.2646154877369864,6.21665757760681e-08
218,-0.8120241352923394,0.00046153144632121723
219,0.5148309259824413,1.2519175053071763e-05
220,-0.16646664479540596,1.5313843526598703e-09
221,0.6255357285522796,5.873692423863375e-05
222,0.5054895255903578,1.082337770796915e-05
223,-0.4406359931196946,3.630199873483342e-06
224,-0.21107840839729186,1.0216147927621932e-08
225,-0.611386145820551,4.8995931107187474e-05
226,-0.8800416729333993,0.0008687784403597076
227,0.5676746020903378,2.72030821749647e-05
228,0.5879830336363634,3.5953722088089e-05
229,0.3309292727659514,3.705198012848854e-07
230,0.8472526286269602,0.0006446555433295975
231,0.8882656932696031,0.0009346015471107805
232,0.21644773479189228,1.2487101797020728e-08
233,0.6898474700618036,0.0001274527424403038
234,0.09530844352736745,1.771438551401161e-11
235,-0.9835352054917026,0.002076321745363763
236,0.6119349754952144,4.934566846948041e-05
237,0.6264140995161527,5.939363459828151e-05
238,0.2166777816418941,1.2593545761774294e-08
239,-0.1359645886342966,3.035799389650151e-10
240,0.39770119603332144,1.6043197558213151e-06
241,0.42945748512907445,2.958484628612368e-06
242,-0.8486136417652754,0.0006528430916794559
243,0.11096476957652501,5.978817441132378e-11
244,0.06657794650747628,1.0048628595882292e-12
245,-0.18762707455374716,3.985710317344626e-09
246,0.693557586749918,0.0001329746486977701
247,-0.6492321026780248,7.885280894770474e-05
248,-0.2249036645323157,1.6960864934745246e-08
249,0.2091105251049521,9.479373508369804e-09
250,0.731232885002917,0.00020197625331974667
251,0.3773742186243427,1.0560658190161831e-06
252,-0.16980107287048973,1.7944908892175704e-09
253,-0.1262066715726069,1.6735390850897147e-10
254,0.7600622791841178,0.00027406177546396293
255,-0.7329717277759626,0.00020580014344295794
256,0.3846901646098986,1.230727868728465e-06
257,-0.7065659994441447,0.00015401564106198862
258,-0.542078877804935,1.8859531118575745e-05
259,-0.7050066147638558,0.0001513494932404713
260,0.39427084814341695,1.497303546149631e-06
261,0.05427136531157872,1.9595436384634013e-13
262,-0.7706691245814785,0.0003057175951446389
263,-0.6337721451421243,6.515093724868137e-05
264,-0.07071195547112907,1.6271428648906294e-12
265,-0.793852930733377,0.0003861753319652772
266,-0.09238883126348973,1.3811840560151722e-11
267,-0.37587140220975646,1.0230012031930968e-06
268,-0.2083898555897299,9.221426511274444e-09
269,0.5740326829707307,2.97171294662002e-05
270,0.8904941723016229,0.0009531662580199995
271,0.18301304196965362,3.266420467440412e-09
272,-0.22509381889240032,1.707578156651124e-08
273,-0.1844599006122558,3.478632049080943e-09
274,0.6137026132308712,5.0486915232905716e-05
275,-0.7974572873649906,0.0004002070112346656
276,-0.6827357870914821,0.00011742398286251898
277,-0.46073701850954163,5.177729212157978e-06
278,0.015456796068666234,1.1102230246251565e-16
279,-0.513309321150806,1.2228090904287114e-05
280,0.3906424496368961,1.3909464741113098e-06
281,-0.8666455657156431,0.0007701609114997288
282,0.03841155365419047,1.2323475573339238e-14
283,-0.628544308532937,6.1012916984459764e-05
284,-0.1268783579767223,1.7461054824252642e-10
285,0.006007442821716946,0.0
286,0.30468456777944963,1.9162545927819963e-07
287,0.3352880332504229,4.1129097905212575e-07
288,0.5864698754705207,3.522626556695663e-05
289,0.28794896460421304,1.2206803079450879e-07
290,0.39543074240448095,1.532768575063237e-06
291,0.13479321460084304,2.832855061640771e-10
292,0.9370086631154493,0.0014209391891493173
293,0.7200241474196181,0.00017877768168472752
294,0.5049015286731147,1.0723693182446148e-05
295,-0.870536550274881,0.0007977487621534385
296,-0.5823670210664849,3.331798388539475e-05
297,0.5713692364089005,2.8640352473963127e-05
298,0.623645916488099,5.7345428975508206e-05
299,0.4743050621140079,6.522792008079037e-06
300,-0.67068147321374,0.00010198898261903899
301,0.3944053113549879,1.5013778239536535e-06
302,-0.58899980873681,3.644986628370539e-05
303,-0.6513534998561872,8.091606963667175e-05
304,0.7877834069968317,0.0003635119837136491
305,0.25484528160978503,4.603276626546915e-08
306,-0.9833634152490978,0.002073487941743779
307,-0.5938074890992886,3.887754054776593e-05
308,0.9936840475307345,0.0022498050482531173
309,0.9008064951817627,0.0010433049825149254
310,-0.8769688764236863,0.0008452387087356517
311,0.23527354423248137,2.431386403323188e-08
312,0.18955870191656055,4.325735214472104e-09
313,0.5060057667373097,1.0911562961735122e-05
314,-0.3535537964440405,6.279233909500803e-07
315,0.5428927359217011,1.9085592589562772e-05
316,0.8901080595760966,0.0009499269467544424
317,-0.6947010074436779,0.0001347178978625685
318,0.43126184443084936,3.0589302232320037e-06
319,-0.2410071094909889,2.9470663132080688e-08
320,-0.654159452748696,8.37172759949878e-05
321,0.5874492006239593,3.569559871163808e-05
322,0.4398185821064824,3.5769282665798485e-06
323,0.05976388061939919,4.235500838944972e-13
324,0.9295176679329027,0.0013343234140505977
325,0.5908304804015472,3.735822104256048e-05
326,-0.45542705916212145,4.721429007648048e-06
327,-0.9326558059687913,0.001370034298746159
328,0.7885443694612784,0.0003662884177625392
329,0.06880124264866194,1.3068435222862718e-12
330,0.4578041562759432,4.9211623077694e-06
331,-0.6046763015562868,4.4891552350434516e-05
332,-0.19482477997155923,5.384879431247214e-09
333,-0.9380337825030249,0.0014331634068486254
334,-0.8446635209512534,0.000629325997104413
335,-0.8339160712880163,0.0005690262522713985
336,0.8207619200737286,0.000502104987861518
337,0.2228885340146749,1.5783983564610082e-08
338,-0.14451694369557533,4.944388232175356e-10
339,0.660766984983788,9.064965215799248e-05
340,-0.13960214818024497,3.749381916051675e-10
341,0.3752729485608486,1.0100881777663773e-06
342,-0.7824786489690723,0.00034466037089253554
343,-0.7098021543528039,0.00015967940460659413
344,-0.9245188535806776,0.001279105510605505
345,0.8743793540547506,0.0008258331382932083
346,0.47361957580241754,6.448168973882673e-06
347,0.5373276030251939,1.758582220812155e-05
348,0.3294710793298863,3.576925143855547e-07
349,0.43345127218187085,3.184801235289747e-06
350,-0.40427618424507106,1.8282452493023627e-06
351,0.7392435049624841,0.0002201208480931971
352,0.7402853561348679,0.0002225818496983667
353,-0.6171185215319799,5.2757674764203344e-05
354,-0.28710327100363475,1.1923503873134678e-07
355,-0.602688505290591,4.3734689179952824e-05
356,-0.14626131296448985,5.442221118201473e-10
357,0.3694186948587068,8.91086295862209e-07
358,0.637077554471309,6.789164225540212e-05
359,-0.13889506224218096,3.600194586894645e-10
360,-0.7057560454361451,0.00015262576955443752
361,-0.18432862238898817,3.4588923947254102e-09
362,-0.030048262464459796,1.7763568394002505e-15
363,0.5833423176914803,3.3763240058215516e-05
364,-0.0003237762686221224,0.0
365,0.27906029963948953,9.503420195233758e-08
366,-0.17302564644749396,2.0857090499148967e-09
367,0.8548566942680913,0.0006915682773900311
368,-0.3626074007983604,7.68204303835951e-07
369,0.24366121494303927,3.2165230812175594e-08
370,0.5044488783393233,1.0647501000882187e-05
371,-0.1666664695814124,1.546142214259305e-09
372,-0.5784277181243735,3.157122919428268e-05
373,0.3925106690335938,1.4448533607325231e-06
374,-0.46411621580958684,5.487753585442512e-06
375,0.42136624212405827,2.5426185737975615e-06
376,0.6093914470589479,4.774295266818385e-05
377,0.3102439845576095,2.2137519894993574e-07
378,0.3402380485901837,4.622997571424037e-07
379,-0.187233857625124,3.919432112198251e-09
380,-0.37607121162684587,1.0273445516517654e-06
381,-0.7644966255480805,0.0002869307570154689
382,0.3347549197400994,4.0610272367125333e-07
383,0.27593913488095145,8.687137875718065e-08
384,-0.9833517263505389,0.002073295246791451
385,0.19758574746364643,6.025879017990121e-09
386,0.3174156811359632,2.6566529198746025e-07
387,-0.5438914729413704,1.9366234274564853e-05
388,-0.1211205063441918,1.204407684696207e-10
389,0.5762712937864285,3.0649287575679196e-05
390,0.45806754548248385,4.943740765539495e-06
391,-0.3250986298942915,3.215259208877441e-07
392,-0.9165084236456758,0.0011947511721130954
393,0.5393408765840386,1.8116062854955928e-05
394,-0.15795520623900816,1.0066018019116996e-09
395,-0.8987970854759824,0.0010251828051266454
396,-0.7048210683842477,0.0001510349473704542
397,-0.516191844844226,1.2784623314554544e-05
398,0.7609331392013094,0.0002765487212890161
399,-0.9881430100011654,0.002153593604359183
400,0.3287385269562053,3.513962244516833e-07
401,-0.2669073833526281,6.65988781900495e-08
402,-0.6582594324382711,8.796213095663141e-05
403,-0.3052723226144811,1.9459582578651435e-07
404,-0.8860170162118068,0.0009161875166295852
405,-0.17415721399228712,2.197275916770991e-09
406,0.055177113386607246,2.2370993946196904e-13
407,-0.7596270308945356,0.00027282612887757907
408,0.6987323762698479,0.00014102385238712323
409,0.4159052174001583,2.291682893895697e-06
410,0.5488759838387891,2.0821360385836485e-05
411,-0.8377717029051823,0.0005900540337180349
412,0.6316206994912998,6.341930125186579e-05
413,-0.6677746680166723,9.854312313251068e-05
414,0.825411814126511,0.0005249338057872199
415,-0.9595106481092905,0.0017111125168870478
416,-0.6842980094028233,0.00011956601630203068
417,-0.7065858612972433,0.00015404986170175494
418,0.9327712126185286,0.001371363234590861
419,-0.670838983488879,0.0001021786624212373
420,0.9130510176410083,0.0011598613217406184
421,-0.06603986542356255,9.416911694870578e-13
422,-0.6290726469598333,6.142043796175667e-05
423,-0.9868327692181855,0.0021313717516782127
424,0.055482600068560206,2.3381296898605797e-13
425,0.7692747095888084,0.0003013825179246643
426,-0.9584930841197481,0.0016969608122107127
427,0.13851731478270946,3.522642177955504e-10
428,0.3944000612697376,1.5012185632379271e-06
429,0.5840748554171091,3.4101071615610934e-05
430,-0.20438574296487477,7.89699527992127e-09
431,-0.6742620651659053,0.00010637746454211783
432,0.25967881611106347,5.348585507825021e-08
433,0.42502131810668375,2.7236810644648557e-06
434,0.9811094104559483,0.0020366157853169975
435,-0.5278637919211622,1.5270528798905225e-05
436,0.07375270286752866,2.2785107134382088e-12
437,0.93019380754001,0.0013419486259476088
438,-0.3795032150058315,1.1045046016677773e-06
439,-0.998077293080849,0.002328712124867738
440,0.9273642931901449,0.0013102884499772705
441,-0.13935016859891136,3.6956082638539556e-10
442,-0.8736714565358163,0.0008205960476771468
443,-0.5672972729101742,2.7059899025516643e-05
444,0.6955993133787253,0.00013610137003949863
445,0.6526287357780218,8.217885772410227e-05
446,0.22363724454883815,1.621262690765235e-08
447,-0.6221349098279665,5.62536083897891e-05
448,0.1374105158879424,3.303762818873679e-10
449,-0.5828958376577449,3.355876699040472e-05
450,-0.6522303202921724,8.178250025048239e-05
451,0.3318292564573473,3.7863575153007645e-07
452,0.8036409814806886,0.00042531405808765577
453,-0.5335125521390751,1.6618073475194173e-05
454,0.6388480555888711,6.940056496018698e-05
455,0.9520678099956434,0.0016099224029481052
456,-0.9120023942471005,0.001149455593859483
457,0.811545269475991,0.00045939273526263147
458,-0.6297511310964614,6.194724754504666e-05
459,0.06339160869173432,6.787903572558207e-13
460,-0.8125061415009489,0.000463692916519709
461,0.06330994669060108,6.717959522006822e-13
462,-0.21617443091342414,1.2361666135163318e-08
463,0.8804018213497651,0.0008715743297967871
464,-0.37282925550931245,9.588258617077017e-07
465,-0.4748036266043958,6.577538931074045e-06
466,-0.23344332816555857,2.2843259728233534e-08
467,-0.05758878413823609,3.148592497836944e-13
468,-0.21894990198687747,1.3688257638477808e-08
469,-0.5020934239526562,1.0258595746437393e-05
470,0.734408685271718,0.00020900754217345607
471,0.968986526738852,0.0018478883041698202
472,-0.1446713117966527,4.986776547255545e-10
473,-0.6199200983658666,5.468597967939193e-05
474,0.36231922855983956,7.633496015291286e-07
475,-0.965559079461271,0.0017973610769893567
476,-0.7599501952595948,0.00027374311077299485
477,-0.6488620928184536,7.849767363943272e-05
478,-0.1452472681669037,5.147744452926872e-10
479,0.045607262391576864,4.873879078104437e-14
480,0.3041445096036135,1.8893115782958603e-07
481,0.23989328501756924,2.8400041984788515e-08
482,-0.77126044470361,0.00030757225234001595
483,-0.6375628634741866,6.830237883548307e-05
484,0.3197881411016037,2.819300822798354e-07
485,0.9347575406926505,0.0013944121668475473
486,0.8499123343878077,0.000660739794434928
487,-0.23404428438395986,2.3317313191384414e-08
488,-0.24471445242941425,3.329278530639357e-08
489,0.5442480536445125,1.9467300587994174e-05
490,-0.13256077658162524,2.4787139007997894e-10
491,0.5538110989102336,2.2355114746797078e-05
492,0.3714715836637552,9.31339734555614e-07
493,0.8740545966706186,0.0008234269620013279
494,-0.15241374761049964,7.565782444984848e-10
495,-0.11230689319885401,6.582234757246397e-11
496,0.5587648601985606,2.399285151544195e-05
497,0.25895865906311055,5.2312612908167466e-08
498,-0.2553713063968228,4.6797157704503434e-08
499,0.5086654689746573,1.137590791244758e-05
500,0.7775359120471768,0.00032786622371239194
501,-0.37510737710932074,1.0065408377890606e-06
502,0.9767688198597759,0.001967208201867021
503,0.22728629664919908,1.8450796890334686e-08
504,0.7124431484038793,0.00016443503958396555
505,-0.28303351199007976,1.063902628217761e-07
506,0.7369665739744211,0.0002148246719808622
507,-0.3529291353355255,6.191298249635935e-07
508,0.48953141573908576,8.38664790192567e-06
509,-0.6686497625958856,9.956966638380305e-05
510,-0.6572476281162933,8.689752428647779e-05
511,0.4475801734655911,4.111432145958993e-06
512,0.4799215321004773,7.163150536948493e-06
513,-0.613504209542652,5.035768354089143e-05
514,-0.5177258807438607,1.3089714091085725e-05
515,-0.9923838455085237,0.002226901015604077
516,0.5186578521063703,1.327815115181874e-05
517,0.6438502292439534,7.382272581391014e-05
518,0.7220999031445299,0.00018288980772585006
519,-0.02704485935398604,7.771561172376096e-16
520,-0.501533745527349,1.016803228670593e-05
521,0.6284286979038751,6.092405840885107e-05
522,0.32905070239879697,3.5406742804333646e-07
523,0.9162774562195943,0.0011923923499362887
524,0.2713243618893255,7.592587147886576e-08
525,-0.770176440098985,0.0003041797409629732
526,-0.6944174913946994,0.00013428380723001787
527,0.13739826514140097,3.301410256284498e-10
528,-0.7178346714204165,0.00017452770222048386
529,-0.4237162153484568,2.6577782932246663e-06
530,-0.8492308806638889,0.0006565859315664779
531,-0.5151028007987115,1.2571816605411179e-05
532,-0.7132834935275663,0.0001659738761562446
533,-0.4352168801732328,3.289577714227221e-06
534,-0.03690252393709259,8.881784197001252e-15
535,0.7392060339031612,0.00022003277894555584
536,-0.23846043243274417,2.707288393466456e-08
537,0.04420572779388898,3.808064974464287e-14
538,0.7002125044346583,0.00014340275051738516
539,-0.12185509111329007,1.2640777313777107e-10
540,-0.2530165413830725,4.345960535889759e-08
541,-0.748253048532076,0.00024220769171534595
542,0.9274336536622136,0.0013110567249997596
543,0.253152622306573,4.3646650738082826e-08
544,-0.8403358909194092,0.000604409415172813
545,0.4475322541330955,4.107929390095855e-06
546,0.7324750428097175,0.00020470150993290304
547,0.6826264488962763,0.00011727532365157778
548,-0.4626032147994168,5.346996058031017e-06
549,0.59287193124796,3.8394378052086786e-05
550,-0.4241300439588651,2.6785226162617803e-06
551,0.4462939038546261,4.018308873976473e-06
552,0.3052025720956557,1.9424123243183544e-07
553,0.8010353725224699,0.0004145726943192152
554,-0.9213150950563327,0.0012447681068573635
555,-0.03130150405912624,2.4424906541753444e-15
556,0.8524566032298526,0.000676451000804823
557,0.7806272488563324,0.000338284215533724
558,-0.3288368828782082,3.522359233176786e-07
559,0.8984485110872098,0.001022067100049484
560,0.8573559706137015,0.0007076212937497939
561,-0.5129325850994877,1.215693984979449e-05
562,0.5130783109149759,1.2184418931693308e-05
563,-0.7385829511210695,0.0002185728189342262
564,-0.2855134551767844,1.1406456079665617e-07
565,-0.9686537997368561,0.0018429299026518908
566,0.9829414995803063,0.0020665423583785536
567,0.12786132369704917,1.8572599014277102e-10
568,0.9126358357892244,0.0011557316458509215
569,-0.9471259627452631,0.0015456382610568031
570,0.5686798749790576,2.7587777550519554e-05
571,-0.880739745856931,0.000874204791093014
572,-0.479598412766284,7.124876690745019e-06
573,-0.5497380391582594,2.1082459326970948e-05
574,-0.7559222356318953,0.0002625030661047578
575,-0.7367181066262849,0.00021425349992576503
576,-0.567457759893067,2.7120717666195837e-05
577,0.8552284465079139,0.0006939358525125394
578,-0.07712425562720515,3.2578384434600594e-12
579,-0.4857166829194912,7.880741209942421e-06
580,0.9547998687309487,0.0016464465217097546
581,-0.529445656805968,1.5637917278321645e-05
582,-0.375620206907463,1.0175636248055397e-06
583,0.7539531174641103,0.0002571558930075657
584,-0.3148199005629362,2.4881468818627184e-07
585,-0.9256507724440148,0.001291432127294434
586,0.824894334052388,0.0005223494183848043
587,0.3782140925982451,1.0749481791361148e-06
588,-0.558155719820228,2.3785985781898944e-05
589,-0.8158308015063798,0.0004788428558908375
590,-0.013172937992282252,-1.1102230246251565e-16
591,-0.5963576232497709,4.022155649030523e-05
592,-0.05005710063151292,1.0269562977782698e-13
593,-0.8000447116356377,0.0004105511110505944
594,-0.6052977349957904,4.525864612325847e-05
595,0.9273941554607901,0.0013106191731482308
596,0.4502596875090896,4.311494536168858e-06
597,0.5253933872895535,1.4711835061298473e-05
598,-0.8490597807852136,0.0006555465463028431
599,0.9627241085763334,0.0017564774260072635
600,-0.27076951138233984,7.469483143118794e-08
601,0.4956142206564824,9.252047568852895e-06
602,0.008708375281654135,0.0
603,-0.06720210462584664,1.0828005159169152e-12
604,-0.2835234235814905,1.0786947490792897e-07
605,-0.1533114739180541,7.929504830528344e-10
606,0.30596659631923884,1.9815629748176633e-07
607,-0.4713395611652429,6.2052972346071655e-06
608,0.6880772104505866,0.00012488912457386814
609,-0.9310067454515791,0.0013511666068630745
610,0.1841877484365002,3.4378189184280927e-09
611,-0.10654110995537791,4.3183123743517626e-11
612,0.8764479225827198,0.0008413032469837267
613,0.8394447153108595,0.0005993862289871421
614,0.39682054483616325,1.5762279248487943e-06
615,0.6523389152365486,8.189036879968636e-05
616,-0.011583476357951428,1.1102230246251565e-16
617,0.24004994006358804,2.8548534092287525e-08
618,0.5106798189911399,1.1738968470842437e-05
619,-0.7887273941736059,0.00036695894227889436
620,-0.12915000387266207,2.0123347432843275e-10
621,0.7285185477058511,0.00019613071360047307
622,0.699330198838428,0.00014198051860137006
623,-0.19439768301809157,5.291250215755383e-09
624,0.990979758229322,0.002202394107045147
625,0.5384395602027567,1.787698163213669e-05
626,-0.11142670481101091,6.180789213772186e-11
627,-0.5110865739138561,1.1813495208068403e-05
628,0.8048824354603541,0.0004305163488294017
629,-0.6249175553225035,5.827855174755925e-05
630,-0.37645101700393657,1.035644991875806e-06
631,-0.2979922913648023,1.6049588058564268e-07
632,-0.43540197337223385,3.300734049083154e-06
633,0.05902126166006694,3.8336001040306655e-13
634,-0.5846850120898646,3.4384709488577414e-05
635,-0.5684309182826464,2.7492068162326966e-05
636,-0.1349281217455578,2.85560575186139e-10
637,-0.023959197675607502,2.220446049250313e-16
638,-0.4568433696937859,4.839562323111224e-06
639,0.6558055488444878,8.53995917202699e-05
640,-0.6680695040089604,9.888795052381827e-05
641,-0.5242406914710511,1.4457308311732753e-05
642,0.32722587405464987,3.3870072724262457e-07
643,0.5347291740662357,1.6921513034118263e-05
644,-0.19047562967283937,4.495834926565578e-09
645,-0.6205020548308753,5.5094150992363033e-05
646,-0.7352262237958604,0.00021085169221346511
647,0.874608874185304,0.0008275373670200148
648,0.3836641858240175,1.204806659105273e-06
649,0.16925870022729494,1.7491771364674946e-09
650,0.8890389704830193,0.0009410075782285698
651,-0.9721652429196135,0.0018958445100766275
652,0.6864686453872886,0.00012259871978903547
653,-0.1894933246229209,4.313824852886228e-09
654,0.6730607626126432,0.00010488713345591094
655,0.9715915083520861,0.0018871098552981636
656,0.20215631968501868,7.234273513567757e-09
657,0.4382478523324673,3.4764752689930845e-06
658,-0.29897351220314583,1.6476314423918836e-07
659,0.7867112479206824,0.0003596311816891351
660,0.4373666515626917,3.4212056748694764e-06
661,0.7646049531271901,0.00028725160093856505
662,-0.9872721902925097,0.0021388021414658898
663,0.10462134404203471,3.733846565268095e-11
664,-0.29374150662577536,1.4310499796277298e-07
665,0.2121670086363785,1.0644850445551413e-08
666,0.25754418281258573,5.007355896591292e-08
667,-0.2811950735223874,1.0099630187720976e-07
668,-0.4027407000093548,1.7736445574456638e-06
669,-0.9667710275530081,0.0018150889185758468
670,0.8933462227050999,0.0009773920972370176
671,-0.863842738834071,0.0007508052121120157
672,0.23479060657583672,2.3917996139211084e-08
673,0.8597218102967974,0.0007231144011796697
674,-0.1575660393245082,9.869438599707792e-10
675,-0.8001550445177954,0.0004109973221764207
676,0.9879234400303663,0.0021498557281428576
677,-0.9403283957978763,0.0014608569659371184
678,0.06813073020950733,1.2084777623044829e-12
679,-0.3749968491327407,1.0041788574000066e-06
680,0.8496491903005157,0.0006591330786310801
681,0.15004619871909552,6.675621166962742e-10
682,0.4398845828459279,3.581204128133564e-06
683,0.7992510940891553,0.00040735393173207957
684,0.88685051936838,0.0009229758566871027
685,-0.3586061789671968,7.031529747347776e-07
686,-0.7748361301628599,0.00031899716425964897
687,-0.8187050555394932,0.0004922852232075448
688,0.6388799229939328,6.942798970543951e-05
689,-0.8892360832293469,0.0009426465945701068
690,-0.07960274840331394,4.195865876965854e-12
691,0.9471414628235411,0.0015458363547304899
692,0.625235541959134,5.851394645572938e-05
693,0.9037978845915942,0.0010707981626100205
694,-0.6212983216199905,5.56569352599956e-05
695,0.32129383307599846,2.9269820900346133e-07
696,-0.5161305746032157,1.2772567789864908e-05
697,-0.2372128370415878,2.596181669645148e-08
698,0.5245700074174349,1.4529629485116047e-05
699,0.5965107388081015,4.030352730099995e-05
