,data,labels
0,0.9057416785815791,0.0010889982099133722
1,-0.4744046717987813,6.533698148958322e-06
2,-0.6169578665572146,5.2648916978315086e-05
3,0.7037877983633325,0.00014929369205496368
4,0.9833931169470458,0.002073977652846115
5,0.6083305639572176,4.7088003212070184e-05
6,0.10468124487166719,3.750966204307815e-11
7,-0.04637701066065847,5.562217353372034e-14
8,-0.19808441928900233,6.148504150260692e-09
9,0.8482974627824698,0.0006509330200723529
10,0.5563838799043794,2.319308070952708e-05
11,0.254239766390832,4.516639962037772e-08
12,0.7396883880234806,0.00022116881374301123
13,0.25485512166787405,4.604696446364187e-08
14,0.41570472889209786,2.282897709426912e-06
15,0.7264724899453994,0.00019182222219982226
16,0.8521967152400061,0.0006748314184057413
17,0.198753389339837,6.316431599984185e-09
18,-0.5802152818631967,3.23537080928471e-05
19,0.31342529325038604,2.40153391284359e-07
20,-0.3571311244198483,6.804163512619255e-07
21,0.8729815544624155,0.0008155198580150902
22,0.9135312174739971,0.0011646536719386313
23,0.41324735339897356,2.1775836251958225e-06
24,0.8822643995179591,0.0008861588349964311
25,0.34580003603886555,5.26134143474799e-07
26,0.7590624985634606,0.00027123067226120234
27,-0.7264480745467785,0.00019177131082415144
28,0.337526591194796,4.3371434310657264e-07
29,-0.9486260536018889,0.0015649120135845518
30,-0.699854480152865,0.00014282414533517418
31,0.09352109164378009,1.522526549280201e-11
32,0.9283437123755398,0.0013211732970332957
33,0.02649741815161688,7.771561172376096e-16
34,0.7017068415968366,0.00014583984941052286
35,0.2503463387571736,3.992845820643964e-08
36,-0.14433162127980448,4.893917493475897e-10
37,-0.6944520943438819,0.00013433672237905814
38,-0.5744555698730054,2.989130103037141e-05
39,0.8365586020185052,0.0005833664531254001
40,-0.20613258215712893,8.452772592981717e-09
41,0.07673620238850942,3.1289415503010787e-12
42,-0.6951765278090287,0.00013544870903692274
43,0.09248524692511362,1.3927636821620126e-11
44,0.15249738566464277,7.599040285910519e-10
45,0.3683772617836012,8.712532260091166e-07
46,-0.47136966440986927,6.208451114098068e-06
47,-0.9505191170027438,0.0015895320088448184
48,0.4741735341604354,6.508415522854527e-06
49,-0.1902138563122997,4.446686685533052e-09
50,0.9726292852636758,0.0019029347981538436
51,0.8553148840903924,0.0006944873543264229
52,-0.5536884547615242,2.231583723866226e-05
53,-0.843569416519673,0.0006229438415280564
54,-0.32116488764629425,2.9176217564153006e-07
55,-0.10256344650870108,3.1853297777217904e-11
56,-0.42335056061316645,2.639565721551662e-06
57,-0.7795520404660752,0.00033462852145083044
58,-0.9611249782254143,0.0017337736329142706
59,-0.5995959386023373,4.1986520232351054e-05
60,-0.08677483633057492,8.365530490550555e-12
61,-0.4796599539431583,7.132152519240265e-06
62,0.793466292821069,0.0003846958763782382
63,-0.4407137561578467,3.6353036799718907e-06
64,-0.9386668733623362,0.001440758277846954
65,-0.8511946346079866,0.0006686180901099847
66,0.16995304286852053,1.8073702534593394e-09
67,-0.9423028897929595,0.0014850573101927722
68,-0.7704829825535664,0.00030513578278978937
69,-0.20727343698259415,8.833947351405413e-09
70,0.9492827406111424,0.0015734147469608217
71,0.9595149253029793,0.0017111722169340648
72,-0.6382582711797109,6.889470386106655e-05
73,-0.6520984945671422,8.165172265528486e-05
74,-0.7350532175493123,0.0002104602593996363
75,0.0748396989460518,2.5613955401126987e-12
76,-0.6114589691177352,4.9042212500016724e-05
77,0.29845014303316053,1.6247486833709246e-07
78,-0.322971561844539,3.0511853943426814e-07
79,-0.12116381169483925,1.2078560374106928e-10
80,-0.15348962858152837,8.003476770213069e-10
81,0.11724572082263407,9.286416080556137e-11
82,-0.6343700014555944,6.563938870707275e-05
83,0.07108477480415187,1.6968648708370893e-12
84,0.9835675383495663,0.0020768554742024437
85,-0.7130180903922276,0.00016548652250292228
86,0.4423422386797111,3.7436349061836793e-06
87,-0.13552342507870407,2.957921685364795e-10
88,0.16788712453463428,1.639022584321026e-09
89,0.025713052440378803,4.440892098500626e-16
90,-0.46723813530686353,5.7884521931228505e-06
91,-0.0054166659877592505,0.0
92,-0.5994458697096368,4.190326182151871e-05
93,0.41748014421322277,2.361727717281603e-06
94,-0.3271343378855005,3.3794551013155427e-07
95,0.3190104824208122,2.765054153419655e-07
96,-0.9087106665137052,0.0011173153999777252
97,-0.6533663012887962,8.29170314309291e-05
98,-0.23500474952265393,2.409282984228156e-08
99,-0.42376226360968716,2.6600796322329145e-06
100,0.572884514549834,2.9248696471695368e-05
101,0.7477273710077192,0.00024086800146783105
102,0.15452801672341265,8.446764399039353e-10
103,0.9278196940122838,0.0013153398654073278
104,0.6540811115852658,8.36379359407946e-05
105,-0.2479892604312599,3.702255391146991e-08
106,0.949115583615769,0.0015712466194460761
107,0.043306855757729634,3.219646771412954e-14
108,0.13675486298580353,3.1797964261670586e-10
109,-0.4432363077643853,3.8043011010291394e-06
110,-0.48184677256531927,7.394939791738331e-06
111,-0.7345356858591323,0.0002092930976929086
112,0.35359661346396054,6.285301173969415e-07
113,-0.8037285917957133,0.00042567938696636
114,-0.37739126895686437,1.0564462497031357e-06
115,0.7852459357702961,0.0003543855995348233
116,0.9540036300964481,0.0016357284005317219
117,-0.1060710096943902,4.1682546303434265e-11
118,-0.6788067778072402,0.00011218379137989398
119,0.8865135302812928,0.0009202260611216317
120,-0.5328799865000169,1.6462188336285877e-05
121,0.2866441378479778,1.1772119634656519e-07
122,-0.7615053201668147,0.0002781933832398664
123,0.3885429617448699,1.3324706233941441e-06
124,-0.12218432559013426,1.291649009971252e-10
125,0.624939404522167,5.829469952334243e-05
126,-0.46505039063419296,5.5762676434145675e-06
127,0.581993884935261,3.314899360817858e-05
128,0.7930153896272116,0.0003829767381842153
129,0.5395604603534871,1.8174729929598676e-05
130,0.908717717884054,0.001117383406710415
131,-0.36368639224587285,7.866220261831813e-07
132,-0.7472007002834644,0.0002395322494198604
133,-0.09188547107772016,1.3221423955656064e-11
134,-0.9555153562367644,0.0016561295427828249
135,-0.7088683717729674,0.0001580268338039481
136,-0.06867371720150106,1.2876366639602566e-12
137,-0.8110991353044041,0.0004574079660483177
138,0.925701413678329,0.0012919860109723569
139,-0.08765278826774048,9.066858375206266e-12
140,-0.7886203791501762,0.0003665667554120233
141,-0.1075287523585382,4.6490367111573505e-11
142,0.7676419533196039,0.00029637449798602944
143,-0.7941754122145368,0.0003874130761214456
144,-0.19230892514842024,4.853557000750186e-09
145,0.9715277955945496,0.0018861420341959034
146,0.3579020206492056,6.922175392887198e-07
147,-0.849206223535989,0.0006564360579978112
148,0.08467176682920874,6.874945057688819e-12
149,0.9081889338370019,0.0011122935175815751
150,-0.97761982597185,0.001980652149750406
151,0.6401264594442748,7.050818130494019e-05
152,-0.061384462098960535,5.248024237403115e-13
153,-0.35333954320397853,6.248950581433377e-07
154,0.7757162317930901,0.0003218651800724892
155,0.022158848971309153,1.1102230246251565e-16
156,0.210580402113975,1.0025115515510663e-08
157,-0.16709022672775964,1.5778501838425996e-09
158,-0.07369438507627946,2.2640778141180817e-12
159,0.8704363746445236,0.0007970278809343867
160,0.4091549298958046,2.0115972496626e-06
161,-0.7523671989734582,0.000252918441474681
162,0.030764361409013397,2.1094237467877974e-15
163,0.377042096326321,1.048679267756647e-06
164,0.9399097461843215,0.0014557699749525588
165,0.4055589991193853,1.8749811364626723e-06
166,-0.3743798478809772,9.91082312662428e-07
167,0.2302400004043994,2.0455817484332783e-08
168,0.31658959048159807,2.601976901717151e-07
169,-0.8343334071110595,0.0005712704302377469
170,-0.46678677128555157,5.7441074756692245e-06
171,-0.3935856173213621,1.4766904946617032e-06
172,-0.6170543451217287,5.271420612185107e-05
173,0.559573089150637,2.4269749387073603e-05
174,0.5338492296826145,1.6701565866084067e-05
175,0.4976939507889635,9.565296226643483e-06
176,0.6290751233339795,6.142235362327497e-05
177,0.16404275863452944,1.3619391170394124e-09
178,0.6728086292523598,0.00010457665709318054
179,0.24308205211250655,3.155954819700213e-08
180,-0.6592640930386238,8.90304441762968e-05
181,0.7203424778005767,0.00017940302933872054
182,-0.08698429122898688,8.528289185960602e-12
183,-0.6397992561748116,7.022323419236809e-05
184,0.20106014427453234,6.926652695860014e-09
185,0.4394297090253185,3.551825496717065e-06
186,-0.3305125169754157,3.6681333859256426e-07
187,0.6959324048091451,0.00013661749533100398
188,0.9937559520135746,0.0022510776329500715
189,0.09429567956983154,1.6263657087733918e-11
190,-0.5615625185898665,2.496322956324626e-05
191,0.6579671769346789,8.765346320116496e-05
192,0.6804288907543881,0.0001143220099588671
193,0.4005023426007699,1.69660272908434e-06
194,0.35423779548103274,6.376772775373851e-07
195,0.05184751209588412,1.3589129821411916e-13
196,0.222658358764094,1.5654213925131444e-08
197,-0.7424004094362056,0.00022765163904081565
198,-0.14309272489118707,4.567942690769655e-10
199,0.31511747016743974,2.5069770448471473e-07
200,0.36130902669141673,7.465422402486155e-07
201,-0.512011800646027,1.1984557244049121e-05
202,0.8619417591252556,0.0007379191567399301
203,-0.3199273013535495,2.8291056342055754e-07
204,-0.6487183517593003,7.836008729911192e-05
205,0.720801064710989,0.00018030725192108576
206,-0.8865327255646993,0.00092038250140003
207,0.6245019236259699,5.7972118213234225e-05
208,-0.5332614251804824,1.6556034020620558e-05
209,0.5521435494698059,2.1826201833219372e-05
210,0.6870444383149583,0.00012341434118601224
211,0.3851970615282394,1.2437134009335438e-06
212,0.9358377302518996,0.0014070869210571768
213,-0.13655273193530282,3.142408555589782e-10
214,-0.6427348430475084,7.281596758434983e-05
215,-0.3321612030467007,3.816681883872519e-07
216,0.17592710312653348,2.382253727617467e-09
217,0.1848644124848715,3.540077786468032e-09
218,0.017435252481534214,1.1102230246251565e-16
219,-0.8698723430722606,0.0007929795599783684
220,0.7088575894276756,0.00015800783892527814
221,0.5108300934207488,1.1766454230399681e-05
222,0.04369834281718332,3.452793606584237e-14
223,0.22155351352662933,1.5044217871462706e-08
224,0.38849948608089835,1.3312827780165293e-06
225,0.39158135991053467,1.4178146189314234e-06
226,0.43725769341987775,3.4144253328038943e-06
227,-0.8377414863002843,0.0005898866503771805
228,-0.03411916807807991,4.773959005888173e-15
229,0.13086880701248926,2.2367352414676134e-10
230,0.48167020825879914,7.373413120514982e-06
231,0.9446853252336425,0.001514719763874961
232,-0.6635373367379489,9.370173181499908e-05
233,-0.9434545936483989,0.0014993330571712038
234,-0.15470423061395722,8.524083661143322e-10
235,-0.15201792757107024,7.410104752025859e-10
236,0.4543602358860579,4.63411626128174e-06
237,0.097780632805756,2.1740831357419665e-11
238,-0.5250845467649439,1.4643259527935548e-05
239,-0.6435486185145385,7.354930009528804e-05
240,0.1832570205546833,3.3013903832923575e-09
241,-0.5678845927760308,2.728305204813264e-05
242,-0.8714474575977116,0.000804329831310735
243,0.5523311336952628,2.188514963941124e-05
244,0.41397613270732414,2.208364385358763e-06
245,-0.8080980797298403,0.00044424943656262705
246,0.3041148220788863,1.8878401453203963e-07
247,-0.8745371700796181,0.0008270046233440631
248,-0.5597165799984389,2.4319199321221063e-05
249,-0.8380095415387565,0.0005913729698848735
250,-0.9457153884306995,0.00152770277004588
251,0.9233999549974121,0.0012670211228918982
252,-0.36281227459303445,7.716721034389806e-07
253,0.6687356140816536,9.967087564533017e-05
254,0.7704911218935688,0.00030516120326251617
255,0.08832453269655272,9.637846076770984e-12
256,0.5721212486495539,2.8940871847127347e-05
257,-0.564865390892475,2.6152751717689604e-05
258,-0.9408482445842434,0.0014671950729359118
259,-0.8782633487993137,0.0008550868634242814
260,-0.8957537274916327,0.0009982560530910067
261,0.957304791544344,0.0016805632402772108
262,-0.4518262393218775,4.4323531472878486e-06
263,0.7705884239371947,0.0003054652358921439
264,-0.8217851307494033,0.0005070530211074287
265,-0.16809584369899322,1.6553832749011121e-09
266,-0.2601560591377947,5.427597082885427e-08
267,0.7547918283210453,0.0002594217276218336
268,-0.07791224064781099,3.5337288650794108e-12
269,-0.5461534605176768,2.001518967154059e-05
270,0.21874213888904404,1.3584814162470593e-08
271,-0.8597248679332572,0.0007231346136920003
272,0.6114275097124966,4.9022214430483046e-05
273,0.2974995177867079,1.58389522941782e-07
274,-0.6580944361810739,8.778775280404716e-05
275,0.4485432442393613,4.1823847343192e-06
276,0.3309553638564895,3.7075292991239905e-07
277,-0.830408942704814,0.0005504676876805226
278,0.6102529839438442,4.828066139084264e-05
279,0.8140138359785594,0.0004705108029493532
280,0.5225486768788383,1.4090654718468265e-05
281,-0.2503577693490684,3.9943022556165886e-08
282,-0.6941626591939394,0.00013389467408064792
283,0.891896298854407,0.000965010232882868
284,0.38181935671179446,1.1593953168631543e-06
285,0.781886620817942,0.00034261017852943443
286,-0.8942220596036177,0.0009849380584441292
287,0.8089850764461195,0.00044810389157667885
288,0.5207297915430373,1.3705582139866834e-05
289,-0.8552562921765203,0.0006941134760104495
290,-0.723157829273104,0.00018501707335183415
291,0.7251864061456332,0.00018915641133820937
292,0.5444545056076118,1.9526025682670145e-05
293,0.13032985732600455,2.1641266556571281e-10
294,-0.8524968800019681,0.0006767023014128126
295,-0.47773276491947847,6.907359715535577e-06
296,-0.15018001835262917,6.723372969474894e-10
297,-0.5018798520961707,1.0223954251986633e-05
298,0.8800030609395764,0.000868479151956647
299,0.819638445425761,0.0004967204767845068
