,data,labels
0,0.5013392133950938,1.013671820293549e-05
1,-0.7809567722864337,0.00033941152026362165
2,-0.5061032049291103,1.0928277683341925e-05
3,-0.7858733754291045,0.0003566235309337973
4,-0.8170190476405803,0.0004843608772545638
5,-0.5129055896661447,1.2151855342756868e-05
6,0.6840006223320381,0.00011915565351816593
7,0.40089712982080283,1.7099745919235687e-06
8,-0.4932482289931115,8.9066017067152e-06
9,-0.6858034479648023,0.00012166230196020145
10,-0.44927836270688437,4.237260523787256e-06
11,-0.5019240873755124,1.023112084874711e-05
12,0.8437653886268721,0.0006240828396101294
13,-0.9774452930525348,0.0019778884577767997
14,0.9080952482293678,0.0011113938340245877
15,-0.6995934669443487,0.00014240360229433868
16,-0.43321474864048226,3.1709890200293245e-06
17,0.9264394797172542,0.0013000819571302724
18,0.1293212214757633,2.0337675987747161e-10
19,0.17168036351240712,1.9595438605080062e-09
20,0.49877759734795957,9.73215259025828e-06
21,0.7434955481818657,0.00023031594615585682
22,0.6997172168125148,0.00014260285281386675
23,0.4763327363708567,6.747958848363211e-06
24,0.257232394907273,4.959144106475577e-08
25,0.08759997917385398,9.02333763264096e-12
26,0.9253536983882835,0.0012881870545153884
27,-0.35572962495725813,6.594113715063799e-07
28,0.9328175717720304,0.0013718973862854034
29,0.3557661028540584,6.599508158844358e-07
30,-0.9742716778353526,0.0019282145242247584
31,-0.24632248958495295,3.508096624305068e-08
32,-0.6919524576585294,0.00013056063190686196
33,-0.966497478530653,0.0018110743763138926
34,0.47913270402163133,7.070027045585903e-06
35,-0.7792811751252762,0.00033371301838935885
36,0.47728991910859575,6.856587672743331e-06
37,-0.9739453685301853,0.0019231689283170095
38,0.5265989615056303,1.4982212036329656e-05
39,-0.04606008207669032,5.2735593669694936e-14
40,0.8580685910725427,0.0007122573752456063
41,0.8161065621714387,0.0004801185512085526
42,0.10816087430412313,4.8721693346465145e-11
43,-0.1468482983585726,5.619325005312703e-10
44,-0.22678904931030086,1.8130739798394302e-08
45,-0.14006297910026455,3.849498497743298e-10
46,-0.36132881274282735,7.468683023148515e-07
47,0.36231831079708576,7.633341833068741e-07
48,0.33736937202073336,4.3210533995363676e-07
49,-0.40426259834669853,1.8277557807255818e-06
50,0.7444034512499644,0.00023254526360139138
51,0.2945557734586761,1.4630254774328222e-07
52,-0.9729632152504735,0.0019080512568117047
53,-0.7033960177715366,0.00014863805185172385
54,0.815005253377554,0.0004750413836308587
55,-0.06817506941579521,1.2145839889399213e-12
56,-0.5341665579908053,1.678059462228987e-05
57,-0.8900295439430232,0.0009492694064723306
58,0.8472388282083629,0.0006445729820528934
59,0.9046984003808844,0.0010791967453175344
60,0.02818481363832892,1.1102230246251565e-15
61,-0.2252133330213124,1.7148356068474868e-08
62,0.8861575179983943,0.0009173287657295859
63,0.442691840669857,3.7672554688006343e-06
64,0.606586693620945,4.6028412459486745e-05
65,-0.2723520086273037,7.825281655993166e-08
66,0.8133236433859645,0.0004673789744075174
67,-0.5500474567856268,2.117686959146603e-05
68,-0.5166668836629322,1.2878429281437676e-05
69,0.7392259385940647,0.0002200795576097203
70,-0.1796831364404159,2.8205037194695137e-09
71,0.7472667031907676,0.0002396992932182096
72,0.21383530445760313,1.1332382920947737e-08
73,-0.9282889441368549,0.001320562562558747
74,0.24993899564111222,3.941246173866375e-08
75,0.5461548443425419,2.0015592419486694e-05
76,-0.8463701483024526,0.0006393945358353914
77,-0.6000406732173917,4.2234107084926364e-05
78,0.6164615036293202,5.231413013817576e-05
79,0.9814530036155675,0.0020421994781759656
80,0.48382584901611225,7.640008181764024e-06
81,-0.5144355028162559,1.2442954863689515e-05
82,0.8847897949072083,0.000906271489576338
83,-0.3187879453796636,2.7496996490850023e-07
84,-0.2043371030339638,7.881988839386622e-09
85,0.6319388486350828,6.367281535746283e-05
86,-0.20692570161715462,8.716203203640305e-09
87,-0.053581149725892674,1.7685852782278744e-13
88,-0.8270834334568351,0.0005333582387913038
89,0.9544608198455429,0.0016418751844737844
90,-0.595535192717277,3.9783748175148403e-05
91,-0.40252098526758306,1.7659493523058956e-06
92,0.8718712849374306,0.0008074079078502772
93,0.6293379436789679,6.162596114434038e-05
94,0.8035389584213177,0.00042488897256842684
95,-0.2612477796574464,5.6121890690263854e-08
96,-0.5974721430630674,4.082155349172112e-05
97,0.678101979742938,0.00011126565671248922
98,0.3120230494537277,2.3171153495926688e-07
99,0.7286745511642441,0.00019646264605843733
100,-0.6982769259820034,0.00014029878858545786
101,0.7464091973209108,0.00023753694507466783
102,-0.2487179389246461,3.790047164997645e-08
103,0.6013897114296807,4.299292854870185e-05
104,0.01103250405465861,-1.1102230246251565e-16
105,-0.9325089294629114,0.0013683445952752393
106,0.8455750906448813,0.0006346866844053611
107,0.47469494169584014,6.565570271455101e-06
108,-0.7291868131455179,0.0001975560392953879
109,0.04532945903446106,4.6407322429331543e-14
110,-0.5589265473743805,2.404802373068282e-05
111,0.1255686702666272,1.6070700326054066e-10
112,-0.6311529756580858,6.304819704350262e-05
113,-0.1526391647275669,7.65571162020251e-10
114,0.866899331711162,0.0007719345606377326
115,0.7022434732260125,0.0001467237926139342
116,0.8687164678128358,0.0007847390462947246
117,-0.7807005521217356,0.00033853470516809203
118,-0.24077992337897514,2.9249469069014822e-08
119,-0.46950184173961484,6.015390674463106e-06
120,-0.6346577614398285,6.58756253204551e-05
121,0.9453501112362996,0.0015230877860765712
122,-0.7051526799812917,0.00015159751001003752
123,0.5442291469586784,1.94619303049981e-05
124,0.4587140691560889,4.999546454165227e-06
125,-0.2801175436945267,9.794728805800901e-08
126,0.31372099794605424,2.419675336762239e-07
127,0.41344480126158767,2.1858858039180973e-06
128,0.7716269989116669,0.000308726844316376
129,0.4943887466817183,9.071690734274718e-06
130,0.8732373151563386,0.0008173985151617158
131,0.770254555873314,0.0003044231200541869
132,0.7437044976217349,0.00023082735857116177
133,-0.4656389709122457,5.632674026312401e-06
134,0.2709101471840114,7.500519549896723e-08
135,0.24965982841557555,3.906220658045356e-08
136,-0.8815074184900247,0.0008802061099235647
137,-0.7225214221428087,0.00018373482826872234
138,0.18427872558768543,3.451415375721467e-09
139,0.3110097576465296,2.2577382874366947e-07
140,0.407990894038214,1.9664519582685003e-06
141,0.8477908279596427,0.0006478825041258407
142,0.8828155788706666,0.0008905151406045642
143,0.23609119716798221,2.4997173553309437e-08
144,0.8299538609954518,0.0005480985334248567
145,0.6074053443498384,4.652321454967634e-05
146,-0.2936374289280934,1.427007314536155e-07
147,0.4775600644509006,6.887520796805546e-06
148,-0.9445962267028833,0.001513601267730813
149,0.5643669058507457,2.5970116962481526e-05
150,0.9551419608834182,0.0016510700704315262
151,0.24201477708801122,3.04694837138797e-08
152,-0.681898533953418,0.00011628980111477727
153,-0.11604131156970054,8.550382624150643e-11
154,0.7308053762804154,0.00020104564344669562
155,-0.31672449419038173,2.610837923633369e-07
156,0.14269044862182545,4.466264025282385e-10
157,0.8575276487600667,0.0007087357739543609
158,0.039076863177604615,1.4210854715202004e-14
159,-0.24692519110486266,3.577250506925367e-08
160,0.4974097952794039,9.521958270863884e-06
161,-0.8636823458402216,0.0007497104698026558
162,-0.16061297038632172,1.150255557469393e-09
163,-0.7703005903523075,0.00030456662530342626
164,-0.0964177119827947,1.9432233600014115e-11
165,-0.7748607880056071,0.0003190772139404219
166,-0.1820673937854671,3.1339216777226397e-09
167,0.12413857321669353,1.4664047753853993e-10
168,0.5555713724367191,2.2925533085471628e-05
169,-0.431933032030702,3.097046847311269e-06
170,-0.5066356950445896,1.1020017277929561e-05
171,0.5161132408871976,1.2769159010717068e-05
172,-0.5068925443468926,1.106450808296966e-05
173,0.45251765866969773,4.486629732958214e-06
174,-0.7549936034771216,0.0002599694213392123
175,-0.3603771453116704,7.313255937502205e-07
176,0.9173910317932241,0.0012038024001101988
177,-0.6185103175203781,5.370809750815386e-05
178,0.45429896489088306,4.629144714107802e-06
179,-0.45897918183842035,5.022588575820386e-06
180,-0.39041028772287234,1.3843718583705922e-06
181,0.6531049452538078,8.265480187485963e-05
182,0.5147884699510457,1.2510971923562764e-05
183,-0.5450969516068294,1.970975871001812e-05
184,-0.797750606925306,0.00040136815118774205
185,-0.9687813651722543,0.0018448295576931617
186,-0.9314697900465474,0.0013564416242839439
187,0.7087264163407627,0.00015777691501683844
188,0.5893425631374254,3.661845608360359e-05
189,0.586734468450038,3.53525359315654e-05
190,-0.5872377736736578,3.5593815346790514e-05
191,-0.8915464172044729,0.0009620428336409859
192,-0.9730424846403336,0.0019092675680583149
193,0.8220752231811446,0.0005084635336278787
194,-0.8301381990791583,0.0005490571273512046
195,0.8497292924454425,0.0006596218098731121
196,0.4895918736671767,8.394888693641356e-06
197,0.7473214237054633,0.000239837859745351
198,-0.8886418486699745,0.0009377129727908828
199,-0.465529690883967,5.622163717244888e-06
200,-0.32469571492015037,3.1836009484198513e-07
201,-0.12446657783563797,1.4976786477660653e-10
202,-0.9455731898679567,0.0015259047660922676
203,-0.04435118127567694,3.885780586188048e-14
204,0.806240403453266,0.00043627014548486276
205,0.7793475236301355,0.0003339370693511423
206,-0.849586177341789,0.0006587488355572768
207,-0.8787017745360679,0.0008584448477486628
208,-0.5720746994229209,2.892219032157861e-05
209,0.9199303333053221,0.0012301757756094656
210,-0.6110434555726343,4.877865183838814e-05
211,0.9219620358278622,0.0012516367381875115
212,-0.09762761780253904,2.1470158984016052e-11
213,0.6836449307958679,0.00011866644777658308
214,0.055012439137748226,2.1826984664130578e-13
215,0.1694010842609519,1.7609749214386738e-09
216,0.5648087581263082,2.6131946389340577e-05
217,-0.006226494395308313,0.0
218,0.07723200316199219,3.2944758032726895e-12
219,0.0841341648560725,6.533440455314121e-12
220,-0.11150480641069738,6.215528092212708e-11
221,-0.5451222717581274,1.971703079883813e-05
222,0.244048355794255,3.257574454629264e-08
223,0.9873749037148243,0.0021405422066754776
224,-0.9438764447754542,0.0015045917356963923
225,0.31889914574644873,2.757362856931067e-07
226,-0.1596067679200608,1.093890311665291e-09
227,0.3499783752758767,5.790294508312144e-07
228,-0.38067001229523445,1.1318660444459283e-06
229,-0.541661189313833,1.8744421432237424e-05
230,-0.1086407279756687,5.047751105990983e-11
231,0.6802178340592921,0.0001140418087123285
232,0.299856947828788,1.6868965668770386e-07
233,-0.6929648693210779,0.0001320787508394261
234,-0.14792384294630878,5.956959370223558e-10
235,0.5290444976159057,1.554402574199809e-05
236,0.4530454640146748,4.528452268948158e-06
237,-0.7290791685766924,0.000197325839848439
238,0.2503283965702685,3.990560637490148e-08
239,0.1966945349526925,5.81204617766673e-09
240,0.37420684619478184,9.874370530127408e-07
241,-0.05792167410748328,3.297362383136715e-13
242,-0.04114847253918197,2.142730437526552e-14
243,-0.5695905666505576,2.794036562914215e-05
244,0.8983498705773647,0.001021186902709581
245,-0.9945455595701895,0.0022650933975895127
246,-0.6949960714939889,0.00013517096647686078
247,0.6823691242479022,0.00011692610453417629
248,-0.43487980210155475,3.2693451853527122e-06
249,0.8709527978441853,0.000800750218725832
250,-0.5976997360707335,4.0945031925976316e-05
251,-0.11724981609702145,9.28901400243376e-11
252,0.41339892649659826,2.18395442574959e-06
253,0.8406249244060855,0.0006060464109151065
254,0.4128518485106998,2.1610364502322454e-06
255,0.47546673647939275,6.650975723498931e-06
256,0.056404238299893716,2.666755705149626e-13
257,-0.6234935807911055,5.7234523907490065e-05
258,0.08711965454738735,8.635203663232005e-12
259,0.34671615829518143,5.373552968146456e-07
260,-0.6529477546144504,8.24974340278839e-05
261,-0.6572600953763592,8.691057355558751e-05
262,0.02398226518948543,3.3306690738754696e-16
263,0.9385826707334677,0.0014397461333426342
264,-0.6675545761796282,9.828639639253289e-05
265,-0.7338540771517466,0.00020776449792758722
266,0.8556718100171588,0.0006967686990724253
267,0.40909430400087765,2.009223820209627e-06
268,-0.3160395347319236,2.566118516567073e-07
269,0.7618317395657264,0.00027913544024760206
270,-0.7749111851214294,0.00031924087841717075
271,-0.6632647480065752,9.339750489212317e-05
272,-0.8705038481217977,0.0007975133695717895
273,-0.21255780000750057,1.0802540861831744e-08
274,-0.742470082216713,0.00022782034002555296
275,-0.8456593015902711,0.0006351839008404969
276,0.10377710206418822,3.4995562003814484e-11
277,0.7296506708795785,0.0001985506810185944
278,0.9904879581931552,0.0021938656750993824
279,0.40651111050488375,1.9103401760478533e-06
280,-0.058660449751960275,3.6493030819428895e-13
281,0.1081430271046635,4.865741143333935e-11
282,0.5234725966940617,1.4289846105519644e-05
283,0.8658909009916549,0.0007649072184209293
284,0.52605282545257,1.4859196458827384e-05
285,0.21051931772792343,1.0001900307976541e-08
286,-0.5605955665869291,2.4624038669873727e-05
287,0.6019344201503944,4.3302673704115335e-05
288,0.29441963835995866,1.4576364970597666e-07
289,-0.12518447709651936,1.568167817822541e-10
290,0.6784491414030593,0.00011171708025259353
291,0.4826163200857647,7.489404710292469e-06
292,0.6478014143209125,7.748734555157455e-05
293,0.3930446410970039,1.4605924385513447e-06
294,-0.9440857694515656,0.0015072070505607327
295,-0.5061130661707063,1.0929970542750134e-05
296,-0.75269681350541,0.00025379411020187703
297,-0.5996207792061776,4.200031573220464e-05
298,-0.07897882670020762,3.939848447487293e-12
299,-0.8809205799938573,0.000875615263216889
300,-0.22671211147944414,1.8081654284962667e-08
301,-0.7617626695387307,0.00027893587079264037
302,-0.4164072938560044,2.3138130128552703e-06
303,0.5123044409860009,1.2039110532935382e-05
304,-0.9478187690203721,0.0015545139715226197
305,-0.15130302708859822,7.136023993936647e-10
306,-0.9703361061523739,0.0018681189223161976
307,-0.6644491084493034,9.472561003742719e-05
308,-0.9644058715549815,0.0017806320105507867
309,0.40511973486941844,1.8588616064185715e-06
310,0.8270559246230567,0.000533218658028578
311,0.990361180471119,0.0021916718341865593
312,-0.651100492718957,8.066755189206631e-05
313,-0.2595300060645993,5.324155349928361e-08
314,0.07567606823982831,2.7996494011972572e-12
315,-0.6559496422363884,8.554824750217627e-05
316,0.49654717382564684,9.391443538842026e-06
317,0.7310671103506097,0.00020161494763659693
318,-0.11789078103192407,9.70296065716525e-11
319,0.5880421484044158,3.598240558089216e-05
320,0.5569196408066666,2.337098563720552e-05
321,-0.9849604470975255,0.0020999618411908783
322,-0.31206307049050186,2.319488264790337e-07
323,-0.9861351988540421,0.002119622122776388
324,-0.5066435873208393,1.10213820301297e-05
325,-0.7300752639935126,0.00019946494545164395
326,0.7575255817676256,0.0002669281561731296
327,0.6563669022028142,8.59799912426018e-05
328,0.874886722848216,0.0008296045287363718
329,-0.8851411072135114,0.0009091005519400452
330,-0.7174981134785194,0.0001738822721548683
331,-0.9624454397579352,0.001752502559484892
332,-0.9781434522758945,0.001988963753570494
333,-0.8410540128589994,0.0006084837373303564
334,0.2937967841068716,1.4332011788464882e-07
335,0.19202569860744823,4.796717578692267e-09
336,-0.8881284365508995,0.0009334684413048189
337,0.8913319803168587,0.000960228079106562
338,0.2945654588931339,1.463409544655292e-07
339,0.01875539372896462,0.0
340,-0.1226967402657706,1.3356094008543096e-10
341,-0.9675084522762702,0.001825949642228042
342,0.008997414638137524,1.1102230246251565e-16
343,0.45717794364225606,4.867842725686522e-06
344,0.809184801074144,0.0004489757955248308
345,-0.07649627998151409,3.0517810500896303e-12
346,-0.3621452514939012,7.604316875076123e-07
347,-0.9580458738074422,0.001690773432059256
348,0.9506978489586151,0.0015918737396539706
349,0.8772046576927144,0.0008470251275292107
350,-0.41919930657850624,2.440315214902178e-06
351,0.4330918037668945,3.163830118557698e-06
352,0.19769834732882519,6.053379131287784e-09
353,-0.5160218072653076,1.2751191174720233e-05
354,-0.813466831846622,0.0004680272149069076
355,0.8549828639883381,0.0006923710256589999
356,0.5631249361342938,2.5519914168659064e-05
357,0.5134777209489103,1.2260012526410513e-05
358,-0.38391563202021706,1.2111148792737225e-06
359,-0.9922097149820954,0.002223848969562292
360,-0.9398853026878893,0.0014554734384709667
361,0.6697066748784544,0.00010082190083904319
362,-0.2859885206802959,1.1558864621008524e-07
363,0.6446536331596779,7.455537877443241e-05
364,0.4176056130077195,2.3673874931517958e-06
365,0.5799018976349393,3.2215319053174873e-05
366,0.8301709291726862,0.0005492274823996057
367,-0.8931553837029254,0.0009757545570782122
368,0.23846113548320047,2.7073521535747602e-08
369,0.3944796967314481,1.5036358823605767e-06
370,-0.35387035419016577,6.324212032948751e-07
371,0.5385531849017806,1.7906969032699394e-05
372,0.4394276436026505,3.551692580261445e-06
373,0.519008938436583,1.3349749256819088e-05
374,-0.7750941699591589,0.0003198357349973868
375,0.9865174111922586,0.002126053001654915
376,-0.7765869837047907,0.00032472476820699647
377,-0.01621283848465671,0.0
378,-0.7164203900341197,0.00017182943639704185
379,0.7758252679932176,0.00032222205613030575
380,0.9897870805682258,0.002181761026296636
381,0.23333347526184656,2.2757521422889226e-08
382,-0.3595066003496341,7.173560661044576e-07
383,0.2223158273731738,1.546282690778611e-08
384,0.29863643933423356,1.6328618834826614e-07
385,0.3176174728502956,2.6701604149970137e-07
386,-0.5289927378841328,1.553194724368545e-05
387,-0.754068615778926,0.0002574668937996849
388,-0.3462067023177795,5.310896746824056e-07
389,-0.4215465902149047,2.551299385311623e-06
390,0.3174296208643077,2.657584089460485e-07
391,-0.471175089786505,6.188090456049622e-06
392,-0.9790451746942588,0.0020033477953425027
393,-0.9269851130310203,0.001306095339461466
394,0.28049697502664794,9.901162911774009e-08
395,-0.9407978077284749,0.0014665790932649747
396,-0.6986469380091251,0.00014088758908847865
397,0.7245242531400322,0.00018779650885680788
398,-0.3432352108058523,4.958005772603968e-07
399,0.9027329140254887,0.0010609390568356858
400,-0.3205811782421264,2.87557595290977e-07
401,-0.5353374197631446,1.7075020590007206e-05
402,0.8648866182091339,0.0007579640566519608
403,0.3363937028442856,4.222363364503323e-07
404,0.7549449537766986,0.0002598372758056966
405,0.569316477392225,2.783383681381757e-05
406,0.5341889756412572,1.678618992317915e-05
407,0.352851237260873,6.180408104183854e-07
408,-0.10142590911315819,2.913491670142321e-11
409,0.8192042015270316,0.0004946527492807329
410,-0.6455887034935635,7.541607323746646e-05
411,0.9108791399262757,0.0011383992311549962
412,0.8958935137232713,0.0009994792531174967
413,0.7117038336055119,0.0001630914932470029
414,0.5341850404613879,1.678520760983737e-05
415,-0.45026856941869675,4.3121715753713374e-06
416,0.11499146000868832,7.950951008695029e-11
417,-0.3839346347440378,1.2115927854328135e-06
418,-0.9498257243368744,0.001580475484404542
419,-0.07443971272471295,2.454036973631446e-12
420,-0.9127876993561828,0.0011572407000494112
421,0.5211480486852396,1.379330783701782e-05
422,0.8513979286484088,0.0006698745666124939
423,-0.4481057150735308,4.150019104143254e-06
424,0.34260265415717184,4.885587981950934e-07
425,0.031594460839774685,2.55351295663786e-15
426,0.9594448882817936,0.001710194884193439
427,-0.3921569390674644,1.4345087723244276e-06
428,-0.9420211069059481,0.0014815825210181544
429,-0.4974584029438247,9.52935949272149e-06
430,0.1883248869045604,4.105745632365654e-09
431,0.7452405787759144,0.00023461740590102753
432,-0.5056533561210461,1.0851295921487925e-05
433,-0.8971881655407825,0.0010108700677772253
434,-0.1248546212532462,1.5354262306033206e-10
435,0.1384088696522474,3.500650880283729e-10
436,-0.4272784293328231,2.841029517086646e-06
437,-0.24636252476746456,3.5126537234475563e-08
438,-0.6971010998797122,0.00013844189174261334
439,0.30046521305072615,1.714404688213378e-07
440,0.2697537696687795,7.248637301504601e-08
441,0.7422681520714918,0.00022733169891275828
442,-0.017013440196466334,0.0
443,-0.28907612139504746,1.2593528553317412e-07
444,0.036768280922752083,8.659739592076221e-15
445,0.6331561640681131,6.465099337160662e-05
446,0.674878141301734,0.00010714889479712664
447,0.5183928356986036,1.3224327682248571e-05
448,-0.9352622429358046,0.001400321874842958
449,0.41966686502627537,2.462079616849522e-06
450,-0.9885099688758063,0.0021598531438109525
451,0.7996537369631058,0.0004089733092974557
452,0.9360007140396485,0.0014090079929802712
453,0.01499592187811416,0.0
454,-0.16058914093087395,1.1488917595059434e-09
455,0.49438260478213736,9.07079459644411e-06
456,-0.6505829474161517,8.016126036813898e-05
457,-0.12538562159367062,1.5884304982449748e-10
458,-0.32685264956086324,3.356306724766611e-07
459,0.586099496075351,3.505017180693848e-05
460,-0.3631731131175979,7.77813112806669e-07
461,0.34653749877161855,5.351507106343689e-07
462,0.7753078437866021,0.0003205315766600103
463,0.917767803609348,0.001207684310578494
464,0.8291049917731002,0.0005437029892039202
465,-0.5443503943298491,1.9496392028472975e-05
466,0.12801071679122722,1.874684851799202e-10
467,-0.9297234766708571,0.0013366404475922966
468,-0.5041744468608957,1.0601537831944619e-05
469,0.4012750124427442,1.7228600166507846e-06
470,0.03577548483697801,6.994405055138486e-15
471,0.5220144145301431,1.3976580118368886e-05
472,0.15967128560981636,1.0974305908462156e-09
473,0.6804965232352831,0.00011441192634553676
474,-0.7858849761400775,0.0003566650233945978
475,-0.3030748449961058,1.836922810527497e-07
476,-0.027384230292276657,8.881784197001252e-16
477,-0.037235427432471546,9.547918011776346e-15
478,-0.7562953307408504,0.00026352703674092925
479,-0.95279226960973,0.0016195383758896842
480,0.5811738716705213,3.2780239914931286e-05
481,-0.35309748377942807,6.214890639899551e-07
482,0.5103474057756898,1.167836779458753e-05
483,-0.5761929287388383,3.0616230824120905e-05
484,-0.5767745948976386,3.086233801463667e-05
485,-0.3361869509525046,4.201705008366474e-07
486,0.038398167744368106,1.2323475573339238e-14
487,0.6440523321404874,7.400643767341286e-05
488,-0.6654615502331807,9.587394129417781e-05
489,-0.08561887260277912,7.514544542175372e-12
490,0.8843466994522433,0.000902714212326905
491,-0.8693146954779123,0.0007889946238328616
492,0.12398944293772951,1.4523759972462358e-10
493,0.1856466770018772,3.661602132609687e-09
494,0.9647523006086838,0.001785643257593006
495,0.2231957345056772,1.595864418391102e-08
496,-0.5369439859358616,1.7486338652838995e-05
497,-0.3176085997275111,2.669565207780167e-07
498,-0.13039056814718464,2.172201307715227e-10
499,-0.05809630929354803,3.3784086639343514e-13
500,-0.2434231560150799,3.1915051934561234e-08
501,-0.7488814783285465,0.0002438177491479454
502,0.703221046201798,0.00014834604961933007
503,0.621448256798609,5.576346484792438e-05
504,-0.42791480586257125,2.8749027283225814e-06
505,0.024296031938583873,4.440892098500626e-16
506,0.14313306439719642,4.5782488911072505e-10
507,0.9310788722938275,0.001351987106134489
508,-0.11758780246795109,9.505329856551725e-11
509,0.08587688025748141,7.697731341238523e-12
510,0.7031162833052367,0.00014817145461809567
511,-0.5668363148455391,2.688587384713781e-05
512,-0.5512018208101985,2.1532354166353684e-05
513,-0.32377506342125617,3.1122830834728887e-07
514,-0.558352155881281,2.385252539982563e-05
515,0.6826094440921964,0.0001172522181853708
516,0.82328196168891,0.000514367699372964
517,0.12355015637383371,1.411732952760758e-10
518,-0.9432528439602379,0.0014968237408352625
519,0.2845726587594031,1.1109810038600898e-07
520,0.8528243462914393,0.0006787484874020144
521,0.14935874373501878,6.434960342360796e-10
522,0.994780957976291,0.0022692863894766546
523,-0.26953232912133207,7.201256246869292e-08
524,0.31635169383852646,2.586414921124103e-07
525,-0.35530390267355383,6.531441102408664e-07
526,0.19802167598020826,6.132956476001539e-09
527,0.20690624192993012,8.70965488619646e-09
528,0.08712419974226893,8.638756376910806e-12
529,-0.015605311168100489,1.1102230246251565e-16
530,0.8926212830561648,0.0009711842288316896
531,0.6928757429128396,0.00013194449101694428
532,0.9917132633824248,0.0022151673769246205
533,-0.3960808563082645,1.5529656477442089e-06
534,-0.2354939749413767,2.449644931346029e-08
535,0.4032833840888972,1.792776965436893e-06
536,0.5360675567112838,1.7260894038972907e-05
537,0.9797702046290016,0.002014978581165283
538,-0.8419091883592185,0.0006133667493537498
539,-0.6985679075954319,0.0001407616475666007
540,0.3119621870524609,2.3135107818372802e-07
541,0.0167912938444017,1.1102230246251565e-16
542,-0.028100149574016298,9.992007221626409e-16
543,-0.19996253561551702,6.630154425479873e-09
544,0.628387724488557,6.089259323149854e-05
545,-0.39192279292681165,1.4276969718673982e-06
546,0.40531420817021635,1.865983131454918e-06
547,-0.19862046863698013,6.282749542840804e-09
548,0.9709993488075899,0.0018781312936692052
549,0.06077903714557764,4.848343948538059e-13
550,0.14174931357685328,4.2360837060329004e-10
551,-0.01880061274576894,1.1102230246251565e-16
552,0.9428066668781132,0.0014912872219819961
553,-0.9635324710321154,0.001768051967197759
554,-0.15343561694046826,7.980986982403238e-10
555,-0.4823093135539236,7.451592954343944e-06
556,0.8673033444278351,0.0007747656491934318
557,-0.39304755563730365,1.4606787552828848e-06
558,-0.9722038184710082,0.0018964330474229296
559,0.1554015510525435,8.836159581804282e-10
560,0.09342564648041107,1.5101475625556304e-11
561,0.6886319107264356,0.00012568754419961525
562,0.2959612618571619,1.5196889269208924e-07
563,0.6878821704867146,0.00012460944096515103
564,0.14107578775902718,4.077790327627895e-10
565,0.26193162357921485,5.730591357000492e-08
566,0.050745962135568146,1.1446399383885364e-13
567,0.27863257272678155,9.38773601077969e-08
568,-0.17091197008955228,1.8905198517771282e-09
569,-0.840937270065474,0.0006078197682688469
570,0.16666346706391133,1.5459195035205653e-09
571,0.5650402284285305,2.6217073408774105e-05
572,-0.932501861777622,0.0013682633324857418
573,-0.9127468342249452,0.0011568344590008328
574,-0.19298845497090267,4.99233709927438e-09
575,-0.9252712715152807,0.0012872879234416823
576,0.10501298259814673,3.8471004160101074e-11
577,0.5719231309097763,2.886143441871436e-05
578,0.7992412884527973,0.000407314564356831
579,-0.9277431663629458,0.0013144898234128677
580,-0.3831656543683255,1.1923844470684841e-06
581,0.8090944707523986,0.0004485812732920591
582,0.19148714416561408,4.6902419725824984e-09
583,-0.146986472244657,5.661741075968507e-10
584,0.9234404284311379,0.0012674565134604965
585,-0.9201366281154086,0.0012323402141072304
586,-0.10366070979772357,3.468292320008004e-11
587,0.9822433927148462,0.0020550943832705615
588,0.6127684838349234,4.988097655300727e-05
589,0.9430747389536192,0.0014946115390418457
590,-0.3219764564939944,2.9769732956541617e-07
591,0.2969101343040941,1.5590197566250907e-07
592,-0.34009332114848356,4.6073340731478396e-07
593,0.6887269469472439,0.00012582478160438892
594,-0.3715724364798567,9.333575625714019e-07
595,-0.792765979624874,0.00038202869593551014
596,0.009099607965848522,0.0
597,-0.6898710728637931,0.0001274872302362562
598,0.8878336080681801,0.0009310385522505182
599,-0.5599823345126784,2.441101597694395e-05
600,0.004004227015954598,0.0
601,0.15382473992388146,8.144256380404613e-10
602,0.07667866588880834,3.1104008257898386e-12
603,-0.08235853711561392,5.508593581282639e-12
604,-0.2918938360693595,1.3607501014867296e-07
605,0.3697697433123235,8.978599802533793e-07
606,0.2100358122253394,9.81979686454082e-09
607,-0.6977377656496853,0.00013944465757964597
608,-0.4588153869350726,5.008341513512704e-06
609,-0.6009946346984465,4.2769480772975044e-05
610,-0.10234117678709276,3.1305291692262927e-11
611,0.6730529036075905,0.00010487744379028552
612,0.35186632537921825,6.044154216011677e-07
613,0.04910230387418446,8.804068585277491e-14
614,-0.718285181784178,0.00017539492627793862
615,-0.3008211816358619,1.730684183742781e-07
616,0.2673915043776387,6.756968107257677e-08
617,0.7759388630110973,0.0003225942191479314
618,-0.1928919612558695,4.972421252524839e-09
619,-0.6062208895095371,4.580880312676783e-05
620,0.5782076174503363,3.147603405562194e-05
621,0.31910087991856506,2.7713127270789784e-07
622,-0.29754151995485256,1.585681139726347e-07
623,-0.8101945969974444,0.0004534067020323107
624,0.21965284815622277,1.4043375018424342e-08
625,0.35420939259119866,6.372696308432069e-07
626,0.75419317897643,0.0002578026701378633
627,-0.3052057431069939,1.9425734076872203e-07
628,0.9526045537453183,0.0016170419986887286
629,0.1988233801477981,6.33423047347037e-09
630,-0.8048504692580161,0.00043038170451081825
631,0.06709436116115763,1.0689227281091007e-12
632,0.14137176129256424,4.1467007605433537e-10
633,-0.28348773048786247,1.07761101153514e-07
634,-0.3678675579028521,8.616877950062829e-07
635,-0.20221633118765725,7.251454325896134e-09
636,0.5809696517143774,3.268896200281368e-05
637,-0.14927396348683342,6.405812547072287e-10
638,-0.10895540659313907,5.1658788358110996e-11
639,0.0374213769764602,1.0103029524088925e-14
640,0.26550128841532183,6.384804973613711e-08
641,0.5875873312498792,3.5762233347891303e-05
642,-0.17729233195870941,2.5341057030559e-09
643,-0.8647203821984761,0.0007568200705599937
644,-0.1978800968945631,6.097999105669771e-09
645,0.40538537168379474,1.868595056797595e-06
646,-0.26489182427485325,6.268692676059118e-08
647,0.3994406124261878,1.6610929004512442e-06
648,0.8558941824634261,0.000698193313575346
649,-0.6962934978186519,0.00013717893319165064
650,0.5649904420353784,2.6198743256711232e-05
651,0.005732003808044395,0.0
652,-0.7160783683010497,0.00017118238206959013
653,0.3451484283665964,5.182780454804359e-07
654,-0.4663267585229638,5.69921849036259e-06
655,0.0034698908775361303,0.0
656,-0.8734533847929198,0.0008189885536616925
657,0.9312836886631803,0.0013543194090749333
658,0.9013269797847798,0.001048044136339299
659,0.8552405066770634,0.0006940127777427252
660,-0.45939278552040697,5.058721876394223e-06
661,0.13973473732223773,3.777952395367379e-10
662,0.6604920612977594,9.035154837411241e-05
663,-0.10438724207631878,3.6675329440072346e-11
664,-0.6168522932972895,5.257755402032771e-05
665,0.2109236787284423,1.0156456342613751e-08
666,0.7086404414207415,0.00015762571972921524
667,0.7425195399594091,0.00022794015967586567
668,-0.17891361932761551,2.7253813650318648e-09
669,-0.16545908242086682,1.458833609468968e-09
670,-0.7877571540944517,0.00036341652527105417
671,-0.552924868059927,2.2072645291082438e-05
672,0.6998154426938032,0.00014276117972089608
673,0.8241755938970261,0.0005187782473736746
674,-0.24373393832483115,3.2241997849347115e-08
675,0.5674681561029009,2.7124661553634688e-05
676,-0.21070070733251822,1.0070975386966552e-08
677,-0.39669026654939277,1.5721088892917123e-06
678,-0.627434473807561,6.016453870216765e-05
679,-0.7594085008585558,0.0002722075631526044
680,0.5274130317599606,1.5167228243573305e-05
681,0.5898859204875659,3.68871091593892e-05
682,-0.8220137891572616,0.0005081645395672574
683,-0.5702479229047865,2.819730688952138e-05
684,-0.940847723683033,0.0014671887100812242
685,0.6000112199147976,4.221767096568296e-05
686,-0.6131235110483078,5.0110519946300336e-05
687,-0.41126395193422405,2.0957022212053644e-06
688,-0.7008800561340387,0.0001444870361860806
689,-0.23709625785675015,2.586006242477623e-08
690,-0.07993078299136935,4.336198067278474e-12
691,0.5127084621676279,1.2114783195182888e-05
692,0.20496319639716076,8.077071789180934e-09
693,-0.027838788085711164,9.992007221626409e-16
694,0.7670561564637883,0.0002945954574062881
695,0.1932064445766104,5.0375862370444224e-09
696,-0.9709417589454596,0.0018772600718481858
697,0.9932575326032957,0.0022422692793948595
698,0.323436470798087,3.0864076183689804e-07
699,0.9584586608479746,0.0016964838525681536
700,0.7349236941965023,0.00021016762221981455
701,-0.6367102155934263,6.758218114399916e-05
702,-0.15690521310395456,9.543319468008349e-10
703,-0.5791129127061367,3.18691899268142e-05
704,-0.22172692928760984,1.513856451307305e-08
705,0.40024188236222114,1.6878307564915929e-06
706,0.8851818627756902,0.0009094292457428876
707,0.6929001947204101,0.00013198131333214125
708,-0.8327884813627942,0.0005630010212952508
709,-0.6527507367254148,8.230056265201569e-05
710,0.9549941425425461,0.001649070851396317
711,0.5118018902811305,1.194555924499685e-05
712,-0.38288378584216565,1.185410595350156e-06
713,0.2634680854532283,6.004615293875304e-08
714,0.6155733851978258,5.171973986306533e-05
715,-0.5457017927972507,1.9884113518942037e-05
716,0.2640610562916246,6.113394057649657e-08
717,0.2379035825515583,2.6571938427366604e-08
718,0.43850518751018464,3.4927619068092497e-06
719,-0.7159492130324481,0.00017093859169459158
720,0.23691762427976304,2.5704821271510525e-08
721,0.2507413265944345,4.043443491141829e-08
722,0.448033424847202,4.144692637986225e-06
723,0.9986259109942388,0.0023387322282262257
724,0.07134020109238914,1.7462697954329087e-12
725,-0.7144356204913724,0.00016810401210509696
726,0.3515238153852862,5.997390066792008e-07
727,0.8272423607077986,0.0005341652627964821
728,-0.7331001803207271,0.00020608510541264558
729,0.46145936563735623,5.242683818740268e-06
730,0.5068786908056957,1.1062104413817053e-05
731,-0.25469150502408255,4.581137869053009e-08
732,-0.286985941034982,1.1884657147298583e-07
733,0.9014645601419518,0.0010492999602076392
734,-0.2128286359932492,1.091302259670357e-08
735,-0.880228668437069,0.0008702291427996611
736,-0.1502485377338758,6.747938874340775e-10
737,-0.809175982556229,0.00044893726692463165
738,0.14738805612488104,5.786611190217172e-10
739,-0.4875952467336562,8.126442045397475e-06
740,-0.1791588224531051,2.7553822556924956e-09
741,-0.3068786384242441,2.0292002267385811e-07
742,-0.7790279344670201,0.00033285905612023825
743,0.28813787530874824,1.2270884375276125e-07
744,-0.9029685669103129,0.001063113830613971
745,0.12230409256143115,1.3018086608695967e-10
746,0.780605611005416,0.00033821030615777126
747,0.62466519850026,5.8092328306114105e-05
748,-0.3500811325711448,5.803867806353225e-07
749,-0.08830910734719,9.62441237817302e-12
750,-0.6522426158635775,8.179470735913963e-05
751,0.41070035142658723,2.0729312948386536e-06
752,0.9457034652234544,0.0015275519386833691
753,0.5103339028787115,1.1675911926189997e-05
754,0.16855673016867012,1.6920175260892734e-09
755,0.06245740917834608,6.0285110237146e-13
756,0.15135187966467756,7.15446701882172e-10
757,-0.15105149489445768,7.041720540001961e-10
758,-0.8248599001169488,0.0005221778422046519
759,-0.8549899672000223,0.0006924162435258951
760,0.4233341791042249,2.6387523468507368e-06
761,0.42556640363435116,2.751625515662326e-06
762,-0.35897310000122995,7.089107761926172e-07
763,0.22255950234580824,1.5598767166835614e-08
764,-0.3868899097793297,1.2879518098696252e-06
765,-0.38909870241684863,1.3477363794978103e-06
766,-0.42275669133639937,2.610218432730349e-06
767,-0.704293051265761,0.00015014294276738394
768,0.7989851074174217,0.00040628722760682745
769,0.5193586811020634,1.3421408035174665e-05
770,0.09486842849379196,1.7070789226636407e-11
771,-0.4782825381180018,6.970847298837235e-06
772,-0.33662477448301464,4.245556709525644e-07
773,0.9414612690292063,0.0014746998270225298
774,0.35860836806131147,7.031872050200505e-07
775,-0.26606275316884087,6.493432302967506e-08
776,-0.048803684900644795,8.382183835919932e-14
777,-0.9481228499853456,0.0015584235611054709
778,0.9194255377590155,0.0012248933800212969
779,-0.32653342004716057,3.3302409385704834e-07
780,0.27502586363824566,8.460194877990546e-08
781,0.5189537365801653,1.3338469505574935e-05
782,0.6841499600567005,0.00011936157026515293
783,0.4184288246437504,2.404816493828399e-06
784,-0.9421725823414941,0.0014834495540855253
785,-0.0626893151322725,6.209477376728501e-13
786,0.7008677332172784,0.0001444669559410583
787,0.8074035322962727,0.000441251420736144
788,-0.771333614872463,0.0003078024271782054
789,0.6763613487126994,0.00010902613319963006
790,0.39736616260145063,1.5935814331458076e-06
791,-0.3504465058407822,5.852355740021409e-07
792,0.41453980723330797,2.2324317308086705e-06
793,0.9438843242812529,0.0015046901113805466
794,0.06798041075878491,1.1871614802316799e-12
795,0.6571879436494061,8.683507720952388e-05
796,-0.35890310769281664,7.07809273414739e-07
797,-0.17765690136667622,2.576061142178787e-09
798,-0.4367182042526039,3.381026124849029e-06
799,-0.8388346833854812,0.0005959686785551588
800,0.6912079551091632,0.0001294539604101974
801,-0.22278908925608576,1.572780317093958e-08
802,-0.5236916470095196,1.4337430678246221e-05
803,0.6758271319303679,0.00010834672203796636
804,-0.7310850120318746,0.00020165393722515468
805,0.3279386497182599,3.4463210618618234e-07
806,-0.6944813859454881,0.00013438152955325133
807,-0.7766968305857036,0.0003250870747647516
808,-0.10592967822032606,4.1240344472726065e-11
809,-0.8003483286675468,0.0004117800231719926
810,0.622470653781636,5.649463125578791e-05
811,-0.8915901945855469,0.000962413682217389
812,-0.19881745439976606,6.332721680379905e-09
813,-0.44303935496373836,3.7908638453876264e-06
814,0.3897029197078843,1.3645069030232548e-06
815,-0.09410804588779809,1.6006529435230732e-11
816,-0.5525854812956603,2.1965299407122885e-05
817,0.12800808672118458,1.8743762097983563e-10
818,-0.9768613956800807,0.0019686668437295385
819,0.26608303938855493,6.497387172732516e-08
820,0.9828400532848545,0.0020648753573612177
821,-0.3321921262663532,3.819517593317556e-07
822,0.9923592204017915,0.0022264691826378025
823,0.3718097738127344,9.381212039416553e-07
824,-0.379058497102007,1.0942290901150287e-06
825,-0.552873452969477,2.2056353674804186e-05
826,0.5340103170789128,1.6741643065532053e-05
827,0.7957027992715973,0.00039332244227541224
828,0.0255354303438855,4.440892098500626e-16
829,-0.8318542367944066,0.0005580509883261753
830,0.5095683389209633,1.153740829662464e-05
831,0.1250475622164844,1.5545031928354547e-10
832,0.07347175412119955,2.2100099528188366e-12
833,-0.6554990806983447,8.50841679933545e-05
834,0.9249898561620031,0.0012842222815432347
835,0.88651641152046,0.0009202495415561174
836,-0.08499199570912053,7.085665387762674e-12
837,-0.22558229407015906,1.7374110594658987e-08
838,-0.890714616575895,0.0009550199820348437
839,0.07274777070189642,2.041700142285663e-12
840,-0.10071582049147176,2.7542856884110734e-11
841,-0.5158141223992667,1.2710460476350605e-05
842,0.3209203226594046,2.899940282352631e-07
843,0.132069274246152,2.406167487478683e-10
844,0.5848387828843042,3.445651515754378e-05
845,-0.07480671689221707,2.552402733613235e-12
846,0.42261238655109823,2.6031304970475233e-06
847,0.7054426571279284,0.00015209093586820988
848,-0.09127012307098514,1.2529532966709667e-11
849,0.8220522526190186,0.0005083517200078491
850,-0.08479177009241545,6.953215780924893e-12
851,0.039484805752583396,1.554312234475219e-14
852,0.9455518409552257,0.0015256349821247683
853,0.07816712136460224,3.627431688357774e-12
854,0.0376024741803227,1.0325074129013956e-14
855,-0.33467903556230305,4.0536889001074883e-07
856,0.7376469178461735,0.00021639541953843988
857,0.8488080205216071,0.0006540197696994765
858,0.4976036527228245,9.551505802840587e-06
859,-0.6170553855300323,5.271491057312616e-05
860,-0.8196555994953134,0.0004968023128376631
861,-0.7945227808821793,0.0003887501988852904
862,-0.41285403261493636,2.161127526489892e-06
863,0.42572563566889277,2.7598358424141267e-06
864,-0.9829216928004918,0.0020662167948569676
865,0.2867489856059213,1.1806540922698616e-07
866,-0.797592661159453,0.0004007425409460197
867,0.44295170144403717,3.7848969558496037e-06
868,-0.9752264627824725,0.001943043953500312
869,0.7292440189777007,0.0001976784698520806
870,0.5949496256961708,3.947456799435756e-05
871,0.677109146818849,0.00010998340526013894
872,0.552481884840452,2.193262334482249e-05
873,0.16000581605476416,1.1159482227185435e-09
874,0.835143578514387,0.0005756490004766857
875,0.581656388855216,3.2996788577488445e-05
876,0.509822601695056,1.1583248908819677e-05
877,0.6287246426020536,6.115174760734643e-05
878,0.7056205707518497,0.00015239436565528397
879,0.5803961476999215,3.243381328632555e-05
880,0.09145616826341718,1.2735257293172708e-11
881,0.6769787429009764,0.00010981594749048806
882,0.12162684519374167,1.245266112448462e-10
883,0.8918105222989552,0.0009642820148529907
884,-0.6003533534667713,4.240893938622925e-05
885,0.9081587572879277,0.0011120036565547275
886,0.35358619722757134,6.283824699471197e-07
887,0.7196446649988741,0.00017803468269361744
888,0.3713382249977424,9.286773930972103e-07
889,-0.16688414500865378,1.5623596860692146e-09
890,-0.027299131465009285,7.771561172376096e-16
891,-0.8143577221179934,0.000472078021821809
892,-0.791607949735317,0.0003776535406461168
893,-0.2746147999432058,8.359751091369105e-08
894,0.7520812096842306,0.00025216080021095433
895,0.008228484487440069,-1.1102230246251565e-16
896,0.8499657015162061,0.0006610660601839013
897,0.2902685296425087,1.3014259681032314e-07
898,-0.6386847982169914,6.926021541053817e-05
899,-0.55212227200673,2.181952420476918e-05
