,data,labels
0,-0.1481409423918989,6.027223165006035e-10
1,0.9110399674976186,0.001139976598659942
2,0.5139267911859751,1.2345493388798978e-05
3,-0.3619028372922526,7.56382209976536e-07
4,-0.7260037652211815,0.00019084688180603937
5,0.9669049825107139,0.0018170576224799673
6,0.823896089609073,0.0005173952276085192
7,-0.9052672584177268,0.0010845315590882754
8,0.5695340576726744,2.7918373537882957e-05
9,0.7185573394841207,0.00017592063994176232
10,0.22433444628216814,1.6620899434549585e-08
11,-0.5894654277196762,3.6679054499222374e-05
12,-0.18267065784859016,3.2178926190340462e-09
13,0.9899376823333226,0.0021843571317460286
14,0.8819711613516255,0.0008838487437339282
15,0.8562637998573086,0.0007005668403442522
16,0.6868303644373854,0.00012311055151537076
17,-0.23345057410257875,2.284892486326129e-08
18,-0.6163101597102671,5.221242150788008e-05
19,0.6258484635012644,5.8970010078485124e-05
20,0.8480363681224796,0.0006493593799330455
21,0.19566005620492177,5.572187045110866e-09
22,-0.03159804178214065,2.55351295663786e-15
23,-0.059470284499240744,4.0734082773496993e-13
24,-0.8401121183417328,0.000603144676363021
25,-0.5298646218171141,1.5736504120344996e-05
26,-0.6641459635360671,9.4384116110513e-05
27,0.13174783947833935,2.35973574014281e-10
28,-0.15819873384745264,1.0190764898609928e-09
29,-0.4007816083796707,1.7060522635725661e-06
30,0.1291154940419792,2.0080381801790281e-10
31,0.3410285271614728,4.7093731325720256e-07
32,-0.4490841552516118,4.222702397305156e-06
33,-0.19961142844808988,6.537682950558121e-09
34,-0.7242989083845282,0.0001873356496856493
35,-0.9533147536726105,0.001626504336992407
36,0.5644176064249926,2.5988641665808387e-05
37,0.09415314113051387,1.6068035790794966e-11
38,0.11651945191235558,8.836220644070636e-11
39,0.17672045494626842,2.4694968292493513e-09
40,0.581289317389005,3.283193765479808e-05
41,-0.7792011515045016,0.0003334429621090207
42,0.4529298698548654,4.519263759994452e-06
43,0.7893928865288937,0.0003694060258153664
44,0.25698115153872303,4.920590157553306e-08
45,-0.047947624731147,7.271960811294775e-14
46,-0.021058151897041633,0.0
47,0.12408086497215742,1.4609624621186867e-10
48,0.45742352350985493,4.8886924762792106e-06
49,0.9488163646529801,0.0015673720365728672
50,0.2809389311573338,1.0026409491548094e-07
51,0.7015417617603672,0.0001455688629038443
52,0.27685286322904834,8.91950304726663e-08
53,-0.6819045775515584,0.00011629795374579199
54,-0.20011246158238793,6.669987784313491e-09
55,-0.5854364908204448,3.4736867456919285e-05
56,0.06337833695439299,6.777911565336581e-13
57,-0.288178222952842,1.2284608941204311e-07
58,-0.11301168547894025,6.919920192416384e-11
59,0.30477555682113233,1.9208268575710008e-07
60,-0.49458376408159754,9.100185078825263e-06
61,-0.30482902739696716,1.9235182391330596e-07
62,-0.7301326820180627,0.0001995888628287812
63,-0.8024653648214328,0.0004204381174637284
64,0.3251213074082402,3.21704920147603e-07
65,-0.1952083793045294,5.470204844648663e-09
66,-0.2952206626143694,1.4895965083638885e-07
67,0.951299612747275,0.0015997800011646746
68,-0.8566871971083474,0.0007032943270391945
69,0.15923439321306665,1.073652056149399e-09
70,0.9260623130548031,0.0012959392841613848
71,-0.4212025583110599,2.5347622167881667e-06
72,-0.2380798841203946,2.6729655933088736e-08
73,-0.8547204020776205,0.0006907020337546532
74,0.893725720034062,0.0009806555547182683
75,-0.1477944993013678,5.915439249548626e-10
76,-0.21293972520260795,1.0958623897217024e-08
77,0.23231772320238875,2.1977980102505512e-08
78,-0.23485087674291005,2.3967090090337706e-08
79,0.3026387734527838,1.815932578752566e-07
80,-0.5952850149962425,3.965139667405637e-05
81,0.10403142758245942,3.568745299276088e-11
82,-0.06203882047522069,5.71209746169643e-13
83,0.7325698681751496,0.00020491086217389043
84,0.32417262998918983,3.1429072222532994e-07
85,0.9156526219234284,0.001186031286442235
86,0.60266537120182,4.372138000874326e-05
87,0.015160419232110867,-1.1102230246251565e-16
88,0.9596337679829046,0.001712831716919272
89,-0.5667013618479919,2.6835110190859268e-05
90,-0.2637596803883828,6.057894130773178e-08
91,0.5979562677848747,4.108460099283562e-05
92,-0.7988019852523813,0.00040555425261290523
93,-0.451166972634651,4.381135372044653e-06
94,0.7366069664558639,0.0002139984410123308
95,-0.3235960270680942,3.0985774879255246e-07
96,-0.8828017268975064,0.0008904054327332211
97,0.7209023328078896,0.00018050746192133094
98,0.19689921581758907,5.860559926240683e-09
99,-0.6589633119459923,8.870942753791411e-05
100,0.13113943557694796,2.2739909955049598e-10
101,-0.9260923682435878,0.0012962689799365101
102,0.260298945536636,5.45145075747655e-08
103,-0.2637913497720241,6.063705437764355e-08
104,-0.04045344862946143,1.8762769116165146e-14
105,0.8569891332940669,0.0007052450013623757
106,0.6039569680853236,4.446987020889637e-05
107,0.6254772704482845,5.8693443754753716e-05
108,-0.2887877001373478,1.2493565948457075e-07
109,0.09129970564137846,1.2562173523633646e-11
110,-0.46198962216195105,5.29081702194123e-06
111,0.0668226837955499,1.0348388812531084e-12
112,-0.289836048361618,1.286026383162664e-07
113,-0.77412767303083,0.00031670466247790685
114,-0.40427237023698415,1.828107827894776e-06
115,-0.29906692556122394,1.6517451562059193e-07
116,0.7075971477285408,0.00015580101180334704
117,0.2975103758499682,1.5843567402473724e-07
118,0.49007143266624764,8.460506325080885e-06
119,-0.8974680784128422,0.0010133476009063225
120,0.5849312126755466,3.449973957014851e-05
121,-0.802926138607061,0.00042234338277591377
122,0.9895385600080169,0.0021774828212169917
123,0.19143751095983697,4.680534182455176e-09
124,0.9846753007688047,0.0020952136233266527
125,0.47466934599866883,6.5627543753832285e-06
126,0.2540383157817445,4.4881343863600875e-08
127,-0.7967225096386199,0.00039731111796215135
128,-0.2353346196783399,2.4364333994775222e-08
129,-0.8099524396467239,0.0004523406848894185
130,-0.3352370922835326,4.1079273149779993e-07
131,0.9658398544606717,0.0018014547150667637
132,0.40020297567404906,1.6865238350316503e-06
133,0.03538395116935278,6.439293542825908e-15
134,-0.29706101864083845,1.5653552198902076e-07
135,0.9632798500192519,0.0017644277308124234
136,0.49746594530338584,9.530508376154323e-06
137,0.6630183253951689,9.312322186461053e-05
138,-0.13151606280147132,2.3267421322969994e-10
139,-0.7639492728339172,0.0002853143728166474
140,0.9522722907880139,0.0016126315111147926
141,-0.588777587886149,3.634092498094876e-05
142,-0.9476838014589031,0.0015527814113518446
143,0.06288119251937307,6.363798377151397e-13
144,0.3393521075814059,4.5278391291869724e-07
145,-0.6251840461099811,5.847576969708612e-05
146,-0.9177821948721356,0.001207832799998032
147,0.3739363654761074,9.817613187967922e-07
148,-0.10797419795758234,4.80533390856408e-11
149,0.3377795486854127,4.363141363761258e-07
150,0.2561726004650753,4.7982887774189464e-08
151,-0.9024904498144519,0.0010587054539549223
152,-0.32971232434047004,3.5978748591514176e-07
153,0.3918029051224037,1.4242201360481488e-06
154,0.016925071012465098,0.0
155,-0.8585407513857541,0.0007153436080364894
156,0.41214715500369503,2.1318254344038223e-06
157,0.7515248908207821,0.00025069265723942635
158,-0.6338215948685444,6.519121740922174e-05
159,-0.5110799372065535,1.1812275907296943e-05
160,0.19785876951649062,6.092748416897109e-09
161,0.9558879809027343,0.0016611919670057596
162,-0.15986219714848193,1.107965053037674e-09
163,-0.8041335470691251,0.0004273715685892965
164,0.3398948943586997,4.585934217926635e-07
165,-0.2969524157600081,1.5607928427474604e-07
166,-0.7955697052486417,0.00039280441192945936
167,0.784276642074555,0.00035095235585069773
168,0.7036818070415465,0.00014911606889578266
169,0.07656452945163394,3.0735414213722834e-12
170,0.3376594052952411,4.350776587891403e-07
171,-0.6274223352429196,6.0155316885635024e-05
172,0.8665394040419008,0.0007694199651832045
173,-0.5418457649676061,1.8795212359701274e-05
174,0.6509404624661828,8.051070476278177e-05
175,0.9264845822659193,0.0013005781166081087
176,0.3677813152951155,8.60078420372723e-07
177,0.7710791800524595,0.0003070026842322271
178,0.22730610170423637,1.846364627855479e-08
179,0.37686172858465383,1.0446867521052283e-06
180,0.48291997075690185,7.526967777726767e-06
181,0.5024150976595727,1.0310964751569784e-05
182,-0.2969551448821328,1.5609073500399973e-07
183,-0.044583970142817675,4.063416270128073e-14
184,0.7202665985628374,0.00017925379498084926
185,-0.45912671394599913,5.035451357215948e-06
186,-0.7752445633387572,0.00032032536300419245
187,0.5854775419399039,3.475619507908867e-05
188,0.7490218016587553,0.00024417853097380426
189,-0.49101490835410755,8.590909084005283e-06
190,-0.23093115477228565,2.0951592794027363e-08
191,-0.24538568215474732,3.4029275064462183e-08
192,0.2357880436516835,2.474189564338758e-08
193,0.8843574250159272,0.0009028001763791149
194,0.7042492432875016,0.0001500691423113043
195,-0.6478208480896399,7.750575441722862e-05
196,-0.878216196465692,0.0008547263950319239
197,0.965442307663628,0.0017956609453384509
198,-0.8176165862137594,0.00048715656987052824
199,0.13405219131263824,2.710691671126142e-10
200,0.6619471065807907,9.193902882098648e-05
201,0.48891370858404515,8.302854305641816e-06
202,0.1226829372221796,1.3344081395416652e-10
203,0.45332796073195647,4.55097643303759e-06
204,-0.7841331848200146,0.00035044669439621146
205,0.8070656240812231,0.00043979920894754443
206,0.7427617358207219,0.00022852771163550667
207,-0.7837294233825505,0.0003490269056760642
208,0.7237107206750018,0.00018613736398964686
209,0.4201277940887409,2.4837011760592276e-06
210,0.14518947759588463,5.131390867774144e-10
211,-0.17781987183875425,2.595011761030719e-09
212,0.23483048044860788,2.3950466276900784e-08
213,-0.0915942714929916,1.2889911360502992e-11
214,-0.6921495281483914,0.00013085494393783037
215,0.7517424350231603,0.0002512658754345587
216,-0.534999600659954,1.698961333762572e-05
217,-0.3150401192902108,2.502070350907104e-07
218,-0.4092688732241405,2.016064618026725e-06
219,0.1926297221378599,4.918646934193305e-09
220,0.759523488361503,0.0002725328917008163
221,-0.14888064335921203,6.272096175763409e-10
222,0.49841057000043687,9.675356702487647e-06
223,-0.19232844362899604,4.857495738974649e-09
224,0.10168370582928121,2.973243873327647e-11
225,0.3224026395501185,3.0085613578201276e-07
226,0.4490003918080514,4.216436837345405e-06
227,0.7838331665388314,0.0003493912303365043
228,-0.5164364644211312,1.2832853636957076e-05
229,-0.8339575868159381,0.0005692491538957789
230,0.679415776214771,0.00011298243479573866
231,-0.43616715209497214,3.3472059424166645e-06
232,-0.3785934591406317,1.083573495708201e-06
233,-0.41163780508363246,2.110927110332561e-06
234,0.49025180122444967,8.48530158492622e-06
235,0.21111178706713818,1.0229064928424236e-08
236,-0.12483272878686691,1.5332757286046217e-10
237,-0.8442690162042306,0.0006270182462038143
238,-0.15188067065567812,7.356779629930088e-10
239,0.9623402777747512,0.0017510045814924657
240,0.36214268565494057,7.603887267615406e-07
241,0.2503190987941659,3.989376895496832e-08
242,0.506739098993005,1.103790984624542e-05
243,0.7935424409009173,0.00038498686387911096
244,0.5649248809577376,2.6174622295149774e-05
245,0.3046373063225545,1.913883426185592e-07
246,-0.31999277357429623,2.8337289081914463e-07
247,-0.6631995032083347,9.332481515011981e-05
248,0.6489549989656094,7.858671365201797e-05
249,0.32306096475285795,3.0579312804146497e-07
250,-0.664203594907941,9.444895539978404e-05
251,0.032885809084243656,3.552713678800501e-15
252,-0.703860677145119,0.0001494159311478116
253,0.5328670233811379,1.6459007179725482e-05
254,-0.009862995271644692,1.1102230246251565e-16
255,-0.9478956979672015,0.0015555022477153901
256,0.6414037911883812,7.163021950429282e-05
257,-0.44192573608963737,3.7156631528256767e-06
258,0.9609842432776976,0.0017317877722771158
259,-0.3477716159882278,5.50541886412681e-07
260,0.6153973386138627,5.160261892345197e-05
261,-0.14234991676881625,4.381744966863721e-10
262,-0.8477210952116265,0.0006474636076755358
263,0.4738703580253767,6.475382578030597e-06
264,-0.2765254466612326,8.835622467007198e-08
265,-0.29718849228675936,1.5707252198904342e-07
266,0.48696650894161353,8.043474323926603e-06
267,0.29053732253922626,1.3110780350267248e-07
268,-0.652660226400791,8.221025691790285e-05
269,-0.465874377592995,5.655373206514547e-06
270,0.6697723823959807,0.00010090020222397467
271,-0.7544126646173823,0.00025839524931003943
272,-0.29796062295107695,1.6035978156470065e-07
273,0.6144026269886134,5.0945186261142084e-05
274,-0.8259672951776669,0.000527720334123738
275,0.33105170211728696,3.7161484123249267e-07
276,-0.9944370684778308,0.0022631631801768304
277,0.37902785298147146,1.093524122808276e-06
278,-0.5915639397412187,3.7727653322550125e-05
279,-0.3766743231197147,1.0405525271428573e-06
280,0.09344012372280908,1.5120127372370007e-11
281,0.48978655637806434,8.421473199016205e-06
282,0.6354004963261541,6.648880063431228e-05
283,-0.7664918672758261,0.00029289052445702346
284,0.45279923410230194,4.508899201116634e-06
285,-0.32517233534861,3.2210801448329107e-07
286,0.4715101341714052,6.223186462706032e-06
287,0.6557893545997133,8.538289879556071e-05
288,-0.6522571073298458,8.180909660182589e-05
289,-0.31739177915729044,2.655056936529121e-07
290,0.23677896352623162,2.5584880880558103e-08
291,0.6189898351242533,5.4038986291082836e-05
292,0.017035808430741373,0.0
293,0.43530864395971336,3.2951045756401953e-06
294,-0.8132568614628388,0.0004670769072836478
295,0.6448523348622444,7.473755609788135e-05
296,0.3105098790956944,2.22893940748925e-07
297,0.79245896577033,0.00038086449541274714
298,-0.19770988837318448,6.05620398275164e-09
299,0.22332523836952523,1.6032779326380364e-08
300,-0.12574861499099255,1.6255796708719572e-10
301,-0.843072096881067,0.0006200615009511745
302,0.5730768928736645,2.9326731510237458e-05
303,-0.7138585226281826,0.00016703407624396593
304,-0.9569882852002756,0.0016762189202439437
305,0.8340247488285379,0.0005696099150637179
306,-0.9664994064631134,0.001811102643251794
307,0.9740048471034997,0.0019240877690062108
308,0.5242031933981739,1.4449093300283877e-05
309,-0.7415490941474581,0.00022559908174768495
310,-0.5193430926663409,1.341820698930185e-05
311,0.6349011257001103,6.60759931039312e-05
312,0.5086140368953131,1.1366767717624349e-05
313,0.16557673763837077,1.4671475145888735e-09
314,-0.4363968939435796,3.361269999224703e-06
315,-0.9006996741937456,0.0010423346518485532
316,0.7755536981632378,0.00032133384469401616
317,-0.04032950782324707,1.8207657603852567e-14
318,-0.4231973246355101,2.63196579686209e-06
319,-0.3153197881701051,2.5198507258572533e-07
320,-0.16314515123674056,1.303488539328157e-09
321,-0.6220072778676162,5.6162219698507876e-05
322,0.7213872877572596,0.00018146891623394001
323,0.29118806159202704,1.334704968769529e-07
324,0.8174404295161988,0.00048633093491501356
325,0.5444968948548126,1.9538102371874366e-05
326,0.5134153994034318,1.2248190479291488e-05
327,0.49949074912618263,9.84334217934979e-06
328,-0.1867471857153462,3.838738105166328e-09
329,0.7973762315385009,0.00039988665764190134
330,-0.2634726510437857,6.005446340218157e-08
331,-0.28513547961494123,1.1286453394099283e-07
332,0.7994547116729993,0.00040817215728983225
333,0.1853431445971474,3.6140221926217464e-09
334,-0.7093596005657952,0.00015889432510030055
335,-0.48349751811358366,7.598867253211239e-06
336,0.5631381858393978,2.5524680911326314e-05
337,0.6693516404009567,0.00010039973329489804
338,0.6934552586774194,0.0001328196020794481
339,-0.21925970780287551,1.3843786783596101e-08
340,-0.03498679287083051,5.773159728050814e-15
341,0.021854166132573738,1.1102230246251565e-16
342,-0.1737367833155501,2.1552288842485723e-09
343,0.06711480014610349,1.0716982856706636e-12
344,0.30185438076021676,1.7787032857707885e-07
345,0.8332764366973813,0.00056560155251828
346,-0.5655100512801923,2.6390602398285168e-05
347,0.07823227725177007,3.651634550294602e-12
348,-0.2719972172833798,7.744249763685929e-08
349,0.09357534866175099,1.5296097721773094e-11
350,-0.624648826264546,5.808026456066706e-05
351,0.9968599408562417,0.0023066108071156943
352,-0.8634630096527875,0.0007482156620326474
353,-0.650963373871297,8.053314413425383e-05
354,-0.8970142425014329,0.001009333309307081
355,-0.4867892322589127,8.020215075732473e-06
356,-0.8061328652042079,0.00043581207496545815
357,-0.08728627091717667,8.768208381582099e-12
358,0.7233955761713018,0.0001854980844007148
359,-0.11183762290172239,6.365452609458089e-11
360,-0.8776013628253687,0.0008500381986543681
361,-0.8952893207740968,0.0009942015834338847
362,-0.12174352706057312,1.254850667820051e-10
363,-0.8277641478051272,0.0005368223345403322
364,-0.5783542919338482,3.1539443968719993e-05
365,0.6063340626768106,4.5876648495868366e-05
366,-0.4657869310156657,5.646931831471136e-06
367,-0.823610233486926,0.0005159840931506787
368,0.9343924024589321,0.0013901501521911275
369,-0.3044734504074753,1.9056824196450606e-07
370,-0.9779705527312239,0.0019862159553570846
371,-0.6582213813391977,8.792188947981394e-05
372,-0.9306335879108731,0.0013469285415779186
373,0.934613599220649,0.0013927306829809583
374,-0.614527832999058,5.10275347050948e-05
375,-0.5347034051354875,1.6915036205378264e-05
376,-0.0473246391435036,6.550315845288424e-14
377,-0.3445840835755254,5.115570682612258e-07
378,0.5658806817164084,2.6528200596120932e-05
379,0.16440449166858806,1.3861347625265807e-09
380,-0.6662353262593514,9.67597290422173e-05
381,-0.17321617663379585,2.1041399733690014e-09
382,0.8140024146427891,0.00047045882929086513
383,0.5629231625398325,2.5447419533253246e-05
384,-0.8567983922961517,0.0007040121635174534
385,0.5938587711473966,3.8904177356413605e-05
386,-0.29106038540404233,1.3300401924265515e-07
387,-0.5641566873039736,2.5893431238710463e-05
388,-0.40758558667384737,1.9509418264229694e-06
389,0.6482426034206994,7.790620679914984e-05
390,0.73307559918777,0.00020603054753376426
391,0.7938633818059515,0.00038621539116601156
392,0.7070412709390805,0.00015483631978130408
393,0.2686290197799701,7.010770985971249e-08
394,0.288031069468212,1.223461822963401e-07
395,-0.8158071611299746,0.00047873363045791706
396,0.10235057923018309,3.132827330887267e-11
397,-0.5590918731597261,2.410455192058958e-05
398,-0.8238509824097036,0.0005171723324406408
399,-0.5129140084224,1.2153440790529935e-05
