,data,labels
0,0.3199881462336478,2.833401935298241e-07
1,-0.7870397957636825,0.00036081655157271797
2,0.8649811392264812,0.0007586151911661565
3,0.32555012842161624,3.251061437836711e-07
4,0.3539352624332517,6.333469223518406e-07
5,0.08240979808000692,5.536127112293343e-12
6,-0.8322705038504059,0.0005602518611235174
7,-0.14550443796624557,5.221073573480339e-10
8,-0.8174369651910498,0.0004863147100490073
9,0.5635330229870503,2.5667085175484772e-05
10,-0.22154742792106408,1.5040916401254378e-08
11,0.40151757868320104,1.7311759095139934e-06
12,0.5595499266535136,2.4261775334100122e-05
13,0.13865679059573455,3.551104965637819e-10
14,-0.8252350494859064,0.000524049765215473
15,-0.16651723423574727,1.5351088178405803e-09
16,0.4188430816831188,2.4238462484893475e-06
17,-0.16070994700245045,1.1558198842465117e-09
18,0.6022450746259373,4.348019498046085e-05
19,0.23771847538054391,2.6407219855251185e-08
20,-0.7874308070332718,0.0003622317095327565
21,-0.11018708254970688,5.6518123514592844e-11
22,-0.5548428961068634,2.2687948448729678e-05
23,0.08949683266992725,1.0709766407046573e-11
24,0.5886534747673389,3.6280203538852085e-05
25,0.7041114315441055,0.00014983718569661075
26,0.7576340824055845,0.0002672299380236387
27,0.8429734094801875,0.0006194909130293746
28,0.6356977307363494,6.673557643765982e-05
29,0.7025750788061937,0.0001472723438912249
30,-0.036658968680567616,8.43769498715119e-15
31,0.7763026125863017,0.00032378846121894345
32,0.5255270758548034,1.4741606306767352e-05
33,0.6941338669395651,0.0001338507696047042
34,0.028405158846838585,1.1102230246251565e-15
35,-0.17094875225561967,1.893774692618422e-09
36,-0.823780696935865,0.0005168251862764928
37,-0.4060739892858398,1.8940349273410817e-06
38,-0.49133093473465794,8.634979207888804e-06
39,0.015063482293009356,0.0
40,0.8597295587449441,0.0007231656232667971
41,-0.993542896487267,0.0022473087320566965
42,-0.15563377712134163,8.942286910951225e-10
43,0.7319865864203117,0.00020362605829482572
44,0.2683355686802611,6.949845032799828e-08
45,0.3306047466276245,3.676307887001684e-07
46,-0.21562100006587603,1.2111033509398794e-08
47,0.8424535660050294,0.0006164928200265152
48,-0.20786510181561524,9.037486092822178e-09
49,0.9423952317558726,0.0014861975560769292
50,-0.8335221754532751,0.0005669151503984171
51,0.8376618634099164,0.0005894457809832998
52,0.03999997618076634,1.709743457922741e-14
53,-0.5191700103620887,1.338270970840938e-05
54,-0.9991003364183617,0.002347427353843301
55,-0.3737085294835014,9.770025741762112e-07
56,0.06461560606264127,7.91033905045424e-13
57,-0.5102912909237121,1.1668164739853104e-05
58,-0.7660274340570123,0.00029149373902437326
59,0.575124634307413,3.0168682453313167e-05
60,-0.09866884127348086,2.3371415913686633e-11
61,-0.12611711349868537,1.6640655520205883e-10
62,-0.8781769736897216,0.0008544266467424011
63,0.4368609982747671,3.3898384699249107e-06
64,0.6678407879602908,9.862036291985454e-05
65,-0.705834626332073,0.00015276013345921768
66,0.9838837999746826,0.0020820823781151354
67,0.25574130982240884,4.734145420126623e-08
68,-0.2231103432187802,1.5909925710211326e-08
69,0.36776511484435503,8.597763967443939e-07
70,-0.017436141517251924,1.1102230246251565e-16
71,-0.5987038490702163,4.149369939432379e-05
72,0.8782464370729639,0.0008549575621163985
73,-0.4300860498581398,2.9931437590668963e-06
74,-0.909242512379707,0.001122454863433986
75,0.034462695760823836,5.218048215738236e-15
76,0.5728220296360755,2.92233895011762e-05
77,0.8223078504430648,0.0005095970961530583
78,0.09099835728939198,1.2234102619856912e-11
79,-0.8753595108284877,0.0008331323219397113
80,0.153542992756462,8.025750064533099e-10
81,0.7643782179934544,0.00028658041486695485
82,-0.41190052106854,2.121683734812585e-06
83,-0.7921020075027039,0.0003795147838917545
84,0.13004326478399686,2.1263646399205527e-10
85,-0.31380044017146336,2.424569467418536e-07
86,-0.9822304169538307,0.0020548821202572842
87,-0.6750527864943989,0.00010736846408720968
88,-0.2105946093969866,1.0030521746529075e-08
89,0.7947784889021425,0.0003897370551793067
90,-0.26559934521345663,6.403660834930491e-08
91,0.7622723092712647,0.0002804113379424322
92,-0.707891612549945,0.00015631415505079627
93,-0.0071921500218572465,0.0
94,-0.42469591993937694,2.707117557232408e-06
95,0.10480874576258059,3.787670177501923e-11
96,0.09519230702030179,1.7542411967497173e-11
97,0.5222123424912444,1.4018746971933282e-05
98,-0.16532390618376147,1.4493327649134358e-09
99,-0.4676628413508599,5.830450476973503e-06
100,0.5075217829345875,1.1174166228644644e-05
101,-0.09368048291439135,1.5434098443734e-11
102,-0.6780596435388597,0.00011121071464104126
103,-0.3525203455134651,6.134335802654434e-07
104,0.6998207480520238,0.00014276973559879114
105,0.9855796490390238,0.002110304826475562
106,-0.07570863818678752,2.8091973192090336e-12
107,0.42490591556343804,2.7177967125702196e-06
108,0.5813458017424253,3.2857257798890593e-05
109,-0.32736946434630765,3.398883875460612e-07
110,0.8535582177286261,0.0006833536378437755
111,0.17747529252987126,2.555085920619149e-09
112,0.23137945691208417,2.1278756201503768e-08
113,-0.2052325533560564,8.162290732194322e-09
114,-0.4434947703434615,3.821997998865179e-06
115,0.8263680337200714,0.0005297385808089583
116,-0.7184946352193382,0.0001757993957651749
117,0.9536741524132764,0.0016313110477251813
118,-0.17712065476972505,2.514556562971393e-09
119,0.0580515727316806,3.3573144264664734e-13
120,0.8079884631559637,0.00044377510304793866
121,0.5269201612374472,1.5054975517458935e-05
122,0.5839883327288478,3.406101622849267e-05
123,0.8783431994409696,0.0008556976036161457
124,0.533691588878479,1.6662427204550134e-05
125,-0.18564832821603328,3.661862590931264e-09
126,0.11384898466548532,7.340739127670304e-11
127,-0.04536274653781969,4.6629367034256575e-14
128,-0.05630068226148022,2.6278978992877455e-13
129,0.7206986291904847,0.0001801049305346636
130,-0.48492775166335944,7.779504804461546e-06
131,0.29861652636887115,1.631992987416453e-07
132,-0.7546983575308877,0.0002591683530795974
133,0.6448927947172267,7.477469872751996e-05
134,0.3542218725390216,6.374487188098854e-07
135,-0.1770090633105441,2.5019203375720167e-09
136,0.2598151151821091,5.371047695490461e-08
137,0.8849933242898462,0.000907909546727037
138,-0.09642206837271217,1.943911698276679e-11
139,0.011685416097636958,0.0
140,0.9387328164760778,0.0014415513675192226
141,0.429650117057335,2.969068932268115e-06
142,0.20768639651287124,8.975581722303616e-09
143,-0.7037181359280569,0.00014917692910587643
144,-0.5176152637299936,1.3067503902397526e-05
145,-0.7107224122924645,0.00016132273717517354
146,0.20075552988388567,6.843226763031396e-09
147,0.6484359431763629,7.809038264738888e-05
148,-0.2622359772514753,5.7839863121245116e-08
149,0.8025568893580053,0.0004208159688573465
150,0.3260840300830308,3.293847167240571e-07
151,0.5268491680148402,1.5038866471139833e-05
152,0.15010180550154395,6.695428655945079e-10
153,-0.2319434649599763,2.1696699659123908e-08
154,0.1643621219342879,1.3832813783309916e-09
155,-0.22187229848690837,1.5218050486431878e-08
156,-0.7703797048862264,0.0003048133898595484
157,0.9184129526544249,0.001214356555642393
158,-0.7953101934274922,0.0003917960420315447
159,-0.19784812786415595,6.090129844871228e-09
160,-0.5339667339253986,1.6730791670860334e-05
161,0.7531903593123928,0.00025511021697499636
162,-0.2951804124893811,1.4879760767971817e-07
163,-0.28359592614712525,1.080899053595985e-07
164,-0.16990446574838014,1.8032445536775299e-09
165,-0.21696890168165806,1.272938554564007e-08
166,0.2676036701486837,6.799901941523245e-08
167,0.402783443494253,1.775144987226085e-06
168,0.37795458000943816,1.0690824825410061e-06
169,0.5102475528114139,1.1660217474673829e-05
170,0.6728743250277831,0.00010465747749488497
171,-0.9345290494114256,0.0013917438159485318
172,-0.8499944520605052,0.0006612418877579573
173,0.25670747209637623,4.878891790571771e-08
174,-0.19230587218177275,4.852941271060729e-09
175,-0.19054777693778013,4.509464024415877e-09
176,-0.6564211668034863,8.603627868364327e-05
177,0.657055693190683,8.669684454110094e-05
178,-0.2381628297953775,2.6804141128877745e-08
179,-0.32149309711664653,2.9414985747155953e-07
180,0.3515255384169387,5.997624524800571e-07
181,-0.3343829970941685,4.0251713406824763e-07
182,-0.02212019905356577,2.220446049250313e-16
183,0.9654973252586316,0.00179646179680637
184,-0.3770997147807278,1.0499574828459757e-06
185,-0.4335945669957766,3.193194723971615e-06
186,0.0025281038790356813,0.0
187,0.5755333797158719,3.033924269046917e-05
188,0.7027719175440599,0.00014759880375458945
189,-0.003329021281713418,0.0
190,-0.1609557910295465,1.170031294073226e-09
191,0.10834227070945168,4.937916742164816e-11
192,-0.6269144478993522,5.9770570884354335e-05
193,0.243119045442997,3.1597935046256964e-08
194,0.8457313040593204,0.0006356093016468556
195,0.6008216138366236,4.2671942706018484e-05
196,-0.22650143643485032,1.7947840769139134e-08
197,-0.08545742019796365,7.401967927478381e-12
198,-0.8566633672286721,0.0007031405725718143
199,0.5576552341826053,2.3617185315072398e-05
200,0.9764856620778344,0.0019627525271941337
201,-0.7220981689887587,0.00018288633825613854
202,0.21076452629473863,1.0095377200869393e-08
203,0.3250967397485005,3.215110054854975e-07
204,-0.5838039634342869,3.397579989694588e-05
205,0.3335944460707563,3.9500635451439337e-07
206,0.8683655279073077,0.0007822518722436778
207,-0.8646450981588643,0.0007563024819483566
208,-0.564822954347169,2.6137160336170417e-05
209,-0.3908512263237782,1.3968821183096836e-06
210,0.2146071306962991,1.1663390919736116e-08
211,-0.7623166580852923,0.00028054005344979593
212,-0.5456766924318852,1.9876851285127728e-05
213,-0.22391855865731802,1.6376292988340424e-08
214,-0.7065863948141937,0.00015405078100694247
215,0.19802732125268863,6.134353802700332e-09
216,0.14446894948691846,4.931273167585459e-10
217,-0.3659723318077379,8.269207981692617e-07
218,0.059272411805799896,3.964606420936434e-13
219,-0.6338500922354164,6.521444030449519e-05
220,0.2515933902953815,4.154505461873015e-08
221,-0.33373261588507397,3.963134719286998e-07
222,-0.982151201384091,0.0020535866902740008
223,0.11343788585169112,7.13140657637723e-11
224,0.5472224770246292,2.0328430505700545e-05
225,-0.45865465317098186,4.994395025104126e-06
226,0.1808675840379379,2.972593393657519e-09
227,-0.7113607729523574,0.00016247130656199538
228,-0.8462861554341803,0.0006388957520657712
229,0.39039322910835494,1.3838898463847116e-06
230,0.44360037987349066,3.829249729303541e-06
231,-0.7625841000143116,0.000281317351796595
232,0.2780935418677144,9.243702958627864e-08
233,-0.7681419060190515,0.00029790021613296247
234,0.9421961418037408,0.0014837401230158864
235,-0.8729963971448675,0.0008156287804638174
236,-0.8939296217009542,0.0009824128936796184
237,-0.7783106970093223,0.0003304507366604925
238,0.011310949744169685,1.1102230246251565e-16
239,-0.5436329180690118,1.9293238139539426e-05
240,-0.5786235709597496,3.165614794231608e-05
241,-0.5924731632411826,3.819003353588979e-05
242,0.724734557843643,0.00018822749892866142
243,0.4781333450430618,6.953568390088982e-06
244,0.877486123382152,0.000849161969898482
245,-0.11836900401740191,1.0022238594586952e-10
246,-0.193171427600491,5.030293515062567e-09
247,-0.06495002604838551,8.242295734817162e-13
248,-0.5425515488029677,1.899053657405947e-05
249,0.9710248772878258,0.0018785176016659078
250,-0.26974936338431466,7.247691846679061e-08
251,0.42925185144327815,2.947222309535036e-06
252,-0.4109907679555369,2.0846377413175077e-06
253,0.6186223038321541,5.3785214661594694e-05
254,0.789457425787107,0.00036964409617334937
255,-0.053665611665941526,1.7918999617450027e-13
256,-0.0905053475504336,1.1714074155122489e-11
257,0.5943434119338764,3.915669511811437e-05
258,-0.71875865007231,0.0001763103835813462
259,-0.017059882257444148,0.0
260,-0.8511410564233415,0.0006682872865058087
261,0.5010329036143892,1.0087581709394833e-05
262,0.7666871104219202,0.0002934794549654951
263,0.6621268193286274,9.213677411412657e-05
264,-0.4679230028293073,5.856308469831539e-06
265,0.5848942299639788,3.4482439086547245e-05
266,0.3224854330340967,3.014731754236166e-07
267,-0.373623004949416,9.752214573666151e-07
268,0.8754200646347687,0.0008335850946482593
269,-0.6225333388672973,5.653973099484233e-05
270,0.3270301471499919,3.3708767821494234e-07
271,-0.3918594337897843,1.4258585868676121e-06
272,-0.22662915213819534,1.802885774004892e-08
273,-0.30062119581407143,1.7215216885357876e-07
274,-0.07208556817357081,1.89770421599178e-12
275,-0.5288685812754019,1.550300779551428e-05
276,-0.9706701649928096,0.0018731561068107139
277,0.19453287492758098,5.320732077152002e-09
278,-0.9426205618498846,0.00148898313714374
279,0.36268710611379884,7.695518153827408e-07
280,0.15316137073006808,7.867644313819255e-10
281,0.17796998608374448,2.6125751562133814e-09
282,0.7265778860381173,0.00019204213080215027
283,-0.7751550514066659,0.0003200338651397905
284,-0.2534838352416573,4.410485299199962e-08
285,0.9766057726783848,0.001964641477504303
286,0.9577355922211666,0.001686492030991138
287,-0.8290496680535846,0.0005434175827029319
288,0.703584237673802,0.00014895272212600563
289,-0.6269564271539376,5.980229043034413e-05
290,0.18241303895692207,3.181795826812106e-09
291,-0.9532647939906924,0.0016258371337570798
292,0.5011355528790673,1.0104024918966559e-05
293,0.860196687537836,0.0007262594636222586
294,0.36170686257279105,7.531222806500537e-07
295,0.58654944340783,3.5264195959561206e-05
296,-0.30202654335900747,1.7868169044366056e-07
297,0.3086229250371799,2.1231015367995099e-07
298,-0.05515562584430689,2.2293278334473143e-13
299,0.3823844256594271,1.1731431230899148e-06
300,0.20303830212573293,7.490393971743003e-09
301,0.6737304868827718,0.00010571573151163527
302,0.40110573655438975,1.7170774269104072e-06
303,-0.8723230069383248,0.0008106998257121356
304,-0.597734026513399,4.0963664075910344e-05
305,0.1991283226394842,6.4122915865993946e-09
306,0.6199155810730883,5.468282168707983e-05
307,-0.719896066594552,0.00017852660760975247
308,0.1988951581676739,6.352529391406847e-09
309,0.8282222634423368,0.0005391646349818258
310,-0.19484536635011884,5.389428681112918e-09
311,0.24140366792067058,2.986026914619799e-08
312,-0.40265039549201376,1.770478228579897e-06
313,-0.2529742075644894,4.340155990156802e-08
314,0.6880597999814762,0.0001248641360932501
315,-0.23924164599819053,2.7789581968917787e-08
316,0.11842534706437191,1.006045247109455e-10
317,-0.18641321872624061,3.784208058021932e-09
318,-0.5483999726819297,2.067839862074372e-05
319,-0.9940560341618969,0.002256395301420633
320,0.32963647911720373,3.591276934722387e-07
321,-0.8104341942056197,0.0004544635972791866
322,0.1567240993393757,9.45560185705574e-10
323,0.9629529938344621,0.0017597480348214845
324,-0.20810523245902113,9.12125619478843e-09
325,0.62416364303442,5.772375088275439e-05
326,0.912182901496474,0.0011512410149825403
327,-0.37207029991360896,9.433747153453353e-07
328,-0.23455427424634423,2.3726335229845574e-08
329,-0.6988595868562706,0.00014122694988927265
330,-0.15938027700080748,1.0815411899400829e-09
331,-0.10890712232097988,5.147582360365277e-11
332,0.28984944406574,1.2865009679785544e-07
333,-0.5512051805618432,2.1533396345474465e-05
334,0.5140817298547964,1.2375106507200861e-05
335,0.5646283903460796,2.606578036112861e-05
336,-0.05931650788808196,3.9901415505028126e-13
337,0.9099303603862192,0.001129132257099097
338,0.5116376153250959,1.1915116861160868e-05
339,0.8708164399246299,0.0007997658980057887
340,0.9588594942363524,0.0017020449016028616
341,0.27546067882587977,8.567589204755421e-08
342,-0.39209083569533343,1.4325828170402843e-06
343,-0.07005112711405892,1.5092371796754378e-12
344,-0.758271795790689,0.000269009668781961
345,0.6704604713005957,0.00010172336081915034
346,0.337659441952352,4.3507803559883484e-07
347,0.7481546626726636,0.00024195646322899833
348,-0.24855035609156206,3.769697098920943e-08
349,-0.6643030538329802,9.456094484028288e-05
350,-0.2813792822939407,1.0152576579436356e-07
351,0.33379111429938235,3.9686801822647055e-07
352,-0.5059459607297889,1.090131478487244e-05
353,0.10513248664128061,3.882261179199986e-11
354,-0.12441437117050658,1.4926604396947596e-10
355,0.10308599607764912,3.31745741988243e-11
356,-0.7746128177376281,0.00031827299354147964
357,0.5040813728649167,1.0585988698852411e-05
358,0.7767621213762885,0.00032530258905938414
359,0.2085809783621846,9.28922905263363e-09
360,-0.657475912964725,8.71367368400211e-05
361,0.20744151068970917,8.891354652540429e-09
362,0.831552937935705,0.0005564626613000501
363,-0.6346080074137825,6.583472685206537e-05
364,-0.3382369370463063,4.4104957841462067e-07
365,-0.2260844997944782,1.7685567454961415e-08
366,0.20552771175045592,8.256574868248379e-09
367,0.7400701634638707,0.00022207158145715056
368,0.11212810586977229,6.498890314787786e-11
369,0.6438434185533297,7.381654181171093e-05
370,0.13925601551544342,3.6756897525691556e-10
371,-0.5892954319900505,3.659523356036587e-05
372,0.282834441934235,1.0579428777468536e-07
373,0.623324595694162,5.71117162841972e-05
374,-0.5358623383336425,1.7208473421126413e-05
375,-0.2603323943443234,5.457047980161889e-08
376,-0.53829400382495,1.7838630952726753e-05
377,0.3162511421366503,2.579861843043929e-07
378,0.8219010693852575,0.0005076163395352218
379,0.2608812293705025,5.5496086948103596e-08
380,0.6173291055580843,5.290052926743005e-05
381,0.5525637845597771,2.1958452379289284e-05
382,0.2520957785550013,4.2212313755563e-08
383,0.6724736346212616,0.00010416538391622154
384,0.7614258519258659,0.00027796445432703987
385,0.7606597839219469,0.0002757659858931838
386,0.59045614000825,3.7170890036630766e-05
387,-0.3994210382724215,1.6604443806578217e-06
388,0.5384553299349069,1.7881140900288806e-05
389,-0.20195907817500958,7.178056038448233e-09
390,-0.8312415963187383,0.0005548255205817254
391,-0.0017138377438634667,-1.1102230246251565e-16
392,-0.5756704225783986,3.03966154849844e-05
393,-0.5546428720048959,2.262308973810523e-05
394,0.7110229163707313,0.00016186253515160232
395,-0.3383225805493095,4.4194123915985983e-07
396,-0.973821344057116,0.0019212541887245749
397,0.9880730578300172,0.002152402154291022
398,0.1951567927659652,5.458661855861635e-09
399,-0.3910925187908314,1.4037697600999266e-06
400,-0.46288683331658387,5.373138979747338e-06
401,-0.11124981623484609,6.102751637371284e-11
402,0.2734849914003037,8.089032388358675e-08
403,-0.3715685760151217,9.332802535233498e-07
404,-0.4737832818356338,6.465922175458161e-06
405,0.40754000624725206,1.9492042762081496e-06
406,-0.23506573804706332,2.4142826959838715e-08
407,-0.22620107531052014,1.7758559400782303e-08
408,-0.8304519966600383,0.0005506922864664254
409,-0.9315698153947249,0.0013575834589989455
410,0.5975455280429485,4.086133231040456e-05
411,-0.38120736502627306,1.144664872332335e-06
412,-0.5238501787243992,1.4371954895842087e-05
413,-0.29592020110298156,1.5180067169939804e-07
414,0.45362174340726136,4.574504150700598e-06
415,0.5661207037508158,2.661764324829452e-05
416,-0.43261560943478505,3.1362350382257986e-06
417,-0.8578493686945383,0.0007108283834474927
418,0.18876306112991337,4.182724389067971e-09
419,-0.4580860830807494,4.945333261230367e-06
420,-0.2525598193504066,4.2836946878566096e-08
421,0.3488310528779852,5.64061705898844e-07
422,-0.6084827189790061,4.718145423521225e-05
423,0.9336191053367653,0.0013811612566294595
424,-0.380565795483498,1.1293983059879054e-06
425,-0.8379820371095372,0.0005912203129899707
426,-0.2266347229917347,1.8032398907408265e-08
427,0.8511974962605025,0.0006686357625881323
428,0.4064737306392572,1.9089410757677783e-06
429,0.9336909043239998,0.0013819937278816141
430,-0.8579328134316433,0.0007113720206681773
431,-0.8300398080460925,0.0005485452937320501
432,0.38720884482379203,1.2964385142089085e-06
433,-0.1982722927830496,6.195265855879484e-09
434,-0.2499005107277894,3.936401427040437e-08
435,0.8381941576562308,0.0005923985250261277
436,0.7967703171346494,0.000397498980412303
437,0.282153022236983,1.0377629200419847e-07
438,-0.1818956072477802,3.110363522296211e-09
439,0.09560818391386428,1.8164802995102036e-11
440,0.0707515990997063,1.634359314550693e-12
441,-0.6342048999132686,6.55041821017166e-05
442,0.21437460802707387,1.1562791835117991e-08
443,0.4890586083502888,8.32244445336805e-06
444,0.06273647855430386,6.247224959565756e-13
445,0.10993237384239918,5.5481508276500335e-11
446,-0.3177287434445557,2.6776342709755596e-07
447,0.6384975448638117,6.909954147693576e-05
448,-0.732743531407599,0.00020529475307651257
449,0.5774497149164095,3.115014767229862e-05
450,-0.40275042939497596,1.7739859919929657e-06
451,-0.4254226588086678,2.744232068807584e-06
452,-0.75522833277777,0.0002606078304148163
453,0.06498418302612263,8.277822871605167e-13
454,-0.388661701082502,1.3357195475238726e-06
455,0.8810605756102927,0.0008767085589048706
456,-0.20347977087372304,7.621545061731183e-09
457,0.05591927203486624,2.488009798184976e-13
458,-0.5018044904410486,1.0211754932321071e-05
459,0.638839810643512,6.939347098611215e-05
460,0.9767227285041054,0.0019664823271986487
461,-0.11045073585739851,5.76088066139846e-11
462,-0.9483699013728,0.0015616061919678792
463,0.12885081169774293,1.9753565450031374e-10
464,0.7310387151672109,0.00020155311681535615
465,0.9473658176173283,0.0015487061141213898
466,-0.12920370557348626,2.019036049460965e-10
467,0.9968971034438066,0.0023072828038001036
468,0.6738264013017266,0.00010583486442394818
469,0.08696750961051603,8.515188554270026e-12
470,-0.31841703776965447,2.7242735289867426e-07
471,0.6619751632196607,9.196987631687747e-05
472,-0.14660574671355509,5.545541803542164e-10
473,-0.7416240242736587,0.00022577909290966147
474,0.6260587833007545,5.9127217374221885e-05
475,-0.048246653366301295,7.627232179174825e-14
476,0.807217537841413,0.00044045156655891926
477,-0.8138071695696452,0.0004695711230698896
478,-0.6049483488463296,4.505193573633992e-05
479,-0.07655211266610906,3.069544618483633e-12
480,-0.5133662698179848,1.22388778855953e-05
481,-0.5553516961979186,2.2853660626043215e-05
482,-0.6235215375906646,5.7254863301214876e-05
483,0.4279594818289687,2.877293945324766e-06
484,0.9592055023883588,0.0017068580226476948
485,0.6403019549338087,7.066142735034919e-05
486,-0.12012334394994051,1.1273582067872212e-10
487,0.07020817712509642,1.5365486660812167e-12
488,-0.301763768288529,1.7744458824520137e-07
489,-0.4936032660369998,8.95770962305864e-06
490,0.5714806426809034,2.8684700242753713e-05
491,-0.13329528167252502,2.5906921052865073e-10
492,-0.4663500971193455,5.7014885214146105e-06
493,-0.9707249826827333,0.0018739838115606755
494,-0.20598509355225958,8.404560603025857e-09
495,-0.4055955300897389,1.876327183403248e-06
496,-0.34962645713908436,5.744019281328505e-07
497,0.15057216613657087,6.865030766078917e-10
498,-0.2673679441573764,6.752215131466954e-08
499,0.24432986108536214,3.2877114919394046e-08
