,data,labels
0,-0.626006675067172,5.9088234149906604e-05
1,0.8460841595497599,0.0006376976019843994
2,0.3081554655756482,2.097571349946037e-07
3,0.0817741521330182,5.203726338720571e-12
4,0.35320739143979174,6.230335478640825e-07
5,-0.8865500514444882,0.0009205237259857224
6,-0.65978764050287,8.959162816279953e-05
7,0.14372521689579631,4.731904867938397e-10
8,-0.8822266285501319,0.0008858609865672884
9,-0.08744836228914843,8.899214698487867e-12
10,0.8557786768014319,0.0006974530187139338
11,0.17892071852301594,2.726246006723443e-09
12,-0.050706160800064515,1.1379786002407855e-13
13,-0.7360883945254946,0.00021281184374255524
14,-0.8542726946952177,0.0006878631311201255
15,0.7558452905652175,0.0002622923191100135
16,-0.5850172234048494,3.45400045921318e-05
17,-0.9629838279633829,0.001760189035998061
18,-0.6874514026372889,0.0001239936596753033
19,-0.6172182422681713,5.2825280648205464e-05
20,0.14225548180119252,4.3585557385483753e-10
21,-0.3222089677499491,2.9941705603775404e-07
22,-0.0473293953535161,6.550315845288424e-14
23,-0.9464445834132444,0.0015369518389279913
24,0.7696348112187676,0.0003024968803349015
25,-0.5002175912415756,9.957805429561262e-06
26,0.5787574586858202,3.171431412773984e-05
27,0.4478676202488725,4.13249841590968e-06
28,-0.1300976009695045,2.1334800592853753e-10
29,0.3804117302543446,1.1257588232727045e-06
30,0.06100072157203962,4.991562718714704e-13
31,0.3092597652667688,2.158319304390588e-07
32,-0.4372382554666965,3.4132169650646915e-06
33,-0.7915167309714761,0.00037731076526370533
34,-0.6433127879611049,7.33361225738749e-05
35,0.42210204633170956,2.5781983571393496e-06
36,-0.1803136546967854,2.900595763577485e-09
37,-0.3580064410473327,6.938297215652867e-07
38,-0.8587152449895514,0.0007164871049413213
39,-0.8447360913006103,0.000629751317363203
40,-0.4197058007708363,2.463899661298008e-06
41,-0.19192958460462295,4.777561790625384e-09
42,0.9114229486304766,0.001143740444733976
43,-0.8367495663368616,0.0005844148132473359
44,0.24464914414417382,3.32218770271453e-08
45,-0.4858307190018045,7.895469126495414e-06
46,0.1821850480515841,3.1501463659822093e-09
47,0.4531899788128302,4.539962601968206e-06
48,-0.9672421266681503,0.001822020742922592
49,-0.8770104625583877,0.0008455535521739721
50,0.3307814839186747,3.6920169688148263e-07
51,-0.022812207019011765,2.220446049250313e-16
52,-0.5442385259856188,1.9464594176121786e-05
53,0.1408032574476612,4.0152259295211934e-10
54,0.8739552287343524,0.0008226919472272831
55,-0.2539872863251873,4.480938664563894e-08
56,0.7522491606425523,0.00025260549532535315
57,-0.00446205136796074,0.0
58,0.3344806030328049,4.0345543417252827e-07
59,-0.8351504299657317,0.0005756861531072133
60,0.2619752519926415,5.738218844530962e-08
61,0.11510117853703083,8.011824537135226e-11
62,0.5129683876678537,1.2163686017641062e-05
63,-0.18376955161638264,3.375920543113864e-09
64,-0.4671818894746349,5.7829100144068946e-06
65,0.6722156451207169,0.0001038496108329845
66,0.025816863350438535,4.440892098500626e-16
67,-0.5321044633644947,1.6272815597351276e-05
68,-0.007779577894547973,1.1102230246251565e-16
69,-0.9232895466697777,0.0012658340714817307
70,-0.1712826648206105,1.9235485426705168e-09
71,0.2137010704057809,1.1275661404575033e-08
72,0.43530880685232054,3.295114393675469e-06
73,-0.11530529625187991,8.126166406441371e-11
74,-0.7086208041723199,0.00015759120340963495
75,-0.7135050159412566,0.00016638160866666585
76,0.878857569412099,0.0008596408634613528
77,0.3473920103613941,5.457670041453255e-07
78,0.2370709957355357,2.583805869260658e-08
79,0.44422718228816604,3.872537198801318e-06
80,0.14425001131410853,4.871835157516102e-10
81,-0.031183728720472814,2.4424906541753444e-15
82,0.7915948992894148,0.00037760448401968905
83,0.6929535243517053,0.00013206165419910043
84,0.4044774781089,1.8355108332146486e-06
85,0.827517105443021,0.0005355629044608845
86,0.2717724507119521,7.693295089872265e-08
87,0.25185227635616103,4.188773938818002e-08
88,-0.2723972135497521,7.835659210364554e-08
89,-0.9499768160646853,0.001582445098443963
90,0.016157607260252504,0.0
91,-0.24663903698288658,3.5442700219157075e-08
92,0.18468823793642386,3.5132010633986965e-09
93,0.8007316578379082,0.00041333614215288694
94,-0.47300335852915487,6.3817238558083744e-06
95,-0.973216397491026,0.0019119384453393229
96,0.5724537124618312,2.9074605237822126e-05
97,-0.24779936167949668,3.679670457223949e-08
98,0.508238240956963,1.130017781014736e-05
99,-0.5060790372704913,1.0924129837608376e-05
100,-0.4157538146748909,2.2850458704093413e-06
101,-0.007518190394574242,0.0
102,0.23278290337334662,2.2332035665151295e-08
103,0.5880320386533497,3.597749874362233e-05
104,0.01633170101586079,0.0
105,-0.2966634112073405,1.5487084215060065e-07
106,0.4985936673506488,9.703653958359482e-06
107,0.3256446322328237,3.258599194921885e-07
108,0.16846623114347525,1.6847685468945883e-09
109,0.8726366396584693,0.0008129922682774682
110,-0.4393674420672036,3.5478203245231654e-06
111,0.9669875592431414,0.001818272154870959
112,-0.5532524999150801,2.2176706944265767e-05
113,0.8876961612808585,0.0009299076342109691
114,-0.7101428657173581,0.0001602861163909619
115,-0.8639229741044663,0.0007513533686039908
116,0.5947727601745918,3.938159561256427e-05
117,0.33057614511013456,3.673771175050078e-07
118,0.3045201940446305,1.9080188062847725e-07
119,-0.9914307949902816,0.002210240889405579
120,0.48799571337614767,8.179675820896293e-06
121,0.47585333553456577,6.694119457084646e-06
122,-0.18685983245178273,3.857285379993414e-09
123,-0.7657663946012621,0.0002907112075606344
124,0.5090380804958525,1.144231791705419e-05
125,-0.7818238148340173,0.0003423933049698791
126,-0.23192241798143365,2.1680975348381537e-08
127,-0.9484186640301135,0.0015622350407170638
128,-0.9588841494879836,0.0017023874769018787
129,0.9200375486310934,0.0012313002633843606
130,0.07392250311794202,2.3208102106764272e-12
131,-0.3577015362081477,6.891313648615949e-07
132,-0.8377653288822173,0.0005900187217096065
133,-0.0859822617199526,7.773448551517959e-12
134,-0.5231403493027633,1.4217934585225578e-05
135,0.19764180141505605,6.039555189296664e-09
136,0.9553485846193135,0.0016538681442564984
137,0.4402685784314162,3.6061699418832305e-06
138,-0.9457094224012039,0.0015276272967621463
139,0.9525830546278162,0.001616756301395017
140,0.9555592847018526,0.0016567256521626827
141,-0.30511719419582795,1.9380796223433805e-07
142,-0.4930301805147308,8.875339728486864e-06
143,0.4467676981432387,4.052394056652808e-06
144,0.08886031984401943,1.0115575044267189e-11
145,0.4841548553804005,7.681428631611809e-06
146,0.15389805181763982,8.175342625094117e-10
147,-0.5853534795747375,3.4697812866246736e-05
148,-0.9643018928759892,0.0017791302943644949
149,0.0335338879569238,4.107825191113079e-15
150,-0.6954875459359118,0.00013592856714306212
151,0.12669428612996714,1.725950493636219e-10
152,-0.05044090979453619,1.0913492332065289e-13
153,0.9230695141697813,0.001263471276320094
154,-0.8035719029246788,0.0004250261975325964
155,-0.9027042300396744,0.0010606746041991189
156,-0.39587393793179837,1.546512248040699e-06
157,0.057750510641040975,3.220756994437579e-13
158,-0.2191284367609243,1.3777698315564635e-08
159,-0.37032681081107044,9.087012766695324e-07
160,0.07957495485628141,4.1840975129048275e-12
161,0.9693651606753855,0.0018535448876847438
162,-0.015384329016062237,-1.1102230246251565e-16
163,-0.8472557223554844,0.0006446740528820438
164,0.13664822352140638,3.1600233540984846e-10
165,-0.8766560643327448,0.0008428737077754711
166,-0.24608691291618356,3.4813860794180584e-08
167,-0.15963026298938354,1.095178392418461e-09
168,0.2936536021041365,1.4276348681008244e-07
169,-0.3207486299350373,2.887583322452869e-07
170,0.4148945656894971,2.2476961198947265e-06
171,-0.3531661690553036,6.22453875220863e-07
172,0.9678073216514516,0.00183036737737452
173,0.4582701097638531,4.961166613082213e-06
174,-0.00010675889401823291,0.0
175,0.03694543776506265,8.992806499463768e-15
176,0.9052882646718226,0.001084728995398021
177,0.4752000961081415,6.621360777780971e-06
178,-0.7442158356264166,0.00023208304883992614
179,0.7999603345075099,0.0004102101550843562
180,0.5028936788841483,1.0389310296177179e-05
181,-0.5978119139330327,4.100601266288084e-05
182,0.37268652955132997,9.559034199746463e-07
183,0.14666205420150424,5.562593718977382e-10
184,0.4022928203330942,1.7579890737584591e-06
185,-0.23551469049529206,2.451366953870604e-08
186,0.7595710678512642,0.00027266760492539177
187,-0.13744309197899462,3.310032248293737e-10
188,-0.22733694922764647,1.8483675479075146e-08
189,-0.7804523559877448,0.00033768722792515415
190,0.6446424664015604,7.454515215554736e-05
191,0.08797847466260911,9.339973239264054e-12
192,-0.07500950763413083,2.6082469517518803e-12
193,-0.031176321528068485,2.3314683517128287e-15
194,-0.761709464583145,0.0002787822261641759
195,0.1427755094255465,4.4875958504775326e-10
196,0.4629274572207036,5.376892664665789e-06
197,0.5694524623496102,2.7886645009300715e-05
198,0.8243967631958398,0.000519874894339245
199,-0.23721736782472425,2.5965778527314853e-08
200,0.3570583670420835,6.793116864578508e-07
201,-0.049814184904218184,9.880984919163893e-14
202,-0.21935898558150946,1.3893952321986092e-08
203,-0.44046622997388885,3.6190795761337213e-06
204,-0.2578380241670115,5.053167195789854e-08
205,-0.31778205424431394,2.6812215403460016e-07
206,0.7238833202150252,0.000186488298992038
207,-0.6826083446886466,0.00011725072449508822
208,0.7093662833222136,0.00015890615511404693
209,-0.6165093067400509,5.234629143358038e-05
210,-0.31394398136354296,2.433434436177606e-07
211,0.3179222037021838,2.690672203931044e-07
212,0.496053662125713,9.317479520598582e-06
213,0.21498961714850973,1.1830535884271853e-08
214,-0.25772128242133463,5.0349229008261887e-08
215,0.6669119478596983,9.75401312987012e-05
216,-0.28065327910837445,9.945300916136546e-08
217,0.28401795712152644,1.0938084638034695e-07
218,0.9615737033708909,0.0017401186210064257
219,0.7174870311332555,0.00017386105449435085
220,0.019501222976943344,1.1102230246251565e-16
221,0.6256414201182965,5.881560769849248e-05
222,0.2962621163797794,1.5320643642624532e-07
223,-0.07564113350244739,2.7892133047657808e-12
224,-0.4116573034622999,2.1117238109269465e-06
225,-0.21045741010246322,9.978420201228744e-09
226,0.9545462888205201,0.0016430265092064467
227,0.01590170861680651,0.0
228,0.9979831141871611,0.0023269957620720705
229,0.31414413792056095,2.445843206855258e-07
230,0.7993646042700508,0.0004078098898175897
231,0.6613800171899029,9.131745872936747e-05
232,-0.8496941513457301,0.0006594073629764274
233,-0.4715862553312009,6.231184358274078e-06
234,0.007282282287577768,1.1102230246251565e-16
235,0.02487067960113354,3.3306690738754696e-16
236,-0.8982910315597112,0.0010206621787131054
237,-0.904893580936474,0.001081024598179714
238,-0.4584231325681345,4.9743661258983e-06
239,-0.7065910227551189,0.0001540587556306816
240,-0.6076743954135648,4.6686841222109976e-05
241,0.7710738821213745,0.0003069860509279376
242,0.43622089900016126,3.350491541875833e-06
243,0.2706092069845891,7.434243165516108e-08
244,-0.9553548397083764,0.001653952913993395
245,0.9669539571562547,0.0018177778530125144
246,-0.2330081366374792,2.2505249108739633e-08
247,-0.4943744092756972,9.069598946198631e-06
248,0.3204229395319942,2.8642693417069154e-07
249,-0.07081166502677849,1.6454615447969445e-12
250,0.9921767007824815,0.0022232707271261365
251,0.19357069865003473,5.113996892625039e-09
252,-0.34333185743844896,4.969152493927709e-07
253,-0.22646474720193632,1.7924625783649617e-08
254,0.19283132286453775,4.9599414575496326e-09
255,0.9316869346507897,0.0013589214879088374
256,-0.28957366351194747,1.2767613566389002e-07
257,-0.3993258888831226,1.6572950946036613e-06
258,0.9516982316005538,0.00160503597336481
259,-0.8976310424825178,0.0010147924357917226
260,0.38029884549160964,1.1230986549648492e-06
261,0.05392597302304858,1.8618440122963875e-13
262,0.9298406318977925,0.0013379609612926835
263,0.12797918554515708,1.8709955806883727e-10
264,-0.06683366449012262,1.0362821711851211e-12
265,-0.6853170208179911,0.00012098149235317823
266,-0.7999493394595965,0.0004101657437923789
267,0.5740442315712782,2.9721874130306247e-05
268,-0.9913541422194463,0.0022089056389577033
269,0.6199758955112613,5.4724999990707346e-05
270,0.8669182966751567,0.0007720672549644814
271,0.10209477956218072,3.070754761580474e-11
272,0.47152660972249305,6.224916755170895e-06
273,0.008920006635176891,1.1102230246251565e-16
274,0.3331530317384632,3.9085568703800533e-07
275,-0.6667611613669839,9.736574400731612e-05
276,-0.9364655297598583,0.00141449922427761
277,-0.21469734640727411,1.1702627533693999e-08
278,0.16756081267713863,1.6137275959948738e-09
279,0.3579964730533618,6.936756807851552e-07
280,-0.28500259451584964,1.124452703171741e-07
281,-0.16433887567948835,1.381718073290017e-09
282,-0.05926878118203405,3.963496197911809e-13
283,0.5622565397190147,2.5209185829933034e-05
284,0.10514234075810536,3.885169963524504e-11
285,0.5982182191200667,4.1227546448086017e-05
286,0.8342111492790085,0.000570612207099308
287,-0.8758250568910362,0.0008366187974728767
288,-0.5733933862594989,2.9455506791120634e-05
289,0.974014454683517,0.00192423622512361
290,-0.6878299529028304,0.000124534654553643
291,-0.9394222322526835,0.0014498655833196095
292,-0.6495698406067214,7.917819073099963e-05
293,-0.1466148272143437,5.548288495305087e-10
294,0.08907968802164001,1.0316969500934192e-11
295,-0.9355445346266931,0.0014036367749543643
296,-0.135639277089171,2.978201019132598e-10
297,0.7723445803866031,0.0003109980369156995
298,-0.02895717103141071,1.3322676295501878e-15
299,-0.13692417732537332,3.211413357462334e-10
300,-0.5388897309575813,1.7996046611123973e-05
301,0.18245586705798678,3.187772046331361e-09
302,-0.9369714224684158,0.0014204968140202334
303,-0.9518684031228919,0.0016072843189034458
304,-0.2155967159127925,1.210013855779124e-08
305,0.6308311891543552,6.27939833437452e-05
306,0.6638404673034699,9.404105870836066e-05
307,-0.37664128260644825,1.0398251270027359e-06
308,-0.041935442087017716,2.4868995751603507e-14
309,0.11669532109538339,8.94345708601918e-11
310,0.19029214982328346,4.461336966521401e-09
311,-0.215732619105528,1.2161221696338487e-08
312,0.8211729712060369,0.0005040876796084115
313,-0.9915096718013765,0.002211615611436679
314,-0.9931714328124752,0.0022407507032445872
315,-0.3182367239591357,2.711987230341606e-07
316,-0.8355844999107507,0.0005780441885483434
317,0.6319219568851675,6.365933316498928e-05
318,0.8090710605084082,0.00044847907704759216
319,-0.5250473916425522,1.4635028358300772e-05
320,-0.15750645101580973,9.839635772834754e-10
321,-0.22193693404584947,1.5253509566548473e-08
322,-0.39397009870586963,1.4882256861303844e-06
323,-0.5993175283965675,4.183217210873558e-05
324,-0.6225188611167622,5.6529311971420526e-05
325,-0.2774033947786616,9.06211335971463e-08
326,-0.4389056728931169,3.518240999533795e-06
327,-0.7402120366316822,0.0002224078788877204
328,-0.79101617502223,0.00037543462192235477
329,-0.11774983290248353,9.61057899928619e-11
330,-0.1698057013556591,1.7948819097668434e-09
331,-0.4248387834274927,2.7143787691974453e-06
332,-0.1726894403449062,2.053530567813766e-09
333,-0.8754575709545638,0.0008338656438974246
334,0.25184405604916726,4.187682045575514e-08
335,0.6023106869359993,4.351776969901966e-05
336,-0.6529366073363281,8.248628410068015e-05
337,0.6904862883732363,0.00012838903781720035
338,0.7093764520393993,0.00015892415754992228
339,-0.5116524698349303,1.1917866817201528e-05
340,0.34554698521728366,5.230709682058077e-07
341,0.5115853015305756,1.1905436625769816e-05
342,0.9388124193862031,0.001442509246225021
343,0.9413410879111184,0.0014732259307310702
344,0.25429710754518875,4.524782715176201e-08
345,-0.7505838474269197,0.00024822613767683244
346,0.6444214867167228,7.434302817466154e-05
347,-0.7592616649431574,0.00027179261856402626
348,0.3014904387346804,1.7616574765622062e-07
349,0.08195301664001131,5.295430760554609e-12
350,0.9099007849187222,0.0011288444410513243
351,-0.9423536737493106,0.001485684300595258
352,0.862093367995848,0.0007389397624405492
353,-0.016016533878096872,-1.1102230246251565e-16
354,0.6008290235577622,4.267611585417885e-05
355,-0.5015058469817633,1.0163536243945615e-05
356,0.15757455470097081,9.873701856122352e-10
357,-0.418888656614957,2.4259478358379383e-06
358,-0.9921876091553639,0.0022234617724459227
359,0.6062118749455396,4.5803402813127114e-05
360,-0.03016450070724086,1.887379141862766e-15
361,0.07443213137589333,2.4520385721871207e-12
362,0.49007571389561333,8.461094132106162e-06
363,-0.10919690222851153,5.2581605736179426e-11
364,0.4719186654746612,6.266215256345298e-06
365,0.5516522577433303,2.1672470641886932e-05
366,-0.3769900433372202,1.0475256868591742e-06
367,0.7999377298931634,0.0004101188548687462
368,-0.10746885123977878,4.6283754606690763e-11
369,-0.23538516446833757,2.4406170973101382e-08
370,0.46363207411530705,5.442365116792303e-06
371,-0.3324706960412913,3.8451460315780395e-07
372,-0.7929663108710088,0.00038279002151020425
373,0.6145424417295551,5.1037150473276505e-05
374,0.06694758695230751,1.0503820035978606e-12
375,-0.013468330463641154,0.0
376,0.3326896207576664,3.8653924583353927e-07
377,-0.6516526735505455,8.121079515321927e-05
378,0.16146297751826855,1.1998341209462637e-09
379,-0.4488917013874114,4.208318824749924e-06
380,0.4164867831586785,2.3173337370119285e-06
381,-0.05091988493222721,1.1757261830780408e-13
382,0.7247922433346412,0.00018834586760252403
383,-0.9941135433040043,0.002257415645934846
384,0.13597635081719162,3.037899931612742e-10
385,0.9919616774991225,0.0022195077887406933
386,-0.9472710622334837,0.0015474935192713035
387,-0.5252857744095392,1.4687908757360368e-05
388,-0.10025814214736561,2.6557755994360832e-11
389,-0.5108373346725394,1.1767780099591896e-05
390,0.4007248910075776,1.7041294025910148e-06
391,0.014063296705632888,0.0
392,0.21741922535784974,1.2942035887419934e-08
393,-0.3252281200103102,3.225491896907684e-07
394,-0.4153735590059344,2.2684506248982217e-06
395,-0.10438753466369022,3.6676217618492046e-11
396,0.6936422729270393,0.00013310308361391687
397,0.6968504319263433,0.00013804880884371595
398,0.09811006288464652,2.23336904525695e-11
399,-0.3412097134452823,4.7293688631988573e-07
400,-0.7613694967403684,0.0002778022078931963
401,0.0807797564923789,4.718447854656915e-12
402,-0.430665212452777,3.025392193545251e-06
403,0.8407159459529829,0.0006065627254304706
404,-0.17817575420647902,2.636819096402121e-09
405,0.7211405305708289,0.00018097914882264643
406,-0.19195990195633938,4.7835969629872466e-09
407,-0.03982299127265865,1.6431300764452317e-14
408,0.1565784677358837,9.385581201115656e-10
409,0.8412298600230812,0.0006094850489672954
410,-0.7114985252645805,0.00016272008875473087
411,0.3941522412200451,1.4937177394980239e-06
412,0.12926399360120255,2.026582235359342e-10
413,0.526231639068051,1.4899376316823698e-05
414,-0.16758454897214592,1.615556022294129e-09
415,-0.875372959116699,0.0008332328589850668
416,-0.2624796555891291,5.827049620599212e-08
417,0.8042516464447187,0.00042786616891676843
418,-0.9728608046834963,0.0019064808611474193
419,-0.6534723929799939,8.30236843292198e-05
420,0.7450753431592372,0.00023420713042532348
421,0.7037677988519611,0.00014926016223548721
422,0.4943397561481617,9.064544888470749e-06
423,-0.15997286839559766,1.1141123579250234e-09
424,0.7574591187107207,0.0002667434433913929
425,-0.9181290764126562,0.0012114167280150578
426,0.9663863418510139,0.001809445560095324
427,0.24942075046762469,3.8764415899450455e-08
428,-0.23916942870857416,2.7722639739380384e-08
429,-0.4092008690717295,2.0133973422931106e-06
430,-0.2680639695813256,6.893868975677009e-08
431,0.39007813044587136,1.3750126742761992e-06
432,0.2764089356527144,8.8059404546037e-08
433,-0.16612690702198618,1.5065763081523187e-09
434,-0.4777575131538867,6.910206744370484e-06
435,-0.7616785354340279,0.00027869294317850457
436,-0.33534187379498803,4.1181816101687474e-07
437,-0.29549513594338594,1.500687730748851e-07
438,0.6116036834548311,4.913429591402174e-05
439,-0.8172385887714517,0.00048538641563600216
440,-0.5528087958664281,2.203588102300813e-05
441,-0.330592501865125,3.675221693644204e-07
442,-0.5155330878235591,1.2655525361227049e-05
443,-0.5231936433456357,1.422944822526695e-05
444,-0.6590147566026294,8.876426163573203e-05
445,0.5837400670945669,3.394631012187954e-05
446,-0.8788631441017161,0.0008596836863763446
447,0.9702212496167251,0.0018663897455730716
448,0.653868613279412,8.34230578711237e-05
449,0.44863076314676076,4.188885212474958e-06
450,0.8784729387073842,0.0008566907260864065
451,-0.9356216667229655,0.001404543706138961
452,0.4719695382533169,6.2715916018252216e-06
453,-0.12064438879146677,1.167062002593866e-10
454,0.209216710809361,9.517908572398426e-09
455,-0.23837514388791425,2.6995626289938457e-08
456,0.17079652711539195,1.880335664949939e-09
457,0.6363450972315707,6.727580932852639e-05
458,-0.29432390992808255,1.4538574366618207e-07
459,-0.6281221576326743,6.068899659428251e-05
460,-0.7612385579010144,0.0002774255533043446
461,0.33198386373715083,3.8004550773074186e-07
462,-0.9699791423405968,0.0018627493397047612
463,-0.5159858661609189,1.2744134346376335e-05
464,-0.5586167201809302,2.3942398912124574e-05
465,-0.6735742928594091,0.00010552197674185138
466,0.5546457916112855,2.2624035269314113e-05
467,-0.8458913341186518,0.0006365556682979001
468,0.34476101734894193,5.136559886320669e-07
469,0.010987247967072955,-1.1102230246251565e-16
470,0.289336761112289,1.2684463190915096e-07
471,0.8465330530261204,0.0006403628945114148
472,-0.9511332232725602,0.001597590498362611
473,0.629901688009828,6.206467991587417e-05
474,0.8582619930159239,0.0007135201283204884
475,0.7881627769083541,0.00036489385016102993
476,-0.3861761712892462,1.2691352087035312e-06
477,0.4272749213808762,2.8408437651172846e-06
478,-0.5163746079515386,1.2820642758315515e-05
479,-0.3611692342165791,7.442420877357137e-07
480,0.5274705433874454,1.5180374139833752e-05
481,-0.4831349126429303,7.553656436232181e-06
482,-0.29149357233242434,1.34592520906196e-07
483,0.8130367547630044,0.00046608252434399144
484,-0.6638434474485064,9.404440001359315e-05
485,0.7259883170324661,0.00019081481022220625
486,0.7683876125947213,0.00029865254522309925
487,0.4881913125312869,8.205787142001597e-06
488,-0.9662996959428323,0.0018081765610101774
489,0.8735704885116813,0.0008198514317780958
490,-0.9450192415106533,0.0015189179522756557
491,0.4079827850689559,1.966140595111021e-06
492,-0.2306405001623293,2.0741836359583488e-08
493,0.2667530218835752,6.629191384721622e-08
494,-0.61660681515802,5.241194722482856e-05
495,0.48716833350115296,8.07002597813522e-06
496,-0.24971025305268313,3.912526935767602e-08
497,0.03077189785814638,1.9984014443252818e-15
498,0.9093090888530511,0.0011230996638652568
499,-0.13358842400412452,2.6366031580238314e-10
500,0.31144708032973134,2.283199415087367e-07
501,0.13319663216148858,2.5753998933453204e-10
502,-0.5385314226967659,1.790122223899182e-05
503,-0.6687686072549333,9.970979471818353e-05
504,-0.8475181166669978,0.0006462456198367272
505,-0.8220159119597137,0.0005081748685135112
506,-0.3783459134159679,1.0779384453929453e-06
507,0.7573063855516884,0.0002663193917535889
508,0.37038651402417333,9.098699402798616e-07
509,0.03402882205609403,4.6629367034256575e-15
510,0.7888084199119154,0.0003672561266699903
511,-0.8008689668262079,0.0004138947880173438
512,-0.3164649104628121,2.593810797257845e-07
513,0.306299348306323,1.9988285593353083e-07
514,-0.9162272351910834,0.0011918799881646125
515,-0.6838504180401397,0.0001189488539823369
516,0.316292634803065,2.5825642102628166e-07
517,-0.49532156153000617,9.208694008888685e-06
518,-0.46663756515516663,5.729513936958419e-06
519,0.010031393976505765,0.0
520,-0.27110456313594034,7.543610136551138e-08
521,0.2837603317101294,1.0859120924688881e-07
522,0.015335836473755693,0.0
523,-0.16556170399960446,1.4660829217305604e-09
524,-0.21853997993197782,1.3484817817932537e-08
525,-0.8494761589379509,0.0006580784270717732
526,0.19520203670289216,5.4687844253109574e-09
527,0.13250256452722575,2.4700230749630236e-10
528,0.20401570538510927,7.783455546750417e-09
529,-0.9158764669208785,0.0011883067254292445
530,-0.5388856662849746,1.799496846488502e-05
531,-0.34372727871441366,5.014986771412211e-07
532,-0.4334815755886763,3.186574648150753e-06
533,-0.6074966641531028,4.657869566981887e-05
534,-0.25781119023756616,5.0489685099464054e-08
535,-0.008140272669653337,0.0
536,0.04739610220211188,6.639133687258436e-14
537,0.6346412811316837,6.586207583747505e-05
538,0.0031665645430494216,0.0
539,-0.29537931031034326,1.495998548373123e-07
540,-0.2978186807978891,1.597510065343144e-07
541,0.897390362792913,0.0010126592053313344
542,0.39380530995488683,1.4832720998114723e-06
543,-0.22649219441739876,1.7941990448910872e-08
544,-0.8139060892497354,0.00047002069170265504
545,0.3213191471093457,2.928822749881377e-07
546,-0.86908565188101,0.00078736292837156
547,0.3609938299546489,7.413647383769373e-07
548,-0.4194397677333397,2.4514873726566577e-06
549,-0.4000441011594569,1.6811962240126377e-06
550,0.9395898298154512,0.0014518930484033188
551,0.7456633333201064,0.0002356699413775809
552,-0.9633175592403365,0.0017649683182461295
553,0.6443671737499179,7.429342277298634e-05
554,0.8070313391932098,0.00043965209683649586
555,0.1186067587903461,1.0184353360642717e-10
556,0.5772151206121796,3.104987385482705e-05
557,0.20362065883228508,7.663820467129767e-09
558,-0.22364037330676778,1.6214439235717748e-08
559,-0.9248757759385939,0.001282981336099831
560,0.8701353708271349,0.0007948652072052864
561,-0.856372365434021,0.0007012653326790019
562,0.37496590811269215,1.003518516728974e-06
563,0.010559029946776155,0.0
564,0.6768727126502481,0.0001096799527934289
565,-0.2977954037440236,1.5965136668238955e-07
566,0.06343413317037716,6.824540932370837e-13
567,0.47330641578196686,6.414326661263736e-06
568,0.5427544735744765,1.9047022282059345e-05
569,-0.6587596257358266,8.849261099619365e-05
570,0.059863914063927215,4.2932324362254803e-13
571,0.4632670062469313,5.4083569389629105e-06
572,0.6659182905662051,9.639594113941552e-05
573,-0.7276468426067382,0.0001942849319027662
574,-0.10048259251155489,2.703692825178905e-11
575,0.042902348725409656,2.986499936241671e-14
576,-0.15836760441472109,1.0278061735036204e-09
577,0.44061909943468947,3.629091921197869e-06
578,0.36540771563469776,8.168030889432742e-07
579,0.4865753026591042,7.992225033670586e-06
580,0.40057577006721634,1.699082858075407e-06
581,-0.2050278780655561,8.097464476719551e-09
582,-0.838218642459285,0.0005925346557552613
583,0.2885937341274405,1.24267309109527e-07
584,-0.30861078665310604,2.122435183160576e-07
585,0.8135908784509405,0.0004685894282351333
586,-0.8688818971711108,0.0007859138531279841
587,-0.3970905660494546,1.5847952714587166e-06
588,-0.038360098590036085,1.2212453270876722e-14
589,0.45847320914578416,4.9786923080885614e-06
590,-0.15607359287149336,9.146335910870107e-10
591,-0.24558200053070212,3.4247355396033186e-08
592,-0.7662496784457189,0.00029216141568366716
593,-0.46456003742027585,5.529652001068364e-06
594,-0.04106541641265138,2.1094237467877974e-14
595,-0.7342303318762624,0.0002086070943739804
596,-0.7787797752635308,0.0003320240732386237
597,-0.309978760691463,2.198693069832558e-07
598,-0.8926215572899099,0.0009711865706886202
599,0.8618708324409317,0.0007374421105434958
