,data,labels
0,-0.03985133700592436,3.151858078975778e-07
1,-0.3305883572360153,0.0014661742504669117
2,0.4275930597064115,0.004054141591009697
3,-0.8281504862699307,0.052614001906132524
4,0.7910071621118955,0.04420857812102952
5,-0.627960401121687,0.018220529671491126
6,-0.42897619087586913,0.004106053694645229
7,0.2787590008631331,0.0007451079544007477
8,-0.5549614834686825,0.011270754201230582
9,-0.3684711329273813,0.0022529517317381176
10,-0.6676533350865641,0.023090966319954886
11,-0.16943711536060402,0.00010253418203942655
12,-0.06360739814460858,2.044785397004034e-06
13,0.9918865127263083,0.1033710573648352
14,0.8249388693002317,0.05184588327788353
15,0.5930971689270781,0.014598966402477265
16,0.4544936512839426,0.005154633046348445
17,-0.8877469665467466,0.06836947252350556
18,-0.19955998917902895,0.00019693645129625903
19,0.17809976725198795,0.00012510380446517644
20,0.7257531831015769,0.03182493177884693
21,-0.8010082635598004,0.04637030388701513
22,-0.40250714425901446,0.003194158344950293
23,0.9409087769080609,0.08498365183960677
24,0.7171778187046516,0.030407208552270637
25,0.7045644896982961,0.028405108989791317
26,-0.8321020939693375,0.053570105480660546
27,0.820837484390371,0.0508765412972606
28,0.9516212563522772,0.08864219750599545
29,-0.8137172864385098,0.04922430770051334
30,-0.7664277733391363,0.039201575357913465
31,0.557698212784085,0.011489042536095506
32,-0.1393805159021324,4.702331621453393e-05
33,-0.22136697465709898,0.00029772930699556444
34,-0.08592675163641905,6.805958944311463e-06
35,-0.7637598431641073,0.038683631249969985
36,-0.7263659956616828,0.0319280261698317
37,0.13599028355745535,4.261906989466713e-05
38,-0.40590552419545944,0.003301913967589498
39,0.08508530786699753,6.543414866055919e-06
40,0.05470940577387817,1.1192867991338673e-06
41,-0.8432778495822721,0.056340526707583716
42,-0.2568957884586862,0.0005384856789146797
43,0.1393305890073977,4.695608505289606e-05
44,0.10055972400777557,1.2760704817482704e-05
45,-0.9765256191084195,0.09756710344481034
46,-0.36123602234688335,0.00208295620019594
47,0.46476987288610583,0.005628161270657017
48,-0.8370956793414437,0.05479580378188442
49,0.8124393106278538,0.04893183342838603
50,-0.8357491084393947,0.05446335102502653
51,-0.41016628627717533,0.0034407850331731327
52,-0.014433590717507272,5.424909299556191e-09
53,-0.5902859377416707,0.014331851879669566
54,0.9691577294996623,0.09486481825086168
55,0.035083691204508494,1.8933985668212472e-07
56,0.21401241138715532,0.0002602297626170813
57,0.8642260977034275,0.06180333825655837
58,-0.373988710075029,0.0023893449091030305
59,-0.3437481658111319,0.0017114359921592825
60,-0.6244275568984448,0.017826666416810633
61,0.898622238043232,0.07156469510965546
62,0.4456032194207471,0.004769240907496086
63,-0.7745329860043042,0.04080543697632821
64,-0.5003799239999878,0.007519248122106248
65,-0.6659597895394569,0.022865860973604324
66,0.8429105861518214,0.056247911065184675
67,0.2794997764680043,0.0007530082299982421
68,0.9305158386909205,0.08153584449703088
69,0.7452290943662996,0.035219971528014704
70,-0.8158733183462785,0.04972053680779476
71,-0.8423002678713194,0.056094240157423036
72,-0.8608564563631154,0.06090048086814326
73,-0.9912608976915325,0.10313014161665257
74,0.26490540127858697,0.0006084272668980262
75,0.08509359645652936,6.545963409099187e-06
76,0.8482905231533273,0.057615393560497385
77,-0.058567081892624495,1.469860478109375e-06
78,0.8820039870554051,0.06672315759589131
79,-0.37354368543227756,0.002378122794516435
80,-0.7720642878882025,0.04031206898315942
81,-0.40495025464578815,0.0032713567977100677
82,-0.3981324028820943,0.003059301835523165
83,-0.3896280706625683,0.002809259503857797
84,-0.10572203318501994,1.5587030574248928e-05
85,0.2388673114000952,0.00040310365703166706
86,0.682244386813349,0.025097214290731196
87,0.10328262299073154,1.4198656954067523e-05
88,-0.1627924118725148,8.740384276673119e-05
89,-0.25881005843848737,0.0005546254090190716
90,0.8801422144322257,0.06619547718090435
91,0.047654482004316545,6.444076160461165e-07
92,0.9046402155503344,0.07337700367417133
93,0.4178822531168711,0.003703202936705563
94,-0.5796237086257874,0.013351023635495562
95,0.7067212129768721,0.028740521155962373
96,-0.2302407056074447,0.00034818484166476704
97,-0.24041035615417794,0.00041357022644072927
98,0.5103271207732529,0.008121890855953162
99,-0.8319702401372409,0.05353800647875928
100,0.7921430189429315,0.044450409998395
101,0.5042255697427491,0.007748195334217778
102,-0.21173337750395116,0.0002493609202361968
103,0.9699183377888005,0.09514135702191062
104,0.8371624494083736,0.05481232574785655
105,-0.8702754025300816,0.06344774062364
106,0.18401243738262352,0.00014251194576075932
107,-0.4494342352828462,0.004932606926338123
108,-0.11501706387789468,2.1827404993457478e-05
109,0.6586538332743441,0.021912891287286795
110,0.3080412112600943,0.0011079089680776644
111,-0.35852365302428346,0.002021747773171434
112,0.243015086391831,0.00043169679033594477
113,-0.5597357815874406,0.01165355811631219
114,0.8411334657241227,0.05580127846337479
115,-0.6879563581528634,0.025915792272911298
116,-0.5694079599586628,0.01245806707765651
117,-0.20637654753167034,0.00022515105727405338
118,0.596496405143415,0.014926770668562295
119,0.8709159224305181,0.06362363662056036
120,0.2992836453747343,0.0009880587262768303
121,0.8578225645301238,0.06009556266570004
122,0.699000166763589,0.027552756865595773
123,-0.4200568481572917,0.00377975894429472
124,0.06112643133347917,1.7440373006882837e-06
125,0.9645303360136899,0.09319438268479863
126,-0.6019205654542932,0.015460895959159116
127,-0.8216983417970667,0.051078927598152135
128,-0.6688789393112744,0.023254868213336333
129,0.45144769667105944,0.005020102448409891
130,0.30762514309045286,0.001101981994278911
131,-0.06885735249051383,2.8078129530317852e-06
132,-0.5856310592713592,0.013897410684913791
133,-0.05381893104372515,1.0481915501125982e-06
134,-0.764057346705521,0.03874114437801224
135,-0.6074786186929608,0.016022490123089872
136,-0.9299719689836186,0.08135814622603343
137,-0.9408391728832215,0.08496022983768647
138,0.9622469159887399,0.09237764701903406
139,0.1926548684731213,0.00017113844405824974
140,0.6198308811040243,0.017323496128968774
141,0.5470685174944363,0.01065816246032203
142,0.898662140544559,0.07157660745640448
143,-0.1374069268217728,4.442004208426997e-05
144,0.6129806387372638,0.01659288490647437
145,-0.4313611394605592,0.00419671713816927
146,0.7909141547684269,0.04418881773578931
147,0.5453659718485226,0.010529285526695076
148,-0.13181445365288846,3.762750401148374e-05
149,0.8628936813413128,0.06144521443010731
150,-0.04082713413168593,3.4720418629063943e-07
151,-0.2728876773294333,0.0006846557480747473
152,0.8999028690421653,0.07194770280248541
153,-0.7519543052430875,0.03645022139982135
154,-0.21478509013015112,0.00026399381680863865
155,0.8943942956889803,0.07031034650870482
156,0.9400696862395508,0.08470159377183484
157,0.46217309295302167,0.005505597059268785
158,-0.5005412687345676,0.007528752523986104
159,0.022513740462009713,3.2111748038410326e-08
160,0.5492169344120061,0.010822432049482189
161,0.05960010720990261,1.5763080739583657e-06
162,0.4348537773441983,0.00433214548358829
163,-0.9226460114553534,0.07899075453058191
164,-0.6201563222793383,0.0173587768576009
165,-0.9410009814011435,0.08501468588973005
166,-0.3591335439897283,0.0020353929422296524
167,-0.8890737228697432,0.06875381858882645
168,0.2898397345211605,0.0008699260089148897
169,-0.9028547172825547,0.07283599263759122
170,0.20575411637966412,0.0002224565777096954
171,-0.5580437539345078,0.011516821684882661
172,0.40665965932892023,0.003326185972457818
173,0.4201789172407231,0.003784090730163281
174,0.9051497987105424,0.07353192271459608
175,-0.6328083172072501,0.018771229711194493
176,0.2955588271628795,0.0009401253283595201
177,-0.1752472257023261,0.00011729904670443325
178,-0.4251260834819448,0.003962755735751666
179,-0.8150024551272217,0.0495196755223094
180,0.5997302307330978,0.01524356492219403
181,-0.17683543053409956,0.00012159805905886945
182,0.20808014814645337,0.00023265065973987475
183,-0.6796570437271945,0.024732628634397624
184,0.2364657956907965,0.0003872089701896231
185,-0.6137156235661154,0.016670182279923784
186,0.715165919264015,0.030081273946740206
187,0.17269607005605403,0.00011063276950240564
188,-0.074360705281032,3.818421498325009e-06
189,-0.2838916898739181,0.000801136767547117
190,0.3315358057453024,0.0014829009102671487
191,0.12209141756063002,2.7705900661256777e-05
192,0.9466543454475957,0.08693257147848743
193,0.20644171095162633,0.00022543455073842367
194,-0.9029337814976917,0.07285989010079741
195,-0.7970465090495276,0.045505199497756665
196,0.579891345023428,0.013375026978060034
197,0.47352879779075874,0.006056422992296806
198,0.3793730209961841,0.0025282528056020936
199,0.1834628564554932,0.0001408217507247178
200,-0.9042650254553548,0.07326308761066103
201,0.6513439244504453,0.02098847893092637
202,-0.12273833277423396,2.829704965334745e-05
203,0.5959193340547169,0.014870747200970813
204,-0.41729553656926455,0.0036827455670469522
205,0.20829253206955878,0.00023359853501114802
206,-0.3248665367129624,0.001368120424079633
207,0.7799765250943422,0.04190850664831414
208,-0.8185262985185435,0.050335994301303866
209,-0.5222125960708126,0.008887573127961512
210,0.6513369462343512,0.02098761018913553
211,-0.566697463518304,0.012228651564484938
212,0.9682487323149194,0.09453505883935476
213,-0.16842933967499807,0.0001001221221778037
214,0.7152686814088054,0.030097860686319478
215,-0.4898826964114831,0.0069195918251796495
216,0.9566193701100378,0.09038597202641718
217,0.023199727126870018,3.620783550761786e-08
218,0.08151898870757401,5.51396840675622e-06
219,-0.9939728360844851,0.10417727452294268
220,-0.48731192463626316,0.006778264009236867
221,-0.16964319962981667,0.00010303274000977858
222,0.5541594628470974,0.011207361420113249
223,0.5126865423664688,0.008269881535208579
224,0.7371580192418312,0.033783083069380604
225,0.7614741027978129,0.038243784568119166
226,-0.3109214704167458,0.0011495917145084578
227,-0.7031305414258853,0.02818366609440648
228,0.44223446422693447,0.004628915770791053
229,-0.9301202578890766,0.08140656981774075
230,0.9176891134330387,0.07741644256767843
231,-0.17079044574955637,0.0001058413853392004
232,-0.847335416700906,0.05737092921159037
233,-0.6817016016634705,0.025020410712501717
234,-0.3515593606076235,0.001870701905748673
235,0.3950184643752861,0.0029659119487619456
236,-0.6226705307309182,0.01763310019369224
237,-0.47362575580618316,0.006061293827356207
238,0.456855119534586,0.00526074625151951
239,0.2597010623495519,0.0005622595102866557
240,0.719833059927623,0.030841237922757725
241,-0.14475513055406597,5.469284229420168e-05
242,0.3685622031921878,0.0022551549456127917
243,0.6763912758196033,0.024277917832561724
244,0.014329773204909468,5.2705072528524965e-09
245,-0.8721999899675326,0.06397729184953294
246,0.33692376011954694,0.0015807334907489423
247,0.1526613778235697,6.763032167333982e-05
248,-0.05327305681306438,1.0063176364427662e-06
249,0.9256891515013983,0.07996823625179872
250,-0.12667030021391534,3.2095828173872576e-05
251,-0.6170777631704458,0.01702711320947159
252,0.5638789196264371,0.011993377616661638
253,0.6952893108897156,0.026994652615155212
254,-0.04607770159012814,5.632738361294187e-07
255,-0.5820499622125674,0.013569777300823649
256,0.24083226886015097,0.0004164670637707424
257,0.3515501707905002,0.0018705083053506266
258,-0.35017037446971133,0.0018416086967328882
259,0.08210949474138296,5.675389455395141e-06
260,0.7713946205412816,0.04017897296668593
261,-0.9653410565488649,0.09348556049362888
262,-0.35051574203874414,0.0018488110431035265
263,0.03255365958967249,1.4035651652033465e-07
264,0.18567837526649145,0.00014772820295272382
265,-0.49601174560723993,0.00726526280322648
266,0.3309407209031203,0.0014723785634936926
267,-0.6601512154161839,0.022105821736987497
268,0.3388512243261157,0.0016168694269873551
269,0.4254318428756343,0.003973998747720531
270,0.14176886983435977,5.032455786868617e-05
271,-0.32575101704577136,0.0013829492597765558
272,0.3939228402611892,0.002933560692221837
273,-0.35674589145472546,0.001982360821365159
274,0.10490242650747716,1.5109704834426196e-05
275,0.6678214793349566,0.023113402972647856
276,-0.8873381196942653,0.06825133853078491
277,0.18589196064132096,0.00014840714487074358
278,-0.21478576913619096,0.0002639971423237242
279,0.5786491313786504,0.013263882651986414
280,0.8896998516985857,0.0689357258198322
281,0.8820257034323307,0.06672933000412407
282,-0.6466849701079229,0.020414237027339688
283,-0.49637484977743696,0.007286131556184849
284,-0.40947432625467006,0.0034179435615299125
285,-0.09278053517172369,9.249423083002029e-06
286,0.5639664589580142,0.0120006346977517
287,-0.9368188678469238,0.08361498399578704
288,-0.47698712683756583,0.006231947101697499
289,0.02901102562306912,8.853223454341475e-08
290,0.5572871815087779,0.01145606221386053
291,0.03127002373380372,1.1949564637792065e-07
292,-0.8133399726436978,0.04913782807176237
293,0.2507714503743679,0.0004891954700321222
294,0.4210058659691631,0.003813532797867003
295,0.5600259110962342,0.011677122657934191
296,0.46570777513130346,0.005672918921542647
297,0.28620410528021667,0.000827379207108403
298,-0.6102044659579586,0.01630326652174019
299,0.41396459167811805,0.0035681827493582174
