,data,labels
0,0.5328620765244798,0.009617417377348558
1,0.3141933188740813,0.0011983445788197322
2,-0.8836957170609505,0.0672051961554706
3,0.12336782037051597,2.888129388833871e-05
4,0.4900719723506184,0.006930082127390325
5,-0.045103563705979566,5.171377075452455e-07
6,-0.07196333457974569,3.3495029301278123e-06
7,-0.3639611275662915,0.0021458257597954944
8,0.829112378722773,0.05284561423142231
9,-0.4311905557398501,0.0041901838029664296
10,0.5239208204081429,0.009001813631472788
11,-0.08864123748308161,7.706988532696357e-06
12,0.8817533518735534,0.0666519489819305
13,-0.24750897102796343,0.0004643558252119817
14,-0.008040970101162781,5.225635479888524e-10
15,0.13992412644077956,4.77600120388777e-05
16,0.49764179026176936,0.007359291648759703
17,-0.6377603807216956,0.019346118219884523
18,-0.6155257337232882,0.016861664308710167
19,-0.629188749798034,0.018358940582364203
20,0.9868166855446237,0.10142986480724292
21,-0.48211799782752895,0.006499217619757469
22,-0.3580710504819078,0.0020116656001030186
23,0.6143959008539079,0.016741958943401802
24,0.6188365949228658,0.017216029112673392
25,-0.301549120007369,0.0010180879411232358
26,0.228160348717241,0.00033582331360537676
27,-0.11689021481464867,2.3282746983710467e-05
28,-0.8038689836952859,0.04700219819478191
29,0.7813693129234742,0.042194115289109435
30,0.43890352495744733,0.00449318440797386
31,0.2290918506026669,0.0003413170793994391
32,-0.9864464744649037,0.10128910692615523
33,-0.38274083419186566,0.0026181250065552275
34,0.8553230046873586,0.059438060320969544
35,0.07649811303231746,4.2765093670738e-06
36,0.681032814654315,0.024926011209531307
37,0.8087950821894256,0.04810459193538508
38,-0.2324133474120189,0.0003614541866506782
39,0.29515409981993246,0.0009350233907844396
40,0.531083082842662,0.00949254981201042
41,-0.1644438806546582,9.099671931311892e-05
42,-0.006567311983595392,2.3251844893934503e-10
43,0.29352548215003194,0.000914701373473159
44,-0.6364048474410351,0.01918750273640668
45,0.19449611912188303,0.00017775423225629972
46,-0.3687909813989505,0.002260696701271825
47,0.12781815596848767,3.3273498160180104e-05
48,0.09754407354549555,1.129861294690837e-05
49,-0.500822437703351,0.007545336541213699
50,-0.25254014218307796,0.0005030691047795965
51,-0.714740120964598,0.030012616193504926
52,0.6548270609095754,0.021425363558556287
53,0.7079921599006282,0.02893950593668093
54,0.5658127030356108,0.01215443792531301
55,-0.462100988611702,0.005502222151208991
56,0.7868014320133414,0.04332129057626821
57,-0.8395071063089039,0.055394735193850075
58,-0.714330438751489,0.029946663374245897
59,-0.11118972284188255,1.90666410082585e-05
60,0.5857983010302308,0.013912851062245712
61,0.5772527589860392,0.013139750926763782
62,0.5631991913061694,0.011937136580372543
63,0.17448815732493106,0.00011528501718183204
64,-0.4420225686133421,0.004620192352214669
65,0.4415050004088694,0.004598935858644682
66,0.2924354952805919,0.0009012853925166597
67,-0.7516619880457915,0.03639611828666889
68,0.7854525357556061,0.04303941642749576
69,-0.3727083124743438,0.002357162895370468
70,-0.272784684706739,0.0006836290921555799
71,0.778369097871487,0.041580597900895966
72,0.9947518032355072,0.1044793977149332
73,-0.3309313583174345,0.0014722134580366086
74,-0.5243761470112454,0.00903244517569013
75,-0.2493206100836971,0.000478029862421292
76,0.03910175353707723,2.921354677054566e-07
77,-0.031592862988478965,1.2450698216870393e-07
78,-0.6076123296870566,0.016036180452570603
79,-0.8377748237803577,0.054964019330472236
80,0.6978670542497039,0.027381467119863112
81,-0.33512275772092237,0.0015475139456468945
82,-0.7439529311679263,0.034989920307761935
83,-0.8842268707090049,0.06735704465454118
84,0.23294200877072635,0.00036473927823710284
85,-0.5954747843489807,0.014827693710429912
86,0.9887581590715835,0.10217024143157338
87,0.5375260791513199,0.009950492106715725
88,0.39345185034589036,0.0029197340415491047
89,-0.6840502212155986,0.02535396176550253
90,0.38834026533117916,0.002772759532593705
91,-0.20223850893980533,0.00020768732922082922
92,0.850333772476952,0.05814083892361732
93,0.7087017290487365,0.02905102877576382
94,-0.16825150900819708,9.970094109879035e-05
95,0.8766718904394091,0.06521971664785531
96,-0.8199746251430053,0.05067425481313548
97,0.7263551503479739,0.031926199567308466
98,-0.28949447805869477,0.0008658170550094324
99,0.1322402925313837,3.811538869247233e-05
100,0.18885023870178363,0.00015805291943660205
101,-0.6967059636609989,0.027206744302767483
102,-0.21003243262774096,0.0002414728320578874
103,0.5894281121704885,0.014251057566634806
104,0.8186373169860823,0.05036186619674776
105,-0.45275369461267556,0.005077463340263821
106,-0.2590720582973767,0.0005568621430769305
107,0.06092573817158575,1.7212524604515167e-06
108,0.8703423605429663,0.06346611224095722
109,-0.7718345524788579,0.04026637383481291
110,0.630707874148086,0.018531169057326657
111,-0.18932735486057117,0.00015965143173324314
112,-0.10922381690344674,1.7754822223214894e-05
113,0.5894654490091003,0.014254567215761682
114,-0.9245172230127157,0.07959081089501108
115,0.8091191178680479,0.048177743419333674
116,0.4328613638904921,0.004254499988917582
117,0.08596968703550067,6.819563814097762e-06
118,-0.587326575223019,0.014054526530830391
119,-0.06590459160008222,2.3564507940498913e-06
120,-0.38998776632778354,0.0028195175329397415
121,-0.8780581549621809,0.06560827647095357
122,-0.5173966419823448,0.008571218173993866
123,-0.25719131481339264,0.0005409541761098868
124,0.5216110850604723,0.008847600179395676
125,0.7276654354078373,0.03214742489674294
126,0.5642995829064645,0.012028280259201662
127,-0.5788566908570068,0.013282406547463155
128,-0.8084717694247752,0.04803168220234422
129,0.5315492724145598,0.009525156163861515
130,-0.8199392638887841,0.050665976981741245
131,-0.7001182814972051,0.027722533867929
132,-0.7027181529135607,0.0281202119884586
133,0.5935518704535594,0.014642508790697728
134,0.46008672901846426,0.0054085574002883385
135,0.0170726537777679,1.0619230494945953e-08
136,-0.9355195545001913,0.08318340426904713
137,0.49916146376548753,0.007447756038889364
138,-0.26256400058806895,0.0005873203048514242
139,0.008614105930879967,6.882487912918123e-10
140,-0.3212803560765898,0.0013092041474769278
141,0.9754663857903108,0.09717538029572192
142,-0.7392705988278145,0.03415505096625526
143,-0.8511612265470669,0.05835458629356072
144,0.6836586390450294,0.025298127902859235
145,0.4778971593684236,0.006278750253154941
146,0.04820251959436761,6.745603486901786e-07
147,-0.7053443243390147,0.02852606169429006
148,-0.06881012345918402,2.800120429635733e-06
149,-0.11535888964416041,2.208775489143111e-05
150,0.40517093980274077,0.0032783974162334806
151,-0.5191678118604601,0.008686587925950007
152,-0.2978632309725895,0.0009695703850962634
153,-0.6595295705196067,0.022025577366050708
154,0.36718742159056283,0.0022220651065408825
155,0.3480334010582513,0.0017975060561997713
156,0.23984548991333687,0.00040971545413093224
157,0.37089909552049893,0.002312238565724156
158,0.5282178898016612,0.009293943731291332
159,0.21196130515761546,0.0002504323719521029
160,0.6374790858575148,0.019313125129535424
161,0.6491744498069165,0.020719644684050964
162,-0.7875697772186268,0.04348243479631908
163,0.960606295229693,0.09179389806001459
164,0.5257941200463836,0.009128327013471993
165,-0.914288027194402,0.0763490069674766
166,-0.7485480987620474,0.035823345701407106
167,0.47665306457888157,0.006214830800476245
168,-0.19509204440140238,0.00017993584065723045
169,0.39865518506084396,0.003075191329006355
170,-0.3850807764273656,0.0026819463169274194
171,-0.32570068130565866,0.0013821021597566485
172,0.16364569793409234,8.924669669696517e-05
173,-0.6208332226356819,0.01743232594498212
174,-0.02092697821926781,2.3972007490158376e-08
175,-0.491794493279724,0.0070260880000848625
176,0.8881427241114392,0.06848396090304643
177,-0.1418047210731581,5.0375397296908986e-05
178,0.6293399143504288,0.018376026414122837
179,0.7720277732199563,0.04030480362279032
180,-0.6441635316388918,0.020108244035078382
181,-0.047250607668824385,6.228421829401753e-07
182,-0.476633642278681,0.006213836728006905
183,-0.5407388363993872,0.010184786179797567
184,-0.4276440301168498,0.004056045979164424
185,0.16887103630371647,0.00010117401338016752
186,-0.48570236955544965,0.006690866358978864
187,-0.1850300082579257,0.00014568140668780316
188,0.8134553464380752,0.049164260093820356
189,0.6212576371765992,0.01747855623549477
190,0.03764001008409301,2.508455460015213e-07
191,0.9400533803572326,0.08469611904861407
192,-0.4378180103643001,0.004449592607134845
193,0.26832504985907435,0.0006402640002145521
194,-0.5581142450080947,0.01152249470629585
195,0.41806209713063125,0.0037094904409803453
196,0.3806858075112165,0.002563008889267415
197,-0.7001684629542182,0.027730171133337755
198,-0.9439206679637542,0.08600146840312728
199,0.04284338113795849,4.210290972528341e-07
200,0.3494643001445099,0.0018269489597577682
201,-0.9419975999126291,0.08535062912780444
202,0.7302894299302298,0.03259375488123473
203,-0.0024736683097361656,4.68025618260981e-12
204,-0.8557506804112347,0.05955019810690587
205,0.8362404088289053,0.05458448180346609
206,-0.1912286774554668,0.0001661419176940404
207,0.04946354479329451,7.479522693421004e-07
208,0.03913239340118824,2.9305208870678e-07
209,-0.027533694103808903,7.183119210552036e-08
210,-0.6479108003318852,0.02056421081126414
211,-0.9033701762653175,0.07299189076795176
212,0.6141604427877989,0.016717090198894113
213,-0.9822212854991372,0.09969218085409104
214,-0.8243688327121022,0.05171038240468362
215,0.18244187002747014,0.00013772163219161193
216,-0.20522733917750302,0.00022019507167203578
217,0.12410112263413842,2.9573232724677823e-05
218,-0.5585502220672256,0.011557626890642103
219,-0.12400886281461321,2.948550122172655e-05
220,-0.14003771061616122,4.791502524381652e-05
221,-0.4196525944572136,0.003765439615895372
222,0.8586551303692342,0.06031569928788039
223,-0.0013923778256430541,4.698463840213662e-13
224,-0.29255526981485813,0.0009027524117553032
225,0.7290776306595974,0.032387084835376445
226,-0.2466023948950955,0.0004576237317041043
227,-0.6925700145806382,0.026590876840042132
228,-0.4801520804887405,0.006395835273256045
229,-0.09329632184864067,9.456671419161289e-06
230,-0.019076425923764573,1.6552809456449324e-08
231,0.53518543380324,0.009782299719687582
232,0.7101516740139231,0.029279876249683423
233,0.3239887041464762,0.0013535202414132197
234,0.3409211797264722,0.00165635632504324
235,-0.1780521647676827,0.00012497045934622975
236,0.35433370426624844,0.0019298319628268112
237,-0.311729485809888,0.00116149189304382
238,-0.6654263313741766,0.02279528344445303
239,-0.1821933057457994,0.00013697468368012444
240,-0.2758258051900777,0.000714430807308819
241,-0.599087586735489,0.01518022399084007
242,-0.821566540543726,0.0510479044295844
243,-0.006448797727183209,2.1618329348882526e-10
244,0.20494477052279936,0.0002189890810047057
245,-0.7560926812684039,0.03722234808397773
246,0.04188765280915052,3.847043725802024e-07
247,0.4510800155959722,0.0050040400368430715
248,-0.9291940623231465,0.0811044501489
249,0.7549072254169025,0.03699998633887713
250,0.8591205440544687,0.060439005253911104
251,0.296101880128534,0.0009470035078087413
252,0.9058653051755801,0.07374983050755535
253,0.6006101523576113,0.01533060425865862
254,-0.8267209701327936,0.052271119138403765
255,0.8319875294972721,0.05354221469202036
256,-0.9946435953592405,0.10443739313544376
257,0.5863953036099008,0.01396807049955584
258,0.14595785663692973,5.653003795313971e-05
259,-0.10897022287943958,1.7590666267164323e-05
260,-0.005485141806437888,1.1315115511223439e-10
261,-0.06436318728629087,2.1436820992759564e-06
262,-0.3547951422990685,0.0019397995741378127
263,0.5555545350076381,0.011317798011187374
264,0.7458248224184476,0.03532773174508097
265,-0.9129880400481414,0.07594373257136633
266,-0.9943278734105034,0.10431490136817412
267,0.7587189146793076,0.03771836117276084
268,-0.6276305666682367,0.018183493055984434
269,0.8736715364048997,0.06438427817545633
270,-0.4290661314989517,0.004109446284213614
271,0.3435968002658969,0.0017084528721272862
272,0.859314916908763,0.06049055459361374
273,-0.2488780825458785,0.000474662353367572
274,-0.7463924969009845,0.03543063665889279
275,-0.21556663783341667,0.00026784230558551947
276,0.018419325923340057,1.4387335989241024e-08
277,-0.028732610938236425,8.518254823730587e-08
278,-0.9517070470902733,0.08867193022047137
279,0.9828005957461252,0.09991009818409924
280,-0.8872639758777783,0.06822993043286729
281,0.722607798469886,0.03129953288119802
282,-0.7294529511262027,0.03245099430578191
283,-0.13864326564790308,4.603783718826193e-05
284,-0.6339646651105897,0.018904347363344454
285,-0.6606034155073786,0.022164326118183086
286,-0.6582190219743269,0.021857096769949957
287,-0.6341501423456624,0.01892576283169478
288,-0.3995783066359704,0.003103397811123676
289,-0.8263999804280076,0.052194344667402026
290,-0.4656629210544341,0.0056707724911865265
291,-0.30862555568848626,0.0011162730788617514
292,-0.8744619633284239,0.06460363616627096
293,0.8059808931287793,0.04747259463217712
294,-0.700832326828833,0.02783134907851359
295,-0.1412141615789535,4.954282987301717e-05
296,0.4418877613100083,0.00461464885820928
297,-0.13908066883833814,4.6620625793858395e-05
298,0.746973482634242,0.035536176387159446
299,0.2347755475563944,0.00037630581240466476
300,-0.13203471204057626,3.787926688869625e-05
301,-0.7384550560094707,0.03401111033524706
302,-0.3203621426345682,0.0012944274728391436
303,-0.3475761197800382,0.0017881715271140797
304,0.31431596532347084,0.0012002014934169303
305,0.2916693448855652,0.0008919434037827356
306,0.4890412958033763,0.006873099813183514
307,0.48664788324424824,0.006742105986657365
308,0.5996549304528354,0.015236133171977029
309,0.4623165997648322,0.0055123185611480885
310,0.6740579310581711,0.023956749388578946
311,-0.4826064295602539,0.0065250923905110225
312,-0.40386874102925696,0.0032370143818195585
313,0.734597404716278,0.033336128358444794
314,-0.09164629755234288,8.805661374622353e-06
315,-0.6685932424992616,0.023216586700368413
316,0.08479958893264694,6.4560168795413375e-06
317,0.9562765497348915,0.09026561331032823
318,-0.26811576919974645,0.0006382807065865581
319,0.8249884837585433,0.051857688784730405
320,0.337583730481853,0.0015930382896389705
321,-0.3245869414760407,0.0013634575306302743
322,0.9619245778400367,0.09226275355904945
323,-0.5407115515708067,0.010182779571700773
324,0.17801071427568882,0.0001248544339413904
325,0.7557877226453769,0.037165054548627174
326,-0.16779369041226166,9.862272521443671e-05
327,0.8202240872052531,0.05073267941446624
328,0.5085926324086658,0.008014344195448109
329,-0.8894399841932821,0.06886018644041425
330,0.5465906303905819,0.010621872221193152
331,-0.5999367334730339,0.015263959213720701
332,0.3477456877449221,0.0017916287262926822
333,0.5957001126135881,0.014849504815827919
334,0.0018419418832100742,1.4387380176117404e-12
335,0.9059643976437111,0.07378004470553856
336,0.08570639353542253,6.7364542893910695e-06
337,0.5494682054979001,0.01084176460056141
338,0.8729844555245576,0.0641940261906514
339,-0.23732390948207804,0.00039283373441700853
340,-0.5762427483408232,0.013050494663888745
341,0.2274295095281007,0.0003315594499356811
342,0.8037793060165292,0.04698229734995807
343,-0.8016333307599106,0.0465078546193497
344,0.272698687966755,0.0006827727348195367
345,0.8565792965982975,0.059767887591791746
346,-0.3476703407356523,0.0017900919183038155
347,-0.3111647053671174,0.0011531644082922732
348,0.7660455525977727,0.039127070297435784
349,-0.5318674593619341,0.009547457923999692
350,-0.6807919146359169,0.02489207109559899
351,-0.13048676335515075,3.613634982857494e-05
352,-0.5979824071996549,0.015071742321989712
353,0.2579931899785979,0.0005476946715324837
354,0.7346770496584929,0.03334996617503716
355,-0.8067049492856655,0.04763463344788055
356,0.933339451872695,0.08246274743334236
357,0.7002165452207902,0.02773749033660733
358,0.9362530868551124,0.0834268632957661
359,-0.5469020560556004,0.010645511280713449
360,0.9435845489417221,0.08588746513531764
361,-0.6454456486554845,0.02026341917277008
362,0.029584364987943257,9.574049553151553e-08
363,0.1009875625337997,1.2979073616081749e-05
364,0.31323742323044534,0.0011839450883779357
365,0.1946039658958174,0.00017814757232137435
366,0.9761774124840539,0.09743821034372213
367,-0.7963452518202925,0.0453532735872757
368,-0.20464675849577096,0.0002177225344139888
369,-0.19884430422507493,0.00019413570311088701
370,-0.09367354507589587,9.610432538886826e-06
371,0.9047398692313842,0.07340728155266285
372,0.38723969456045304,0.0027418456600489804
373,0.4796994937602628,0.006372207298094734
374,0.5411975757345964,0.010218566591701728
375,-0.1527431004610491,6.777497198318105e-05
376,0.13839936371954398,4.571524509133784e-05
377,0.6661260638072852,0.02288789160437088
378,-0.8289608941960687,0.05280909080368357
379,-0.011892344728769544,2.5001711811967198e-09
380,0.9091890216500125,0.07476799100895692
381,-0.9821689395323159,0.09967250621115542
382,0.05707258626645095,1.3255145157042847e-06
383,-0.8966531485811722,0.07097857237476768
384,0.6273913828835247,0.01815666965037621
385,-0.775238509720144,0.04094722244111182
386,0.46126953689311057,0.0054634153288510845
387,0.0015103444574116054,6.504796701278792e-13
388,-0.7348843436667172,0.033386001519791764
389,-0.6604876641198156,0.02214933988389356
390,-0.3848013016808336,0.0026742637526588897
391,0.6685313370671613,0.0232082977777881
392,-0.5634086632177313,0.01195444780978372
393,-0.22694953469590007,0.0003287812605345941
394,-0.5330870207966187,0.009633291426579982
395,0.7816097961924873,0.042243569323833885
396,0.9178572194101033,0.0774694713604922
397,0.012789691938392966,3.3445562985789934e-09
398,-0.5292647285808387,0.009366150809443252
399,-0.3246534675812984,0.0013645659336036786
400,-0.5820414951993966,0.01356900939427197
401,0.7991972219217567,0.045973401707640305
402,-0.6112431003808523,0.01641118615477244
403,-0.24858952447165028,0.00047247606301981104
404,0.516446169094416,0.008509771999993365
405,0.08993180747888396,8.165411746197115e-06
406,-0.5206104277956309,0.00878139446127879
407,0.49960278493562305,0.007473592246551863
408,-0.5445788337713742,0.010470088786183385
409,-0.7680632925976458,0.03952152532614173
410,-0.029162526658737198,9.039596648996451e-08
411,-0.29146388560228,0.0008894504631209443
412,0.6476361989183839,0.020530545709479764
413,0.37863419884496685,0.0025088467286030758
414,0.3306615232220438,0.0014674609336826627
415,-0.49082161926039247,0.006971744913629618
416,-0.6040002313168547,0.01566932373769081
417,0.3063408794029523,0.001083836141484884
418,-0.5062166059490398,0.00786872015100426
419,-0.9734543426490991,0.0964342867787703
420,0.7360019248856966,0.03358075906465863
421,0.32680783839954386,0.0014008237819173042
422,0.21181045468027038,0.0002497228637290405
423,-0.6528547498564963,0.02117718009669911
424,-0.32175226956973324,0.0013168471929927428
425,0.1898576994497243,0.0001614424324347663
426,-0.09491089298012079,1.0127971472484454e-05
427,0.1973887944385675,0.00018853169747823362
428,-0.27105470020157485,0.000666555096329513
429,0.0487140237436714,7.036460860643245e-07
430,0.4656795874640933,0.005671569969529777
431,-0.9782963223512948,0.09822437477317603
432,0.3246925168824144,0.00136521685269142
433,0.9781523849627427,0.0981708324608932
434,0.7412919522026888,0.03451369265739035
435,0.5678601900788869,0.01232668326145836
436,0.05316300312428224,9.980297462908183e-07
437,0.8881078048604785,0.06847385373976245
438,-0.3976256777241034,0.003043958451949602
439,0.0008390420047756919,6.195044477408373e-14
440,-0.8056816086846688,0.04740573120838931
441,0.7304023297654119,0.032613057744053986
442,0.4019923586363432,0.0031780654335080705
443,-0.9718129050473936,0.09583259910803066
444,-0.9340728941776906,0.0827047078790889
445,-0.2972892952519157,0.0009621734875759902
446,-0.35628480038263444,0.0019722388617592346
447,0.94589716310988,0.08667397417295541
448,-0.3482065676405386,0.001801050349473421
449,-0.4339887998154861,0.004298309453047655
450,0.6834153628167656,0.02526348495773023
451,0.6568370787117808,0.02168044920283041
452,-0.6790538359060236,0.024648182052424472
453,-0.7663799758683068,0.03919225281814731
454,-0.5147162975952055,0.008398769096118142
455,0.6365195545811915,0.019200888370373037
456,0.3025573092276699,0.0010316678046170535
457,0.014894833337025792,6.152286347038682e-09
458,-0.7304477669335017,0.03262082860065885
459,-0.8074815345656996,0.04780886365343007
460,-0.49189798002624974,0.007031886854088842
461,-0.9745080177716372,0.09682189663765461
462,0.1469775628034966,5.8123525940145804e-05
463,-0.5004876124383293,0.007525590791538694
464,-0.4914298280835434,0.00700568208436092
465,0.46736043338030786,0.0057524226043713655
466,-0.19010441446430248,0.00016228070225310365
467,-0.42732542013923513,0.004044152711044857
468,-0.7703524203461849,0.039972459878793165
469,-0.587673562485661,0.014086839083817249
470,-0.3459761470195952,0.0017557941707705416
471,0.814946342025842,0.04950675300169338
472,-0.9716773994911123,0.09578304429635442
473,0.0013213278401724704,3.810285420513537e-13
474,-0.6828672943165401,0.025185564402261607
475,0.6853541909617347,0.025540529129637113
476,-0.8211428776498133,0.05094827369348587
477,0.35975706817300357,0.0020494136442954503
478,0.6052339741821333,0.015793932997614446
479,0.45802059298559583,0.005313706305321686
480,-0.9252205402506704,0.07981716837361263
481,0.2954693688379182,0.0009389958489738337
482,-0.9113356078506365,0.07543075382441045
483,-0.33042665753815426,0.0014633336043041734
484,0.05886833043214601,1.5003275535274696e-06
485,-0.22786094021150016,0.0003340715830908447
486,0.31018319864179134,0.0011387982173320932
487,-0.2419735315504219,0.00042437883307777646
488,-0.4550967359306557,0.005181581406734526
489,-0.43102202150718005,0.004183736341163313
490,-0.8727577336014036,0.06413133390029224
491,0.27235174167775367,0.0006793259538773189
492,-0.6279257527396245,0.018216636486711457
493,0.2819439094948748,0.0007795178374608858
494,0.33949256508970516,0.0016290281678970064
495,-0.5235466714562369,0.008976700252214309
496,-0.7068132123979427,0.02875489185246005
497,0.04963002812937445,7.580709051602241e-07
498,0.06694378860375783,2.508573569981465e-06
499,0.729610788421847,0.032477897782502985
500,-0.31221991962518225,0.001168759381987683
501,-0.7347268899890957,0.03335862771741149
502,-0.24868265787370936,0.00047318087499303996
503,0.05468589882941477,1.1173648252205126e-06
504,-0.0160848997795231,8.366902837231294e-09
505,0.12514579548561078,3.058033160019402e-05
506,-0.01339474691576048,4.0237878584648e-09
507,0.9725859051152048,0.09611562674404384
508,0.4597069970276222,0.005391032035135135
509,0.020227275591540694,2.0923289545393686e-08
510,-0.24402854016931608,0.00043890730982187875
511,-0.008381306056790105,6.168104915715844e-10
512,-0.9109411639216178,0.07530866194773056
513,-0.29114654919692073,0.0008856102619938522
514,0.450096194696338,0.004961247456356843
515,-0.9903826089529066,0.1027925780303609
516,-0.9587191342800947,0.09112559400649456
517,-0.9650340465045435,0.09337522100444673
518,0.44402494685506366,0.0047031131839384566
519,0.8726749384295056,0.06410845041970681
520,0.7443539717845418,0.03506209884514111
521,0.6134541573557768,0.016642654315003114
522,-0.36593991228806466,0.002192351459299746
523,0.3511865226921629,0.001862859320107102
524,-0.6198941813259167,0.017330354356169808
525,0.14905511428782803,6.147391573330108e-05
526,0.7173858974972542,0.03044106207017616
527,-0.9704782065370976,0.09534526768341933
528,0.7931360815404058,0.04466260925890064
529,-0.33216080332162234,0.0014940122361005725
530,0.7248743540678353,0.03167750201214925
531,-0.03016061548386051,1.034201043692562e-07
532,0.9162723781420528,0.07697054115804203
533,0.22525337815809743,0.0003191026440640954
534,-0.24269913642021157,0.0004294670561705294
535,-0.3307673975838412,0.0014693243056994598
536,0.2771508973018886,0.000728170449162624
537,0.6003777902068952,0.015307584617851755
538,0.15593829722081387,7.361441082409659e-05
539,-0.2425153006517795,0.000428173645460328
540,-0.04236627923835523,4.025885330660728e-07
541,0.46849919860702616,0.005807680035602614
542,-0.7767753757271794,0.04125729317881699
543,0.26305086218177975,0.0005916635210497789
544,0.3373666683994916,0.0015889834575003592
545,-0.20728477110104238,0.00022912638721506173
546,0.885050914952944,0.06759310203383817
547,-0.8591787587344557,0.060454441037861684
548,-0.1475839071018228,5.908685783373446e-05
549,0.21352613813454524,0.0002578815646372412
550,0.7907851801844128,0.04416142612735119
551,-0.2544223349553685,0.0005181532205071893
552,0.7872799702924418,0.04342160390084027
553,-0.6845009944571474,0.025418345321344016
554,-0.8276874817071767,0.05250277227716704
555,0.991023961288019,0.10303900177849878
556,0.4502718782336923,0.0049688691767009185
557,-0.17099283051338898,0.00010634273818721507
558,-0.5439776563388685,0.010425041469642848
559,0.9143972437290764,0.07638312410936066
560,0.13361484102495824,3.972258775708504e-05
561,0.2950339123013124,0.0009335123011829927
562,0.49177048654293065,0.007024743290919067
563,0.6888938533442122,0.026051958290247312
564,0.900506898808662,0.0721288512314171
565,0.9183673983946172,0.07763056176131711
566,0.688622504668811,0.026012493515792934
567,0.5394149626538263,0.010087757602943337
568,0.538384067728624,0.01001267169478215
569,-0.9273679983893566,0.08051108760734227
570,0.8923894660333458,0.06972096842889053
571,0.7181602484539507,0.03056728335622405
572,0.5423242097071113,0.01030187694051321
573,-0.0849972132680823,6.516373819320798e-06
574,-0.06683923067560382,2.492943730669772e-06
575,0.599590165052815,0.015229743269224771
576,-0.6991046885509749,0.027568595900771542
577,0.8533297696947859,0.058917390260892044
578,0.4600099518140821,0.0054050106033773915
579,-0.2876490054976111,0.0008440983825397375
580,-0.22533573592910194,0.0003195676167222494
581,0.3077519710432355,0.0011037861776552749
582,-0.6420570261914917,0.019855163720809754
583,-0.19816391057134597,0.00019150077482543715
584,-0.981338126895031,0.09936059750059467
585,-0.24713404556850738,0.000461562789174752
586,-0.09026944154320016,8.288642772691368e-06
587,-0.8084224321485123,0.04802056313128922
588,0.1528949724355868,6.804440263186162e-05
589,-0.28025508793265264,0.0007611276220953478
590,-0.010195077933565111,1.350407008438026e-09
591,0.7104376096974987,0.02932515844677841
592,0.784053117453466,0.04274836672418003
593,0.3596274663992949,0.002046493509536673
594,-0.8415216330125992,0.05589861964800691
595,-0.507725340507654,0.007960961619464135
596,0.5675486293203464,0.012300358928556632
597,0.8277918917757714,0.05252784062912752
598,-0.9640539286191023,0.0930235697689612
599,0.28692078878480065,0.0008356409284908661
600,-0.971902777151223,0.09586547539778367
601,0.4773579178442149,0.006250985855956737
602,0.019355717567284714,1.7543651864571075e-08
603,-0.13569971873175124,4.225654114053956e-05
604,0.31565730672500036,0.0012206499156646178
605,0.6866085812144171,0.025720934597888045
606,-0.21497502712618277,0.0002649252772616295
607,-0.249579847608848,0.0004800108473974607
608,-0.46403750940037103,0.00559339339474374
609,0.5234401062895149,0.00896955686021117
610,0.5238064338474353,0.00899413039482555
611,0.5681997918876462,0.012355423644246577
612,-0.11316208554125007,2.045442964704325e-05
613,0.46111250012083804,0.005456108562152395
614,0.445721006339872,0.004774203382616693
615,0.2887901092770737,0.0008574790895335971
616,-0.32607463331410047,0.0013884046176206866
617,0.9145676226234452,0.0764363684439674
618,0.5013088727429296,0.007574090970000391
619,-0.0659892517733085,2.3685780018434244e-06
620,-0.28679700667428953,0.0008342096333200377
621,0.9280104856451326,0.08071951188666338
622,-0.856267829632638,0.05968599506748984
623,-0.323346999957157,0.0013429208883823929
624,-0.24720081632089208,0.00046205928310705247
625,0.9078200157467042,0.07434743895520401
626,0.4961966588491371,0.007275884861378867
627,0.2678978507195988,0.0006362204259814375
628,0.8301704710166031,0.05310122217700797
629,0.21716432434493305,0.00027583988209334276
630,-0.7514471652790753,0.03635639473041352
631,0.7982013086660769,0.045756171831536685
632,-0.45748489592438,0.005289315248112381
633,0.1623357662547622,8.64293965767704e-05
634,-0.9331430169937651,0.08239802788502348
635,-0.35542405695518764,0.001953446340922982
636,-0.7151426191427386,0.030077514009537287
637,-0.4598218606675888,0.0053963287934468696
638,-0.670048520873358,0.0234120598881844
639,-0.5006646882399346,0.007536028801594763
640,0.7990107096219481,0.045932663779881255
641,-0.9494250591245461,0.08788340901563585
642,0.35272376253326687,0.0018953527565288564
643,0.21638144497355882,0.0002718990388078657
644,0.8438044342990401,0.05647350733998724
645,-0.8564252075230117,0.059727363800392785
646,-0.07401601704408822,3.748145229853783e-06
647,0.3839206158381099,0.002650160917446298
648,-0.613989314582837,0.016699032729741603
649,-0.81605841679785,0.049763303333796305
650,0.9804648756204541,0.09903348324708583
651,0.7334835582258201,0.033143035144601485
652,0.17331618747091837,0.00011222638700381093
653,0.9210425784088907,0.07847908415961025
654,-0.5950005789722694,0.014781868227821793
655,-0.003803963065069027,2.6173063716328215e-11
656,-0.520065347249653,0.008745483895803097
657,-0.38442138134525705,0.0026638461679491243
658,-0.48529507545167405,0.00666888259763232
659,-0.09104235756167878,8.575989579817644e-06
660,0.6313822292103044,0.018607997320895464
661,0.2943305994887295,0.0009247061342086971
662,-0.9820733030657942,0.09963656741548632
663,0.8277482293648437,0.05251735646589262
664,0.2383870950274527,0.0003998870395834908
665,0.3696237826078823,0.0022809551847532417
666,-0.1660504631703701,9.45968962137167e-05
667,0.8805028327219147,0.06629745734402648
668,-0.7126925383241398,0.029684025095119915
669,0.3388743265196583,0.0016173062315558706
670,0.1745776264417589,0.00011552104972956112
671,0.2748174087471995,0.0007041051076879246
672,0.005762889468049037,1.378697156440012e-10
673,-0.7513904196431873,0.03634590689220285
674,-0.214200287170345,0.0002611412734930818
675,-0.15266509468689837,6.76368955571105e-05
676,0.34426849980996344,0.0017217202721324654
677,-0.828202052477224,0.052626400190279865
678,-0.9795158016607071,0.09867881035330084
679,0.8352134406994223,0.05433149797878223
680,0.2604512790646003,0.0005687478878569907
681,-0.7238547434463782,0.031507069737456206
682,-0.4181998996840499,0.0037143134751512763
683,-0.2749919866314652,0.000705884724101824
684,0.7173407304780932,0.03043371129373662
685,0.6761744209007423,0.02424793910291756
686,0.8587103496684518,0.06033031973168268
687,-0.8994749748857538,0.07181957020227292
688,0.1878645997480266,0.00015478860013851126
689,-0.7559470398936321,0.0371949781155978
690,0.31805751615341094,0.0012578857921503594
691,0.1952550843456653,0.00018053618134317162
692,-0.47042612307545495,0.005902070926472436
693,0.9800498111476403,0.0988782638134178
694,-0.9240380613068948,0.07943685271010903
695,0.21924502783077338,0.0002865211465647999
696,-0.42298835904844423,0.0038848050979594095
697,-0.08396775644191679,6.206546618869879e-06
698,-0.27342638359318805,0.000690044442699822
699,0.809689980015927,0.04830680818287769
700,-0.9873732356519402,0.10164172437608043
701,0.5338908318653803,0.00969017221724211
702,-0.24552960093511111,0.0004497517196401235
703,0.8356425344013279,0.0544371001411077
704,0.08717940646843214,7.211335391499318e-06
705,0.7800173630579641,0.041916861337961575
706,0.7632982269708242,0.038594512667007974
707,0.8747447137553437,0.06468223193173706
708,0.641674871946811,0.019809499307245404
709,0.7394137519430004,0.03418036194285545
710,-0.7152580564859616,0.030096145423326504
711,0.3546779948575567,0.0019372654397090683
712,-0.8752695881013217,0.06482830859090694
713,-0.02864136611839685,8.41057238298859e-08
714,-0.2782282380229284,0.0007394855377865772
715,-0.3444127972497162,0.0017245803871598353
716,-0.4461763791425777,0.0047934245039475964
717,0.5299285039459758,0.009412147943636762
718,-0.03814031487979164,2.644489350833723e-07
719,-0.6803073583991208,0.024823903498034983
720,-0.6201243473607199,0.017355308182191775
721,0.4871847747443043,0.006771329503289958
722,-0.06097756541024557,1.7271149392872331e-06
723,0.9114867439033898,0.07547757144324374
724,0.5109281658444544,0.008159404400915227
725,0.9340875941686675,0.08270956240649474
726,-0.5211774072785436,0.008818862329444177
727,-0.5209594022263124,0.008804442000270418
728,0.28387733915156455,0.0008009758704294878
729,-0.5355755717072983,0.009810188322655788
730,0.44363037193946186,0.0046866872144402105
731,-0.9651275992377366,0.0934088343251297
732,-0.38904493640026283,0.0027926880658679654
733,-0.6433777533849467,0.02001356734409432
734,0.38451335682096865,0.002666365413632077
735,-0.4623263777161801,0.0055127767559108865
736,-0.41495231042415237,0.0036018749992420274
737,-0.30182759450532193,0.0010218254886614764
738,-0.7261727125092001,0.03189548403317899
739,0.5727666787406882,0.012746686193014445
740,-0.8355656404718923,0.054418165493852144
741,0.3083221381825847,0.0011119242200903212
742,-0.8201407510130652,0.0507131565793838
743,-0.7108146427999003,0.029384944175814942
744,0.8043373696193843,0.04710623742065945
745,-0.9090694563519075,0.07473119504188785
746,-0.3819820001770715,0.002597671744852481
747,-0.3498427728245439,0.0018347961123931222
748,0.9314562800951292,0.08184375178322056
749,-0.8561764260936939,0.059661977779767006
750,0.826550046164088,0.05223022752425255
751,-0.725366722011678,0.03176003972379415
752,0.22692380748517738,0.00032863283891071404
753,-0.4212189514294373,0.003821146681690313
754,0.8323325572841904,0.053626243020432174
755,-0.9758373346478522,0.09731243983084958
756,0.7209487609333234,0.031024931807327905
757,0.3229801075127401,0.001336888538575054
758,0.8518866346293663,0.0585424283913234
759,0.295212820017702,0.0009357623280097371
760,0.21700785305165793,0.00027504885004425716
761,-0.955737289244323,0.09007651256940052
762,0.9258274954462415,0.08001287274614277
763,0.8063720460916621,0.04756008333544226
764,0.6745280341253344,0.024021207647958343
765,0.6547215545879985,0.021412034303107008
766,-0.6017128594954486,0.015440190664605002
767,0.4773517920317647,0.006250670970800898
768,-0.07547628055893596,4.05265592173798e-06
769,0.660385918439437,0.02213617300608428
770,-0.02818887845839213,7.891574982377136e-08
771,0.04043840777230434,3.3417029787763397e-07
772,-0.2816159439907917,0.0007759208721539457
773,-0.7151382934913488,0.030076816016942676
774,0.4894155917196563,0.006893753275841297
775,0.3297009763965688,0.0014506355980692387
776,0.843753918795807,0.05646074085389263
777,-0.5719834873196767,0.012678953937226178
778,0.09619881012173992,1.0688560758920218e-05
779,-0.8306147990841952,0.053208820621987285
780,-0.41992971259432776,0.0037752512643987046
781,0.9568669106241567,0.09047294865817523
782,-0.28943521733901645,0.0008651132395350869
783,0.37425728751279874,0.002396136548084793
784,-0.3261280171719785,0.0013893060701629656
785,-0.7369580342261581,0.03374802211823258
786,0.5045977193632649,0.0077706192398355745
787,-0.9264774867349082,0.08022282401351144
788,0.00885074380038331,7.670495349998419e-10
789,0.153034645704496,6.829289898746538e-05
790,-0.1635609557215698,8.906238904016206e-05
791,0.0532917726374178,1.0077322000201505e-06
792,0.13081479071480762,3.650057063220302e-05
793,0.41303235457644827,0.0035365973161495257
794,-0.8181240421300788,0.05024233077214557
795,-0.3220216227223551,0.001321224443011193
796,-0.3860122457710471,0.002707669836532145
797,0.6120856639167751,0.01649911359841172
798,0.8941146961566644,0.0702279414816751
799,0.9030768087255585,0.07290313456216346
800,-0.5265407815037695,0.009179114147243816
801,-0.16480876821447987,9.180523455520895e-05
802,-0.09593777164388961,1.057310546015433e-05
803,0.7567995254257835,0.03735538769141655
804,-0.8144549101425236,0.0493936811944814
805,0.2328719166312485,0.00036430245029484
806,-0.2726948141907781,0.0006827341785066166
807,0.36491284743156727,0.002168110461903905
808,0.4492067916847331,0.0049227944855513295
809,0.3047815020770055,0.0010621030929174324
810,0.48854397122071647,0.00684572810072448
811,0.04279142150095527,4.1899065628125953e-07
812,-0.6793159327169693,0.024684848923447245
813,0.9208890562370684,0.07843021537451433
814,0.6790092493790449,0.02464194838967837
815,-0.8342422064728383,0.05409300701171127
816,-0.41121539324891176,0.0034756309081992454
817,-0.6708370294067307,0.023518467370443386
818,0.7253904405755724,0.031764019656362
819,0.03648471873776793,2.214408184597616e-07
820,-0.9355820708687503,0.0832041341290044
821,-0.7137703301442362,0.02985666263365161
822,-0.6637886651232701,0.022579600119166154
823,0.8660638188767322,0.062299682801748024
824,0.31001937289592907,0.0011364133513626085
825,0.9067788970846187,0.07402872095788948
826,0.6798464369890296,0.024759185887917923
827,0.691794027266817,0.026476456221262046
828,-0.4303952608994783,0.00415982318791297
829,0.7436938145774008,0.034943341565617625
830,-0.3991228353151488,0.003089456817215286
831,0.029829045294553325,9.894708985491718e-08
832,0.9198497093304792,0.0780999311431484
833,-0.21942280973025619,0.0002874478959117299
834,0.4644060933970928,0.0056108715419190824
835,-0.8013148992978922,0.04643774523740263
836,0.4862810264424695,0.006722191019438051
837,0.20384313708856494,0.00021433443827523213
838,0.8396173260918063,0.05542222070422309
839,-0.5910497642058736,0.014404073177521903
840,0.3835237451735032,0.002639352024348618
841,0.6517830514033334,0.021043199687307945
842,0.5297809562521107,0.009401909173834544
843,-0.7152494313308477,0.030094753049837775
844,0.5063674825707096,0.007877909010810757
845,0.4466215311739996,0.004812269320272566
846,0.9302751789693298,0.08145718057085882
847,0.09423591691678057,9.843131969500263e-06
848,0.4928304898837923,0.007084298573381886
849,-0.8157243535086951,0.049686137779520245
850,0.7875237031676008,0.04347275973557241
851,0.14344279071619614,5.273960399732047e-05
852,-0.3830800284118925,0.002627305970024252
853,0.7057710293198292,0.028592400342505653
854,-0.8305918994888641,0.053203271493479254
855,-0.17260051274337873,0.000110388714037013
856,-0.9956076176536246,0.10481202128814882
857,-0.6463544517267779,0.020373935768509654
858,0.33933618742105476,0.0016260572709568821
859,-0.6839645617507359,0.02534174040221182
860,0.518790287392566,0.008661901988215925
861,0.25038618424209647,0.00048621170461660146
862,-0.8292996180523535,0.05289078294489069
863,0.8854812127248308,0.06771659629984594
864,0.7867114410329021,0.04330244470128353
865,-0.23239155562061597,0.0003613192487058603
866,-0.42121829442488834,0.0038211231886196018
867,0.9074957894845943,0.07424808085073209
868,-0.3233570978598763,0.0013430872010808947
869,0.9325309479382742,0.08219659572486149
870,-0.7664220207578438,0.0392004532761554
871,-0.0485919210839838,6.966191344881523e-07
872,0.30450062152420765,0.0010582231999498593
873,0.30948499211127967,0.0011286600143169956
874,-0.17829567352335296,0.00012565370199957293
875,-0.6057098500059854,0.01584218894335665
876,0.4240492844919861,0.00392334800896732
877,0.1960179456618203,0.00018336508452165834
878,0.2541881310945959,0.0005162581412696543
879,0.006021706432800977,1.6435608429787862e-10
880,-0.1246029631480996,3.0053871063806525e-05
881,-0.15801374855718442,7.760400356260355e-05
882,0.8462981311067759,0.057106260469122594
883,0.5470903712821527,0.010659824178769761
884,-0.6881104773516253,0.02593814193741928
885,0.939109044465537,0.08437947642106369
886,-0.5911969967693094,0.014418024712121613
887,-0.6203812403374815,0.01738319044706138
888,-0.244696155438062,0.00044370611140476246
889,-0.11618737283076785,2.2728415635442367e-05
890,0.25677016413320475,0.0005374389024516146
891,0.3077322886867466,0.0011035060435086175
892,0.1030583255990769,1.4075826556436688e-05
893,-0.010244675904740097,1.3768775009026513e-09
894,-0.6625256212672552,0.022414265249929066
895,-0.10295382892435856,1.401887446894623e-05
896,-0.8151861539147556,0.04956199700578656
897,-0.07500692438531842,3.95283160725679e-06
898,-0.0036602250708919204,2.243571994853255e-11
899,-0.2849178999438342,0.0008127049696805555
900,-0.876878860949184,0.06527762607821463
901,-0.3613581248119091,0.0020857435542794844
902,-0.15319109508449125,6.857204806209882e-05
903,0.5108865539846339,0.008156803156109005
904,-0.5318083767009092,0.009543313925390207
905,-0.55286585231477,0.011105662371716063
906,0.4258158818151041,0.003988153522901494
907,0.48711875419806994,0.006767730929907345
908,-0.02574355936078554,5.4895458512227435e-08
909,-0.14804176232361788,5.982215961208848e-05
910,0.45380950491416816,0.0051241877323168206
911,-0.09943863075153803,1.2201553532431575e-05
912,0.36779987828374705,0.0022367616314132865
913,0.25951086675443213,0.0005606233806373373
914,0.5925149472967983,0.014543350367196117
915,0.03902632056852995,2.898879799539955e-07
916,0.054208856090120605,1.0788928322957858e-06
917,0.10966773350115488,1.8044937287187146e-05
918,-0.44965056265172865,0.004941953162369117
919,-0.22791503517523903,0.0003343875668773144
920,0.7917824851435828,0.04437354820049899
921,0.306099391090876,0.001080449055969046
922,0.27350516558502447,0.0006908351426144765
923,0.7462291098811298,0.0354009968118868
924,0.34688985674943007,0.0017742303675707394
925,0.14349040685230618,5.280954691677664e-05
926,-0.011963434727929378,2.5604905973253267e-09
927,-0.3544863032133545,0.0019331240649596015
928,0.07988093244034022,5.084178257397376e-06
929,-0.34840882502059656,0.001805196625855432
930,0.9206245073253976,0.07834605463960476
931,-0.11342528092070459,2.064518339861543e-05
932,-0.1427995214054889,5.1801492576442065e-05
933,0.5753171339238388,0.012969085662013935
934,0.0274293141000721,7.074819230457052e-08
935,0.3190507566386196,0.001273539024986614
936,0.8516024743441775,0.058468795295135934
937,-0.537566703462713,0.00995342981398073
938,-0.28066962272953644,0.0007656113849721091
939,0.27373177148606653,0.0006931132504729431
940,0.18153430339733556,0.00013500901137730725
941,0.10856259464933249,1.732918755759094e-05
942,-0.8264356954968928,0.05220288306749654
943,-0.6629754485101604,0.02247304785310067
944,-0.03609602964227343,2.1215508605454403e-07
945,0.43721973854018814,0.004425701217707911
946,0.3847779909841602,0.0026736236954120196
947,-0.4157837374709481,0.0036304177686400374
948,0.9059343676589489,0.07377088737547188
949,0.8062112682716576,0.04752410852238764
950,-0.8301722276910397,0.05310164726993072
951,0.2748471819033096,0.0007044083732639095
952,-0.6127185666382413,0.016565386221769507
953,-0.2548623559544603,0.0005217277131562836
954,-0.2978147225335199,0.0009689435747676223
955,0.9849455860732381,0.10071983471347157
956,0.5239204099432762,0.009001786052341365
957,0.9072227501824992,0.07416448083589766
958,-0.00333308818441469,1.5427548127888713e-11
959,-0.13590184871171695,4.2508486894798914e-05
960,0.1173569351709185,2.3656403760896616e-05
961,0.8698817373824812,0.06333980426466101
962,-0.22421571383449068,0.0003132874179043732
963,-0.9506994759430978,0.08832317005945256
964,-0.22811905241773833,0.0003355812970966543
965,-0.8003533104653724,0.046226486710924775
966,-0.5276683227622434,0.009256200291484107
967,0.2327182200505773,0.00036334595050213636
968,0.7485359752180045,0.03582112836238516
969,-0.9337507537032665,0.08259837393220537
970,-0.6003361939007898,0.01530346641253133
971,-0.7088615435014076,0.02907618933427969
972,-0.7458650891592049,0.03533502402518507
973,0.48680500475098887,0.006750648643560564
974,-0.29204197016541666,0.0008964779244845511
975,-0.0429971927345032,4.2710692427228025e-07
976,-0.1471187032794632,5.834670561299937e-05
977,-0.6620412233835071,0.022351089349473052
978,0.9735621232597831,0.096473886121902
979,0.40648414551662104,0.003320525277965336
980,-0.2658585695284321,0.0006171797461800299
981,-0.8728717953086935,0.06416286843309182
982,-0.22458576704298827,0.0003153520919250141
983,0.6023646694450926,0.015505234482001917
984,-0.86265369820378,0.06138086786693142
985,0.7035158308580185,0.02824304345941342
986,0.5366172561704767,0.009884937231124713
987,0.9122997950948517,0.07572977971217942
988,0.6245639746335867,0.017841759362954623
989,0.7073017818529466,0.028831295022368364
990,0.3235897206813714,0.0013469227458526856
991,0.38213236697570063,0.002601715224175627
992,0.4041793737985284,0.0032468507886314057
993,0.7533443447713981,0.03670828176293006
994,-0.23953666105853433,0.00040761931153876496
995,0.8680779512761743,0.06284688678538042
996,-0.6944882562920445,0.026875252308534603
997,-0.9981877241443058,0.10581922569523416
998,0.13431446159724558,4.05598453555589e-05
999,0.39750333710578833,0.0030402625909072833
