,data,labels
0,-0.08907963760498894,7.860489673938709e-06
1,-0.047081591361513686,6.139798436333166e-07
2,-0.3598104418700727,0.0020506171371075244
3,-0.8350779356851237,0.05429817959536909
4,-0.269573561595881,0.0006521914141977003
5,-0.31839926491699266,0.0012632554307847599
6,0.3132950193342232,0.0011848090459890548
7,-0.9865590738352907,0.10133190404412717
8,-0.684060678194085,0.025355453993511023
9,-0.3525688344432454,0.0018920590417444982
10,-0.5833499998761347,0.01368805906793824
11,-0.5944104443805482,0.014724983845744055
12,-0.1688498762756443,0.0001011234334824529
13,0.81782504174992,0.05017278996017083
14,0.7685960295129903,0.0396261433964612
15,-0.6252942763065976,0.017922716011797513
16,-0.8541367846473586,0.05912780873373036
17,-0.9792644730273696,0.09858503490089077
18,0.16009357345712405,8.176217385769124e-05
19,-0.9720345084021444,0.09591367835587494
20,-0.7583367963376921,0.03764589927857953
21,0.16766510906269771,9.832147685706616e-05
22,0.5581488909629531,0.011525283711639633
23,0.45235987731575933,0.005060115830343381
24,-0.46742026074161713,0.005755315992038601
25,0.029671742605335227,9.687651347789483e-08
26,0.9474460371738125,0.08720352707947876
27,0.8016135829163029,0.04650350453197594
28,0.7511557229677579,0.03630255276729488
29,-0.3822034287165563,0.002603627750976445
30,-0.6498982071830663,0.020809051671429657
31,-0.8527748193311402,0.05877300087137283
32,-0.872361400246483,0.06402184465322491
33,-0.011135462571723265,1.921914627445176e-09
34,0.45957415447751737,0.005384910985365643
35,-0.6333452063248455,0.018832951059586045
36,0.5566253567284474,0.011403104149960153
37,0.8300331867107369,0.05306800855875149
38,-0.6919645049206733,0.026501562984120763
39,0.09924636118320573,1.2107534647309848e-05
40,0.380179461309645,0.002549561683929502
41,0.47355033976224536,0.006057504937358904
42,-0.8004688548079937,0.04625183534956312
43,-0.08831603817262712,7.5945832619384035e-06
44,-0.8242838871191882,0.05169021184321099
45,0.8085429721134163,0.04804773226935988
46,-0.39772769211763825,0.0030470428074325095
47,-0.5661674788953375,0.012184156894271991
48,-0.89952385583817,0.07183419948372871
49,0.5656369500090712,0.012139735011269859
50,0.719158239311414,0.030730512114029218
51,-0.3075815195244551,0.0011013619373571037
52,0.060569931937693555,1.681406978648603e-06
53,-0.9895211034803622,0.1024622056059894
54,-0.5125976641052212,0.008264271218045516
55,-0.23447187467824349,0.0003743714902643136
56,0.535655910106617,0.009815938448934247
57,0.8960906808172839,0.07081176624172991
58,-0.22999191525630858,0.0003466889188108446
59,-0.05276224924387085,9.682817331269078e-07
60,0.6634402969544229,0.022533910351001718
61,0.5219012886231309,0.008866868943514405
62,-0.37795159439572656,0.0024910155865041084
63,0.1158196684677566,2.2442378023401766e-05
64,0.017652337264506768,1.2136580074262326e-08
65,-0.21605869421346613,0.0002702866882531296
66,-0.1202569282400976,2.6079802251333106e-05
67,-0.6042315363041861,0.01569263112364927
68,-0.6390634134846411,0.01949948401244972
69,-0.16233692172225656,8.643185194645575e-05
70,0.7922108674744017,0.044464885125945375
71,-0.01917527394969576,1.689856043984861e-08
72,-0.509929649311474,0.00809715274237266
73,0.3591325439279054,0.002035370511946688
74,0.4903910429171856,0.006947792534289343
75,-0.28428218779578107,0.0008055241926661072
76,-0.3174202941822277,0.0012479189616199093
77,-0.8574614314197186,0.06000025255608288
78,0.07714248058711903,4.422356753130963e-06
79,0.4587427944934963,0.005346720242180636
80,-0.19764514778609144,0.000189509820622491
81,-0.33218383086904457,0.0014944228023340278
82,0.133149884478724,3.917336476488842e-05
83,0.3271194326467597,0.0014061265484101027
84,-0.4444395315090519,0.004720417862205228
85,0.8895104680387249,0.06888066924458336
86,-0.39476592907352503,0.0029584318583621982
87,-0.7075652743138166,0.02887256085472545
88,-0.3560422451920864,0.001966929664001027
89,-0.5110716247633686,0.008168376985735026
90,0.9843772120214875,0.10050483348673467
91,-0.954076008494765,0.0894956833724152
92,0.005381597942107019,1.0484624279882837e-10
93,0.49979942692957247,0.00748512540580315
94,0.4960674039234627,0.007268458810768097
95,0.7020472361991255,0.02801719787595347
96,0.1279442874047909,3.3404850985796486e-05
97,-0.4198868848891213,0.0037737336732071025
98,-0.634204678392511,0.018932062986346088
99,0.2661857093350204,0.0006202052384098877
100,-0.7050233250936722,0.028476229816088994
101,0.6668629320996824,0.02298570807282596
102,-0.8045096562028824,0.047144547293969996
103,0.9143972281026385,0.07638311922720131
104,0.9441467639507932,0.08607821369226476
105,0.5626762011236377,0.011893995404892777
106,-0.46162285202663367,0.005479881087290361
107,0.06755333550928766,2.6011593141639366e-06
108,-0.9170097377380626,0.07720239245598837
109,-0.9059178087511846,0.07376583824942962
110,-0.7110281496788498,0.029418838540118064
111,0.40974609380378757,0.003426901143033012
112,0.23866029860224414,0.0004017146710175723
113,0.0733765014159069,3.6203319135896805e-06
114,0.1520444707105757,6.654583002496661e-05
115,-0.07709643207752159,4.4118121090841456e-06
116,0.5517339384574176,0.011017230112282617
117,0.21106947035417978,0.0002462595119915312
118,0.2684089849337765,0.0006410607185545203
119,-0.3455627864399342,0.0017475005704209456
120,0.2374852935398215,0.0003938983507865146
121,0.16314910691836104,8.81707029607437e-05
122,-0.9708147648207477,0.09546799145212725
123,-0.831946884796521,0.05353232218302473
124,-0.18799045713944085,0.00015520259138557257
125,-0.16257049714274707,8.692927284059682e-05
126,0.33878443782603807,0.0016156071545443407
127,-0.883974228761903,0.06728478830518358
128,-0.6914405263280663,0.026424449654252613
129,-0.305979823502158,0.001078774934169302
130,-0.7580181260400332,0.03758554524157187
131,-0.1080230116389127,1.6987556710312823e-05
132,-0.35295547001271554,0.001900286712610777
133,-0.0467304303073266,5.958694009322585e-07
134,0.28841663243145654,0.0008530823965740009
135,-0.9105987465005714,0.07520278577052963
136,0.5066810106307327,0.007897029039392489
137,0.5908607872608738,0.014386180418516803
138,0.7144762589611791,0.02997012634316054
139,0.08579598462129301,6.764648325385814e-06
140,0.8316937322930988,0.05347073650917822
141,-0.6878350072871979,0.025898204288884785
142,-0.33975379483992163,0.001634000058355678
143,-0.2704395357786791,0.0006605610691612362
144,0.4547022889457779,0.005163944138995791
145,0.5644365882870119,0.012039663656537525
146,-0.9310572268065695,0.08171300017191585
147,0.13104007121505434,3.6752295443864824e-05
148,0.8205927563598652,0.050819109911057536
149,-0.673907380526894,0.023936133042479213
150,0.50247155717028,0.0076431461929703515
151,-0.27303977293726245,0.0006861739757368923
152,-0.6873863419116852,0.025833251659282852
153,-0.922063927813902,0.0788047381460284
154,0.7323583145414101,0.032948781159613305
155,0.792018471919081,0.044423847265158245
156,-0.2983367459025974,0.0009757048586590544
157,0.913152613785281,0.07599495562685832
158,0.766301727573635,0.03917699448679146
159,-0.32563130012065966,0.001380935176318765
160,0.1280242723859717,3.348834804151046e-05
161,0.7509027297006228,0.03625586023749239
162,-0.9129444464710679,0.07593016824806775
163,-0.5942165038515825,0.014706324327310338
164,-0.276884301646076,0.0007253904792889898
165,-0.0024811610885515645,4.7372106237730804e-12
166,-0.9533390826735564,0.08923886763613542
167,0.8166445918630449,0.04989890955619414
168,0.3018992425837199,0.001022788763427318
169,0.24920721267042012,0.00047716524714491726
170,-0.04986725671878478,7.726662551998942e-07
171,0.7262418834784963,0.031907127275810354
172,0.23498067985444804,0.00037761667082925054
173,-0.06025667399699719,1.6469024151088973e-06
174,-0.8715828946744038,0.06380716078048732
175,-0.5662572583693943,0.012191685970241561
176,-0.4273343051692886,0.004044484027316053
177,-0.3836310723542009,0.0026422718848991833
178,-0.6655188225672795,0.02280750891281691
179,0.42167648564015403,0.003837533056201048
180,0.9998455444731082,0.10646989812587337
181,-0.46920264006050605,0.0058420084930678184
182,0.9797103853863864,0.09875145550441744
183,-0.866289781985909,0.062360905434125646
184,0.6846540933646572,0.025440239090603778
185,0.7195488450403431,0.030794568578953574
186,0.7934639616764232,0.04473282906898379
187,-0.9825536491838176,0.09981716490479975
188,0.0406974415382515,3.428140141759073e-07
189,0.49086284921237344,0.006974041659519314
190,-0.7550589606972586,0.037028394961022504
191,0.8600231260243736,0.060678639584050065
192,-0.7378802472371733,0.03390991978148972
193,0.6133188539217502,0.016628422128579623
194,0.38789596343469457,0.0027602486592616104
195,0.3719589240142678,0.0023384771988774755
196,0.0861221133792589,6.868027596196313e-06
197,-0.22424119739134318,0.00031342927620570116
198,0.6988874031261048,0.02753567621968256
199,-0.21786396344361214,0.00027939767711460117
200,0.40754102414387083,0.0033547198533342426
201,-0.16540944115821077,9.314789467951279e-05
202,-0.5139333892533133,0.008348881890118398
203,0.10897217663110559,1.7591926601889796e-05
204,0.21079133462483313,0.0002449688192981414
205,0.6711741174370176,0.023564063013609915
206,-0.7637780302793487,0.03868714541765128
207,-0.9826649699598364,0.09985905080915758
208,0.3692964986911944,0.0022729777837577902
209,-0.7273877277918406,0.03210044591679817
210,0.05241271750872767,9.428832167257539e-07
211,0.036829473542124624,2.2992906956176284e-07
212,-0.860824432663746,0.060891945291243754
213,0.08833695495873939,7.6017759497171156e-06
214,-0.2755181269326161,0.0007112683853116586
215,0.09079244846714607,8.482277238153202e-06
216,0.1191403880586075,2.512576158741897e-05
217,0.8012823210723103,0.046430576690046355
218,-0.34000425843912474,0.0016387776162692935
219,-0.5287509851755576,0.00933066353059886
220,0.11796026046359609,2.4146062146956915e-05
221,-0.8796686240654059,0.0660617166637415
222,0.0035765155278602023,2.0452639581947096e-11
223,-0.42267433173509894,0.0038734504906067224
224,0.6685624935958636,0.023212469261723045
225,-0.7925063329667414,0.04452796021002203
226,-0.13183133543801961,3.76467559983773e-05
227,0.13275677316453427,3.87134616657292e-05
228,0.1079981003548347,1.697190727423248e-05
229,0.9153258826139103,0.07667364308990365
230,0.051891766794735394,9.059598629068688e-07
231,-0.720979893611529,0.03103006885940518
232,0.5705166351190742,0.012552804039567489
233,0.49564806755606083,0.007244405115374164
234,-0.3350560942247467,0.0015462943773667526
235,0.9023055328264162,0.0726701507847195
236,-0.42015587815487376,0.0037832728764511936
237,-0.6048908071120738,0.01575920070694814
238,0.6110636536651035,0.016392503699616423
239,0.8343944542198898,0.05413034314455922
240,-0.8875540542441747,0.06831371375493456
241,0.5444249958423939,0.01045854790165257
242,-0.7208553863481035,0.031009528180428902
243,-0.5141508214989681,0.008362714892793943
244,-0.277950778627543,0.0007365590008966416
245,0.6275333835021517,0.018172590928248966
246,-0.52302189308013,0.00894156298964388
247,0.8210533260204584,0.05092723191385551
248,-0.8986984204544948,0.07158743953235802
249,0.42160578874454435,0.003834997694656672
250,0.42882656123736007,0.0041004141994862575
251,-0.4245603615271054,0.003942015675397315
252,-0.05638689014787124,1.26296837843487e-06
253,-0.468645254824269,0.005814795435867159
254,0.5049296508697458,0.007790659962748192
255,0.6873389812317285,0.025826402178901753
256,0.04934642195830463,7.408946297582375e-07
257,-0.8715634437996289,0.06380180341525843
258,-0.9169580613529149,0.0771861277578918
259,0.7969843459949844,0.04549171741823932
260,0.8829859744760897,0.06700266691464918
261,0.3669051652160984,0.0022153162360268874
262,-0.4936824496622949,0.007132433391743742
263,0.7600806051431857,0.03797739135731337
264,-0.8060172207521985,0.04748071517289232
265,-0.9440535201621694,0.0860465575605397
266,-0.1449499641814853,5.4987376946757927e-05
267,0.7641107846558566,0.038751481417442335
268,-0.5239111558080913,0.009001164283501506
269,0.43152527997560286,0.004203010797303897
270,0.9219648615414835,0.07877310999441212
271,-0.33403844619269796,0.0015277656360850322
272,-0.352983914736235,0.0019008930680280978
273,-0.01848308184143388,1.4587565932977498e-08
274,0.28583869387045024,0.0008231903464044343
275,0.6396791831810238,0.01957226519777089
276,0.12075213296695697,2.6511511198368254e-05
277,-0.8370891487626337,0.054794188007133315
278,-0.8336511628380827,0.05394823621647937
279,-0.32348865119167525,0.0013452552871180412
280,-0.7159939123291279,0.030215106305786055
281,0.6519226313735833,0.021060614709615844
282,-0.40538512776901126,0.0032852414648677497
283,-0.1764389293470796,0.00012051393687206868
284,-0.4058326369078946,0.0032995750379837263
285,0.027648876119864996,7.304064697510881e-08
286,0.7670952198447525,0.039331921158230365
287,-0.6510376926049422,0.020950379564979804
288,-0.6652821922018839,0.02277624059411909
289,-0.3001580604619849,0.000999569975584591
290,-0.39110042218331653,0.002851424606375441
291,0.33635881688248426,0.0015702566345390245
292,0.9145074340325361,0.07641755622198387
293,-0.7960737682774726,0.0452945541343055
294,-0.9005684450809917,0.07214732684356362
295,0.664073786528703,0.02261704462002123
296,-0.5256493575118746,0.009118504297840002
297,-0.5470741362013285,0.01065858967749922
298,0.42648391886557513,0.00401286449211502
299,0.0752541365093411,4.005176895582885e-06
300,0.3728779199494483,0.0023614073026507754
301,-0.6890373997988677,0.026072853028403786
302,-0.6560360828245579,0.02157853538414989
303,-0.9038663200710217,0.07314216737136792
304,-0.8692752981981948,0.06317378152714226
305,-0.1738648611099376,0.00011365066772517363
306,0.9586304365863492,0.09109426653457331
307,0.27490747589965436,0.0007050228184068974
308,-0.369602256048849,0.002280429847528742
309,-0.6889554404860214,0.02606092148637784
310,-0.06781134381100795,2.6411109049773174e-06
311,0.7766972443998075,0.0412414895472315
312,0.8647977199638102,0.06195742677566041
313,-0.3074137244418751,0.0010989793499679434
314,0.5760457454124481,0.013033136868126793
315,-0.8457425489670793,0.056964855643924506
316,0.6260076502329264,0.018002053178792776
317,0.2159086301822961,0.00026953945813879
318,0.6752607535070738,0.024121924004549156
319,-0.3429040453101124,0.0016948492718619201
320,0.7710946777007119,0.04011946119931442
321,-0.3061501954427006,0.0010811609764243002
322,-0.8766407949404493,0.06521101938354323
323,0.3143890449025295,0.0012013089635557472
324,0.19557387498883028,0.0001817143476272598
325,0.7224296387815035,0.031269960937813646
326,-0.5198350035456343,0.008730340981391138
327,-0.41164269865095204,0.003489898289959825
328,0.011610429919921783,2.2713991798539723e-09
329,0.8422860037618163,0.056090652171815636
330,-0.058224609234427405,1.4357902298200997e-06
331,-0.7374883207444733,0.03384104794080833
332,-0.31670807857644667,0.0012368487883088752
333,-0.8006644452067848,0.046294767346762966
334,-0.07946394281409419,4.978901252061796e-06
335,0.9176691634139842,0.07741015104401061
336,-0.7730993672259554,0.04051840833429454
337,-0.7490730741660494,0.035919455401107636
338,0.9501786495922628,0.08814326522976235
339,0.6388226391506906,0.019471078976245892
340,0.3876224789937497,0.0027525685655028775
341,0.09820205279484484,1.1606319678780785e-05
342,-0.8040151984647865,0.04703465831159093
343,-0.07811733365503204,4.650054788779556e-06
344,-0.0775904238851266,4.5259198450109395e-06
345,-0.06553755525246574,2.304411963471864e-06
346,0.7678280449520016,0.03947539051330462
347,0.24370150073167118,0.00043657074431280307
348,-0.5836316381927473,0.013713782147516729
349,-0.0904218681811384,8.344730401455003e-06
350,-0.7008359061327458,0.02783189531055763
351,0.8759575985058472,0.06502013803006423
352,0.911368847700631,0.0754410488371896
353,-0.6303245362031653,0.01848759862796745
354,0.20131353220279102,0.00020392636865007585
355,-0.49966767529352896,0.007477396657336377
356,0.6979305778213896,0.027391049487019425
357,-0.8981626214536309,0.07142758287186635
358,-0.8688893315301611,0.0630682762428747
359,0.1601503610736188,8.187799708447852e-05
360,0.1098774797129003,1.81832425786288e-05
361,-0.44997669722656064,0.004956068197557895
362,0.9253587345569685,0.07986169786996744
363,-0.47539705301177104,0.00615078609266384
364,-0.20078122497419515,0.00020178521814373518
365,-0.22160409493610822,0.0002990018124190419
366,-0.971287337596173,0.09564049634531135
367,0.24163388757064475,0.0004220126394490764
368,0.940797699951079,0.08494627618199391
369,-0.1339125275131572,4.007724031451776e-05
370,0.24303147774304423,0.000431812703241774
371,0.005789180248845671,1.4040280049698595e-10
372,0.021772681292989704,2.8088164683026662e-08
373,-0.9576593521845642,0.09075177362753706
374,0.9233820446879624,0.07922640654886959
375,0.2442510352257341,0.0004405022733964259
376,0.0641679107736699,2.1177935720650964e-06
377,0.5924999382333958,0.01454191868694621
378,-0.3987659751656145,0.0030785665220952607
379,-0.8297999493431161,0.05301161440271385
380,0.3833648498179165,0.002635033629606487
381,0.368929635798239,0.0022640602745088723
382,-0.2636152233682487,0.0005967280200043223
383,-0.4722924109208273,0.0059945634707534445
384,-0.5204791172540408,0.008772733698843904
385,-0.6182159086691668,0.017149188405250704
386,0.7489493300624481,0.035896784402400184
387,0.9637797404777866,0.09292535965806459
388,0.05515439100924269,1.156139469271622e-06
389,0.07643049516988265,4.261416453155142e-06
390,0.9694826532056577,0.09498288452251236
391,-0.8715542276158028,0.0637992651070165
392,-0.08252464640876389,5.790977725350643e-06
393,-0.41409828983685326,0.003572729660055396
394,-0.8888310267835737,0.06868339942946833
395,-0.4100618803273812,0.0034373314024874757
396,0.2802353343523001,0.0007609144495629439
397,-0.5866676618089219,0.013993315089583236
398,0.45535786632494224,0.005193281968262853
399,0.9094419532912168,0.07484587189394376
400,0.22400596038416065,0.00031212161263749483
401,-0.6338300334458791,0.018888813604968302
402,-0.02663386951926383,6.289204845799645e-08
403,-0.7976248274122479,0.0456307627184267
404,0.14561231231315386,5.599755201279866e-05
405,-0.6173350571638705,0.017054654660023205
406,-0.42888947856539095,0.004102784836864437
407,-0.6655569592493915,0.022812551191053743
408,0.7867679141896498,0.043314270605274596
409,-0.6041206215854082,0.015681451687452164
410,0.13586332016917302,4.2460376289632507e-05
411,0.7945648691074518,0.0449691768727446
412,0.7819524514198171,0.04231410571993022
413,-0.0010298376360469153,1.4066525722000733e-13
414,0.5614674372491417,0.011794720915193624
415,-0.28995703872071776,0.0008713253651411179
416,0.1816645966893724,0.00013539596600364856
417,0.15607076311701595,7.386435675549308e-05
418,0.14523669821456942,5.542299746452706e-05
419,-0.2920008660471438,0.0008959768831237058
420,0.6088249431298041,0.016160725418513877
421,-0.4225089662705326,0.0038674810676089244
422,-0.4876619715017023,0.006797381850886963
423,0.7015126807871428,0.027935315504251768
424,0.6194088571617613,0.017277822530701537
425,0.94324405841964,0.08577208625965305
426,0.4248646100679785,0.003953159807315143
427,-0.32265388316762933,0.0013315417842161281
428,-0.09594219510967328,1.0575054104622339e-05
429,0.36436057047762027,0.0021551579991851977
430,-0.08050802931780598,5.245631447881038e-06
431,-0.358222681213628,0.002015039160565668
432,-0.4017385151052242,0.003170152055623654
433,-0.822501130658901,0.05126817507438164
434,0.43413211622272274,0.004303902146120309
435,-0.7397385576282762,0.03423784080083536
436,0.8709638655000191,0.06363681624992967
437,0.4149179660845459,0.003600699542467556
438,-0.7688178241125778,0.03966975726119726
439,0.9221574305034006,0.07883459817517002
440,0.7044281676112178,0.028384003302134753
441,-0.9209537224573823,0.0784507971728271
442,-0.3761732805318454,0.0024450031405039985
443,-0.03813738974208447,2.64367827629286e-07
444,0.6860727766464727,0.02564376361944276
445,-0.9229528951145587,0.07908894843105341
446,-0.2713352689647299,0.0006693023175361468
447,-0.15445024343753633,7.084993290706887e-05
448,0.8799969196837019,0.0661544200436438
449,0.3982901353446582,0.003064089555379179
450,-0.3594456590515267,0.002042402303961466
451,-0.8269575792030099,0.052327762536446776
452,-0.7426680615050574,0.03475938780487753
453,-0.8428866147555061,0.05624186975222423
454,0.2144186158141883,0.00026220352589123586
455,-0.10682364579325965,1.624628294627506e-05
456,-0.9633033786084302,0.09275490468723535
457,-0.4905146228071442,0.006954660918060185
458,-0.18273401282610746,0.00013860342611349274
459,0.5745688749117097,0.012903546532574861
460,0.5262311251962131,0.009158026589154655
461,-0.7855288529851852,0.04305532924551847
462,0.2211858330251273,0.0002967599396319631
463,0.43461883338237395,0.00432293560961583
464,-0.19055683716781324,0.00016382636164979925
465,-0.9758625735999233,0.09732177006149367
466,-0.4342248296303146,0.004307522998739044
467,0.9847536337049687,0.10064718863771727
468,-0.07557529742554503,4.073954274042002e-06
469,0.8870918177178588,0.06818024007893941
470,-0.3185526900139046,0.0012656716187640082
471,0.6487004767816544,0.020661244839438986
472,0.8173096033073945,0.05005307061175035
473,-0.5787454623248549,0.013272477479354339
474,0.9580994687975681,0.09090688808636183
475,-0.5779112463268998,0.013198181693867883
476,-0.5090254341325562,0.008041081547446871
477,-0.6932917533831646,0.026697617627121084
478,0.33390328827207205,0.0015253172290016215
479,0.38819076214874904,0.0027685450697645386
480,0.7136003930509203,0.02982939484265179
481,0.19150381244306325,0.00016709722266672333
482,0.8220060157305269,0.05115139934235491
483,0.09135558659753573,8.69453926388708e-06
484,0.9858572911017551,0.10106537156309015
485,-0.27272078174354375,0.0006829926687454968
486,-0.16833411501783813,9.989642316954317e-05
487,0.5504349725129174,0.010916382237927125
488,-0.9695018494907821,0.09498986298088286
489,-0.4066367017729109,0.0033254451368909255
490,-0.27540680652508054,0.0007101267704001657
491,0.4412594769014466,0.004588877497284205
492,0.47772344814250856,0.006269796346652479
493,0.3611618578827396,0.0020812645239532968
494,0.1853139385694984,0.00014657510359139536
495,-0.9724781934691906,0.09607615439895345
496,-0.7971412750880447,0.04552575805634018
497,0.17972295499528124,0.00012971475604239835
498,0.5800458868023735,0.013388901591726565
499,-0.2989119233656854,0.0009831951997278932
