,data,labels
0,-0.8856794305522617,0.06777353746318271
1,0.5519295764418202,0.011032477661342077
2,-0.14977871133062104,6.267409710480898e-05
3,0.778680211524982,0.041643920725542016
4,-0.07633211705030107,4.23952892758539e-06
5,0.32043323735791907,0.0012955671388291679
6,-0.4262123973078138,0.004002807195162217
7,0.7263339265412518,0.031922625202523425
8,-0.23649197067382688,0.00038737964757318277
9,0.7646130529309723,0.03884873642887421
10,0.3169709212258587,0.0012409256882074393
11,0.7526127972023309,0.03657230801318534
12,-0.8072432568851893,0.04775535704835021
13,0.7157711105846969,0.030179051867827322
14,0.8228059684608238,0.0513401666349782
15,-0.9964260057491912,0.10513078003198395
16,0.18003090709577618,0.00013060369441675324
17,-0.6489850900943044,0.020696298713016037
18,-0.25746148041985983,0.0005432182136839714
19,-0.11712117584049442,2.3467097589047192e-05
20,-0.3033440456972596,0.0010423580846072866
21,0.43936809217678774,0.004511936342826983
22,-0.11432045019910286,2.1303955903051452e-05
23,0.8390797699084873,0.055288261307180786
24,-0.8342066879109169,0.05408429931616998
25,0.9834166051558697,0.100142180947139
26,-0.7174426077692444,0.030450293275951945
27,0.7970694887059668,0.04551018410196572
28,0.4185279700369089,0.0037258144560666784
29,-0.68600565614393,0.025634108147402634
30,-0.15990875379563496,8.138606706187268e-05
31,0.4521491864382279,0.005050852934887162
32,0.4487087036395081,0.004901356103722998
33,0.13148334843167397,3.7251399926718776e-05
34,-0.16941323442547152,0.00010247652633310622
35,0.06184886369178311,1.8279321616354594e-06
36,-0.14908166486338437,6.151764681350258e-05
37,-0.663061247947468,0.02248427260381536
38,0.14861221175673323,6.074784357645857e-05
39,0.0806778585112129,5.290009565062093e-06
40,0.8242546070490837,0.05168326050179084
41,-0.03382965752237377,1.6368827948642917e-07
42,-0.39915744895211436,0.003090514635579633
43,-0.2538252486073249,0.0005133320665020591
44,0.22571486011458353,0.0003217145920655362
45,-0.2576790851448172,0.0005450469139802738
46,0.9644842230250694,0.09317783967405524
47,0.43495979827862885,0.004336306275422919
48,0.0004958203988547627,7.549516567451064e-15
49,0.9287911960764579,0.08097328152409566
50,-0.6431155042380263,0.01998204149526195
51,-0.07438216830809097,3.822829879096545e-06
52,0.6466643963430554,0.020411726713558842
53,-0.6795870772257002,0.024722822934206024
54,-0.6969765052519177,0.02724738393382542
55,-0.1931174968020708,0.00017278309207235942
56,0.45996460704221076,0.005402916663060808
57,-0.017017495848783426,1.0482663959088256e-08
58,0.15345784811154228,6.904997798629076e-05
59,-0.8860840397424692,0.06788987197073271
60,0.9153659383270456,0.0766861915979351
61,-0.11048377430544165,1.8587497475963666e-05
62,0.08788014442313541,7.445849215859113e-06
63,0.9131009149133384,0.07597886191841308
64,-0.9571107201744227,0.0905586710656544
65,0.7920020506838727,0.04442034587285426
66,-0.25589189694844516,0.0005301629965546173
67,-0.8665292736601489,0.06242583968675797
68,-0.9540445755454801,0.08948471866074903
69,-0.6744553840333403,0.024011238052279005
70,-0.29185663749195956,0.0008942204490831607
71,-0.07321555206937269,3.588685982158779e-06
72,0.7802484105201912,0.04196415170081469
73,-0.5869339615070708,0.014018030245094848
74,0.16362475873320115,8.920112905519417e-05
75,0.4421848086782618,0.004626870438507069
76,0.27704590603024837,0.0007270746895647884
77,0.14672015698146024,5.771814698862787e-05
78,0.5912937334972672,0.014427196692772482
79,-0.09753605836996715,1.1294902727332357e-05
80,-0.4320403512860751,0.0042228054881248145
81,0.6499603789693793,0.02081674485691698
82,0.9780206910390137,0.09812186217712782
83,0.9358306800672505,0.08328660624551498
84,-0.7718120921388609,0.04026190837981358
85,-0.7493792789218701,0.0359755987911029
86,0.739254002219411,0.03415211737962209
87,0.7699008169877215,0.03988320965886538
88,-0.30267747444264237,0.001033295321495209
89,-0.39382530683136774,0.002930693473645496
90,-0.807835865115424,0.04788850921410348
91,0.930770726276821,0.0816192167147578
92,0.0179996453513791,1.3120257325027751e-08
93,-0.10507343061696983,1.5208377927011796e-05
94,-0.3787594579592095,0.0025121290167973154
95,-0.7039689127822295,0.028312983433231742
96,-0.3324515586951049,0.0014992023722631975
97,-0.5947284702995488,0.014755619233073558
98,-0.023120227954333217,3.571410489566773e-08
99,0.5887425733771603,0.014186728970378426
100,0.09058259477498098,8.404179731358319e-06
101,0.701308790501886,0.027904129303916947
102,0.1465371611801296,5.7431243619787686e-05
103,0.6076823840270997,0.016043356532481234
104,-0.901687284332714,0.07248376931405975
105,0.7689310257782318,0.03969203051636527
106,-0.8389620909252049,0.05525896615478354
107,0.44455528430753155,0.004725257736043598
108,-0.6497603853301321,0.02079200482352861
109,-0.6133162533479668,0.01662814866820239
110,0.5628056732220079,0.011904664866357328
111,0.9827595971522813,0.09989466507082123
112,0.16192455655429927,8.555888484684804e-05
113,0.5102141195793135,0.008114852172838916
114,0.02268014524491835,3.3071668514850217e-08
115,-0.5222576197036577,0.00889057045370889
116,-0.8052862701786461,0.047317510729621204
117,-0.43585051112138795,0.004371378900037026
118,-0.7051330318791758,0.028493253636246108
119,-0.33127122370049267,0.0014782156698621707
120,0.8999889108294901,0.0719734872563319
121,-0.3476468628053653,0.0017896132530277331
122,0.4740309295808607,0.00608167955856187
123,-0.21046543579277466,0.00024346292022581206
124,-0.3111798822872296,0.0011533876040021873
125,0.32955374310853824,0.001448069328829682
126,-0.131867745323605,3.768830294170744e-05
127,-0.914705814231688,0.07647957310111375
128,-0.5355975941157061,0.009811764305189041
129,0.7968653932372975,0.04546592655646653
130,0.5278321263817132,0.009267438309099152
131,-0.3461254480139129,0.0017587968942682775
132,-0.34905460794148624,0.0018184826214001637
133,-0.6772507210038625,0.024396993372639342
134,0.8288920289637307,0.05279249306926259
135,-0.3260672491109591,0.0013882799604465479
136,-0.03176198735883751,1.2719430575458546e-07
137,0.2624259847207784,0.0005860934237293947
138,0.45264682733224726,0.0050727515475411655
139,-0.6928002236180477,0.026624889919272587
140,0.4752496598682423,0.006143302409834628
141,0.6801772990132295,0.02480562962285615
142,0.2983413398139214,0.0009757645147789873
143,-0.6940679689078819,0.026812759142892495
144,0.034972073043841645,1.8694204861890995e-07
145,0.33907426060232115,0.0016210901467716976
146,-0.004425029512470813,4.792621854932122e-11
147,-0.4090062562988197,0.0034025563726346464
148,-0.08012530891046632,5.146646090969931e-06
149,-0.35031468335744487,0.0018446155975736511
150,-0.4084603094951742,0.00338467387611896
151,0.5895980137245573,0.01426703333578605
152,-0.8434228850226637,0.05637713103556419
153,-0.7642186932258515,0.03877236125603545
154,-0.7178026298934104,0.03050894397500059
155,0.9824691293873069,0.0997853713206962
156,-0.8582332339040935,0.06020407587367227
157,-0.6881810482220383,0.025948380437428864
158,0.02709515503670512,6.736331281675945e-08
159,0.9653992280253234,0.09350647750372332
160,-0.18996030010522924,0.00016179064700572177
161,0.3770531791426739,0.0024676903505147507
162,-0.43443456274461334,0.004315722265276434
163,0.2217733854963324,0.0002999127921055056
164,0.81158675110598,0.04873740526702275
165,0.3105498919358809,0.001144149787008275
166,0.277138317286326,0.0007280390908007695
167,0.25466459917318796,0.0005201189759516112
168,-0.48848816812499063,0.006842661822156093
169,0.5846701699633972,0.013808939650824414
170,-0.31215240113823706,0.0011677568574475217
171,-0.4313715124379247,0.004197114664350354
172,0.8348056261978101,0.05423126697845371
173,-0.31948190344919936,0.0012803786881478985
174,-0.7922159777136886,0.04446597550432407
175,0.1150765517436223,2.187254752161749e-05
176,0.8266583755054235,0.05225614145869695
177,0.7351154848817192,0.033426215269015125
178,0.8304597448821909,0.05317125521503241
179,0.9809332363553205,0.0992088355338091
180,-0.2223503725301168,0.00030303323238900504
181,-0.18627903146235392,0.00014964350283142025
182,-0.6586745931649827,0.02191555774673981
183,-0.5154254252467998,0.008444143354618516
184,0.26029376388797276,0.0005673809837084542
185,-0.1320131495638679,3.785456469462822e-05
186,0.0811281182536514,5.409029500968998e-06
187,0.3873464879289594,0.002744834135703589
188,0.9447517441730051,0.08628380017034631
189,0.16327996442395376,8.84532925325976e-05
190,0.9933392358097588,0.10393197626630901
191,-0.0798769631704126,5.083168341912803e-06
192,-0.6553480079221912,0.021491265949736604
193,-0.6069860464319508,0.015972130193731227
194,-0.17113687016787882,0.00010670063774398386
195,0.19428376961464644,0.00017698164682511397
196,0.33413534311197957,0.0015295227354249485
197,-0.27474451600297933,0.0007033630422271786
198,-0.1190998568574595,2.5091628531037635e-05
199,0.6962573388784408,0.02713944993575723
200,0.6227179467642887,0.01763830375289488
201,0.5705101085905109,0.01255224481048145
202,0.650060231672146,0.02082910501551849
203,0.9447119000015434,0.08627024970435904
204,0.14949234971996206,6.219705073517989e-05
205,-0.8650545138977832,0.06202673695728678
206,0.15336338810720762,6.888045386166386e-05
207,-0.6838723609993174,0.02532859051438685
208,0.8238812846664256,0.05159468852952198
209,0.36711663910219827,0.0022203712366519746
210,-0.1194578217482074,2.5394290470770464e-05
211,-0.5424286400807614,0.010309624257540673
212,-0.9749543216214489,0.09698640021900384
213,0.0456914437070326,5.446260813446457e-07
214,-0.24729290109659097,0.0004627446606839669
215,-0.6200918971676561,0.0173517884629798
216,0.10755106379834412,1.6692907771065357e-05
217,0.10871295447978713,1.74252965106092e-05
218,-0.8306199391210425,0.053210066234076425
219,0.13462331028848773,4.0933628764672214e-05
220,-0.4648165941496212,0.005630384681033496
221,-0.05504796772873499,1.1472441788784593e-06
222,-0.2993507486685505,0.0009889385951848961
223,0.083298500742778,6.011137493877605e-06
224,0.3842047770205861,0.0026579202533725255
225,0.5010154601162922,0.0075567369824620645
226,-0.694789579290916,0.02692012097111074
227,-0.6140914092778602,0.016709804068390843
228,0.4887723444792922,0.00685828732180338
229,-0.17419688435696945,0.00011451909526505322
230,-0.749639963310452,0.0360234453338365
231,-0.48340777184785844,0.006567707664984157
232,-0.4456645975413107,0.004771826351211761
233,-0.9373930630924785,0.08380620387460191
234,0.6114487983013204,0.01643262068857676
235,0.3139053906240885,0.0011939936317644229
236,0.0309228120862306,1.1427644652783897e-07
237,0.7468341268211567,0.03551084105250257
238,0.6564705144993903,0.021633766719416747
239,-0.49261473974729064,0.007072146897653231
240,0.2834236877919518,0.0007959020286696372
241,-0.007436245566075694,3.8222658371722673e-10
242,-0.5064421744046661,0.007882460891395104
243,0.4666727552177643,0.005719241780501427
244,-0.4690297796445215,0.005833558970583241
245,-0.16291561038779734,8.766814119065547e-05
246,-0.47243119459374583,0.00600148388897459
247,-0.9008200278052898,0.07222288404145605
248,-0.986427615320544,0.10128194010319569
249,-0.25242849536467293,0.0005021847702062487
250,0.5742667850403669,0.012877155411575636
251,-0.9937099923528074,0.10407546625901487
252,0.8733259290275868,0.06428853040528992
253,-0.6632984546836451,0.022515326365548427
254,-0.22078224757723897,0.00029460865787911406
255,-0.783983943163264,0.04273401635501528
256,-0.5504431696010348,0.010917016511471478
257,0.2500234050139789,0.00048341452550870745
258,0.5649100011381509,0.012079058770219753
259,-0.27490802679215354,0.0007050284342928759
260,-0.02928581971980848,9.193427896736495e-08
261,-0.534582579643911,0.00973931951851803
262,-0.7427357715926461,0.0347715092040094
263,0.405440136569825,0.003287000891331937
264,0.4743168256730761,0.006096094338624902
265,0.2843551760090821,0.000806346230334265
266,0.06332295647457808,2.008466332581449e-06
267,0.42398228987686726,0.0039209058056289825
268,0.7032274247133763,0.028198588423856363
269,-0.9267457937789876,0.08030960068605464
270,0.1646474041139354,9.144702502572599e-05
271,0.5799313902814418,0.013378621196573293
272,-0.18485951281329904,0.0001451467185480393
273,-0.20204996143377785,0.0002069165216759261
274,-0.8678306196369001,0.06277950984304637
275,-0.4161003229291196,0.003641329929629067
276,-0.08100923225669976,5.377410597473542e-06
277,-0.7858409356352798,0.0431204448064173
278,-0.053885008938391765,1.0533475907070766e-06
279,-0.527471200168999,0.009242689610925892
280,0.8553998227399198,0.05945819126187146
281,0.7230152871340341,0.031367245552698764
282,-0.4468047836699076,0.004820042883427522
283,-0.7730571052950919,0.04050996886121205
284,-0.9660752792661227,0.09374980630464502
285,0.7059083345147019,0.028613770369553926
286,-0.34490262903646296,0.0017343156497052759
287,-0.4791329662518242,0.006342721442196719
288,0.7620299895775438,0.03835042400643862
289,-0.1308984748416051,3.6593926695638324e-05
290,0.46199915248450507,0.005497458216876416
291,0.6562704008478277,0.021608312649695205
292,0.7066284490291603,0.028726036265285138
293,-0.6763300479786802,0.024269450788987124
294,-0.1451684420798709,5.531906589217872e-05
295,-0.043322288957202915,4.401693047828559e-07
296,0.6709718269713996,0.023536692885912536
297,0.3721361877260094,0.0023428872458352012
298,-0.9562399544676015,0.09025277186837144
299,0.2720167979526493,0.0006760107342363986
300,0.10548181143713142,1.5445975688921365e-05
301,-0.9380713421131923,0.08403247756129728
302,0.6724270095417599,0.023734092838487708
303,0.4141394320956773,0.0035741297193844224
304,-0.3041220262639017,0.0010530102450214684
305,0.10611144824627305,1.5817737473944327e-05
306,0.7205204299520662,0.03095431693432482
307,0.9027908354279697,0.07281668810564501
308,-0.46992892018766663,0.005877608002274659
309,0.7330949675021885,0.03307585913486011
310,0.9967472036423513,0.1052560674538413
311,0.18467898612492428,0.00014458217271007268
312,0.97741857415046,0.09789818040094544
313,0.6171160092348567,0.017031205127199023
314,0.37115665682445,0.0023185949418699225
315,0.7676304532088689,0.039436670155993725
316,-0.47717370199561127,0.006241521708671982
317,-0.7828925946578174,0.0425080670390795
318,-0.37760642673423916,0.002482034880022299
319,0.21074103307420833,0.0002447359351070988
320,0.4178553001784471,0.003702261317503619
321,0.39536848799010094,0.0029763027794567076
322,-0.937771976473865,0.08393255696094859
323,0.8698352867421602,0.06332707680055794
324,-0.5034172712966891,0.007699654926000998
325,-0.39303078496124244,0.002907413903508793
326,0.46187775116582963,0.0054917829862216605
327,0.22750773116574363,0.0003320138681172091
328,-0.4370632824569538,0.004419468948939964
329,-0.8115560182557993,0.048730406815053806
330,-0.6137321145137564,0.016671919605709573
331,-0.0794262661326468,4.969470224547301e-06
332,-0.2963908441851879,0.0009506786929435185
333,0.7673893597350583,0.03938946184109837
334,0.09005264606726171,8.2093569860886e-06
335,0.4023631114602224,0.003189649619609214
336,0.04950880337144281,7.506929395884043e-07
337,-0.9245295443624548,0.07959477257579928
338,0.45606261167850337,0.005224956938850611
339,-0.4770464812986632,0.006234991862828609
340,0.5261760848421595,0.009154282066259345
341,-0.7388480689278927,0.03408042149242807
342,0.6416441003258975,0.01980582565390332
343,-0.24150147424394164,0.0004210928300983907
344,0.8269015478139345,0.0523143448923612
345,0.6088058074603873,0.016158754592161095
346,0.6964720762539365,0.027171645886687523
347,-0.8262726425444329,0.05216391004623255
348,0.7988629388653412,0.045900405970556446
349,0.6049982553381503,0.015770069673308518
350,0.5720761644771948,0.012686955148726864
351,-0.8083302495862139,0.04799979297247714
352,0.4765039836830389,0.00620720353699622
353,-0.7125860718050725,0.02966701060625665
354,-0.1449183479842293,5.493950146140403e-05
355,0.7718450847801706,0.04026846793706906
356,0.09862216337201213,1.1806043601514382e-05
357,0.6852254091643788,0.025522059593629742
358,-0.39953452769602915,0.003102055813957616
359,-0.24653149226924542,0.0004571003086504266
360,0.5839344150326069,0.013741475160201855
361,0.10526935151623928,1.5322021169605904e-05
362,0.29347609471319536,0.0009140902977162746
363,0.5859503366308352,0.013926898392956466
364,-0.8062625638061425,0.047535584047655455
365,-0.7325073988599131,0.03297447099918949
366,0.9037082053982455,0.0730942526785282
367,-0.1592390736583429,8.003410897139407e-05
368,-0.590182983598251,0.014322137570714544
369,-0.1819276276236821,0.0001361796616440314
370,-0.20421541186666037,0.00021589902474006273
371,0.5204987621932908,0.00877402900859059
372,-0.8395159145022548,0.055396931339320554
373,0.5050357188336687,0.007797071922049037
374,-0.5824293333255859,0.013604216466307717
375,-0.31736090534158956,0.001246993058422241
376,-0.009987960633945026,1.2439704821787245e-09
377,-0.18476166100772073,0.00014484051066487869
378,-0.1912101605741099,0.0001660777716466777
379,-0.8609662375320921,0.06092974826525133
380,-0.6927667602377554,0.026619943804457424
381,-0.23771535391738086,0.0003954197319226971
382,0.1919296827473227,0.000168583991673521
383,-0.8360717422163595,0.054542875387956546
384,0.8022884565931021,0.04665233064583729
385,-0.46623303981402064,0.005698099295474046
386,-0.5850811241065355,0.013846726655337593
387,0.8435011323316128,0.056396886212979336
388,-0.4449875244061743,0.004743362986416311
389,-0.3791141150316133,0.002521439706919093
390,-0.0010926964807138617,1.7830181775480014e-13
391,0.8664565250426663,0.06240611006202901
392,0.08315302093046872,5.969277942607931e-06
393,0.37535093562157984,0.00242393998942414
394,-0.6944146533128701,0.02686430060441858
395,0.518527528977071,0.008644750870099194
396,0.18766768648574983,0.00015414253741596884
397,0.7649341084636536,0.038910994098999674
398,0.27224481776284737,0.0006782663242381748
399,0.3697007654432998,0.0022828346191468007
400,-0.9021482351666803,0.07262269898681495
401,-0.7019647628699577,0.028004553490943662
402,-0.573019625695337,0.012768617928465398
403,-0.6961809788191726,0.027128007759393502
404,0.9477864860256979,0.08732022540514894
405,0.49812366801590624,0.007387259048590611
406,0.8100277445327151,0.04838328785556689
407,0.7137235335302681,0.02984915195025073
408,-0.7704941883867007,0.04000050679394429
409,0.1490614594470776,6.148436463904172e-05
410,-0.7601550443819538,0.037991588216292005
411,0.9459991625257498,0.08670877842796765
412,0.3271421184635206,0.0014065132014998705
413,-0.42183542440428345,0.003843237506253261
414,-0.6972475311117818,0.027288140098560176
415,-0.03752444947292677,2.4777952489785093e-07
416,-0.06323288399010218,1.997066872427844e-06
417,0.20926560928771898,0.0002379783574157912
418,-0.054777286936645186,1.124850812050937e-06
419,0.5646085453665384,0.012053962222573045
420,-0.20539561173903076,0.00022091560555692613
421,0.1027028326698789,1.3882783680418953e-05
422,-0.9124643238320822,0.07578088798523419
423,0.9439896079633647,0.08602486413358656
424,-0.6678537661362534,0.02311771302551735
425,0.6215734798846895,0.017513017811623954
426,0.48506667443989815,0.006656577885953419
427,-0.5727629370840661,0.012746361979534382
428,-0.8553413954285545,0.059442879361847
429,-0.9666108093715515,0.0939428686467465
430,0.3679817832940768,0.002241140477648007
431,-0.027370980970290004,7.01483141574144e-08
432,0.17862949252260374,0.00012659487528365876
433,-0.1877554922659832,0.00015443037423745754
434,0.8203371010277078,0.050759163210516656
435,-0.983744881923541,0.10026601170030125
436,-0.6673593660373385,0.023051777786836092
437,-0.4834602801962664,0.00657050717805574
438,-0.46671281716477964,0.005721170914233298
439,0.7830286304011738,0.04253618494376432
440,0.801643978691823,0.04651020028313668
441,0.42760464769145745,0.0040545744904944
442,-0.9420104331385739,0.08535496099752415
443,0.1882448257589251,0.00015604183054929166
444,-0.46232614237694647,0.0055127657275857445
445,0.14782928619761604,5.948008264566873e-05
446,0.8562692700681036,0.059686373612291455
447,-0.7057846127254495,0.02859451393698409
448,-0.632969513845834,0.01878974562027136
449,-0.9114984390281202,0.07548119510357032
450,-0.9188463842366985,0.07778201540332996
451,-0.3877269682902871,0.0027555010028430527
452,0.27205994424784596,0.0006764371112792933
453,0.03450129921973155,1.770784273658066e-07
454,-0.6897561156906675,0.02617765148114537
455,-0.2224371408975958,0.0003035045789528956
456,0.8466236514458467,0.05718922571551477
457,-0.8449460754174725,0.056762571149326924
458,0.9034896395474974,0.07302805515255828
459,-0.914727224708137,0.07648626846436701
460,-0.5088193813588606,0.008028343999038734
461,-0.555708155808122,0.011330007340973669
462,-0.9417848303329956,0.0852788307830139
463,0.9735172716063514,0.09645740594836993
464,-0.9429438041788865,0.08567043127587726
465,-0.4309989931376308,0.004182855934844132
466,0.2931193276662576,0.0009096850077402463
467,-0.5685462604497855,0.012384795526595771
468,0.4526440209025049,0.005072627855130074
469,-0.438194855300166,0.004464690311320241
470,0.8133117372597147,0.04913136090777959
471,0.17025183412206024,0.00010451573723324614
472,-0.6339386052679201,0.018901339864530353
473,-0.012312471668423752,2.872632132167041e-09
474,-0.2063228114864557,0.00022491747911823623
475,0.6859053272525362,0.025619680441060777
476,0.4924217401342701,0.007061289583196406
477,-0.06239119593258824,1.8928732771206214e-06
478,-0.5529806767283736,0.011114662071302406
479,-0.5621680467113452,0.011852187186398577
480,0.24786993459041318,0.0004670567479463372
481,0.7072842233616865,0.028828546676066602
482,0.9514984615064612,0.08859965222123667
483,0.3321209602280981,0.0014933020575742528
484,-0.5511115761575953,0.010968827146095483
485,0.784499597836199,0.0428410726507511
486,0.044920542374673245,5.087962869909646e-07
487,0.6200733249648582,0.01734977425703077
488,0.5106935367044538,0.00814474519630548
489,-0.5205418402406976,0.008776869895793626
490,-0.4803932281160008,0.006408451034975338
491,0.23566317096201606,0.0003820025485617995
492,-0.31389385665301606,0.0011938195845463406
493,-0.30896371901092246,0.0011211348450332892
494,-0.7075787514855467,0.02887467266938959
495,0.8743239934979923,0.06456530923899206
496,-0.2546572349942222,0.0005200591404377342
497,0.1777646088475644,0.0001241672109139058
498,-0.42192844845537225,0.0038465791253434745
499,0.5981548710565292,0.01508863367941371
500,0.29213840147649606,0.0008976541992229414
501,-0.2647130316714892,0.000606672116068574
502,-0.7825257689122083,0.04243231194447372
503,-0.41748072250982693,0.003689193502606325
504,-0.3881432356523331,0.002767206302285219
505,0.7065678886505582,0.02871658272441313
506,-0.9666296022052314,0.09394964858765853
507,0.19162108646560294,0.0001675056594682145
508,-0.7823371338239367,0.042393393371528476
509,0.22519024236469964,0.0003187465364599129
510,0.03929318587977915,2.9789775879418556e-07
511,-0.8875443625377641,0.06831091333575379
512,-0.5886533352615504,0.014178370759032832
513,-0.9791878266894034,0.09855644895745519
514,0.6527113979344605,0.021159223033020202
515,-0.7345520480846934,0.03332824976239279
516,-0.3098588953401944,0.001134080830717088
517,0.21217846383961914,0.0002514563968393224
518,0.9498575409350307,0.08803247409115711
519,0.329258863094108,0.0014429397318893589
520,0.21250835608782892,0.00025301800609700553
521,0.3288780745706923,0.0014363357049105296
522,0.33343289102108176,0.0015168186346229406
523,-0.851141497134354,0.058349483368452915
524,0.1486001754417905,6.0728201890292155e-05
525,0.5923927632655488,0.014531698494060885
526,-0.04079209292902575,3.460138882083186e-07
527,-0.4434279776022436,0.004678278073888431
528,0.6685681055589667,0.02321322069353149
529,-0.05622417092521159,1.2484566624948457e-06
530,0.5961865033058293,0.014896665582994517
531,0.16360046487020274,8.914828285788712e-05
532,-0.5879771620978125,0.014115155600201268
533,-0.7843605452575837,0.04281218483968452
534,0.4698612189357372,0.0058742828104956235
535,0.48893677050518924,0.006867340292659563
536,-0.8724151374147384,0.0640366821352506
537,-0.6033161484038043,0.015600539625582943
538,-0.24890898774795978,0.00047489695654234776
539,-0.431960715473394,0.004219740517406145
540,0.9763943146488832,0.09751848560559062
541,-0.6435203167227694,0.020030720465176177
542,0.834679276605476,0.054200239817254414
543,0.8628833551929951,0.061442444708037613
544,0.6530715994507488,0.021204364838143697
545,-0.49455724726722816,0.007182108142296806
546,0.022906617402663088,3.441247287128135e-08
547,0.26637110721407065,0.0006219247578556075
548,-0.654423216602285,0.021374375908003396
549,0.19795329722672417,0.00019069058819831675
550,-0.48495771284932365,0.006650713653074902
551,-0.6268996204041479,0.01810161085258377
552,0.3973026681267371,0.0030342076544287444
553,-0.09687529831626973,1.0992163863243753e-05
554,0.38676813946844546,0.002728678598825418
555,0.6994966916441283,0.02762805767726695
556,0.35346556344159175,0.001911182179364368
557,0.02175036684281162,2.7973197758157653e-08
558,-0.19679083807657327,0.00018626484960748702
559,-0.9833849851713568,0.10013025900610129
560,0.8061090837910021,0.047501254289589845
561,0.7778625885107129,0.041477651782297675
562,0.8065770133237302,0.04760597375497644
563,-0.8785322486190144,0.06574153358749679
564,0.7083715325108859,0.02899909350107921
565,-0.7002916164358965,0.027748920644157682
566,0.6516973814915301,0.021032516041036953
567,-0.9029821759391834,0.07287452021207252
568,0.9202474371501304,0.0782262064950695
569,0.25506207492059274,0.000523356176770684
570,0.34762297073406323,0.0017891262418576748
571,-0.5076692552734681,0.007957518531986119
572,-0.8707207753048822,0.06357001014917008
573,-0.10178734536201373,1.3394779193487416e-05
574,0.7907116627518964,0.04414581790646699
575,0.6916391129539825,0.026453656378009116
576,-0.5671191774819673,0.012264141054349031
577,-0.3347024244004637,0.001539836141903228
578,0.40549206883739974,0.003288662556106936
579,-0.4794331356283401,0.006358331720213051
580,-0.4291649560823043,0.0041131763660585685
581,-0.2759528239821445,0.0007157394008799889
582,-0.8357577297815479,0.05446547498994281
583,-0.48399707611794596,0.00659917713159297
584,0.7318432644956909,0.032860139371343244
585,0.9280096895138692,0.08071925338761443
586,0.538280778312294,0.010005171155549775
587,-0.7675777864159765,0.03942635407130657
588,-0.052234066684282876,9.300962729996698e-07
589,0.9542726483923516,0.08956429814155586
590,0.3463973271819252,0.0017642746867898573
591,-0.8078212360521466,0.04788521906732068
592,-0.17304424441701927,0.00011152543083203792
593,0.5994974205162433,0.015220596276228737
594,-0.5492478090911672,0.010824806157710198
595,-0.5934130530621373,0.01462920557323466
596,-0.06559042934546944,2.31185486965213e-06
597,-0.5844932799540552,0.013792697867362813
598,0.7203186537454136,0.03092109199931725
599,-0.3488862644569648,0.0018150122400293345
