,data,labels
0,-0.005097556267180892,8.44027070456832e-11
1,0.10693860300993485,1.6316262263949e-05
2,-0.5134444839949748,0.008317839126162685
3,-0.801560186689223,0.04649174377011911
4,-0.8345974740138287,0.05418015857498126
5,-0.5132405947780727,0.008304918345108825
6,0.4018509632417764,0.0031736557393272635
7,0.691903143420167,0.026492524115129812
8,0.6931861000659467,0.02668197290118357
9,-0.5120699011477494,0.008231014407971582
10,-0.04462542576815065,4.95559003943491e-07
11,-0.25553564337613754,0.0005272327001921706
12,-0.9700155293938422,0.09517673366860879
13,0.15242755275523878,6.721772411610871e-05
14,0.18742634372897626,0.0001533534564627237
15,-0.839478077981326,0.05538749800065834
16,-0.26840036254958655,0.0006409788401606775
17,-0.7796974753344941,0.04185144997717005
18,0.6522426165184458,0.021100577755500227
19,-0.5983640531213916,0.015109139752361944
20,-0.589465662207028,0.01425458725809603
21,-0.047848050513927376,6.549396832644661e-07
22,0.33312103112324754,0.0015112037393647526
23,0.13423120610156491,4.045952446085632e-05
24,-0.40579085743195775,0.0032982349007536493
25,0.6477672934752174,0.020546612429432787
26,-0.7705146142649233,0.040004548937564
27,-0.5140884509402273,0.008358745170205961
28,0.801586084048614,0.046497447517538704
29,-0.2179487936759652,0.00027983137298226435
30,0.19089724515042872,0.00016499657033719473
31,0.9209005856362715,0.07843388464617929
32,0.5617952084328761,0.011821580384925312
33,0.6716167509984357,0.023624031963975334
34,0.9068742463808548,0.07405787047060808
35,0.3946536464247372,0.002955110537499861
36,0.30134069824133114,0.001015297271914628
37,0.7511103167693716,0.03629416941938357
38,-0.6681487714534813,0.023157120971662337
39,-0.9981256520541675,0.10579491652108652
40,-0.6314689074649282,0.018617889168692114
41,0.14004187333096985,4.792071342618609e-05
42,-0.586177025717328,0.013947862519280041
43,0.5471453397739499,0.010664004710917663
44,-0.04571334609471589,5.456709257778414e-07
45,0.1683962341316123,0.00010004361305993026
46,0.7719187922347577,0.04028312511674026
47,0.5786775874079233,0.01326642112975851
48,-0.33879472289197277,0.0016158014957585731
49,0.8531688775262234,0.05887550293669852
50,0.33833038542188953,0.0016070449076465154
51,-0.04006368339909283,3.219566061529733e-07
52,-0.4554671962693435,0.005198186532353044
53,-0.9052617845224755,0.07356599828934252
54,0.9377083822242813,0.08391134147123691
55,-0.07561050070985531,4.081546619350007e-06
56,0.44360593463270437,0.004685671294472615
57,0.24449076708333872,0.00044222563635376577
58,-0.2853959761342515,0.0008181364791725043
59,0.5618652034814802,0.011827321967625704
60,0.47628356314451303,0.006195939024397967
61,-0.20644403698753422,0.00022544467508633925
62,0.9063342640815721,0.07389289678300981
63,-0.16189378801250887,8.549401420765435e-05
64,0.9991952116461362,0.10621432390670937
65,-0.5096883822772593,0.008082163584177238
66,0.4321160388378964,0.0042257200239601556
67,-0.6405635313250508,0.01967713514738556
68,0.48371041604339204,0.006583855365009272
69,-0.9368331022556668,0.08361972070085555
70,-0.8671596450496102,0.06259698187763174
71,-0.980424446991238,0.09901835697914985
72,-0.5481664984978996,0.01074188537478471
73,-0.5064614130953924,0.007883633651060706
74,0.02533189689320481,5.146765869046277e-08
75,-0.7212748888763203,0.031078774892906336
76,-0.8917289843669989,0.06952756094834556
77,-0.08177427854582242,5.583326296187963e-06
78,-0.08296826851059147,5.9164336940753515e-06
79,-0.5577902625448403,0.011496437919642166
80,-0.17195004868935904,0.0001087381005899779
81,0.06686000928581048,2.496043991495611e-06
82,-0.23948646934237705,0.00040727939836493476
83,0.27315262142108443,0.0006873020567382815
84,0.1981515183333915,0.00019145303329104468
85,0.887850189598115,0.06839932089085066
86,-0.4943453745541644,0.007170053850300007
87,0.6140082611709019,0.016701031278131384
88,-0.6515348017152303,0.02101225197975698
89,-0.959610345929758,0.0914407789019509
90,0.3842416284704786,0.0026589277543779266
91,-0.9793889820520718,0.09863148387016551
92,-0.19006932703566926,0.0001621612867458433
93,-0.7256190848058437,0.03180240409486301
94,-0.09208847034030132,8.976715112907208e-06
95,-0.23240962099016982,0.0003614311094376488
96,-0.9698731999438699,0.09512493044944137
97,0.27795497239694833,0.0007366031708466725
98,-0.5495444781440995,0.01084763793540544
99,-0.913152121574248,0.0759948023917737
100,0.8476292776891641,0.05744606634878624
101,-0.8566802122049622,0.05979443781799343
102,-0.6067221298966223,0.01594519511600312
103,-0.6642798384451551,0.022644132973334452
104,-0.9244786507534026,0.07957840965375063
105,-0.5198054990591516,0.008728402730918572
106,-0.3191054654457648,0.001274405410555235
107,-0.7881699127467336,0.043608596832383495
108,0.1890475668053715,0.00015871258177502234
109,0.11947495785781159,2.5408847434182924e-05
110,-0.08084088537755463,5.332874334462723e-06
111,0.004464445985289611,4.9656834200106914e-11
112,0.300756316023866,0.0010075030291839537
113,-0.08383724836512418,6.16807253361884e-06
114,0.2384497447197571,0.00040030559339365723
115,-0.09674801626021057,1.0934553166364047e-05
116,0.3025232601061616,0.0010312069906444066
117,0.6834476964728011,0.02526808735313535
118,-0.04224001251868259,3.9781122140869485e-07
119,0.3668573007382172,0.002214173285129295
120,0.9284094231079116,0.0808491170427198
121,0.11629789003047608,2.2814918405278384e-05
122,0.7103820133831269,0.029316349999858105
123,0.0008663309489129745,7.049916206369744e-14
124,-0.6593027761946448,0.021996354354065994
125,-0.5023752071736229,0.007637406187465889
126,0.5348661669153405,0.00975952047930373
127,0.5387894584018278,0.010042149616282914
128,0.36287074748399806,0.0021205036323572735
129,0.6149852723071387,0.0168043253309913
130,0.4409476145478002,0.004576124846061624
131,0.1358837309597556,4.248585816946093e-05
132,0.4837004791566726,0.006583324715428218
133,-0.10669288490319451,1.6166956920304898e-05
134,-0.020433582289238084,2.179003044666672e-08
135,0.832618544879091,0.053695963279271064
136,-0.43691357863232794,0.00441351171598281
137,0.07692552029180266,4.372839751520807e-06
138,-0.07568775240662196,4.098244782424487e-06
139,-0.27560965620094513,0.0007122080619550442
140,-0.7440885052716466,0.03501430877377443
141,-0.7220729180069536,0.03121081068347764
142,0.13527095422655044,4.172580910200008e-05
143,-0.10746516031034892,1.6639690783359917e-05
144,0.1722453055481703,0.00010948503697627565
145,-0.2775573238422251,0.0007324237962021973
146,-0.5200067289201284,0.008741628471315321
147,0.639927894893064,0.01960171751711337
148,-0.15865581580351673,7.887037812870368e-05
149,0.6779141888653548,0.024489204110904605
150,0.4797480589993901,0.006374739639508076
151,0.2634421423392206,0.0005951713919321033
152,0.42477062566667234,0.003949714829773576
153,-0.6192765893681615,0.017263525843624228
154,0.23873249655952877,0.0004021986885757167
155,0.05984294354272035,1.6021479811723083e-06
156,-0.8017689014861777,0.04653772616145535
157,-0.6462482721787886,0.02036100115867956
158,0.9384365882059156,0.08415449936819297
159,-0.42862031416092505,0.004092650189439939
160,0.9195084000523792,0.07799168163078207
161,-0.14187394472134573,5.047366980892587e-05
162,-0.5154318801989453,0.008444557205183778
163,-0.17685934230098632,0.00012166367153043645
164,-0.566266985011737,0.012192501868661498
165,-0.7348618875771049,0.03338209647663393
166,-0.39851061860751624,0.0030707912669508675
167,-0.20026253763837132,0.00019971506085225688
168,-0.1947619928184834,0.00017872510492777938
169,-0.7833681097664063,0.04260641136330967
170,-0.6698140620546476,0.02338048734719489
171,-0.9999079880389083,0.10649446005994723
172,-0.4722178165480877,0.005990846266230476
173,-0.48234689422289767,0.0065113340388947005
174,0.9384583848790438,0.08416178511757744
175,-0.7047604421902465,0.028435466553937583
176,0.1390840260238797,4.662512010200626e-05
177,-0.13875828800973644,4.619055932253424e-05
178,0.015472104849825419,7.162923032488777e-09
179,0.040454762639499986,3.3471115801209095e-07
180,-0.11337193684475011,2.060641445400524e-05
181,-0.2831633388397392,0.0007930010044431279
182,0.7004156280892955,0.027767810021530948
183,-0.5258341455614084,0.00913104427204603
184,0.10187171125328542,1.3439204745502309e-05
185,-0.7071897265698959,0.028813758781010113
186,0.7538922675919526,0.03681036128401105
187,0.5525871641562081,0.011083841523941151
188,0.02743188559684473,7.077472496952453e-08
189,-0.25256596891983385,0.0005032738391094194
190,-0.3406137777325098,0.0016504474561604976
191,-0.9036370825852402,0.07307270695006962
192,0.5057763288074839,0.00784195086343642
193,-0.4627256431784037,0.005531510308110943
194,-0.103054244106209,1.4073598840202983e-05
195,-0.3312749211418975,0.001478281068563403
196,0.3402952551160767,0.001644341358390311
197,-0.9123577047752229,0.07574776570064745
198,0.4255215971372328,0.003977303550992239
199,-0.42598572921417266,0.003994425562804271
