,data,labels
0,0.9816371914482946,0.09947279639193429
1,-0.28975984199614646,0.0008689739061619184
2,-0.992991859104956,0.10379765844711297
3,0.892721424964241,0.06981831745042855
4,0.470064197250069,0.005884256375192409
5,0.4305202798072283,0.004164585026295908
6,-0.8812438228810218,0.0665073498016433
7,0.0032124163411391127,1.3311796109860552e-11
8,0.7028911039620196,0.028146811395034166
9,0.14230293464513144,5.10858850638618e-05
10,0.1494750843487993,6.216837571515477e-05
11,-0.6471124483099244,0.02046644648207474
12,-0.5308125565883473,0.009473666119466428
13,0.20934621058203207,0.00023834387535304202
14,-0.07389098374869141,3.7228942328937364e-06
15,-0.5238088748377587,0.008994294303624084
16,-0.6409804133503376,0.01972671177869534
17,0.3326221597367318,0.0015022539205390428
18,-0.5907300944629519,0.014373815603761608
19,0.1018163171559896,1.3410022790094622e-05
20,-0.394598118312657,0.002953469036340306
21,0.8522328908762404,0.05863224043649928
22,-0.5517246651447851,0.011016507755437499
23,0.5107924152097925,0.008150920588775423
24,0.8662755435108198,0.06235704640116624
25,-0.8446427725419872,0.05668567318585849
26,-0.054332588375937574,1.0887745095500279e-06
27,-0.09491960128853183,1.0131686260073103e-05
28,-0.49705973022153627,0.00732561363191242
29,0.17806885393938532,0.00012501719730972916
30,0.14410811108367017,5.3723195801658186e-05
31,0.7417419296960779,0.03459389591299222
32,-0.9850274756297364,0.10075083754783054
33,-0.88309382214774,0.06703341425952314
34,0.0554992369233811,1.185318709295835e-06
35,-0.19146245600645972,0.000166953366048328
36,0.6355009473935169,0.019082259532363643
37,0.3337715000100412,0.0015229326724007786
38,0.8769613816502455,0.06530072506891416
39,0.3099216283314321,0.001134992222212139
40,0.33123114079588145,0.0014775068392363089
41,0.06886953839885823,2.8098003260756954e-06
42,-0.8322150779632453,0.053597621558537534
43,0.12287499894784748,2.8423133826005476e-05
44,-0.2550316760914031,0.0005231080672486454
45,-0.6684257231093453,0.023194161368520372
46,0.7185656800924942,0.03063351943524717
47,0.6472720088245227,0.020485958932137005
48,0.7296590641674077,0.03248612960877406
49,0.25283575321187457,0.0005054161975331928
50,-0.24019222307380872,0.0004120784441057346
51,-0.03078267090637521,1.1221905982239377e-07
52,0.16882631307854457,0.00010106713143420709
53,0.7854708097360517,0.04304322633307078
54,0.8313476948406149,0.05338663530105636
55,-0.8189671310714388,0.05043878207499464
56,0.812582936262511,0.048964641617653126
57,-0.5567227794141325,0.011410888493078364
58,-0.09576535090893001,1.049735935976237e-05
59,-0.3296346117958464,0.0014494784481757783
60,-0.09797792789432247,1.1500810433773268e-05
61,0.866198779054427,0.06233624393727644
62,0.7820824680607892,0.04234089188598977
63,0.8810970186056677,0.06646572911585846
64,-0.3832979964498815,0.002633218280695959
65,-0.2533806266041263,0.0005097637778735953
66,-0.7563405795249278,0.037268967979033785
67,-0.4395548633973547,0.004519491486041138
68,0.44155980375651827,0.004601183206159654
69,-0.5201287275949587,0.008749653928384005
70,-0.40653722950829607,0.0033222365975514867
71,0.7502588433672113,0.036137218037036734
72,-0.6544879361936786,0.02138254121451888
73,0.6631292267232343,0.022493168834230803
74,0.5779741307075219,0.013203771621723925
75,0.13515532196614255,4.1583536170564095e-05
76,-0.4163085029817202,0.0036485187418570098
77,0.24416699844621137,0.0004398993453659239
78,0.06916960114431037,2.8590704622688534e-06
79,-0.0808697525723574,5.340491453842411e-06
80,0.329727309256006,0.0014510949346417945
81,0.40173602024529376,0.003170074352699337
82,0.012051141809134247,2.636405982414658e-09
83,0.8532575132027884,0.05889857611360261
84,0.9446001524556238,0.0862322537561776
85,-0.19260592704828805,0.00017096514407155539
86,-0.9040861973949994,0.07320883497235198
87,0.6691833274499903,0.02329570437052797
88,-0.06864468670388724,2.7732991351170355e-06
89,0.35674850235836764,0.0019824182459442508
90,-0.05107079480444687,8.499858791255477e-07
91,-0.08760001918339877,7.351425326374006e-06
92,-0.678840456630321,0.024618359698280967
93,-0.5828337071499472,0.013640995459929917
94,0.9142726827655951,0.07634421451591722
95,-0.7051615068563033,0.028497673454768613
96,0.08073053910365946,5.303832559255817e-06
97,0.7407462388578194,0.034416604282957786
98,0.12306043098859298,2.859488021778045e-05
99,-0.7450287046582407,0.03518377629410885
100,0.5328000005502807,0.009613040124221817
101,0.11942248253737664,2.536428987209849e-05
102,0.7599873519853304,0.03795961170183171
103,0.15797014258194353,7.751855327653434e-05
104,0.5657207887940026,0.012146747064824992
105,-0.09264514981085203,9.19559254741742e-06
106,-0.7298840532994284,0.032524513766969965
107,-0.06425565427322621,2.129396878158829e-06
108,-0.33791246303001676,0.0015991938132581263
109,-0.7032610902576986,0.028203775047997537
110,-0.5804426108073888,0.013424567132513276
111,-0.8423050405191301,0.05609544070258132
112,-0.012474130154345398,3.026494166391558e-09
113,0.5079303334665612,0.007973555493573925
114,0.6040361553880329,0.01567294196483615
115,-0.41921877710430144,0.0037501177303711497
116,0.5688493141867157,0.012410528667992082
117,-0.12349451298865621,2.8999964405307388e-05
118,0.25245450488458454,0.0005023906832841707
119,-0.010457336145595741,1.494811274760366e-09
120,-0.7059978471292359,0.02862770819436955
121,-0.9142649669052763,0.07634180473777186
122,0.01574168541818488,7.675328816958427e-09
123,-0.7687684050172363,0.0396600364886428
124,0.44202094115775004,0.004620125399328323
125,-0.23455972254252333,0.00037493029481039386
126,-0.9572250972427543,0.09059890495496625
127,-0.7814886307841153,0.042218647182407865
128,0.7767127863853318,0.04124463288255331
129,0.12286103863676212,2.8410235195175382e-05
130,-0.7376678279350222,0.0338725796523206
131,0.0531757029072808,9.989835159096572e-07
132,-0.20692091206094876,0.00022752751740784394
133,-0.8828656506713162,0.06696837430625013
134,0.11591893789322749,2.2519332504966627e-05
135,-0.2234253468096914,0.00030891146960809746
136,-0.03493294700969107,1.8610694874077183e-07
137,-0.3120961095250021,0.00116692152031872
138,0.17291590208327912,0.00011119575772267076
139,0.5815063092735655,0.013520535527815625
140,0.9338694120690112,0.0826375302810215
141,0.8609212304188127,0.06091774827928387
142,0.3657867585372261,0.00218872400330572
143,0.20576664312351722,0.000222510566656009
144,0.6669828036716543,0.023001649074676278
145,-0.8023660523125185,0.04666946404148731
146,0.8142455246275544,0.04934556008031077
147,-0.8184221744613698,0.050311737645262755
148,-0.8359015720601961,0.0545009207927597
149,-0.14686395394240037,5.79443456530937e-05
150,-0.3637976945779351,0.0021420161063988585
151,0.4909938211984255,0.006981341242826344
152,-0.7924719538814144,0.04452061779843275
153,-0.6849937227341083,0.025488855994077575
154,-0.7802753155924362,0.04196966104922972
155,-0.953145673040632,0.0891715499264728
156,-0.15330007728507478,6.876700661151425e-05
157,0.7233906315568632,0.03142970971900616
158,-0.9123941297287754,0.07575908034241274
159,0.5738837823288634,0.012843752225754734
160,0.2442674986218205,0.00044062046344184314
161,0.6876968983387353,0.025878197937923453
162,-0.9338921619221963,0.08264503903317655
163,0.9512584203276266,0.0885165249944675
164,0.3059112025739643,0.0010778150126705688
165,0.03893605582024251,2.872156565913997e-07
166,-0.9900476362737776,0.10266403470059837
167,-0.4347249750250608,0.004327094602176507
168,0.625182597285556,0.01791031874918181
169,0.555308279704759,0.01129824642535826
170,-0.49007568262842094,0.006930287880069219
171,0.08722342027180785,7.225900179430589e-06
172,0.8452748551553884,0.05684601150295965
173,-0.7644240557449364,0.03881212018608615
174,0.67599388684572,0.024223001867912597
175,-0.12491225530486139,3.035299551135129e-05
176,0.5247578349435054,0.009058181563252554
177,0.05530332809205052,1.1686749423756027e-06
178,0.8739686291011195,0.06446666538023837
179,-0.9862471210757495,0.10121336665029135
180,0.18380504293094857,0.00014187234741258603
181,0.3099841595500179,0.0011359012245207856
182,-0.21267144464091658,0.000253792688596044
183,0.9280330686566343,0.08072684469529601
184,0.349989273965454,0.001837840335317864
185,0.5479948473718121,0.010728765080371572
186,0.7161320831787465,0.030237481053197013
187,-0.9528035313957735,0.08905255118469857
188,-0.7208833253351923,0.031014136586380747
189,0.918996979895971,0.07782967578152933
190,-0.49968860249561997,0.007478623886676861
191,0.4273379297177309,0.004044619189833232
192,0.9406539434979779,0.0848979213501101
193,-0.5184839215159835,0.008641906876663108
194,0.610353472014515,0.016318717261405324
195,-0.1451330272519875,5.5265198325105125e-05
196,-0.5543115293047971,0.011219360885974083
197,-0.1676543727176938,9.829635426605865e-05
198,-0.07222568081400027,3.398592430592373e-06
199,0.3890935723912172,0.0027940674234011587
200,-0.23684651556148695,0.0003896970404346778
201,-0.2889767426853802,0.0008596825129251195
202,-0.9741971730558039,0.0967074360739133
203,0.2832838177138539,0.0007943424991113668
204,0.5319671034317237,0.009554449844326296
205,0.7436776626890877,0.034940439575484206
206,-0.1661172454697235,9.474881874882435e-05
207,0.9505235224772064,0.08826236340339
208,-0.5378701966750068,0.00997539671912695
209,-0.18421229432801178,0.00014313033666069064
210,0.835018228816482,0.054283503273047984
211,-0.2606134107103242,0.0005701574166787626
212,-0.30700708420270306,0.0010932212181271606
213,-0.3322687758548992,0.0014959380414488743
214,0.8104169756475146,0.048471527501896206
215,-0.5494238565935061,0.01083835060579319
216,0.7404493840948692,0.03436387275009878
217,-0.9652733517286867,0.09346121961027776
218,-0.16110077626694141,8.383473609485659e-05
219,-0.6845963428185358,0.025431978930666066
220,-0.38918182225838005,0.0027965715519061574
221,0.8299775084619041,0.05305454233530282
222,-0.8732071867155096,0.0642556568976943
223,-0.6209962512285365,0.0174500736810993
224,-0.0991274881883557,1.2049678578041068e-05
225,0.9429844640984704,0.08568419231798408
226,-0.36391763316086445,0.002144811406741831
227,-0.6680979570734691,0.02315032953531737
228,-0.8461377381373285,0.05706541241493224
229,-0.9830582191316914,0.10000711309438026
230,-0.7447924429693604,0.035141135904499965
231,0.4262247041803193,0.00400326264474149
232,-0.0884273205370727,7.632908795462967e-06
233,-0.361856888141858,0.0020971580646070853
234,-0.6353527769954581,0.0190650477057438
235,-0.09960984166010256,1.2285734386940916e-05
236,-0.7042970889580318,0.02836372005088006
237,-0.9891159007810759,0.10230707079581924
238,-0.8478046245766773,0.05749093373656622
239,-0.16272298796454399,8.72551702256752e-05
240,0.19136266816129077,0.00016660663953205201
241,0.7628191185055884,0.038502172130614576
242,0.007858274111245844,4.766660399724287e-10
243,-0.24941296325202256,0.0004787348859618401
244,-0.408739173924096,0.003393799377830131
245,0.23260787287263618,0.0003626603842529219
246,0.3014995226957047,0.0010174233394891763
247,-0.8861580550100576,0.06791116821350551
248,-0.805051175407616,0.04726510419613661
249,-0.08401550885493747,6.220668993028866e-06
250,-0.4556712059087962,0.005207347574855858
251,0.8075090597469377,0.04781504732803288
252,0.7296982895334934,0.03249281929439407
253,-0.1917148887935345,0.00016783288702781896
254,-0.6306397089560776,0.018523415921556263
255,0.9650684672997323,0.09338758735742758
256,0.2805013014104092,0.0007637883924093147
257,0.6271030731292739,0.01812437515126808
258,-0.42611390226800827,0.003999163494803004
259,-0.7456330293206055,0.03529301291682152
260,0.5005275691745867,0.007527945175713091
261,-0.6956946755077331,0.02705521907459829
262,-0.6145952685586842,0.016763036877900706
263,-0.47819008106175653,0.0062938701393888685
264,-0.3528341164512869,0.0018977014345190613
265,0.030226772624460052,1.0433043051705226e-07
266,-0.08889853795929858,7.796804432413929e-06
267,-0.30038133395225897,0.0010025251921516043
268,0.04860572763633031,6.974110450252979e-07
269,-0.9865939131686121,0.10134514841210296
270,0.9349279006877955,0.08298739512417674
271,0.24568142775059476,0.0004508596180607949
272,-0.13192115033077512,3.774930495215045e-05
273,-0.06079752695109075,1.7068138564724222e-06
274,-0.6494175956907624,0.020749649839086004
275,-0.5637912598072505,0.011986113758471029
276,-0.6511292351909075,0.02096176344758316
277,0.02333305936933172,3.704736728504798e-08
278,0.36703991464787755,0.0022185362534428155
279,0.9752804908209785,0.09710674534773678
280,-0.865130496982869,0.062047255688395975
281,0.6972216542171354,0.027284246905089904
282,-0.7928979731966519,0.04461166438626263
283,0.12155464288454843,2.722246133290973e-05
284,-0.03287686281372881,1.4601358266919107e-07
285,-0.48951660947649045,0.006899335193995104
286,0.45302213699590865,0.005089313231435577
287,0.6256919526215392,0.01796691182165222
288,-0.6361401988476814,0.019156645638431447
289,0.18187232488367888,0.00013601460724543823
290,0.4453021476957526,0.00475657376051708
291,-0.28977046775547377,0.000869100491699637
292,-0.67395536846099,0.0239427031055528
293,-0.7938300813712567,0.04481133107523039
294,0.1754861472004574,0.00011793838685991709
295,-0.5028744834939354,0.007667184663629256
296,-0.2955853379125186,0.0009404602409494034
297,-0.34673855911678597,0.0017711677060630038
298,0.9395502167022107,0.08452730202583003
299,0.8470209249972451,0.05729059383803625
300,-0.750640106418119,0.03620743581949526
301,0.07553836534786962,4.066000462543684e-06
302,-0.8599250200270339,0.060652560224156216
303,0.6785464397073575,0.02457730989769069
304,0.7997514080772434,0.046094598181801394
305,0.7240654968979254,0.031542244018196164
306,0.10831158054829082,1.716962676423517e-05
307,-0.9377204769417726,0.08391537606697719
308,-0.9197024534530587,0.07805321468412596
309,-0.05921159101525664,1.5356180184111778e-06
310,-0.11758097020093694,2.3837353630762337e-05
311,-0.4911237850797858,0.0069885901894753966
312,0.6076684461152939,0.016041928603848454
313,0.6269552085448469,0.01810782854168025
314,0.07481219036899556,3.911960618996346e-06
315,0.5628059544398085,0.011904688048394174
316,0.7422930131353893,0.03469230173895721
317,0.30284301913278266,0.0010355405863856637
318,0.02687798619076598,6.522958706511872e-08
319,-0.8046427625290518,0.04717416013017128
320,0.04334044809116788,4.409076654887656e-07
321,0.9354095271772331,0.08314692893543485
322,0.937767951189511,0.08393121398715397
323,0.8415347644791211,0.055901914736602776
324,0.1014037302289823,1.3194160684903977e-05
325,-0.6745742399588652,0.02402754991610989
326,0.03139137475922893,1.2136124738493237e-07
327,-0.5398447320256372,0.010119181517259324
328,0.45484078282443874,0.005170131693152058
329,-0.08560703391228852,6.705289231301315e-06
330,-0.04578986495398585,5.493330289541021e-07
331,-0.5347236694999189,0.009749366035557316
332,-0.3932598579946973,0.00291411166871558
333,0.16320918965034759,8.830036888118897e-05
334,-0.8461191277319886,0.057060674147894286
335,-0.6540696886471369,0.021329813076552795
336,0.7605372391309237,0.03806453908873331
337,-0.3807986987991874,0.0025660141308825324
338,0.13347611322739206,3.9558117921667524e-05
339,0.9366521437723072,0.0835595180460994
340,0.5465637533028012,0.010619833891610253
341,0.8728502046401783,0.06415689844548944
342,-0.3086493488972857,0.001116614639282365
343,-0.4063577475858473,0.0033164530913024626
344,-0.48948187717756064,0.006897415623632996
345,0.08488134544680603,6.480935291319767e-06
346,-0.46272122005553684,0.005531302518495762
347,0.3100192076678723,0.0011364109479600204
348,0.24575964297886022,0.000451431158101645
349,0.24970531134208573,0.00048097178531270046
350,-0.18988846988176178,0.0001615468047759805
351,-0.08186306242459707,5.6075999347315886e-06
352,-0.6545318446105273,0.02138808217666499
353,-0.6294603711218336,0.01838964966004486
354,-0.9260530804407838,0.08008569468231141
355,0.15582612713050037,7.340325589566543e-05
356,0.8156059847031794,0.049658816027472685
357,-0.7548008522453762,0.03698007992046792
358,-0.49254598788853343,0.007068277813030099
359,-0.2538884263015353,0.000513840603229343
360,0.6850497627058425,0.025496884375488915
361,-0.9735686314436471,0.09647627763355604
362,-0.008124918097092593,5.447299278316109e-10
363,0.4180225459202316,0.0037081070197609867
364,0.4197187724736924,0.0037677810008621693
365,0.6511790809255928,0.020967963952385427
366,0.8671954375249349,0.0626067092162581
367,0.23258770128360395,0.000362535166451905
368,0.5796362657061409,0.013352149132016877
369,-0.21303657301207424,0.0002555334993336045
370,0.025249351531959396,5.0800125328542833e-08
371,0.9368614095353975,0.08362914091159612
372,0.23263544173019746,0.00036283157379579656
373,-0.8814474355979622,0.06656510659848147
374,0.9692715962423386,0.09490618200710899
375,0.14330756433581415,5.2541349314760843e-05
376,-0.459953073632005,0.005402384166200425
377,-0.07440969304559553,3.82848888258458e-06
378,0.043690915959281096,4.553406800500426e-07
379,-0.20773835620905712,0.00023113127145013568
380,-0.09564418193913582,1.0444372496976051e-05
381,0.0358498323312777,2.0642652731606148e-07
382,-0.9995259746394425,0.10634425759521948
383,0.23773045630435496,0.0003955197566557489
384,0.19630116291637645,0.00018442372201854518
385,0.7763753173147876,0.041176418814725
386,0.8693010942202126,0.06318083737697866
387,-0.34970974743205363,0.0018320351531260215
388,-0.2711788366058876,0.0006677695533202632
389,-0.7582640520096582,0.03763211589402704
390,0.7665013858016487,0.039215936013255126
391,-0.48860870346995,0.006849286285294243
392,0.4912480989816326,0.006995529174084414
393,-0.4778526167679451,0.006276453418416983
394,-0.6828873578970449,0.025188413842922475
395,0.6456782106868417,0.02029165886195572
396,0.8499984081236149,0.05805436524513652
397,0.07409878069412024,3.764930170180314e-06
398,-0.29594100963661596,0.0009449620682808746
399,0.6844152234026863,0.025406085647278087
400,-0.7141083454351853,0.029910953153890474
401,0.08166692914076656,5.554082102454672e-06
402,0.4957106655568406,0.007247992101769296
403,-0.29762645856158776,0.0009665137457166573
404,-0.1473456680188292,5.87069402507856e-05
405,0.08123945502113217,5.438766787491112e-06
406,0.4610694443588723,0.005454106478013698
407,0.9263409468889618,0.08017868897693503
408,-0.30712344736717423,0.0010948666523820094
409,-0.7427396116950977,0.03477219674633503
410,0.16886485911718174,0.0001011592457791366
411,0.030811923305936295,1.1264619603768011e-07
412,-0.2769462881182869,0.0007260361464687115
413,-0.4115057785265508,0.0034853219318421447
414,0.7979730173301212,0.04570647954536666
415,0.9184840670703647,0.07766743301713042
416,-0.1906265616962397,0.00016406554423908926
417,0.20612788139801608,0.00022407168283811174
418,0.005129046521630487,8.65076899003725e-11
419,-0.6259465151426302,0.017995244137298805
420,0.8263937885336683,0.05219286447197613
421,-0.5061851470321226,0.007866805195838489
422,0.10366453810690235,1.4409648376179085e-05
423,-0.20150055308622306,0.00020468265686812703
424,0.5366185980835225,0.009885033791788067
425,0.43917314625312964,0.004504060467112381
426,0.662973283935931,0.02247276472406068
427,-0.04888123714072656,7.133552099025664e-07
428,-0.08528099246957499,6.603782023995031e-06
429,-0.5179441826471753,0.008606762927241052
430,0.6762317522277412,0.024255862173554577
431,0.37755317186841975,0.00248065141386844
432,-0.11259615788723609,2.0048741969369566e-05
433,0.298571137141568,0.0009787521089250628
434,-0.5500141653283201,0.010883857234108785
435,-0.8479775886164231,0.057535215615081015
436,0.9645466236230156,0.09320022634212677
437,-0.38082056896634664,0.0025665966311239075
438,0.46689211745963655,0.00572981077114354
439,0.4816385548352764,0.006473892500479472
440,-0.931270786258763,0.08178295578771733
441,-0.6566314269106497,0.021654250188460455
442,0.8137062304744436,0.04922177216081125
443,0.8227988580841992,0.0513384866089619
444,-0.7160415454960813,0.03022281845699948
445,0.2915059091969383,0.0008899599338604292
446,-0.3515206955127088,0.001869887454765018
447,-0.1789301629281561,0.00012744709366918627
448,-0.6791006965304236,0.024654734883523433
449,0.27076959067822615,0.0006637720332345332
450,-0.2664936558763682,0.0006230633159295396
451,0.43908413224478826,0.004500467649435458
452,0.8844040313042076,0.067407745565368
453,-0.10323980521706022,1.417514717261259e-05
454,-0.049080865487530545,7.250776457023989e-07
455,0.1300075300052772,3.560914112532565e-05
456,-0.08614249293644383,6.874526763178679e-06
457,0.050120516125194525,7.884793810086776e-07
458,0.8232240710986749,0.0514390235580825
459,-0.5929820723763284,0.014587959681562568
460,-0.05488028360026376,1.1333327104567914e-06
461,-0.718916011511928,0.030690836614784778
462,0.9318317824153597,0.08196691975931014
463,-0.0023808663513831263,4.016453836186429e-12
464,0.3460223597029688,0.001756723187571474
465,0.24161129215096566,0.00042185557432794507
466,-0.15069979329040284,6.422710673226195e-05
467,0.29802959113146965,0.0009717223301779487
468,0.763839399136129,0.03869900496933287
469,-0.5112694566385187,0.00818076217889363
470,-0.9014450880465463,0.07241084638689188
471,-0.44343240668577844,0.004678461975562986
472,0.27085521924889444,0.0006646069746116812
473,-0.18789429419973103,0.0001548862015881003
474,-0.15474131299646765,7.138445757381984e-05
475,0.6166594697435304,0.016982406902488867
476,0.476147790352325,0.006189007895277432
477,0.47487598070225157,0.006124359396416534
478,-0.6012320095677868,0.015392334252761652
479,-0.32538613105022796,0.0013768173277121099
480,-0.37586885404232495,0.002437189956451591
481,-0.3257623410594752,0.0013831398847375942
482,-0.2540578154286408,0.0005152059231172679
483,-0.2147789250140575,0.00026396362383140914
484,0.04979034630191892,7.679115104908263e-07
485,0.5782444421055128,0.013227819844065958
486,0.010698294996469793,1.6374196443180722e-09
487,-0.8246525802319757,0.051777799403655456
488,-0.18386411399021974,0.00014205430169844657
489,-0.6021583284218937,0.015484622288310934
490,0.9246840974257333,0.0796444776618549
491,0.3467288751605113,0.0017709718111077466
492,-0.8447504111614228,0.05671295494763373
493,-0.8613894594402056,0.06104267087410664
494,-0.39332295664024386,0.0029159585870114357
495,-0.8822984238029146,0.06680687895532278
496,-0.6082551448881715,0.016102115407974793
497,0.04845582730767606,6.888491542733632e-07
498,0.5308367275209491,0.009475352216068988
499,0.45318668067639223,0.005096586777545431
500,0.23827978335988953,0.00039917086448404415
501,-0.7902081651959332,0.04403902756561884
502,-0.8651806123046046,0.06206079161357436
503,-0.5045008951327328,0.007764780509015967
504,0.0809219974349511,5.354297917259387e-06
505,-0.7981970548377539,0.045755245547939194
506,-0.5085383261853986,0.00801099391268656
507,-0.922623059292333,0.07898341391972652
508,0.6081683229033095,0.016093198397749364
509,0.9273657244348399,0.08051035059801837
510,-0.44281209630334417,0.004652757715628564
511,0.3177614765503982,0.0012532480834441806
512,0.40737312852413354,0.00334927038496724
513,0.47058220462652,0.005909765743257744
514,-0.33034340735361134,0.0014618727095381256
515,0.7337266618840079,0.03318511035238014
516,0.0013460874262489764,4.1044945220392037e-13
517,-0.12816659784112816,3.3637309313605535e-05
518,-0.565237202179834,0.012106341792202824
519,-0.1422081626922964,5.095015932521374e-05
520,-0.7394784757734443,0.03419181020404238
521,-0.3123347883247749,0.0011704664405692844
522,0.757502298496693,0.037487997444637045
523,-0.5375283524887873,0.009950656484121079
524,0.571951337832483,0.012676179196102089
525,-0.40508191144417705,0.0032755557567107907
526,0.24149407338408957,0.0004210414642074056
527,-0.06964479873988405,2.938419187414887e-06
528,-0.3103956787473956,0.0011418969051455452
529,-0.46364497469135313,0.005574823641482096
530,0.8750997240059619,0.0647810087428845
531,0.223526813691435,0.0003094706815321979
532,-0.4904509603198304,0.006951122030181334
533,0.7015751853986314,0.027944880965576235
534,0.6649120291261823,0.022727389400592157
535,0.013468926460954656,4.113663853999583e-09
536,0.2609086929939406,0.0005727312120198391
537,-0.47142630529270724,0.005951507925546107
538,-0.9646743271517069,0.093246052519113
539,-0.9063898239927182,0.07390985940449102
540,0.4302357114601427,0.004153751959076524
541,-0.9552985082145737,0.08992284945525286
542,-0.00851703290874517,6.577457467571435e-10
543,-0.5125127871474102,0.008258916084466272
544,0.5353583816458425,0.009794655544594355
545,-0.6811789324181701,0.024946613816473784
546,-0.6968646071926698,0.02723056977898508
547,0.772773047091518,0.04045327652385855
548,-0.22716153114882376,0.0003300061856928993
549,-0.10702850498031258,1.6371146581484197e-05
550,0.21516781026672405,0.0002658732039889644
551,-0.42019451937509267,0.003784644657211289
552,0.16587915129516162,9.420801366843978e-05
553,-0.8956972000660777,0.07069523839154945
554,-0.5071142223771097,0.007923503809900923
555,-0.9189443461034041,0.07781301597128998
556,-0.32624656915390315,0.001391309523043116
557,0.8572997619401204,0.059957619327501877
558,-0.06540022300174297,2.2851640946175422e-06
559,-0.5316650549977526,0.009533266958186237
560,0.5530272795776658,0.011118316226384262
561,0.531671665973338,0.009533730222427872
562,0.9190717793897318,0.0778533558281812
563,0.669066440828312,0.02328001695573667
564,-0.9563380903738381,0.09028721105028059
565,0.2620679859023576,0.0005829199294762333
566,0.8522342208286513,0.05863258558704254
567,-0.16706086472783177,9.691502587660938e-05
568,-0.833628583810464,0.05394271112426541
569,-0.4984863960904571,0.007408362634092391
570,-0.9093647667448723,0.07482209916380267
571,-0.10578310633952293,1.5623045249379963e-05
572,-0.19099347082055118,0.0001653284920750675
573,-0.7412206382934188,0.03450099401142981
574,-0.29342978540917586,0.0009135175842082122
575,0.5094136473577646,0.008065119976020219
576,-0.6561957343060414,0.0215988207601564
577,-0.32247931081086056,0.0013286871158453284
578,0.09563040624577934,1.0438361138565e-05
579,-0.3499964970737779,0.001837990524942712
580,0.0199400255361053,1.97598695184098e-08
581,-0.3377077380474378,0.001595358262480695
582,0.5478023973442614,0.010714068943545874
583,0.5520957620696549,0.011045441877166051
584,0.8391737897377194,0.055311674600927896
585,-0.25577003607940285,0.0005291592896194963
586,-0.05689957945499069,1.3095193742707067e-06
587,-0.3437966971341364,0.0017123932684020016
588,-0.2325691018833318,0.00036241973682660245
589,-0.20679799789921183,0.0002269892966773046
590,0.5498023693875715,0.01086751394581309
591,0.6892327081955092,0.026101301660680254
592,-0.7921073420908324,0.044442799873618655
593,0.19028562228567814,0.00016289846656358797
594,-0.3168711908523494,0.0012393776154850933
595,0.6508141052153575,0.020922593906588127
596,0.7016138021612495,0.027950791901225513
597,-0.9338934589740127,0.08264546714873389
598,0.40094100972683067,0.003145385272408485
599,-0.2820640860843868,0.0007808389805299409
600,0.3528673582120645,0.0018984093467649954
601,-0.8965876958126193,0.07095914749296028
602,-0.668290077632796,0.023176014368705866
603,-0.11008101822157035,1.8318212385737276e-05
604,-0.0021186861710285054,2.51865195366463e-12
605,0.14223380483202352,5.098685552218374e-05
606,0.7018300143972298,0.027983903383127173
607,0.4881630825281147,0.006824819028121154
608,0.18410875975494,0.00014280973335145664
609,0.46093390394976663,0.005447807410299932
610,-0.8209882204987551,0.05091193805403438
611,-0.5148015083110662,0.008404211915550186
612,0.6638612600174463,0.022589129627544224
613,0.16995767269671336,0.00010379700431550898
614,-0.3763739335266454,0.0024501630914965933
615,-0.960354518387941,0.09170454016014584
616,0.9789700696566612,0.09847526574179455
617,0.7773878147799838,0.04138132077794143
618,-0.6397407995524194,0.019579558788856644
619,0.3323474958494197,0.0014973432588193392
620,-0.7038030563457558,0.028287366576495443
621,0.4587547711702431,0.00534726900171989
622,0.007679785283905227,4.348125193232022e-10
623,-0.9209363997109923,0.07844528336435119
624,-0.07907976493153979,4.883362437757555e-06
625,-0.2639871748555076,0.0006000834869189786
626,-0.7561374310689761,0.03723076067520126
627,-0.4577023917365872,0.005299208174236569
628,0.46620454549564383,0.005696731214643869
629,0.6730396649189581,0.023817557796866784
630,0.6491726097033774,0.020719417727853684
631,-0.7277827915099528,0.032167292492932265
632,0.9351934083692239,0.08307531544112523
633,-0.7074337944450333,0.028851964350733006
634,0.9743213137943993,0.09675313648124817
635,0.7524828618324704,0.0365481944504642
636,-0.3996246349547592,0.0031048184246462718
637,-0.6848903100347334,0.025474045698862913
638,-0.28656306858798675,0.0008315095898927538
639,0.11801767042923372,2.419304840683978e-05
640,0.6783370604953685,0.024548107085871518
641,0.8777035910570745,0.06550874052485134
642,-0.8164715560627225,0.04985885211002561
643,-0.13471592474422778,4.104621625045102e-05
644,0.7478446226915905,0.0356948455472712
645,-0.9387983872565702,0.0842754910004252
646,0.39697717350607764,0.0030244052457302217
647,0.13221826783358903,3.809003939736488e-05
648,-0.85920072797029,0.06046026696305695
649,0.1837932430038609,0.00014183602145356744
650,0.37818556483316357,0.0024971167989301657
651,0.33253276899780504,0.001500654409466451
652,-0.16250238259721095,8.678399580663854e-05
653,-0.9361507998368339,0.08339288458307981
654,0.3985274912679264,0.003071304567302202
655,-0.170510623535034,0.00010515111781861375
656,-0.431909585552251,0.004217773528697233
657,-0.42689384579459433,0.00402808373982777
658,0.1070631449205588,1.6392330818293388e-05
659,0.8896348125466802,0.06891681451973497
660,-0.3966309300103943,0.003014003724620462
661,-0.47395531292154724,0.006077871191870865
662,-0.3258786987961546,0.0013850997467413917
663,-0.25467316592794553,0.000520188589110071
664,0.03699071431555523,2.3398167658950086e-07
665,-0.09810583674960016,1.1560936460819349e-05
666,0.6715111128735503,0.02360970988546185
667,-0.30064953342955336,0.0010060836352052682
668,0.9178001271049014,0.07745145883244431
669,-0.7656060815997165,0.03904153054781534
670,-0.1604797537393956,8.25522454028782e-05
671,-0.8174737632294267,0.0500911775595374
672,-0.40142669175741563,0.0031604511673841706
673,0.7918998217156428,0.04439855267284942
674,0.19962805910817694,0.00019720439883152974
675,0.43016160174056517,0.004150934137768125
676,0.6489804398020098,0.02069572562271027
677,-0.6302522723221484,0.018479393400494093
678,0.23421929566874322,0.00037276828649668303
679,0.5609904976302706,0.011755717365176999
680,0.052398376253953716,9.418519030246486e-07
681,0.8605168542917669,0.06081000642607637
682,0.47614961857794325,0.006189101187314083
683,0.39890957790356474,0.0030829454226861674
684,-0.5929476111717922,0.014584665320872658
685,-0.1745299339477575,0.00011539518504577462
686,0.37279951736003314,0.002359444583453829
687,0.5587336419743958,0.01157243071236913
688,-0.5860418920572197,0.013935362640755455
689,0.25425875555655475,0.0005168290593352554
690,0.555174418230064,0.011287628774962144
691,0.17411648953990366,0.00011430836369374919
692,-0.8809825896297796,0.0664332998755588
693,-0.34048744361045147,0.0016480236118231462
694,0.16889549640857493,0.00010123250520521765
695,0.04742499238494857,6.320862020459117e-07
696,0.8526028491417434,0.058728307585419026
697,-0.001320956945125129,3.8058445284150366e-13
698,-0.17077021159109362,0.00010579135817490037
699,-0.2921951068704618,0.0008983464313212508
700,-0.3681640742171146,0.0022455349873806707
701,0.4228820026348481,0.003880956709949479
702,0.453060903643681,0.005091026196323067
703,0.6888584152271842,0.02604680174647578
704,-0.06312278249485681,1.983198533728192e-06
705,0.31894077424277056,0.0012717986352138722
706,0.8000532235915174,0.046160698385270815
707,0.8049580235902924,0.047244350505770694
708,-0.6842158244525376,0.02537760105751352
709,-0.7540674320930916,0.03684303765474528
710,-0.8522059384414076,0.05862524602298236
711,-0.3107721971268551,0.0011474032338861795
712,0.2959856699653667,0.0009455284770401029
713,0.1563327354017734,7.436053411014054e-05
714,0.6249878045348076,0.017888710092526683
715,-0.8448173293473125,0.056729920500065534
716,-0.5053848961489775,0.00781820755695617
717,-0.4960402023313557,0.007266896714032911
718,0.3603455290623232,0.0020627115085342096
719,-0.28369279961403593,0.0007989089984410391
720,-0.8135806218481358,0.04919297197713923
721,-0.6471685277016781,0.020473302824812856
722,-0.029871778003848215,9.951526847018499e-08
723,0.2097990044663096,0.00024040504956956976
724,-0.921702542606367,0.07868940412815761
725,-0.16526479798832927,9.282324536397102e-05
726,0.9196262850480506,0.0780290581496702
727,-0.6060139863194913,0.015873085826696998
728,0.6862818616302111,0.025673857877591466
729,0.6211926081567987,0.017471467039242627
730,-0.6692420017085543,0.023303581950344543
731,-0.1615290316974285,8.472778414214677e-05
732,0.8673603977192368,0.06265155426935343
733,-0.6342396672454214,0.018936105795694824
734,0.40311661257230114,0.003213289024180388
735,-0.40290716578567287,0.0032067051387141277
736,-0.4225939646036643,0.003870548518895567
737,0.7256407451628131,0.031806042126118594
738,-0.5251605017160008,0.009085390714412389
739,0.29516936341184175,0.000935215426608127
740,-0.8805631083288872,0.06631451358483809
741,0.3879369853496275,0.0027614020194884903
742,-0.8591468581534281,0.06044598216654551
743,0.3814508562338945,0.0025834261351159737
744,-0.5245836777983934,0.00904643186896159
745,-0.766870751481264,0.03928805022313597
746,0.35875931690554563,0.0020270122394081547
747,0.023891838359263895,4.0725550931597354e-08
748,-0.8309614034255857,0.05329286126001509
749,-0.924467664829014,0.07957487785145767
750,0.8669168932830631,0.06253103715832908
751,0.21426874786197825,0.0002614740142672378
752,-0.7091465872859155,0.029121104376081397
753,0.048082373983431737,6.678613259092359e-07
754,0.8224416012205169,0.051254124739164464
755,0.575795402513243,0.01301110362270097
756,0.7147879401173256,0.03002032116710729
757,0.7658925156281051,0.039097267635003874
758,-0.08929336388375209,7.936149020948413e-06
759,-0.8495596324461132,0.05794136395131144
760,0.9188684314161377,0.07778899160226893
761,0.9069767803499569,0.07408922538149743
762,0.9464621999673579,0.08686689817773896
763,-0.11072351685825854,1.874919241984241e-05
764,-0.20344748518852795,0.00021268090863479916
765,-0.5910312635257107,0.01440232077662884
766,-0.06197978099266055,1.8434533427535982e-06
767,0.45220460204155444,0.0050532880353785226
768,-0.5656950285116671,0.012144592228560791
769,0.5829857408021744,0.013654842095437436
770,-0.988675933521133,0.1021388095728607
771,-0.7098335185081011,0.029229550639858215
772,0.8237596301745149,0.051565848821792715
773,-0.27954290360277745,0.0007534700896721924
774,-0.09714628152196036,1.1115574317210886e-05
775,-0.87162706087958,0.06381932667681178
776,0.3933059341650529,0.002915460248180013
777,-0.24341473843458372,0.00043452959249123957
778,-0.8996783925869243,0.071880463559433
779,-0.7885260806760863,0.04368359436999236
780,0.2255449201258375,0.0003207508963867234
781,0.6536389343822644,0.021275606601104613
782,0.07649070657712076,4.2748542286030755e-06
783,-0.9951447144958863,0.10463201745841522
784,-0.02839304905498663,8.122688410772128e-08
785,0.14788853357996934,5.957532062805804e-05
786,-0.13563161415664626,4.217190430977347e-05
787,0.26822831469954767,0.0006393466983366514
788,0.9093909460567713,0.07483016155430311
789,-0.69896409578392,0.02754729225721464
790,-0.3335189857316532,0.0015183714573412388
791,-0.9796043804688073,0.09871187545239402
792,-0.014743808520308654,5.906538147470997e-09
793,0.25011771067827904,0.00048414050356826444
794,0.4172909670452316,0.003682586567494872
795,-0.9424952582684085,0.0855187262057312
796,-0.7482222067253781,0.03576377571757883
797,0.9911339860829262,0.10308131695458977
798,-0.7446961223956092,0.03512376262987427
799,0.4831001457370363,0.006551324020229732
800,-0.529818728130278,0.009404529498593162
801,0.02985488013224269,9.929030109212533e-08
802,-0.5922658612903076,0.014519603899421085
803,-0.16755072084353584,9.805406023510876e-05
804,-0.4608269319009606,0.005442839806188315
805,-0.6678105707878239,0.023111946892204194
806,0.7223543221263689,0.031257465487842806
807,0.39993138738350775,0.0031142368397554243
808,-0.6651889155367623,0.02276392353619805
809,-0.19472923426983124,0.0001786052691572504
810,0.5294095027001775,0.009376169039766125
811,0.30578046874048237,0.0010759879680275475
812,0.30584473709035787,0.0010768858492951061
813,0.1417280742457787,5.026675376484935e-05
814,0.12523689909526015,3.066935989126662e-05
815,-0.4919998625763935,0.007037599252380122
816,-0.8458732923592633,0.05699810974412667
817,-0.10170374193863418,1.3350863793615275e-05
818,-0.778252684230313,0.04155692117787391
819,-0.17653058692639223,0.00012076390387838476
820,-0.36650185217763354,0.0022056992423351574
821,-0.9656039532594687,0.09358011734895233
822,0.23077393956175296,0.00035140729326998965
823,0.5414927209932483,0.01024034364133386
824,0.6826466001981888,0.025154236637650595
825,-0.23834031307483516,0.0003995747090244084
826,-0.571833264893306,0.012665992419883199
827,0.5378300470681199,0.009972488647126854
828,0.8612539503882841,0.061006498798221176
829,-0.1974325272717341,0.00018869829367462732
830,-0.29273372695047817,0.00090494148301834
831,-0.4886212994095702,0.006849978813431745
832,0.4888029610312534,0.006859972343377763
833,-0.8704372208887967,0.06349214596684383
834,0.782401894281703,0.04240675167115271
835,0.9649000183256546,0.09332707952549946
836,-0.5420218761457414,0.010279471907281734
837,-0.5892732164727348,0.014236504148849916
838,0.35356448869304313,0.0019133005536939862
839,0.25668279999562493,0.00053671182789361
840,0.7617907877538603,0.03830451035585325
841,0.44945078127542937,0.004933321320876538
842,-0.9791604459715537,0.09854623845951249
843,0.5665563902999269,0.012216796248225026
844,0.2574563434401973,0.0005431750990499973
845,0.5633458533963567,0.01194925514211953
846,-0.6593274915276288,0.02199953762454654
847,-0.8203735353097388,0.050767703350732996
848,0.9321455817980184,0.08206994756555352
849,-0.23562510775301226,0.00038175694741449107
850,-0.9254382350823249,0.07988732267514476
851,-0.49889034954617517,0.00743191679783517
852,0.6128014692458872,0.016574081438141763
853,-0.1806379305005945,0.00013236927049853353
854,-0.934405901244638,0.0828147288254164
855,-0.4558264996971695,0.00521432900671015
856,0.02933712519615539,9.258016164803706e-08
857,0.17696285260559685,0.00012194800317810728
858,-0.5121717327506738,0.008237423634901653
859,0.22338275732748136,0.00030867697226089064
860,0.27014278811752535,0.0006576840349992175
861,-0.09063147353543233,8.422321721157644e-06
862,0.6564223749123042,0.02162764147747198
863,0.37729770096760373,0.0024740226816630795
864,-0.8158780019760061,0.049721618627255326
865,-0.8096628622970263,0.048300671666054784
866,0.3808047806376844,0.0025661761075748135
867,0.3448991350905919,0.0017342460643968716
868,-0.5114850839923697,0.008194277137869577
869,-0.3736833355406799,0.002381640112917194
870,0.824267687278458,0.05168636577940078
871,0.17318855810916545,0.00011189700237990152
872,0.3896677619015043,0.0028103900850756647
873,-0.24244705560159208,0.00042769423545507834
874,-0.8911133202269792,0.06934761607297701
875,0.4606158094612174,0.0054330454247691895
876,-0.7908552023163355,0.0441762959217622
877,0.20258928337719806,0.0002091270504720466
878,-0.7682846724948142,0.039564975622621845
879,-0.04761484147670969,6.422665383976067e-07
880,-0.9807036262474296,0.09912284371436675
881,0.40466130366695197,0.003262155181890214
882,0.7165716082839504,0.03030873482818275
883,0.9745646621922164,0.09684276456835095
884,-0.30460778463016314,0.0010597022315861349
885,0.8863394438318288,0.06796337860830304
886,-0.8274892226916966,0.052455194541033756
887,0.05963251078755616,1.5797379026016856e-06
888,0.6963538191314278,0.02715391199013606
889,-0.6548387057496359,0.021426835089684126
890,0.671676417221412,0.023632124090269713
891,0.6677285034901055,0.02310099461612536
892,0.2616542261537034,0.000579268123110821
893,0.5643146905793917,0.012029535128225688
894,-0.1955941665252443,0.00018178953387104624
895,0.7619769571106003,0.03834024128950808
896,0.720682918555511,0.03098109129887705
897,0.2471613763227971,0.0004617659670369534
898,0.859301438504644,0.06048697900728728
899,-0.8177200276854342,0.050148382220853494
