,data,labels
0,0.48318178697332836,0.0065556691606849515
1,-0.2544000805486344,0.0005179729244361164
2,0.14853648012736698,6.0624338636738884e-05
3,0.2402218275514194,0.0004122806691549963
4,0.8536627582032879,0.05900414855279912
5,0.7352948818418479,0.033457450503682984
6,-0.0068448055581051825,2.743790750159292e-10
7,-0.6623434952172129,0.022390496979496688
8,-0.661372541201942,0.022264090371585832
9,0.23743695955111632,0.0003935792760830781
10,0.43476087393098917,0.004328501912283955
11,-0.9431684854691882,0.0857464921645722
12,0.8083748068063601,0.048009831608351705
13,0.7320184316123652,0.032890267000922346
14,0.32064954717604177,0.0012990392274928597
15,0.8651555289634181,0.0620540164552108
16,0.8832609815135233,0.06708109091334324
17,0.6907276826150315,0.02631980089771968
18,-0.09248950169620773,9.133995864885058e-06
19,0.822826785258211,0.05134508541129712
20,-0.5966158377847335,0.014938384637805169
21,0.48455594418250714,0.0066291235809182725
22,0.8019974624801245,0.046588117940081664
23,-0.5156930510402635,0.008461314302599665
24,-0.7961514143292501,0.04531134275940585
25,0.42589106940201416,0.003990929114478403
26,-0.6521774660227588,0.021092436645472334
27,0.8418945221266243,0.05599224233715072
28,0.31706763278605776,0.0012424282741730908
29,0.5501355644926662,0.010893233129604218
30,0.8919304026701207,0.06958650196680782
31,0.11288760738783288,2.0256908339177926e-05
32,0.23469134110707168,0.00037576869201627616
33,-0.34669108873367227,0.0017702075903346381
34,0.32092997966930814,0.0013035508727041734
35,0.32050291478663606,0.001296684809024784
36,-0.5913198021079706,0.014429669084421004
37,0.2965889261561019,0.0009532041227530152
38,-0.13486051708714708,4.1222454507217066e-05
39,0.6060020622819284,0.01587187365195386
40,-0.018118110578229984,1.3469078297134729e-08
41,-0.12116189439436909,2.6872761278995405e-05
42,0.7987235628005256,0.04586999543989034
43,0.8702629630745942,0.06344432795751187
44,-0.31857319585511545,0.001265994811538107
45,0.3214679478988085,0.001312238397739196
46,0.7511530384871585,0.036302057093056894
47,0.9814647320742476,0.09940808480620067
48,0.6087371143168281,0.016151681167406617
49,-0.36098521650614246,0.002077239475114845
50,0.07220500155191423,3.3947035252834823e-06
51,-0.705408147936315,0.02853597712781597
52,-0.008888548668985141,7.802390955546912e-10
53,0.8158732892487395,0.04972053008693034
54,-0.283050159612966,0.0007917423272604251
55,0.9812712286475265,0.09933551150656716
56,0.2802197511013138,0.0007607463129052361
57,-0.4760578206004207,0.006184418131160108
58,0.5388539156050225,0.010046842457621774
59,-0.7640523278611859,0.038740173633642905
60,0.5999542996933691,0.015265694976167477
61,0.6261316693645615,0.018015871796726923
62,0.41102777153963665,0.003469380016764445
63,0.3443773968292818,0.0017238783901746269
64,-0.8571299514989326,0.0599128622565408
65,-0.2128574717668199,0.00025467849311044954
66,0.08152718713715457,5.5161856898910955e-06
67,0.9208873574688063,0.0784296747456853
68,-0.06416608811153357,2.1175530448003244e-06
69,0.7842584505350172,0.04279098375474921
70,0.8747824930695398,0.06469273848242829
71,-0.429456450370197,0.004124193229269046
72,-0.12387922282309716,2.93625538537734e-05
73,-0.16418000830588309,9.041536145104612e-05
74,0.6785575287410304,0.024578857220265427
75,0.4383881839348087,0.004472450377153936
76,0.5862722693216291,0.013956677469456391
77,0.7932334518739503,0.0446834542013308
78,-0.6442356329710119,0.020116947579109867
79,-0.35333584637111004,0.0019084070708943468
80,-0.06386256270280821,2.077783174847525e-06
81,0.6990044952732148,0.027553412669810706
82,0.8810326042240308,0.06644747267520745
83,0.5718657887367236,0.012668797827450451
84,0.12107902912558699,2.6799410736133567e-05
85,0.23533728950432997,0.00037990362681705747
86,-0.7046915345914453,0.028424788518264132
87,0.16044517484076448,8.248126982091097e-05
88,0.44940721147591645,0.004931440302713752
89,0.3722954561260614,0.002346854853037872
90,-0.11739311340364433,2.3685554495167516e-05
91,-0.22393728178165917,0.00031174060347671784
92,0.37748365144667617,0.00247884625772421
93,-0.6705068221167911,0.023473864228577446
94,0.2727339213381488,0.0006831234927248131
95,0.3363850128701138,0.0015707412945635824
96,-0.9568676155236353,0.09047319641673734
97,0.4646840141476878,0.005624077039727338
98,0.3784932732347801,0.0025051577160206673
99,0.23499334259734805,0.00037769770120354984
100,0.709050089579663,0.029105893419347995
101,-0.8606168333748123,0.06083663232964143
102,0.13515089271259662,4.1578093689653706e-05
103,-0.5044298264549931,0.007760496949119622
104,0.0521108043873757,9.213498857185698e-07
105,0.4925666433374123,0.0070694400570784355
106,-0.8880249464424457,0.06844987506266209
107,0.07888123841969774,4.834534119479983e-06
108,0.36745751017086503,0.00222853730351924
109,-0.9830796982494383,0.10001520456018231
110,0.9968955972301985,0.10531398500765554
111,-0.8033342488468569,0.046883620859434094
112,-0.2754666359657414,0.0007107401644081968
113,0.7666210928149784,0.039239297017335084
114,-0.9372744786880525,0.08376668771710416
115,0.7492181771471944,0.03594605257144701
116,0.3963790546141539,0.003006453775088902
117,-0.7393373938618357,0.03416685936040953
118,0.15611451048607772,7.394704171204136e-05
119,-0.820007852403273,0.05068203396366844
120,-0.5103554293941277,0.00812365486099309
121,0.2156044145994782,0.0002680293811946344
122,-0.4239917315385626,0.003921249921371883
123,0.15441282846976212,7.078144142735887e-05
124,-0.7786602856787097,0.04163986304146472
125,-0.8222135368508312,0.05120032145673359
126,0.5631599816604764,0.011933898242163066
127,0.8681405196522265,0.06286393942827262
128,-0.24069111900363827,0.00041549625374392996
129,-0.599584440192515,0.015229178535197785
130,-0.282765564829794,0.0007885838977936821
131,0.6719084878329955,0.02366361728466848
132,-0.8612804515775128,0.06101357169963595
133,-0.7788285487435622,0.04167413685577148
134,-0.0690336161070777,2.836662225669251e-06
135,-0.2235200533375976,0.000309433399869552
136,-0.2647639573609484,0.0006071363863555668
137,-0.788641942943312,0.04370801100894928
138,-0.3578460931117253,0.0020066683528957574
139,0.2594794911856064,0.0005603538184915102
140,0.8853775495757539,0.06768683080783355
141,0.15132595711302077,6.529918894593312e-05
142,-0.012680583994012062,3.2318812070997183e-09
143,0.4044076238674954,0.0032540925694363176
144,-0.09477235879245227,1.0069012769231556e-05
145,0.5645671411117108,0.012050518245550812
146,-0.2542462004765207,0.0005167275314571507
147,0.519551498850072,0.008711729635547338
148,-0.2882725816137468,0.0008513910779356371
149,0.9663702586899823,0.09385611443941477
150,-0.5943254683187766,0.014716805959666512
151,-0.5217542819157066,0.00885710423916497
152,0.8739355408919158,0.06445748597816603
153,-0.1372898793035966,4.426911869526151e-05
154,-0.8316912710391995,0.0534701379936291
155,0.8897384317976211,0.0689469453940279
156,-0.8113880558011264,0.048692171170950704
157,-0.6230156684204677,0.01767100197679594
158,-0.555688153239664,0.011328417050875395
159,-0.007586294642591973,4.1402326012018875e-10
160,0.25157419522354196,0.0004954563427634895
161,0.4975866736508663,0.007356097734540046
162,-0.5977438090271598,0.01504839636684463
163,-0.9111392856634744,0.07536996912625471
164,-0.6634958128163744,0.022541186982229733
165,0.26104316191431276,0.0005739061623420971
166,0.5076659857723089,0.007957317850155965
167,-0.9079603082252921,0.07439045992458537
168,0.7406651355465135,0.03440219182158788
169,0.2281081392217843,0.0003355173621948371
170,0.870923895959532,0.06362582842390296
171,0.7340231272732873,0.03323647292514409
172,-0.10878967111214122,1.7474486832314007e-05
173,0.2976505827765106,0.0009668248512346711
174,0.5060420948241695,0.007858101690496055
175,-0.1997420822560667,0.0001976538450894072
176,0.702615781389877,0.028104476043433357
177,-0.2857691288762021,0.0008223946878467281
178,-0.41215119775102504,0.0035069330402641707
179,-0.4428148363378137,0.004652871026841865
180,0.3382355711259324,0.001605261219807086
181,0.8013766827489472,0.04645134229185721
182,-0.5849805261882415,0.013837469777365219
183,-0.4565417842838604,0.005246574643486768
184,0.36431991588166657,0.0021542068068931552
185,0.9883407854421025,0.1020107635322981
186,0.1535496288635967,6.921499270140519e-05
187,0.20585850683926865,0.00022290678886904836
188,0.41582920557608016,0.0036319834882055924
189,0.8908138749613255,0.06926021297460738
190,-0.8526450001700507,0.05873925998792506
191,-0.7618654450922353,0.03831883626171462
192,0.36185759944325735,0.0020971743761986072
193,0.16763112149911552,9.824196386742923e-05
194,-0.550071568634767,0.010888289868385415
195,0.3145237484574077,0.0012033522937262564
196,-0.14788870594583825,5.957559786629041e-05
197,-0.34197317899312485,0.0016766967628809581
198,-0.7043522114874763,0.0283722484998139
199,-0.9329014183626285,0.0823184766893188
200,0.9573787554075606,0.09065297607572875
201,0.7951584293851177,0.0450969726443643
202,0.6553553693144472,0.02149219825159565
203,0.47712527507182845,0.006239035511259372
204,-0.6980009468893544,0.02740166729670246
205,-0.1525115012793219,6.736563859910394e-05
206,-0.9984808890724635,0.10593408927812709
207,0.674838219097238,0.02406380718396095
208,0.5308487946545464,0.009476194067779442
209,0.7918181813608469,0.044381154019372704
210,0.12957063416988257,3.513354758288845e-05
211,0.8955500208462324,0.070651686340929
212,0.5122968039121456,0.008245300556277257
213,0.1300453205145593,3.5650504244366665e-05
214,0.4653697623113253,0.005656758507184945
215,-0.60490882468088,0.01576102290076209
216,0.8088912892604239,0.04812630258064099
217,-0.6005191017768043,0.015321581066226164
218,-0.004448130677192186,4.893496718949564e-11
219,0.6749734331861383,0.024082393984483974
220,-0.7153942628999925,0.030118139590835424
221,0.03978606174284183,3.1312608872458014e-07
222,-0.04313830761745141,4.3274069505550017e-07
223,-0.3390473203686948,0.0016205798979666008
224,0.7292291197651708,0.03241286949078481
225,0.07836247913922478,4.708670692910033e-06
226,0.5607999033702049,0.011740157170267329
227,0.5409052105709362,0.010197028097129524
228,-0.6468302592870896,0.02043197089024318
229,0.42901052279945096,0.004107348461798832
230,0.8794661166323483,0.06600457856200881
231,0.2807701716706046,0.0007667019189505631
232,0.3760918695493207,0.002442911890955801
233,-0.6224802288682632,0.017612227179811257
234,0.9433407686990998,0.08580484662109045
235,0.5217836447095685,0.008859053989293764
236,-0.47729101231010196,0.006247547342901449
237,0.3830639377512641,0.0026268699063407563
238,-0.9301296168929198,0.08140962666406493
239,-0.6758779672957784,0.024206999616286584
240,-0.2634255620709107,0.0005950224340917076
241,0.15917191256662022,7.989945695152656e-05
242,0.017986407966875673,1.308170516356455e-08
243,0.7933187788358411,0.04470172659545868
244,0.7705572645889249,0.040012990088166944
245,0.38324613706849187,0.002631810719552985
246,0.8787274975140262,0.06579646888174806
247,-0.15039616240482045,6.371201722654707e-05
248,-0.7044028178905721,0.028380079845970796
249,-0.32085613831199744,0.001302361772273386
250,0.5479689493219966,0.010726786559610901
251,0.36607023291272545,0.002195441620759464
252,-0.3774884990244607,0.0024789720975691987
253,-0.5764228371063203,0.01306637690834589
254,0.13103714857655824,3.674902143435688e-05
255,-0.6759988335145684,0.024223684906425902
256,-0.5136972567908107,0.008333878201774558
257,0.1874752995071156,0.00015351327478252408
258,-0.8031187555957826,0.04683589536271515
259,-0.29317662289064295,0.0009103914101693533
260,0.3203025372918997,0.0012934725590949547
261,-0.13961321574363983,4.7337619325071856e-05
262,-0.04842099572110947,6.868710086260776e-07
263,0.4602502075458281,0.005416115160826962
264,-0.4700963014616544,0.005885834992295891
265,0.1683306769154871,9.988828139573247e-05
266,0.9582958788531872,0.09097617000190272
267,0.4458611309367573,0.004780111924645003
268,0.47685218738124036,0.006225029057571163
269,-0.6785496391967261,0.02457775633534276
270,-0.0007731297880237964,4.463096558993129e-14
271,0.7223489447902007,0.03125657349504929
272,0.8430815674413503,0.05629101535233094
273,0.896189187950907,0.07084095979376825
274,0.3602372726348997,0.0020602603709316547
275,-0.09092374764352118,8.531416334722763e-06
276,-0.45820474856860605,0.005322110285340909
277,-0.9365277677784751,0.08351815717378763
278,-0.28686413191757065,0.0008349855771123682
279,-0.2667510948229601,0.0006254601543935756
280,0.30278259057208445,0.00103472057991294
281,0.5982457849775231,0.015097543461806251
282,0.565036240753819,0.012089579690652386
283,-0.1357186711219318,4.228011679474619e-05
284,0.2474461131494481,0.00046388668303876113
285,-0.9658183654458701,0.09365728462765888
286,0.6396311770423959,0.019566584027796985
287,-0.2854047999195297,0.0008182369812269608
288,0.14862523987030363,6.0769109107128294e-05
289,0.7678184212241754,0.039473504006060645
290,0.14526219440593446,5.546185722915542e-05
291,-0.8235090382061094,0.05150647884469528
292,0.6341079585715153,0.018920890688221004
293,0.1931962538144254,0.000173064246695942
294,-0.837804805382252,0.05497145379273005
295,0.2886484801660152,0.0008558098031622441
296,-0.933546503910105,0.08253100331396601
297,-0.7833311870210513,0.04259876934043427
298,-0.35296202135758636,0.0019004263547296452
299,-0.14879459828678043,6.104605688539433e-05
300,0.24659992376916695,0.00045760548164131
301,-0.8547283301527073,0.05928238233507066
302,-0.24532600409086358,0.0004482692394530696
303,-0.38126278682815173,0.002578395900653896
304,-0.4400228930437666,0.004538464911260975
305,0.014400797494160456,5.3757761575568e-09
306,0.23049231877256626,0.0003497026341849896
307,0.378616372424037,0.0025083798637594024
308,-0.03662088031981847,2.247646804232062e-07
309,-0.9723947041944128,0.09604556637108519
310,0.3771583276252757,0.002470411885130863
311,0.7582163585991772,0.03762308104111867
312,-0.10734802064359728,1.656732804611316e-05
313,0.3645149490180275,0.0021587728190736177
314,-0.15493817262458354,7.174768085049799e-05
315,0.2178478467518683,0.0002793153370753698
316,-0.13056614710691905,3.622424172256e-05
317,0.11247207825747019,1.9960606846058937e-05
318,-0.5417209719576619,0.010257208220625924
319,0.20493790827266656,0.00021895985475794966
320,-0.22049030195213515,0.00029305974059345985
321,0.9621624766967873,0.09234754010024682
322,0.3361510084838737,0.0015664158428535524
323,-0.9188656394843937,0.07778810815123827
324,0.005728187178375421,1.345787925544073e-10
325,0.3756261695572798,0.002430974665322494
326,-0.012441999225598632,2.9954321245639903e-09
327,0.07946020685985089,4.977965489039171e-06
328,0.9212713699919666,0.07855195190710029
329,0.45864512279030234,0.005342246569855269
330,0.29321019903516077,0.0009108055658588743
331,-0.43049254695150396,0.0041635283638320475
332,0.1544908035037511,7.092423779908597e-05
333,-0.06699012531826809,2.5155236558216387e-06
334,-0.2457257820602381,0.0004511836607938857
335,-0.8375231373870091,0.05490163729236064
336,-0.022602302265077867,3.26199844913333e-08
337,-0.15149372678015083,6.558869605388651e-05
338,0.7807933489554917,0.0420758391361582
339,0.09896646951679688,1.1971640687113982e-05
340,-0.6142998696634945,0.01673181302333926
341,-0.8475080533790065,0.05741506217360304
342,0.3276516701784222,0.0014152187530707128
343,-0.6835421417139118,0.025281534216490043
344,0.7844894910810125,0.04283897253132496
345,0.004491244707583553,5.0859871869590734e-11
346,-0.526605266710044,0.009183510054052602
347,0.49022302992460576,0.0069384626239283875
348,-0.36073353028786403,0.0020715143923567547
349,-0.08208564488025183,5.668802037894771e-06
350,0.8151525057283717,0.04955424304460321
351,0.23380884189073514,0.0003701739381848368
352,0.1627470461532552,8.730666982226243e-05
353,0.32877895663141654,0.0014346203905827304
354,0.7791997684159271,0.04174982232996005
355,0.7882761132390739,0.0436309496576629
356,-0.6890557513954074,0.026075525171741054
357,-0.8157738636778971,0.049697568818786175
358,0.23152787212170023,0.00035600141150704534
359,-0.17647497742966345,0.0001206122003725163
360,0.08387511979919515,6.179218656088281e-06
361,0.7837852915129875,0.042692824664272155
362,-0.6029918740783544,0.015568010881253813
363,0.5542928352437206,0.011217885243763437
364,0.967790657281439,0.0943691826227342
365,-0.1301791401643455,3.5797264210879476e-05
366,-0.6257616996417483,0.017974671308546797
367,0.47359709028288144,0.006059853470617882
368,-0.0005537779042630309,1.176836406102666e-14
369,0.939863244380118,0.08463229878065726
370,0.13413041875589382,4.0338326872668695e-05
371,0.009081530879658795,8.502376580565851e-10
372,-0.6077948790971299,0.016054884950876147
373,0.12918316539307306,3.47157539459797e-05
374,-0.4673453785855901,0.005751694688865494
375,0.973076143613617,0.09629542272347558
376,0.7961731557155451,0.04531604447301618
377,0.11457578654406841,2.149471611090359e-05
378,0.28063011825888684,0.0007651832436695871
379,-0.8813863350460664,0.06654777111709176
380,0.28023278890150816,0.0007608869833385379
381,-0.49221410870175375,0.007049622828820268
382,-0.10286679139211574,1.3971569804538397e-05
383,0.3357055331426957,0.0015582059246641577
384,-0.2411875365986016,0.00041891804139637667
385,0.8933825889595461,0.07001249150774425
386,-0.5725567148551576,0.012728502183328994
387,-0.3033936094663918,0.0010430343126726083
388,0.9536229576450355,0.08933773632986197
389,0.04310897451530815,4.3156506024377705e-07
390,-0.6684955469266001,0.023203506577152866
391,0.971438718954089,0.09569580116523502
392,0.46544405560136726,0.00566030756331426
393,0.2875814635974492,0.0008433112852513913
394,0.07635021288917043,4.243548616722492e-06
395,-0.6636779610931376,0.022565073629282617
396,-0.3073721950798871,0.0010983902510330878
397,-0.49288041001532723,0.007087112404784879
398,0.5868369669092921,0.014009024541105863
399,0.8263604513173595,0.05218489559653494
400,-0.6669909873804054,0.023002737668136874
401,-0.032137499094655686,1.333163970329565e-07
402,-0.7306878514991093,0.03266191091217885
403,-0.4231241533764858,0.003889722761097003
404,0.7942479046761526,0.04490103875429452
405,0.5956091684714315,0.014840698885004278
406,-0.9504574115431121,0.08823952405022406
407,0.5689064669664341,0.012415386040395826
408,-0.14510667597008187,5.522514231359743e-05
409,0.3749457651722541,0.002413611748522615
410,-0.8950962558296855,0.07051753021971963
411,0.9077333424224108,0.07432086909739233
412,-0.1309109476628525,3.660785638204267e-05
413,-0.35439533362059383,0.0019311610259461487
414,0.6996386317678296,0.027649610886925635
415,-0.44044828077109854,0.004555760606807624
416,-0.8588965616350763,0.060379641572158915
417,-0.663437147168338,0.02253349754993994
418,0.041640586259512835,3.7570922339913437e-07
419,0.2493102953802293,0.00047795116815663174
420,0.9697490673249445,0.0950797662010141
421,-0.723842938708362,0.0315051003855602
422,-0.5472076076621288,0.010668741834076956
423,0.5197186164726291,0.008722696949406528
424,-0.444209408239838,0.004710806775252485
425,-0.304620051088367,0.0010598716274717868
426,-0.4264264150223114,0.004010732964313535
427,0.5245978792283004,0.009047389564838637
428,-0.4336294608756308,0.004284310417571602
429,-0.5762877828394264,0.01305446498956131
430,-0.7548185674212393,0.03698339456448885
431,-0.37141731999900984,0.0023250410499064955
432,0.28017941528038737,0.0007603112350932362
433,-0.890154711255214,0.06906808606593162
434,0.2834506896754756,0.0007962033579379524
435,0.055099394528676404,1.151536207832926e-06
436,-0.492977061106292,0.007092562638781996
437,0.4320940846583363,0.004224874471260964
438,-0.4014822218390586,0.003162177109899411
439,-0.789081125064333,0.0438006517236903
440,0.8202284249198513,0.05073369573914144
441,-0.622408022273303,0.017604311988024257
442,-0.550027835507336,0.010884912713948314
443,0.27856943335308215,0.0007430962058165846
444,0.10695834034079521,1.6328299891621434e-05
445,0.7687798472209519,0.0396622870274167
446,-0.7712554780897174,0.04015135784215307
447,0.5137307769056425,0.00833600684051794
448,-0.47006058790461913,0.005884078917209545
449,-0.4994614448235135,0.007465310637834732
450,0.2143278164896436,0.00026176136108713166
451,-0.5861156460729111,0.013942183883291381
452,0.6037804440182781,0.015647200263766314
453,0.6380687877780566,0.01938233821589297
454,-0.6414105429938226,0.01977795862223164
455,-0.7091616503998881,0.029123479293744148
456,-0.1313564653793644,3.710802165490801e-05
457,0.586743440116849,0.014000344806287868
458,0.4827660814556054,0.006533566387313061
459,-0.06646064450271227,2.436960846341485e-06
460,-0.41621085242555544,0.0036451453965909986
461,0.7818267173951956,0.0422882133397019
462,0.6595746683359953,0.022031391675084167
463,0.054180684361476716,1.076652374254472e-06
464,-0.3379571248958144,0.001600031468854457
465,-0.2553100212277395,0.0005253831471614401
466,0.3197160176907796,0.0012841040724155262
467,0.5945612858084479,0.014739508598878959
468,-0.6890831228121819,0.026079511041621428
469,-0.8187320810825947,0.05038395760133685
470,-0.5410785082760474,0.010209790897340199
471,-0.41304385415964795,0.00353698567339078
472,-0.861757253615896,0.06114092401028426
473,-0.8813544720900728,0.06653873219904871
474,-0.05031937055050095,8.010646304068558e-07
475,-0.6254488051415767,0.017939880212566095
476,-0.16184531985866846,8.539190138334707e-05
477,-0.7006698784744134,0.027806566202748906
478,-0.1804880038492933,0.00013193154690926967
479,-0.847067114220186,0.05730238767572449
480,0.2802445828147968,0.0007610142496358163
481,-0.38933840135015085,0.0028010186418383487
482,0.41887700629918556,0.0037380793004554436
483,-0.28835173396265823,0.0008523201061080288
484,-0.6058074711576018,0.015852101402275554
485,0.479498528544144,0.006361736217851632
486,0.8924571301384678,0.06974080362823298
487,-0.5433432737996777,0.010377659949120877
488,0.7983737009813014,0.045793721973445334
489,0.6634619899985246,0.022536753521567143
490,0.407198867492206,0.003343621238659278
491,0.09789220134841536,1.1460644385064e-05
492,0.5982777011283427,0.015100672228865353
493,-0.8832961910296122,0.06709113628985908
494,-0.30094116633675183,0.0010099636511347043
495,-0.7316260484339823,0.032822807064467385
496,0.8387400604670525,0.0552037234725703
497,-0.9760576032935331,0.09739388867068532
498,-0.5055520567902261,0.007828340629790653
499,0.5770731111877376,0.013123842714584555
500,0.0576783609032363,1.3826774680758547e-06
501,0.09266348013935022,9.202867086055555e-06
502,-0.8503411421254803,0.05814274020614585
503,0.5241619489547875,0.009018025762659088
504,0.18957258168361202,0.00016047771840044245
505,0.8757406867417925,0.0649596162314916
506,-0.9117131671677017,0.0755477488549916
507,-0.4830778132097282,0.00655013579911512
508,-0.9250724719859817,0.0797694764571214
509,-0.03105536047068247,1.1624827200851229e-07
510,-0.2439846139047237,0.00043859293299375324
511,-0.5846258503746415,0.013804868982902896
512,0.18175336784709484,0.00013566007982745987
513,0.5586720391198066,0.011567457201698716
514,0.5140330758159792,0.008355221847193395
515,0.35245343179942035,0.0018896083858366275
516,0.38090645025201786,0.0025688849811901227
517,0.9415375301917881,0.08519543298154009
518,0.5048241711416384,0.0077842874025516595
519,-0.2523262463973719,0.0005013758922208789
520,-0.9694386969955382,0.0949669063820674
521,-0.4491670270736925,0.004921080428018643
522,0.2535439479128214,0.0005110723465174827
523,0.8476576981828974,0.05745333684648102
524,-0.8030977357279201,0.046831241919223165
525,-0.8406725374386061,0.05568584641115493
526,-0.8698302930747619,0.06332570864394527
527,-0.724356102705326,0.03159079166570877
528,-0.8846739175424485,0.06748503471308553
529,-0.716438941232364,0.030287214771260285
530,0.18785925410826798,0.00015477103466543518
531,-0.37717458971166096,0.002470832991600558
532,-0.6924403606891312,0.026571734429236993
533,-0.7044728931050701,0.028390926558879093
534,0.7182892591614325,0.030588348898856643
535,0.7775907351809295,0.041422473553510586
536,-0.03621462431030942,2.149567194242863e-07
537,0.1902560366065087,0.00016279748468994715
538,0.7287707179141782,0.03233489091321862
539,0.021821095433089077,2.833881873609556e-08
540,-0.7028556876022682,0.028141362981314644
541,-0.49691688973574566,0.007317366206263998
542,-0.5784244847693123,0.013243855027613716
543,0.05941928260001439,1.5572706901778588e-06
544,0.8856101700772483,0.06775363749626806
545,0.5469286136451794,0.010647528938433792
546,-0.6126068751922658,0.016553676737625422
547,0.9365029009716506,0.08350988949860838
548,-0.20313284836836165,0.00021137278246197155
549,-0.757318019989794,0.037453192542937885
550,-0.5346750992069687,0.009745906658238157
551,-0.5392677186891266,0.010077007849751185
552,0.9294606075182308,0.08119131549934533
553,0.09483077895682879,1.009384432737459e-05
554,-0.6413083939542019,0.019765779580346976
555,-0.6137554986963378,0.016674383361156675
556,0.6693214735193247,0.02331425486699612
557,-0.9295029854619745,0.08120513216310077
558,-0.006543977829422953,2.292315226526398e-10
559,-0.0868388175431345,7.099372350660715e-06
560,0.549583490440666,0.01085064295577931
561,0.809192391439975,0.048194295956398014
562,0.19003534934949995,0.00016204571073663576
563,-0.7491685414173137,0.03593695282857856
564,-0.44599430901630943,0.004785732554803301
565,-0.7658614424577093,0.03909121837513874
566,-0.37621953445462575,0.0024461918818530215
567,0.20507595429767833,0.00021954835204940348
568,-0.552337752199699,0.011064339545095336
569,-0.8417755662050472,0.05596236360693463
570,-0.6441093076971212,0.020101700315124593
571,-0.9814362421000855,0.09939739736796371
572,0.023613975519890307,3.886387378582157e-08
573,0.17278079896902954,0.00011084950644835168
574,0.5592401925045272,0.0116133863583181
575,-0.6299020326550653,0.018439662729880846
576,-0.7112341375009243,0.029451565863322093
577,0.6807628557149672,0.024887979272766536
578,0.08470531403896775,6.427372240991325e-06
579,-0.7551055655208783,0.03703712367182288
580,-0.08021898763432134,5.170744257654292e-06
581,0.6234886135357314,0.017723035092953365
582,-0.1889136823016273,0.00015826478556080215
583,-0.5529111911990232,0.011109215302916642
584,-0.6911161761554245,0.026376796464487096
585,-0.40074690104866395,0.003139378894952194
586,0.5989750503629359,0.015169151802290393
587,-0.14762933698188818,5.915951286705745e-05
588,-0.4427792199747078,0.004651398308747501
589,0.9849019285932725,0.10070330897585722
590,-0.019059505614432926,1.6494161592106593e-08
591,-0.3509092016731028,0.0018570417647173487
592,-0.9337148164902258,0.08258651747591661
593,0.9667180208118629,0.09398155214997728
594,0.33822107767322485,0.0016049886923029666
595,0.2848920998913935,0.0008124126166507706
596,0.1804016438816769,0.00013167990359974624
597,-0.9105374669886341,0.07518384899323804
598,-0.5767341453900994,0.013093864795809984
599,-0.8443761837575208,0.056618144264333314
600,-0.7861386286858512,0.04318262327092681
601,-0.047480506413081214,6.350504366814391e-07
602,0.16613101485474058,9.478016530417577e-05
603,0.7994527124023232,0.04602924745979953
604,0.14277216494460165,5.176187629807316e-05
605,0.2227841451924233,0.0003053950654197113
606,-0.9390444328376617,0.08435784180760986
607,-0.30973262848969396,0.0011322480636466459
608,-0.9876373174255002,0.10174235793869557
609,-0.10967484771815106,1.8049615400417274e-05
610,0.3205964178708247,0.0012981857842804256
611,-0.13469145413313366,4.101644584786346e-05
612,-0.7593741287021043,0.03784284250711034
613,-0.0302965609344803,1.0529722094254623e-07
614,0.18851251870731178,0.00015692869069983129
615,0.7237089772131566,0.03148275814491497
616,0.3459239733027899,0.0017547457573690028
617,-0.26400969801064145,0.0006002871246335584
618,0.8755873069321607,0.06491684473651949
619,0.04420127019027431,4.769881675192877e-07
620,0.33211890392063337,0.0014932654119731437
621,0.02491786427249565,4.8184608525403405e-08
622,-0.4496224153025137,0.0049407363422213635
623,-0.7941690280348526,0.04488409398317761
624,0.27085406917009935,0.0006645957553158555
625,-0.8048442252957819,0.04721900567571091
626,0.9399218660147144,0.08465197191378382
627,-0.7008089854584874,0.0278277871771464
628,-0.45815394249210284,0.0053197907614047635
629,-0.6292987873979028,0.01837137677412204
630,0.5997815946762861,0.015248635791935139
631,-0.7714043081380721,0.040180896134809796
632,-0.1981926150787372,0.00019161139413581552
633,0.8318419755218305,0.053506794298676996
634,0.6497256839208707,0.020787714284160375
635,-0.9706766593804899,0.09541761900098977
636,0.3198863616752723,0.001286819762767677
637,-0.8472238475211997,0.05734242031997372
638,-0.42324446948992045,0.0038940837367188452
639,-0.21975050671495078,0.0002891619945725177
640,-0.7436575552231066,0.03493682713249402
641,-0.09564362041557106,1.0444127411912696e-05
642,-0.450701594937154,0.004987548059793401
643,0.2516416967837867,0.0004959855205294295
644,-0.3613488682584707,0.002085532148875413
645,-0.7824809064947982,0.0424230537734086
646,-0.7456676355890073,0.03529927561770796
647,0.27393452618801395,0.0006951563199916189
648,-0.265758465299909,0.0006162561534075461
649,-0.006811505150477348,2.6907842620715883e-10
650,0.19942258586626127,0.00019639641202429114
651,-0.8734198250825893,0.0643145336546791
652,-0.08025019416183832,5.1787906577560605e-06
653,-0.010131969003492003,1.3172797297400507e-09
654,-0.6585337486046683,0.02189747187241997
655,0.8769658035404797,0.06530196299549784
656,0.09711280356212204,1.1100271931852035e-05
657,0.08492955746668485,6.495663489758385e-06
658,0.8327426695695066,0.053726243282672836
659,0.2942151557249808,0.0009232665965469566
660,-0.7776694253256118,0.041438439957557915
661,0.8032452645472887,0.04686390923919315
662,-0.6289639052101434,0.018333548160350377
663,0.967944408797087,0.09442483600624607
664,-0.3409177149057283,0.0016562896369766156
665,-0.6801948930704764,0.024808101092216317
666,-0.5950236825584285,0.014784098482264696
667,-0.56508883445805,0.01209396486976455
668,0.05122852209376649,8.605327119770578e-07
669,0.6375026537398998,0.019315887841669044
670,-0.9573931641045117,0.09065804753170303
671,-0.26668565642060105,0.000624850251604192
672,0.29829357245348276,0.0009751443447790775
673,-0.09418408750748264,9.821511055774224e-06
674,-0.17337466778900268,0.00011237755453141762
675,-0.5079504202507215,0.007974790324099978
676,-0.15563776962003595,7.304970190824545e-05
677,-0.848772744696193,0.05773909928532095
678,-0.38711110577779473,0.0027382504661682683
679,-0.6594903895291995,0.022020526793920303
680,-0.481036459385376,0.006442191537636255
681,-0.5970610124109388,0.014981732630974687
682,-0.9581067782576294,0.09090946577861858
683,-0.0006109524625736995,1.7430501486614958e-14
684,-0.16741805743053773,9.774460189115874e-05
685,0.08370156781013338,6.128263414506563e-06
686,-0.34539546988073777,0.0017441518418446211
687,-0.8249071152959022,0.051838328573010406
688,-0.33201376513799596,0.00149139261668918
689,-0.12540293104794453,3.08321088065e-05
690,-0.3775666865826106,0.002481002447843328
691,-0.37939095208149576,0.002528725165845014
692,0.31122016143263864,0.0011539801153571672
693,0.619880773523374,0.017328901530772156
694,-0.9075051849771032,0.07425095876313703
695,-0.09789624812101594,1.1462538079598517e-05
696,0.48688313635597225,0.006754899600515563
697,0.18072957823166202,0.00013263737822344357
698,-0.8889037936408413,0.0687045076910453
699,0.04455409763968121,4.923987593219437e-07
700,0.7972183261537487,0.045542478389023255
701,0.28519923952142756,0.0008158980555262874
702,-0.9880542653090432,0.10190138398784343
703,-0.3483287499029901,0.0018035542394150283
704,0.20034425925282795,0.00020004016541452785
705,0.17327352669367357,0.00011211620788587062
706,-0.32819389961838796,0.0014245265131963558
707,-0.6406164856099019,0.019683427590893254
708,-0.20217657346272522,0.00020743389236999032
709,0.07403540864231029,3.7520729142537235e-06
710,0.2670661561526173,0.0006284028221366089
711,0.20677203994221838,0.00022687575288660167
712,0.645512332708547,0.020271513614508296
713,-0.5002323224651632,0.007510561016755513
714,0.483681580609016,0.006582315582060905
715,0.7417389401338363,0.034593362618542955
716,0.817486629588771,0.05009416513539633
717,0.794951390131474,0.045052367038075025
718,0.46185549846986307,0.00549074319244125
719,-0.9850395746838545,0.1007554187263695
720,0.15105064592116801,6.482617996261819e-05
721,0.7336571094612909,0.03317306864888392
722,0.1352829191899756,4.174055147154743e-05
723,0.9430254526895314,0.08569806615095699
724,0.12055867064355241,2.6342222734121457e-05
725,0.9532496577126193,0.08920773821114214
726,0.2623962500745507,0.0005858293503712142
727,-0.16211448457139999,8.596013410078207e-05
728,-0.8056392043687888,0.04739626302759736
729,-0.8427546608221679,0.0562086226915165
730,-0.9456950143867215,0.0866050256284212
731,-0.08655140979632892,7.00590977720239e-06
732,0.25561680363791894,0.000527899203268789
733,-0.21055875962766102,0.00024389343809849695
734,0.28039969521135677,0.0007626895199928097
735,-0.06734228109184737,2.5688166934711987e-06
736,-0.741147711147965,0.034488011560412146
737,-0.7931744375365362,0.04467081964639463
738,-0.007945486494830067,4.981812740112446e-10
739,0.47209358840333104,0.005984659465784525
740,0.7604859835291244,0.03805474994755442
741,-0.9046523535986537,0.07338069112255541
742,-0.7222783342927177,0.03124486231654855
743,-0.9697933297344448,0.09509586887580435
744,-0.020473888804608542,2.1962462515290326e-08
745,-0.34618913232547155,0.0017600788648098886
746,0.34861925426743956,0.0018095179430159813
747,-0.4192491288474258,0.0037511882142676756
748,-0.7541794864645486,0.0368639519026871
749,-0.28484560504531964,0.0008118859585932725
750,-0.5365622307015392,0.009880978332387658
751,0.12764453495622785,3.309332307310786e-05
752,-0.01819975931083584,1.3713509550150604e-08
753,0.46247954672214897,0.005519957917540341
754,0.018874101215784034,1.586168596467985e-08
755,-0.28306041984682806,0.0007918563709290449
756,-0.6770865489605953,0.02437421496667258
757,0.3455866821390876,0.0017479792161007035
758,-0.4642686628330295,0.005604349927949559
759,0.6898391649238229,0.026189780702253862
760,0.4378152418574144,0.004449481830846924
761,0.16937817908951192,0.00010239193622985088
762,-0.4863945717147178,0.0067283502417376795
763,0.4688176933448296,0.005823204359099998
764,0.3316340024812068,0.0014846425907738547
765,-0.15934212907041445,8.024105606385667e-05
766,0.04350715973523123,4.477297392835311e-07
767,0.8894038413840484,0.06884968489407128
768,-0.6260532880964398,0.018007137404463247
769,0.9670250058007939,0.09409237793325143
770,-0.22195202687703341,0.00030087633641862066
771,-0.2714116227803969,0.0006700514033863847
772,0.5677034203912334,0.01231343237232918
773,0.7450176369704644,0.03518177797748734
774,-0.6524512502704787,0.02112666361835258
775,-0.6187397175177325,0.017205584103442084
776,-0.9561927053011838,0.09023619379929082
777,0.04749724558475554,6.359462856320164e-07
778,0.019340987065754822,1.7490308645840003e-08
779,-0.5763561196109259,0.013060491369591753
780,0.5808244330466545,0.013458958357595918
781,-0.7085925773209762,0.029033853352893324
782,-0.36492450037863144,0.002168384377011612
783,0.5096641092302752,0.008080656704567812
784,-0.9870916690734772,0.10153450351773918
785,0.6818996549463994,0.025048415397478374
786,0.7194354680481043,0.030775965724854193
787,-0.1693013607941234,0.00010220675291416903
788,-0.04404862273589605,4.7043423345716207e-07
789,-0.5062286104516898,0.007869450974683834
790,0.8789057609233246,0.06584665326987582
791,0.7588827817393995,0.03774946611837937
792,-0.9920885625430436,0.10344894674530247
793,-0.1471295511565922,5.836388542668214e-05
794,-0.05215319840067045,9.243510706857805e-07
795,0.41920529440397103,0.003749642277764753
796,-0.8075276948015491,0.047819234111707076
797,-0.05841924727942671,1.4550799226631383e-06
798,0.7219501611892951,0.031190474135369906
799,-0.5777384248822373,0.013182828111531708
