,data,labels
0,2.2154888050049877,1.5401276379753492
1,-1.2860117641751043,0.2643105227511773
2,0.48767717504294383,0.006798213090870031
3,2.0094611434663783,1.1517596067449267
4,-1.7250677186995118,0.7137691314063049
5,1.6254416393406137,0.5878904859383369
6,-0.8658072235079683,0.06223021191528799
7,-2.4538417351871313,2.0599283132623887
8,-2.426531391163034,1.9966805470850533
9,1.5843713155343293,0.5401589477459796
10,-1.7243853583492808,0.7128581903544756
11,-0.9540373005503846,0.08948218106718164
12,0.723945205078997,0.031522164133522046
13,1.8537168595155773,0.8975338568003477
14,-1.3122297902844393,0.28372384097831843
15,-0.9278872794185968,0.08067951442344379
16,-0.5437669924267734,0.010409289639127017
17,-0.8910939092146211,0.06934194797971249
18,-1.565391524752924,0.5189168332688525
19,2.7342054323417884,2.761742767924178
20,0.8404874329936449,0.05563953747343431
21,1.4177751712157214,0.3710720334655286
22,-0.919343091162661,0.077939289968459
23,-1.9433712539285692,1.0396678164821704
24,0.5666431511791035,0.012224086345425711
25,2.801849092529615,2.944917768670762
26,-2.8189362598894707,2.9920139379363726
27,-1.9339169133714076,1.0241383072667112
28,-1.4803397862418126,0.430007469218894
29,1.5013334920135009,0.45100457322543513
30,-1.9400279940251894,1.0341617275570765
31,-0.48012117222101214,0.006394219613268803
32,-2.7801697883053578,2.8856418247631215
33,-2.703571852712232,2.680520922113672
34,-1.694799705829795,0.6740092347846633
35,0.7028809300822236,0.028145246178930772
36,1.7306138630141943,0.7211981322462014
37,1.5579282061780528,0.5107047170156211
38,0.023129787016404002,3.5773202844424645e-08
39,2.9360945087150823,3.3237546599798566
40,-1.371085147326262,0.3305895923020893
41,-0.18306046845441237,0.00013959377698169462
42,1.1453667575987074,0.1748904108993753
43,0.30502292843293155,0.0010654464441143263
44,2.8490920544636715,3.075934867899116
45,-1.7734929121547138,0.780135522053991
46,0.10056410884655786,1.2762928776277604e-05
47,2.081436923977524,1.2808033166374424
48,2.559046820302326,2.3122013821303544
49,0.8736161651793646,0.0643689312832022
50,-2.5780578433790247,2.3592287694459735
51,-1.3468053795302428,0.31069924483349887
52,-1.135082817452454,0.16928552764020854
53,2.9942589180595656,3.4940950346385775
54,-1.5948736347017702,0.5521344638126557
55,0.6791190166113772,0.024657297043225612
56,-1.3640482767416293,0.3247437495078105
57,2.3822071842222616,1.8960300516421194
58,-2.494259065948873,2.1552354877502236
59,-0.2571940039108549,0.0005409766765034352
60,1.374993777168405,0.33386539580119773
61,-0.8140622713406644,0.049303471964991075
62,0.8334542406614487,0.0539000627888403
63,-2.892688660996772,3.1990639648821912
64,2.7517338366425994,2.8087052755286965
65,0.04160190458390112,3.743153204061045e-07
66,-1.0518452751547434,0.12830195061009642
67,0.8778913296803665,0.0655614307590553
68,-2.773158807804842,2.866586906874567
69,2.6732239516629672,2.6011328879659494
70,0.9864690938441214,0.10129770316911291
71,1.7866712480852058,0.7987831191871039
72,0.4701638893422597,0.0058891594191119445
73,-0.08947456296576561,8.000720109424542e-06
74,-2.5733857441453107,2.3476310396259543
75,0.6973003559938267,0.02729608887310153
76,1.6617389399779388,0.6320936405687383
77,-0.35281621915547845,0.001897320377169942
78,-0.9204067870301573,0.0782768387172128
79,2.760492903375921,2.8323051584834724
80,-2.4115477695308734,1.9623780504958184
81,-1.0917884872650017,0.14701175063732452
82,0.7127233976445213,0.029688958054710723
83,0.06800135801508311,2.670826712236618e-06
84,-2.9995185615114552,3.5096808521628513
85,-1.053768650764176,0.12916350155406253
86,-0.8053404690808983,0.047329598412551244
87,-2.400224847989028,1.9366441377473163
88,-1.3483939619257608,0.3119765906051612
89,-2.5552395921913544,2.3028359603411506
90,2.3877048322520666,1.9083787048428873
91,2.7731116118096395,2.86645882467919
92,0.76553080943683,0.03902689277856519
93,2.643186597062675,2.523620580887572
94,2.4775686062482327,2.1156326557496814
95,2.915153115801451,3.263336509377166
96,-0.8803955441718672,0.0662671054277516
97,-0.8629685783794097,0.0614653062522279
98,-0.7267707093457147,0.03199624294012182
99,-0.9524773641173212,0.08893921102619518
100,-1.5298785298840523,0.48054912425171453
101,0.5959075713311797,0.014869606841133032
102,-1.71552323016223,0.7010885416810049
103,-2.16786386572097,1.4452034989045919
104,-2.142720318728166,1.3963236008768956
105,1.1260689384286167,0.16447302636143557
106,0.5025989119768477,0.00765073815493289
107,1.8049872783299667,0.8251171911464072
108,1.1498818613280104,0.17738995404325386
109,2.475140130814716,2.1098991286904334
110,-2.977121737784768,3.4435220422965864
111,2.8041844500670194,2.951335027209964
112,-1.836396452174824,0.8714024487901285
113,-2.2113927462700786,1.5318438923583788
114,-0.8057196295869051,0.047414221786716726
115,2.62405133053542,2.474796996837949
116,0.7610787665993777,0.038168073532254154
117,-1.5353946905566165,0.4863912188050811
118,-1.526851023545521,0.47736104712149724
119,-0.7704666416923818,0.03999505595002739
120,-1.6956233055116383,0.6750735810100216
121,-1.1187882801303253,0.16065367605166814
122,-0.4689855209139946,0.005831397024451124
123,0.2765332903732709,0.0007217423231926645
124,-0.47472287024461757,0.006116610157204994
125,2.786485360521401,2.902854738413528
126,1.1923196605701563,0.20205769716798705
127,-2.6484763481047002,2.537193822103039
128,1.3408097873386993,0.3059085003702902
129,0.8842527708347756,0.06736445524216783
130,0.9505321019163535,0.08826532764408124
131,-2.753139655087599,2.8124870907573274
132,1.91453949614315,0.9927068585450085
133,0.2868591992689602,0.0008349285391657801
134,2.331568995559582,1.784106564593005
135,2.083681285265147,1.2849428765299786
136,-0.6818720672804872,0.025044513154290016
137,-0.42692846424053776,0.004029370958869238
138,-0.3996169426556939,0.003104582514351417
139,-2.9092335911993485,3.2463459727256785
140,0.1139906363390315,2.1059434592851645e-05
141,-2.8667286735390025,3.1254897398180463
142,-2.8742354416633935,3.1466876829798753
143,-1.314468136262406,0.28542262370496363
144,-0.8098150415493222,0.04833511573461324
145,0.9891253663861312,0.10231069292338368
146,-0.478154848959516,0.006292050130535576
147,-1.484035189853459,0.43365867590425317
148,-1.0660499057403687,0.1347578256152946
149,0.7798351188554484,0.04187958671732117
150,-0.7662740469359437,0.03917159780782664
151,-1.1904064667384535,0.20089936374127482
152,1.3027500509045957,0.27660163310957503
153,2.047213934974751,1.2185459503546465
154,-1.765797434309791,0.7693623341027619
155,2.10125335248674,1.3175934623404626
156,2.5259626291020494,2.23140544442836
157,-0.6523824564832661,0.021118059627623698
158,-0.727161792214468,0.032062261392374
159,-2.7965679531319214,2.930428721666626
160,-0.3084333156577945,0.0011135162518889352
161,1.0284889736782041,0.11815064913297291
162,-1.5916265533151646,0.5484150380884514
163,-2.6510636456831618,2.543844731035172
164,-2.649491375621052,2.539802111008441
165,-0.9663904625665918,0.09386339880036487
166,1.113702091786899,0.15802122693159426
167,1.5693912284455198,0.5233505117550333
168,-0.9569995466992522,0.09051957596137328
169,2.02426465113564,1.1777101139007748
170,-2.539123283541053,2.263386057201783
171,-1.957401683700384,1.062947833205568
172,-0.3220955120519102,0.001322427104850643
173,2.6914875014521966,2.648780247056288
174,0.06983076966037682,2.969917865081051e-06
175,0.25994074991702876,0.0005643264557950722
176,-2.888591207777124,3.187401284175623
177,-2.7726805439920152,2.865289095109255
178,-2.0546429074217385,1.2319223290212185
179,1.66420446984002,0.6351650680037436
180,-1.8966538691716064,0.9641704815058043
181,-2.674805890710692,2.605244528759157
182,0.0329209775075876,1.4679878379553202e-07
183,1.289733605149845,0.2670122384684401
184,1.946473040314146,1.0447904129523782
185,0.21278410814068804,0.0002543288824653489
186,0.1755117850606771,0.000118007146834187
187,1.5809270114131522,0.536265868884138
188,-0.5864578012514361,0.013973860403425853
189,-0.21830313216015584,0.0002816483737638764
190,-1.7378073968159002,0.7309000634443925
191,-1.1631943237649012,0.18489842895373743
192,-2.8178595982418546,2.9890366513572078
193,-2.729962385862029,2.750427948493
194,-0.5933287254543105,0.014621128545312723
195,1.9111077874399065,0.9871961829938922
196,-1.8650440420513283,0.914856454165555
197,2.6853510592179983,2.6327275113606206
198,1.948817251730751,1.048670936475053
199,0.1793182118405614,0.00012855331160488426
200,-1.266200054600665,0.25022786532586383
201,-0.23576208444760383,0.0003826413349359292
202,2.6088064189455142,2.4362109132819905
203,0.43244101179853534,0.004238250790721487
204,-1.7371284326823584,0.7299811448683629
205,-0.8823225923447806,0.06681375440990112
206,-1.4025727209785077,0.3575656125721327
207,-0.5657037748352938,0.012145323823384957
208,0.3505685446262583,0.0018499140360292987
209,0.26099928588350085,0.000573522588963149
210,-2.6630448300387677,2.574746423828532
211,2.5264568244763934,2.232602529515539
212,1.780278328921928,0.7897056807730849
213,1.8513645774999627,0.8939596387984295
214,-0.6859341786204194,0.025623828786556113
215,-2.6571838596815067,2.559608775999977
216,-0.138053840831998,4.526114710756701e-05
217,0.5262266703946619,0.009157723476943325
218,-1.0839118858938743,0.14318484343494542
219,2.0347304986038397,1.196241794307041
220,-0.9916621503018321,0.10328461392737509
221,1.4613613004674306,0.4115563711029705
222,0.17932690557516917,0.00012857817694966744
223,-0.28106695456568076,0.0007699275178453258
224,-0.7008967554194729,0.027841182606303194
225,-1.9042267572122826,0.9761971924067425
226,-0.9133148957749069,0.07604548900029584
227,-2.181732136895331,1.4725302130808766
228,2.9112297022047393,3.252070979535387
229,-1.1613329288857621,0.18383605044217644
230,0.5450920831161739,0.010508660020073557
231,1.4117097588223535,0.36564544358178874
232,2.114031885756594,1.3416040449871538
233,0.18000418231540305,0.0001305263703061943
234,-2.7480733410555596,2.7988687734533793
235,0.39914278187506547,0.003090066366129407
236,1.1406714035787573,0.17231620333760866
237,-2.114687163258627,1.3428413387014346
238,2.4350884891467777,2.0163973146859933
239,0.4736607734460754,0.006063053700828713
240,0.25592131337714985,0.0005304054975635575
241,-2.217451280262689,1.5441044317533101
242,0.864571959677634,0.06189653777937365
243,1.6602929327664464,0.6302963613012501
244,0.788450829441333,0.04366774123647732
245,-0.5440355110624955,0.010429370452007647
246,1.5942856425575371,0.5514598181715986
247,0.2416094590935165,0.0004218428343055747
248,-2.266376172716395,1.6449015747688602
249,0.9342899839186876,0.08277641979011774
250,-1.4790735050699357,0.4287607264054021
251,-0.8416232785705104,0.05592412922032508
252,2.852915723919674,3.0866488986747207
253,-1.2686386742088163,0.25193425796739977
254,0.18180097271863538,0.00013580187347417283
255,-1.8494185870927597,0.8910087794603672
256,2.4881697828048193,2.1407470665179753
257,1.2306459899342688,0.2262015056372605
258,0.20682283771997145,0.00022709798933850944
259,-0.9712544471104243,0.09562848324244633
260,-0.30364007807078996,0.0010464018808068465
261,0.2749451401742342,0.000705406850817214
262,2.3057361692827723,1.7282832075029517
263,1.0651236587069723,0.1343302649048681
264,0.28985897878899136,0.0008701554645839105
265,-1.4941503979846296,0.4437507356448752
266,1.6168871768317343,0.5777489453398548
267,1.6525283947389795,0.6206971977920228
268,2.4212158900177165,1.9844792229388708
269,2.628460870005113,2.48600943156591
270,-0.10378474241834557,1.447653948694061e-05
271,-1.0746134348894532,0.13875468804115954
272,-1.8549345337503755,0.8993871978411584
273,-0.23108277746225347,0.00035328382300658934
274,2.713774120353002,2.707450394582111
275,-0.19828648637655633,0.00019197348196353659
276,-2.159589782865278,1.42902371479135
277,-1.9111628913900052,0.9872845367777995
278,2.0227586070240537,1.1750559963284586
279,2.972446373462109,3.4297804386117607
280,0.28456887325011415,0.0008087566122452206
281,-2.7776272070361996,2.8787249378520965
282,0.22914655933105932,0.00034164181054163745
283,0.3782222088256315,0.0024980733609549777
284,-0.6455833202817747,0.02028013301112197
285,-0.8938268519880359,0.0701431772376121
286,-1.2597740268633477,0.24576749520670715
287,-0.7770755911448073,0.041318057921762574
288,-0.6651447471769503,0.022758092842828037
289,-0.4509651381331361,0.00499902931053664
290,2.123769955567246,1.3600520448543338
291,0.5000850411208457,0.007501900104940451
292,0.05362685597830197,1.0333114023319823e-06
293,1.8484701546367912,0.889572569502739
294,2.142848112497921,1.396569864426294
295,2.8464014530994097,3.068405566353105
296,-0.48931465032551147,0.006888178893668551
297,-0.9497199500279017,0.08798503111480283
298,-1.969862525166781,1.083857386660141
299,-0.8375892635915045,0.05491802223722153
300,0.0738164096484537,3.7078945255286655e-06
301,1.0865677181421498,0.14446756674608474
302,0.5468777604601556,0.010643665718215845
303,1.2271977773683815,0.22395538174243734
304,-0.8377176978280358,0.05494985591784296
305,-0.29939767536536754,0.0009895542518582046
306,2.492617747537804,2.1513257445529486
307,-1.8664843360166046,0.9170722897349339
308,1.0890738977022147,0.14568512584401638
309,0.031589969110085825,1.244613733186739e-07
310,1.4741215987621912,0.4239067391499578
311,-0.6195321100259306,0.017291152539105847
312,-1.9178137239383743,0.9979803093071692
313,-2.009003063985572,1.1509614956900225
314,-2.908986596741154,3.245637879779544
315,0.6747368789643593,0.024049883553608375
316,0.2241188273783754,0.00031274852160534383
317,1.4593641619809015,0.4096439032363978
318,2.0817242804760836,1.2813329361411594
319,-0.14615929154363183,5.684219414636704e-05
320,-2.8716616640932138,3.13941264196851
321,-1.1360862890976073,0.16982705364870365
322,-2.0951151665294345,1.306139764039651
323,0.2316154526086489,0.00035653797894852346
324,-0.23738065996743263,0.0003932078601516231
325,-1.2794418977546533,0.25958485282444654
326,-1.4374800970572676,0.38904994841093055
327,-2.8482786200817256,3.0736577189420315
328,-1.8936132888009822,0.959364720322299
329,1.410472205325763,0.36454441112928165
330,0.8379588432403313,0.055009661371683394
331,-2.170272419033614,1.4499307847013414
332,0.12524541340019546,3.067769015030475e-05
333,0.3065725480841932,0.0010870929178778965
334,-2.080765528799118,1.2795663299338658
335,-2.354985156590602,1.8354532472522864
336,-1.324723718907181,0.2932898932394515
337,2.856249972007678,3.0960049459536507
338,0.9961658420024504,0.10502937507194365
339,2.7726110884430772,2.8651006429896846
340,2.694140426117662,2.6557338213802577
341,-0.7724609010393815,0.04039104365638846
342,-2.525665017638863,2.230684686729175
343,-0.1024483713901101,1.3745827159516999e-05
344,0.5746209431050353,0.01290809928736647
345,2.2170139375609814,1.543217747573207
346,-0.07405119168222463,3.7552719777123045e-06
347,1.2706672840942819,0.25335951719472144
348,-0.8512530175893271,0.05837833177637353
349,-2.6261929650583413,2.4802397922165267
350,-1.8938602363592232,0.9597545376423716
351,2.4027692407199384,1.9424127165258844
352,0.9044958109856123,0.07333314458498164
353,1.5878377341363166,0.5440941564000852
354,-2.6422590566024926,2.5212439644949343
355,-1.0370712408463172,0.12181439742721034
356,-1.9974617104558232,1.130950274540892
357,1.7073589051537619,0.6903461430012512
358,-1.4748588549101422,0.42462724706015315
359,-1.743599937517949,0.73876686756353
360,1.3123174488812896,0.28379024599632385
361,0.5365597067487222,0.009880796770255107
362,-1.9806597915207502,1.1021529675951913
363,1.680800970710651,0.6560684483304619
364,-0.4626401420930333,0.005527494653822962
365,-0.16253221496554904,8.684760092281252e-05
366,-2.9943212559967876,3.4942795831329487
367,-0.2014080619627685,0.0002043083732043982
368,-1.416315342583285,0.3697613569715921
369,2.905661376521656,3.236111599002216
370,-0.8905308941592516,0.06917768654684997
371,0.013724823279197551,4.435304234995385e-09
372,-2.379580090655531,1.8901427431487825
373,2.971409142072625,3.4267351003886186
374,-2.8672803333074244,3.127045396438869
375,-1.9258444200193832,1.010979201853834
376,-1.7264915319628515,0.7156720696893528
377,2.8161366140075677,2.98427482033903
378,-0.4717487647925749,0.005967511230993705
379,0.965533139892095,0.09355464117924794
380,-2.5163438548815247,2.208165433626906
381,0.41039698082464504,0.0034484252461299825
382,-1.969966251544009,1.084032363675869
383,2.6420622003776604,2.5207396949862977
384,-1.3887924471639483,0.3455946750522597
385,1.7359598489784718,0.728401130254333
386,1.1475997207119075,0.1761236041561911
387,-1.8131756677055282,0.837046737952057
388,-2.1875291615820553,1.4840298417936237
389,1.563481046857376,0.5168071167812232
390,2.80948828410485,2.9659322525561493
391,1.4906965357305086,0.44028865012519264
392,-1.4712345084461138,0.42109253581488404
393,-1.0863844443791715,0.14437879950977683
394,-2.4289407304885327,2.0022227045239847
395,2.8496447326517362,3.0774824732423016
396,-2.2815317498973506,1.6767673497509124
397,2.059695763046328,1.241064193967984
398,-0.041975931311123205,3.8795722845375025e-07
399,-0.15532128410924706,7.245851894666089e-05
400,1.2146890368400802,0.21593066144162848
401,0.4848795551654508,0.006646509604164796
402,-2.4731338473100095,2.1051678931781614
403,-1.4397259400432953,0.39113289074988383
404,-0.7470000080452621,0.03554100025631246
405,1.505730538383654,0.45548071900985343
406,2.896379017080166,3.2095838989828818
407,0.9628966316878635,0.09260953127012328
408,2.942809030935442,3.3432292208706893
409,-1.3752075442128515,0.334045145684165
410,1.0253632779324482,0.11683525738723632
411,0.7385285509500505,0.03402406411116865
412,-0.6517058532434734,0.02103357235376857
413,-2.8356315848482216,3.0383489694949772
414,-0.38046478806597595,0.00255713275555125
415,2.394001922342782,1.9225702664479274
416,-0.7914885789739046,0.04431096062233719
417,-0.6761171614467569,0.02424002782886403
418,-2.4849850295158964,2.13318771538785
419,-1.4006254732556798,0.3558583816406164
420,1.8294982406451687,0.861115273660639
421,2.198463939228108,1.5058443623716378
422,-0.9187670400553958,0.07775691281963215
423,-0.14867201644790917,6.0845507512952146e-05
424,-1.9441645580051994,1.0409766570763308
425,-2.6426965398402973,2.5223647913903813
426,-2.345029219179957,1.8135356707558676
427,-0.24178599841504678,0.0004230711274521015
428,0.8275363851919151,0.05246650972203071
429,1.2258706224326996,0.2230948150026657
430,-2.0526490321982833,1.2283246805137547
431,-1.5626343927952269,0.5158738313514968
432,2.0309346776974166,1.1895029128629178
433,0.6548086900843306,0.02142304222906688
434,-1.5474015310110267,0.49925670945544937
435,0.3334044617984411,0.0015163061383023368
436,-0.10189252509738544,1.3450181898133629e-05
437,-2.8996425956952097,3.218899849501615
438,-1.9086757150605769,0.9833009100236589
439,0.49893619074047546,0.00743459322734541
440,-0.538308772893926,0.010007203624025962
441,0.3038532060335988,0.001049320424714062
442,-0.984657009453942,0.10061063401568893
443,-2.227994995119643,1.565558356220837
444,1.2207818040016596,0.2198152524305701
445,1.0212524339974305,0.11512060412724412
446,0.48216568157359063,0.006501740346222196
447,2.5468676346560697,2.282303515050896
448,-1.2692929510765971,0.2523933668713998
449,1.1080024468659344,0.1551059764677507
450,2.564820874356042,2.326438473348673
451,0.1426728870280094,5.161829742372781e-05
452,-0.3918996204117837,0.0028745072340896627
453,0.18644485852222692,0.00015017552754104102
454,-0.24033130441124273,0.0004130291374757622
455,-2.922437817247979,3.284298688001049
456,1.3893881902391199,0.34610686931026785
457,1.03000667836106,0.11879298874187116
458,0.9893023295804055,0.10237842629489635
459,-2.2373303766064496,1.5846771568007383
460,-0.15050409266378661,6.389475809609468e-05
461,1.1653062312100761,0.1861087347721242
462,0.2956085937367572,0.0009407541069194059
463,-1.5840064686363706,0.5397457597775229
464,2.5727574770086488,2.3460734738946103
465,-2.1091132654116977,1.3323355201422737
466,-1.0766128048409083,0.13969930683671272
467,-2.389712540280057,1.9128979440111544
468,1.3199253938790694,0.2895918413825305
469,-0.8571491588058602,0.059917923560785735
470,-0.4990680101727989,0.007442293424740454
471,1.5519904763700465,0.5042279147752735
472,-2.3429207286202605,1.808910283830559
473,-0.31714287592080836,0.001243598245576294
474,-0.3047376582953314,0.0010614967685912413
475,0.49704787319452937,0.00732492876269264
476,-2.3902413159836,1.9140890412232023
477,-0.2305215232814639,0.0003498791223974784
478,2.024807533277338,1.1786676191378602
479,-0.25578697497996217,0.0005292987219701617
480,-0.8911126862446714,0.06934743094247886
481,2.6595198505568263,2.5656373021501078
482,-1.4207497427574511,0.3737517253981421
483,-2.66875420602015,2.589531369132052
484,-0.09254718984244281,9.156789373743202e-06
485,-2.4789905088953343,2.1189930985919556
486,-2.7261030084061595,2.7401543131111383
487,2.1046501265177033,1.3239540364357205
488,0.04242413535838807,4.047918383820459e-07
489,2.464955243575038,2.0859327271039785
490,-2.2207321020469326,1.5507642281268865
491,2.720450808934321,2.725139290945568
492,2.861752951217227,3.1114738051660784
493,-2.4121160966936497,1.9636739751020627
494,-1.8034805389001975,0.8229325812144006
495,-1.0651390510163838,0.1343373625321167
496,0.051636494312031544,8.882680425648104e-07
497,-1.8856877556459495,0.9469002681097118
498,2.720276075023725,2.724675701061316
499,-0.3441375492042731,0.0017191277543932015
500,-2.2887439850961417,1.692037499992231
501,1.2679970098251392,0.25148452840009333
502,-2.654340117118013,2.5522785605237464
503,-2.13874002256619,1.3886645517564462
504,1.0624821168681118,0.1331159832833353
505,-2.849301873653366,3.076522361641714
506,0.16563467517485053,9.365511957559747e-05
507,-0.4077056169584665,0.0033600684839566464
508,2.7591377503081187,2.8286481616198818
509,0.13605051214974484,4.269450571692257e-05
510,-2.212821110720348,1.5347300268713018
511,2.8243090938498856,3.00689099013382
512,-2.192351884875955,1.4936312065066475
513,0.9767303888129373,0.09764295653203214
514,-0.26580340924831036,0.0006166706927014376
515,0.3936799566009972,0.002926424420981677
516,-2.890701636460994,3.1934059154677428
517,-1.8514767654104443,0.8941299241706928
518,1.2800934584532015,0.2600510436165809
519,-1.1059286419213388,0.1540543320585409
520,-0.515755603774295,0.008465331393290088
521,0.8881396272757875,0.06848306450067898
522,-0.7353044753270472,0.033459121437075634
523,-1.6869474333086283,0.6639108901568465
524,-1.5034621206367556,0.45316809706759553
525,-2.362216169239457,1.8514518257963004
526,2.561071627566669,2.317189362198486
527,-2.840615723624915,3.052242505555039
528,-1.81432658225235,0.8387312402499422
529,1.9143443593822909,0.9923930552703847
530,-2.269932432446463,1.6523517678538224
531,-1.4555707273060268,0.4060265530350754
532,-2.616897131642741,2.4566546920685806
533,-1.560603774818521,0.5136395998161399
534,-2.233296985443623,1.5764025821271137
535,-1.7090011675169368,0.692499243806744
536,2.045720083040841,1.2158654433433391
537,-1.9506744232659037,1.0517507674771887
538,-0.5172228116026725,0.008559956155400172
539,-0.42237454568956334,0.0038626337147382728
540,2.017074701366939,1.165067797231119
541,-1.3861285975027344,0.34331028873973907
542,0.4333754450361207,0.00427443485974488
543,1.2504093637983749,0.2393608963917293
544,-2.6283580132037736,2.4857476276516484
545,-0.5036840304935186,0.007715649749717057
546,2.099444594974509,1.3142129777450626
547,0.08549202932154287,6.669352058619182e-06
548,-1.6801357825503722,0.6552229890493257
549,-0.40344861624586414,0.003223745926241195
550,2.7254936588214473,2.7385338030184303
551,-1.8780116983693609,0.9349139062496854
552,1.0789668895647964,0.1408170950727775
553,1.1818330108323298,0.19576270028477033
554,-2.803334560803351,2.9489989257556397
555,-2.4158088335344323,1.9721042474227048
556,-1.3495756388785252,0.3129289284176846
557,-0.4212341006823208,0.0038216884160199305
558,-2.554387605452445,2.3007425568504734
559,1.3389707594705555,0.3044485852132438
560,0.8521419825523133,0.058608651214227425
561,-1.918908133351103,0.9997463668867512
562,-0.320388257426794,0.001294846012755979
563,-2.5144778614620207,2.203670104312126
564,-1.5185088681805632,0.4686435232969961
565,1.544525080084938,0.49615591033433937
566,-1.55587731225215,0.5084619542192983
567,1.1396974046080661,0.1717854108278255
568,2.3886694523297898,1.9105493713812616
569,-0.4317651559601656,0.004212220920999932
570,1.999612282243044,1.1346648971891926
571,-0.901433096909174,0.07240723730691156
572,1.4103518327410676,0.36443742912905047
573,-0.8909235454428432,0.06929221500275429
574,1.9759373827498106,1.0941307552869934
575,-0.32824844832173383,0.0014254653933973849
576,1.456905861111962,0.4072974335275104
577,-1.7927439479072005,0.8074605394103692
578,-2.8655263350394797,3.1221003769010554
579,-2.154272474422751,1.418674815818855
580,0.9112276030293938,0.07539730945418532
581,-1.2696446414071163,0.25264037467968714
582,-2.552933409416794,2.2971715058819004
583,1.3614132414997204,0.3225717879677456
584,0.5242114956136694,0.00902135965034545
585,0.004481273450561041,5.040967643310523e-11
586,2.748583378697705,2.8002384254284944
587,2.6050621577164037,2.4267762637515813
588,2.4693023603835256,2.0961463207040483
589,-0.9986813840812099,0.10601269368725341
590,2.317025862342417,1.7525730869529872
591,-2.3570933486949626,1.8401106842161206
592,-1.3668180339191907,0.3270367833388725
593,1.4401251740533976,0.3915038953831469
594,0.30384293991990496,0.0010491797033035377
595,0.4308327505191718,0.004176504308169737
596,-2.9543354200761525,3.376775641158095
597,1.5240452448967137,0.47441803720893405
598,0.40023277762243925,0.0031235111910200564
599,1.890554387899364,0.9545433475065956
600,1.020674599776929,0.11488097770119676
601,2.67939192935018,2.6171807404522167
602,-0.17270164386309128,0.00011064701757590445
603,0.41205352577518717,0.0035036562632910773
604,-1.4058415248271539,0.3604431159475533
605,2.0944849227188875,1.3049666820414214
606,-2.50155452427051,2.172653978485825
607,-0.8128097411878388,0.04901648207957621
608,2.329343709057273,1.7792637899305976
609,-1.7414200269845594,0.7358006535654215
610,0.6611061076143656,0.022229494276797213
611,2.477374300772672,2.1151736398572036
612,1.3452953789189959,0.3094881932595981
613,2.205538439673589,1.520043277276989
614,-2.100152662902732,1.315535787987034
615,1.9649674258896415,1.075617100032514
616,0.9606513293216512,0.091809887427728
617,1.379449674641446,0.3376249483265022
618,-2.430125300119615,2.004950222415884
619,-2.214816075247122,1.5387655907202027
620,1.1627835844103007,0.18466365108188876
621,-2.9573043844606026,3.3854401673284955
622,-0.3591609616704141,0.0020360079619923255
623,-0.5655401309141386,0.01213164099630526
624,0.7338901814963812,0.03321343305617519
625,-0.6762185914794401,0.024254043220253152
626,-1.8123699001349245,0.8358685366894714
627,0.35595729500435835,0.0019650727320141836
628,-1.403477404001036,0.35836054122379074
629,-1.8766644022240775,0.9328187783431725
630,-2.714790793376932,2.7101405831760235
631,-1.4435393040545252,0.3946856074453478
632,1.7580390841142481,0.7585877842343176
633,-1.2940024788850593,0.2701330333078952
634,-2.477617841269848,2.1157489731121903
635,-2.1573784321850544,1.4247151781331067
636,2.4128821209995657,1.9654213427547778
637,-1.9807750960632795,1.10234923536107
638,0.7300746729853529,0.03255705977295076
639,2.9322890244759554,3.3127394302335635
640,-2.699258310372259,2.6691714778659867
641,-0.047221309146040724,6.212990912857208e-07
642,-0.8167292517070006,0.0499185164475725
643,0.26986958310989806,0.000655043520411347
644,0.3923397880596444,0.00288727918221543
645,1.3808409250834082,0.338804264448612
646,1.5559928785823205,0.5085881730047015
647,2.822153909926083,3.0009194983947824
648,-2.882535117330092,3.1701979190189475
649,-1.2440677503531572,0.23508512550418298
650,2.466702796724741,2.0900357979852897
651,-1.2437090267030146,0.23484476695810985
652,-0.8060056788786056,0.04747813503892884
653,0.02016467148214529,2.0665465227942548e-08
654,-0.6102270459175609,0.016305607199699534
655,-0.5017967082321984,0.007603008914038201
656,-1.2934468771285696,0.26972552462712696
657,-0.9006861990415973,0.07218268470213529
658,2.4659442707132353,2.08825439250065
659,-1.4645558678655823,0.4146270330114811
660,1.823933442436906,0.8528665355088217
661,0.4903233005975025,0.006944029634573079
662,0.22050594921532252,0.0002931426025158945
663,-0.9946025501476075,0.10442146307917577
664,1.4983101525522544,0.44794262281996994
665,-0.6392015380116804,0.019515792617345595
666,-1.1095103381774458,0.15587367381798556
667,-1.5208933119886083,0.47112521930275536
668,2.7566087975399203,2.8218291993331976
669,-1.1396106679465625,0.17173819583437633
670,1.90375085325927,0.9754389831247798
671,1.3041319393618567,0.27763257813853687
672,-1.6656753627988399,0.6370016067030224
673,1.9159202444459584,0.9949288189045731
674,-2.3659798507282686,1.8598054713336833
675,-1.5070188027553286,0.45679731267505763
676,2.088253969323839,1.2933983810951126
677,-2.972193062986722,3.4290366038152547
678,-1.622445717404011,0.5843267715310769
679,-0.38884320130908323,0.002786972072466143
680,2.1532947550427872,1.4167760898484134
681,-2.5407538483176086,2.26736304755741
682,-0.4917065990077787,0.007021165627074555
683,-0.3129719979334329,0.0011799696895552492
684,1.7050318354904004,0.6873018978150944
685,2.9191480268198617,3.274824843667861
686,2.100174131909193,1.3155759070919246
687,-2.7008874452953906,2.673455381025075
688,-2.945164208064813,3.350071853657967
689,1.346380420019254,0.31035811234340377
690,1.6152122038084,0.5757755331671819
691,-2.5319319930337567,2.245884930386637
692,-2.9948591885791913,3.4958722829048936
693,-1.4556957938123927,0.4061454956832242
694,2.444628573971336,2.0384872827039224
695,-1.8989878543930692,0.9678684090484139
696,-1.9601599292314347,1.0675572840097574
697,0.21284089942380024,0.0002545994870731816
698,-1.5814408271533018,0.5368455555144849
699,2.6138125517628765,2.4488513109412358
700,0.4847037664989351,0.0066370611911332755
701,-0.5918169421694559,0.014476877766542606
702,1.2802935121892904,0.26019429094337004
703,-2.068567792803986,1.2572016478781223
704,-0.8827112446370116,0.06692438621228225
705,-2.20602680778979,1.5210259342720387
706,-2.6805609405006576,2.620227297581028
707,-1.5511186936606711,0.5032812084661976
708,0.6009553306371069,0.015364846839438617
709,-1.9459093550963118,1.043858471889479
710,1.0649072067543477,0.13423048263098014
711,-1.4945285877023367,0.44413084262437486
712,-0.2585937131899394,0.0005527834921931207
713,1.0395136957236124,0.12287110059360162
714,-1.3444613650289294,0.30882059481814844
715,2.927523775563869,3.2989686266023694
716,-2.775430845413231,2.8727558556026964
717,0.7432861383008929,0.03487014760636853
718,0.09485789400722977,1.010538519174986e-05
719,1.3913116910650905,0.3477638946914895
720,1.1643811599543454,0.18557794078550527
721,-2.392314026782843,1.9187613653916449
722,-0.4812862411925094,0.006455328922840509
723,0.33569579414486395,0.0015580267970141115
724,2.5088505567131287,2.1901393189978973
725,-0.6706483494190478,0.023492973712028853
726,-2.010536922024217,1.1536350916245364
727,-2.8137621965184874,2.9777181199008402
728,-0.892008228098482,0.06960928538731492
729,1.4897924307006551,0.439385155811283
730,-1.6813811237224137,0.6568063490809037
731,-2.106998667942694,1.328361033024198
732,0.6537772976735892,0.021293007476904213
733,1.6977414492272356,0.6778153827160178
734,-1.5397511052620145,0.4910355245753425
735,-1.7330785895223815,0.7245138848364568
736,1.1645892725023996,0.18569726498157424
737,-1.3514220487808022,0.3144207077789064
738,2.3672210992915765,1.8625644500289391
739,1.629946139305499,0.5932729833293594
740,2.1529145354902406,1.4160380560029728
741,0.18646198901574085,0.00015023056797958123
742,-0.36544191110982016,0.002180572567565542
743,-2.9066094962655367,3.238826576967731
744,-1.9554889739059007,1.0597577312156314
745,-2.617886963338143,2.4591611729580967
746,1.3031057999346052,0.27686679929832236
747,-0.4796271983889584,0.006368438965208223
748,2.6561900481891083,2.557045980143701
749,2.6228379144436786,2.4717156138557472
750,-2.0776749751149315,1.2738802922235992
751,-2.523243076012908,2.2248232339605436
752,2.036039037037396,1.1985695615887026
753,-1.7246178133930539,0.7131684388008813
754,-1.527450616364981,0.4779914105095341
755,-0.580805705497756,0.013457270046838943
756,0.7861521984640238,0.04318545907870386
757,-0.11719434270637841,2.352572601671543e-05
758,2.359607525733484,1.8456724829082498
759,-2.2622441801874444,1.6362661717231715
760,-1.8296629367032906,0.8613600833827544
761,1.329624912732288,0.29709845748357006
762,-1.9218331835069031,1.0044749238790005
763,0.3368573247381317,0.0015794987619404122
764,-0.884188010585869,0.06734592700324782
765,0.3108708164034022,0.0011488487333529696
766,2.3439863670430983,1.8112472546284182
767,-2.346882717772547,1.8176064112805774
768,0.5971759084561183,0.014992935250107253
769,1.9405758382622453,1.0350628965672553
770,2.8158190126214526,2.983397428388016
771,2.4490214000083554,2.0486971202907345
772,-0.39317155132707926,0.0029115283575739115
773,-1.3944707668744794,0.3504962064025724
774,0.5542986203591354,0.011218341884893013
775,-0.031282937394797816,1.1969314628323957e-07
776,0.8020854753639446,0.04660753282782637
777,-0.6504685335409937,0.020879701481626767
778,0.5164477882517913,0.008509876399772964
779,-0.33049418676286013,0.0014645194205537004
780,-1.4006884307070147,0.35591349825955426
781,1.9168394471600791,0.9964095475196246
782,2.1095828868825848,1.3332190293922364
783,0.3892819069683764,0.002799413510044868
784,-0.9175260730825956,0.0773650359180651
785,0.5507734452356896,0.010942594969528652
786,-2.6765162862277343,2.6096933425531383
787,1.2240776566647353,0.2219356627861609
788,0.12254372312576178,2.811823217063747e-05
789,-1.2052112844675489,0.20997838031113986
790,2.2247943288470484,1.559030105789582
791,-0.6031008968805973,0.015578941713154437
792,-2.324553253836932,1.7688603165149026
793,-1.9308048240243645,1.0190542543147374
794,1.1134176665053097,0.1578748812462918
795,-0.2792195193881488,0.0007500120217466266
796,-2.7562509199211,2.8208648258750006
797,-1.3718664406367478,0.33124274764436457
798,2.1533521892514624,1.4168875908985794
799,2.393390675646655,1.9211905108255383
800,-2.7836768215360936,2.8951945294141503
801,-0.6093893035341478,0.01621892878753728
802,-2.3781395326686923,1.8869181917570672
803,-1.4881461059640366,0.43774288632834957
804,-2.421012725734342,1.984013580576166
805,2.2638475037283436,1.6396142672035057
806,2.8357469053380626,3.03867011503986
807,-2.2460162842990066,1.602569772493167
808,0.6854717863658428,0.025557402755770786
809,1.1864430461341282,0.19851376078870914
810,0.9300278191823979,0.0813763816966222
811,2.085620719737687,1.2885256251431088
812,2.1473767156510046,1.4053110088768945
813,1.4448292189985334,0.3958919039483614
814,0.30298100334425815,0.0010374148244116643
815,2.41713450999809,1.975134875190067
816,1.6556975873526216,0.624604713524013
817,-1.52387431386223,0.47423910572419203
818,-0.4623302998938472,0.005512960557025104
819,0.6859537132288178,0.025626637812246722
820,-0.8020080854279787,0.046590460966577485
821,-1.7944583506420984,0.809919927652647
822,-1.759388737638867,0.7604558877777541
823,2.1628647764090427,1.4354168039810686
824,1.8258612788222175,0.8557191300033689
825,-1.2568370826420951,0.24374634515719312
826,-2.8966775145615915,3.2104354743066414
827,1.0444597793397463,0.12503012088697807
828,-0.07880278598411383,4.8153397029793155e-06
829,1.4395081291905552,0.3909305738261779
830,1.725219150447149,0.713971381868789
831,1.0424704867097212,0.12415868458933177
832,-1.90238837051576,0.9732700673578957
833,2.597180063033395,2.406970005997567
834,2.570473401249658,2.3404149268384855
835,0.9450949115931451,0.08640056799513607
836,1.6579991165520838,0.627451506426983
837,2.3781212654028714,1.886877319219048
838,-0.5188626297778942,0.008666628393709797
839,2.303440322791805,1.7233639671304852
840,2.922656983658383,3.2849302622977516
841,2.7012846236307553,2.6745002525637465
842,-1.5901408870868323,0.5467182909011665
843,2.9458106401790216,3.3519510380314363
844,1.1881407445483383,0.19953329958653881
845,1.5330524387443418,0.48390530367320456
846,-0.1101215409438483,1.8345173028122552e-05
847,-2.598150551214991,2.4094046533358995
848,2.872634954600776,3.14216287538593
849,1.5686769066211328,0.522557010794248
850,-1.562610130315798,0.5158471013450432
851,-2.8032593064592626,2.9487921126818555
852,1.361077731318602,0.3222959063159801
853,-2.518779094413417,2.2140385375183733
854,-1.7585362039799421,0.7592755591852061
855,1.8558224837065147,0.900740030751049
856,-1.4355883901705107,0.3873008540213349
857,0.8108527318905101,0.04857044983472092
858,1.1838378891888137,0.19695598872321712
859,-2.551749816239938,2.294266863002756
860,-2.167087025867909,1.4436804631123556
861,-2.543388508005441,2.27379588516019
862,-1.3221579534008199,0.29130870861790836
863,-1.9362090272594679,1.027891619822431
864,2.4798551318941104,2.121037722829775
865,0.8585412073523551,0.0602855437125599
866,-1.5531275392049393,0.5054643247673283
867,-2.204382692489979,1.5177190438203416
868,-2.653736981320774,2.550725103246817
869,0.5094171929217701,0.00806533976246615
870,-0.6898416322930201,0.026190141119888155
871,-0.26093821038051024,0.0005729889725498705
872,0.7511087180601574,0.03629387427487185
873,-1.8035854367339381,0.8230845656859677
874,2.502223175365213,2.17425371390762
875,-1.3959849498164554,0.3518106371687102
876,-0.21234464418089427,0.0002522421409533182
877,0.15553339647206954,7.28543393593295e-05
878,2.553454488925075,2.2984508196787403
879,-2.0784696783880756,1.2753411354321638
880,2.1559679539568943,1.4219705047636322
881,-0.395262675649251,0.0029731587881998145
882,0.3712135523815294,0.002320000817025547
883,-1.087979879475373,0.14515277598761933
884,-0.6325528974542056,0.01874191792285229
885,0.5746357134723388,0.012909390996606596
886,-2.815653090633138,2.982939104816128
887,0.510904496676654,0.008157924716867715
888,-1.495980298261182,0.44559177749411627
889,-0.8349380233962913,0.05426379269049353
890,-2.0207659294771356,1.1715491587777673
891,2.565109906430143,2.3271521990461084
892,-2.1910548256967517,1.4910458686661274
893,-2.0981373588143617,1.311772616111338
894,-1.8011298586665228,0.8195308902942497
895,-0.9833911270797824,0.10013257466334968
896,2.297124616721371,1.7098669523346235
897,-1.9631810634723184,1.0726184257864857
898,2.7242951378272338,2.735347698075084
899,2.1938493295231316,1.496618771201999
