,data,labels
0,-0.4139919504497911,0.0035691128393450233
1,0.3196115215024431,0.00128244026382196
2,2.711350825817627,2.701043022358392
3,2.4804019124848526,2.122331204335164
4,2.591865935361729,2.3936585407221234
5,-1.9017135389029038,0.9721967952453671
6,-1.7725861532213163,0.7788616678345222
7,-1.0452047809016627,0.1253575505018968
8,-1.9228451470951058,1.006113675602231
9,-1.158089380853289,0.18199456353777332
10,1.96182513266909,1.0703453102828766
11,0.4185118476543801,0.0037252486485119807
12,-2.243043374744818,1.5964344385384517
13,-2.33191896837,1.7848687748031515
14,-1.6525655809580673,0.6207429632707364
15,-2.936004009293037,3.3234925179700148
16,1.1350336957411393,0.16925904876068232
17,-2.63564216584569,2.5043191776193225
18,1.798743481779848,0.8160856996565551
19,-1.5553110375166286,0.5078437572857271
20,-1.2951508607060593,0.27097658349780496
21,-0.34900617608385653,0.0018174836999821364
22,-2.169712486361604,1.4488311006776726
23,2.74742837196903,2.7971372057990007
24,0.5320803270749401,0.00956239917949886
25,-0.04437943107926312,4.847238479488425e-07
26,-2.880804816572699,3.1652902092744366
27,-1.7421236941749987,0.7367573855148871
28,0.2863218945488706,0.0008287328513856274
29,-2.4834584215535984,2.1295685931678636
30,1.0319525017634739,0.11962001248081933
31,0.06997613884606846,2.9947153882270428e-06
32,0.29103937999401275,0.0008843161626126417
33,1.1620283840252341,0.18423249895593896
34,2.3377290608908776,1.7975457690308114
35,1.6707283393031203,0.6433344798034603
36,1.171526592285331,0.18970419361683644
37,2.1545384294105734,1.4191915235690846
38,2.9657852521844488,3.410243725028987
39,0.4242585472680602,0.003930983654525044
40,1.5428056223352433,0.4943079563913317
41,1.603400803976399,0.5619739984447638
42,2.842982244030541,3.0588490870968004
43,1.2597996168768777,0.24578515371451037
44,-1.9556083403491078,1.0599566641639637
45,-1.572358168266822,0.5266541163878122
46,-1.1102824095640598,0.15626774045017222
47,0.5594898053818183,0.011633606963840415
48,1.7044349893005144,0.686522372183453
49,0.7670238207320805,0.03931796286105471
50,-2.981722896318921,3.45706888158344
51,-0.3181308012975328,0.0012590358334905183
52,-2.911260418011998,3.2521591094324696
53,2.63023709704707,2.4905324855916193
54,0.3041458371020691,0.001053337536907839
55,0.5850048817651063,0.01383971052923516
56,-1.9576633403381134,1.0633846388168766
57,-2.004441388545093,1.1430297705982073
58,-1.8119078273949165,0.8351933118129112
59,-0.8523904940244753,0.05867315173015131
60,2.7862891932370744,2.9023194057946307
61,-2.8970625585775966,3.2115341021267296
62,-1.125996145853412,0.16443454123500245
63,1.0647022794309482,0.13413605955922292
64,2.2090545035218874,1.5271251593035358
65,-1.4293725541856153,0.3815883384217419
66,1.7354180205508776,0.727669206902825
67,2.6226478036978307,2.471232999833535
68,-1.7892029129818392,0.8023942002239686
69,-1.9990865188892686,1.1337561601184227
70,-0.2294815016182472,0.00034363493889455476
71,1.378483209280474,0.3368072448822872
72,2.950163962702594,3.3646181587959503
73,-1.3730127083734236,0.33220250394543066
74,0.8022321469776843,0.04663990008988417
75,-1.9314004120721961,1.0200261682921403
76,-0.0686055242722805,2.7669782551864586e-06
77,2.546984790891919,2.282590257149368
78,0.25103906639530305,0.0004912760976881758
79,1.4756755740932777,0.4254262987722435
80,0.11210868551941999,1.9704154454069922e-05
81,0.7754492199195706,0.04098963577271986
82,-0.20988725733464797,0.0002408083335311284
83,-2.5807172853607927,2.365842138389974
84,-0.8795571769956738,0.06603026723254768
85,-0.36268187077341185,0.002116139935848471
86,-2.640419712145863,2.516534061668872
87,2.6231431155760774,2.472490485495038
88,0.8231265580297196,0.051415955359287446
89,-1.1374650347419843,0.17057299004305904
90,-2.101366314145702,1.3178047318074033
91,-2.94616576585898,3.3529835874618055
92,2.4847463531544456,2.1326216964624662
93,1.1444708850662462,0.17439727846850994
94,-0.5727606038190314,0.012746159805829382
95,-0.837080813626288,0.05479212580346804
96,2.8361498657696647,3.0397924005123373
97,-2.9226651839028506,3.284953894064425
98,2.4809187452320582,2.123554180461988
99,2.8916795064415695,3.196189849855316
100,-2.891167539087558,3.1947321782719387
101,-1.6409348689767058,0.6065261000445894
102,-2.751384588079838,2.807766108388386
103,-2.2600421880893755,1.6316734484961541
104,-2.366378396952335,1.860691122954663
105,1.0185069587646414,0.1139851098884378
106,0.8250492597331034,0.05187215270952383
107,2.3360370028970134,1.7938493820134949
108,2.9262456628857567,3.2952793500071365
109,2.7084654396835157,2.693422736719894
110,-0.17781143016408585,0.00012429773593458648
111,1.775422615794743,0.7828504082542572
112,-2.160573337606065,1.4309421770257913
113,1.2384567250247196,0.2313439575725017
114,-0.49569239594407577,0.00724694508285495
115,0.628806725543889,0.01831581248998093
116,-1.4973888034041558,0.44701206117348763
117,-0.4387710572409844,0.00448784799424673
118,2.243298138596204,1.5969597478365967
119,1.4346275600989067,0.38641434867348307
120,2.126416824310545,1.3650887641022917
121,-2.442718224045362,2.034054762067121
122,2.7293115413758358,2.748694198262626
123,1.8838585312121179,0.9440362266403045
124,-0.7563036981495088,0.037262029405655483
125,1.7433357941300756,0.7384070805646601
126,-0.2179402877886334,0.0002797878638328699
127,1.5675661587702496,0.5213245880616755
128,-1.1218693019091437,0.16226258121256254
129,2.0888552763453063,1.2945124252031794
130,-0.21194809004130732,0.0002503701560194749
131,-2.9496366407699988,3.3630826696419587
132,-2.356847730142608,1.839567767907364
133,-2.744520322129566,2.7893358219556146
134,0.8271605076331499,0.052376377485739534
135,-1.0640805893405416,0.13384988371723583
136,2.972640091592801,3.430349330564441
137,-1.4820445217690914,0.4316894423430185
138,-1.3986656702884523,0.35414535225119914
139,0.8368121799139088,0.05472569224610713
140,1.2849191890921556,0.2635207972391452
141,2.0097908537784406,1.1523342426929295
142,-1.3659735174003003,0.3263365331019595
143,-1.6336178601273743,0.5976819774856841
144,-1.8592398443206712,0.9059571064854924
145,1.413439281318472,0.3671876799271704
146,-1.4826097153386382,0.43224798649936563
147,-0.6429104056454578,0.01995741097978776
148,-2.821760541394468,2.999830135904532
149,-0.8441867476814124,0.05657019321269707
150,-1.097827854957762,0.14999246303873803
151,1.8267580181591212,0.8570478481942199
152,0.06334317575779025,2.0110319500776797e-06
153,-2.7502927635070606,2.8048309782057226
154,-0.03211255319033368,1.3290298050971927e-07
155,-0.07646783007419078,4.269744993012914e-06
156,2.866971844005567,3.1261754280355483
157,-1.8447170580645929,0.8839019470229432
158,1.1853212885215925,0.1978419990495322
159,0.6969402922452339,0.027241941635806732
160,-1.8715883475393906,0.9249485755748104
161,-1.3291129926554164,0.29669918188904304
162,1.4230851608871165,0.37586412714767176
163,0.795435788079117,0.04515677740542756
164,2.5111985082159753,2.1957802174516083
165,0.18278080052928924,0.00013874503984168118
166,1.5776883311158434,0.5326206780507706
167,0.29462156544737184,0.0009283417777643521
168,-2.875881450755679,3.1513441716184016
169,0.2838028226352076,0.0008001407947620942
170,1.0207354677884624,0.11490620338770008
171,0.0011403939696603693,2.113864638886298e-13
172,-0.8153238248086296,0.049593731141352904
173,-0.9589707169025701,0.09121449204016574
174,-1.4320588814323674,0.3840506153295671
175,-2.775503676076453,2.8729537001734196
176,1.5224751923563886,0.4727760511020225
177,0.5738511164571722,0.01284090623376144
178,0.5344664495389759,0.009731055987126314
179,-2.1791318096229313,1.4673866252576402
180,1.4812157245532545,0.430871203916607
181,2.416879390385854,1.9745514742671328
182,-1.9439841654082666,1.0406789560575633
183,-1.983497002415197,1.1069878265075817
184,-2.749301838481216,2.8021682804492962
185,-2.080885733024182,1.279787749886341
186,2.3987432769712367,1.9332889384051954
187,2.149468299550411,1.4093576180104388
188,0.4813883564736363,0.006460705392002941
189,2.1718167378382587,1.4529659579901089
190,2.705223479435448,2.684872280465208
191,1.4279841069523158,0.38031958496728957
192,1.4321526830000977,0.38413677295026966
193,-1.9015507228728716,0.971937945265867
194,-2.357003737754276,1.8399125988358607
195,-0.513221861122032,0.008303731902792877
196,-2.9522974829322575,3.370833797011163
197,2.9813197289666373,3.4558809418869636
198,-1.6223030920989747,0.5841574374472542
199,1.1377938101351628,0.1707511896618491
200,2.408002809543646,1.9543038869676095
201,1.6592335870695782,0.6289815879690825
202,2.259212363587592,1.6299443324957799
203,0.3987520180877544,0.003078141172317417
204,2.4992991323521716,2.1672620517244208
205,-2.5443405139302193,2.2761223971074056
206,-0.1914166548370897,0.00016679415670228792
207,-1.895000633184446,0.9615558344941705
208,1.4469034471518283,0.3978364962649085
209,-2.389277554616539,1.911918380594689
210,-0.6575673837031268,0.021773671654574334
211,2.4642265639314704,2.08422298556571
212,2.130354874234481,1.3726001932935277
213,-0.43265647962114073,0.004246574214773591
214,-0.9309150957327503,0.08166646542847467
215,0.007141129245645139,3.250677504951227e-10
216,2.2459678237559695,1.6024696682867299
217,1.290713937614968,0.2677268389364252
218,-0.05251219300630883,9.500600615108823e-07
219,-0.23144480121507494,0.000355493029669085
220,-2.858532417904696,3.1024167768092257
221,1.374506998061193,0.3334563082916964
222,-1.3965495248718942,0.3523015298836707
223,-1.2824957388305107,0.26177457413817373
224,-0.6566427275529461,0.02165568923922967
225,2.8629955699388514,3.1149714974779377
226,1.9444690133009876,1.0414792029641662
227,1.258946211171195,0.24519670407302635
228,0.4046917420726168,0.003263123586616068
229,-2.5756313249703062,2.3532020493695516
230,-2.9071157125102918,3.2402765552304036
231,-0.16219043497649732,8.612098337346108e-05
232,2.4847316439316858,2.132586815971559
233,2.8272034546003546,3.014918813367068
234,-1.6738577438142463,0.6472750310040675
235,2.4065349552536537,1.9509652848877124
236,0.6118138567286477,0.016470711293981255
237,-0.38739383051240184,0.002746159728757802
238,2.083968821616427,1.2854737191035064
239,0.8016910581611265,0.0465205725626433
240,2.2453076324590855,1.6011062310641786
241,-0.7084821001673571,0.029016476802023128
242,-2.805625354848574,2.9552975330043805
243,-1.538691018283009,0.4899029041318203
244,2.492293677060591,2.1505541771538565
245,-0.20931800458424465,0.00023821591659678454
246,0.8221786352751019,0.0511920912606878
247,2.128432442692481,1.3689307033597746
248,-0.39390938789185537,0.0029331651056062613
249,2.8387115112314785,3.046931117375536
250,-0.5254160657662768,0.009102690823064252
251,2.790303560195551,2.9132831810302604
252,2.7662010959736474,2.8477323128227203
253,2.4226009177763457,1.9876550221105254
254,-1.8794748702015254,0.9371921748088363
255,-2.057614711259281,1.237294760297913
256,-1.9807577909569503,1.1023197779568057
257,1.5990274364388988,0.5569145311126907
258,1.5499473098014862,0.5020108542678324
259,-2.5890951620956835,2.386731399619399
260,0.1943873660809876,0.00017735824471687422
261,-0.891005386244017,0.06931610303383129
262,-2.38275494493137,1.8972586895428647
263,0.5287174204236011,0.009328348448813473
264,2.582303225555428,2.3697900249749004
265,2.3147214331547197,1.7476016279776831
266,-1.7929530722209037,0.8077603104419464
267,0.1004605089888364,1.2710461248843785e-05
268,2.190517609490625,1.489975735445939
269,1.9983880373220693,1.1325494956201267
270,-1.09825692485592,0.15020577003304514
271,0.9580554775190846,0.09089137556467464
272,2.5469015512768856,2.2823865249065856
273,-2.9506256234205486,3.365962702444238
274,-0.15785711987889517,7.72974017438921e-05
275,-0.8667914077569625,0.06249696755704659
276,0.09894422632410738,1.1960890346940367e-05
277,2.305292592398035,1.7273322336086094
278,-1.300995924848555,0.275296554658274
279,-0.22365844301327797,0.00031019725317160685
280,-2.3606615412964786,1.8480065610367171
281,-2.248611981185585,1.6079362089101832
282,0.6046966242136462,0.015739571880735048
283,-0.38153933635894166,0.0025857951991148376
284,1.6185350669626084,0.5796943829004639
285,-2.6137054215703914,2.4485804962554862
286,1.6011477629871091,0.5593640721803654
287,-2.8350168666099043,3.036637349320831
288,0.7465934601036226,0.035467117495530553
289,-1.8705359356695073,0.9233214812922474
290,2.466730651044358,2.090101227727992
291,2.72358033044644,2.733448271132387
292,-0.5000720236548464,0.007501134962938805
293,-2.5850326985588374,2.3765915904382657
294,0.17200301521677996,0.00010887181304641835
295,-2.643422386473527,2.524224900999086
296,1.4168408283938394,0.37023281722136614
297,-2.7373000102196023,2.7700081013968947
298,0.3771515136477328,0.002470235453103764
299,2.2896633896765097,1.6939890105755646
