,data,labels
0,0.5644856165626466,0.01204373919040691
1,1.683671274590325,0.659723956056168
2,-2.529517290395546,2.240022510623077
3,-1.0710010333141768,0.1370589898463409
4,-2.7313286881543797,2.754069161005059
5,-1.1951582185632532,0.20378443041584737
6,2.581412668618931,2.3675727861284512
7,2.2420539176200096,1.5943950475405073
8,-2.939795780874178,3.3344835549698466
9,0.2690689186024242,0.0006473506384587768
10,-1.931472830867929,1.020144379761286
11,2.769178979540703,2.855795253287532
12,1.2803605178290107,0.26024228141287653
13,-0.8265406798035269,0.052227987383391516
14,0.6139707303047812,0.016697072567797955
15,1.2597097067107814,0.245723114445552
16,1.8240763658273504,0.8530778336128804
17,2.015797471199016,1.1628295770484962
18,1.8264299456024773,0.8565616015616142
19,1.323803421828468,0.2925782812843051
20,2.396919909210003,1.9291635180921503
21,2.169831479982718,1.4490647636302239
22,-0.17672598799638672,0.00012129809297423133
23,2.402671521389202,1.9421910184850417
24,-2.175389780101998,1.4600006974238253
25,-2.365319822765807,1.8583392006845705
26,0.32537944950898723,0.0013767052327784413
27,-1.4162784600619787,0.36972828056603935
28,-2.2489765940226683,1.6086907370466683
29,1.0129704090253862,0.11171867346502462
30,2.4095638876477015,1.9578575134107554
31,0.818664532166403,0.05036820989675317
32,-2.911714148913575,3.253461077419958
33,-0.7522309226777888,0.03650147165866002
34,2.2924401751139314,1.6998896758534734
35,-1.9329009781448288,1.022477113785988
36,-2.202247215373756,1.5134292605123285
37,-2.612059783839814,2.4444222032050176
38,2.788474550013344,2.9082856325632216
39,-1.1613340998541224,0.18383671748114938
40,-2.4346173701228055,2.0153093985670734
41,-1.8173071111905161,0.8431024815636308
42,-2.276064172266362,1.6652365412265246
43,-1.7541928231299657,0.753278484794088
44,-0.14535477257435492,5.560313085006818e-05
45,0.7601450025041494,0.03798967283427068
46,0.6305755539167555,0.018516121051207257
47,1.7889751004585879,0.8020688771639223
48,2.204279930297133,1.517512473383495
49,1.6756284872020917,0.6495110181377773
50,-0.8508532481487072,0.05827496491390194
51,-0.11831036230676828,2.4433663000977823e-05
52,0.4691776145389954,0.005840784672860977
53,0.9428768470543902,0.08564777349052755
54,0.7867321394246725,0.043306778833565596
55,2.928893327304176,3.3029238444194546
56,-0.7932326197108717,0.0446832760234086
57,0.294708970827652,0.00092943599094919
58,-1.1021658867430593,0.15215850948704623
59,2.1027428726234723,1.3203806859730778
60,1.500682145276202,0.4503438221500196
61,-1.0188466061731125,0.11412516565897735
62,1.093835357152975,0.14801744703202524
63,-2.4724671041092527,2.103596678589934
64,1.1144316059077077,0.15839700242404176
65,0.28941652478572966,0.0008648913241051659
66,0.4612797760219576,0.0054638919956557785
67,0.7199064535683855,0.03085329772556078
68,2.62189590308257,2.469324650330667
69,1.6859867482193138,0.6626815267506949
70,1.948499365390342,1.0481442617674013
71,2.648663841222487,2.537675526567287
72,-0.035036247844601576,1.88317866189891e-07
73,-1.2651463729299572,0.24949290362932902
74,-2.5247575827115534,2.2284877218746804
75,2.0163365728710883,1.1637740208359115
76,-0.856734433472929,0.05980870650401382
77,2.692409132440071,2.651195001110994
78,-2.4598891952356237,2.0740596437634173
79,-2.094438738204071,1.3048807396500695
80,-2.503337707578444,2.176921433772807
81,-0.6993580171169738,0.027607012016046206
82,0.4614264118265856,0.0054707217604672564
83,-1.0339770438429228,0.12048466605386965
84,2.5877068242258066,2.383263914164054
85,2.913360704546779,3.25818773767119
86,-1.5075798952631592,0.4573714744064592
87,1.9959741601577683,1.1283846766788848
88,2.2864654549739907,1.6872059045495464
89,-0.4270336922730671,0.004033285522340058
90,-2.412655568988222,1.9649044808819776
91,-0.2847905692725119,0.0008112628841967506
92,-0.4717917441311821,0.005969646637428716
93,0.6124754763030378,0.016539908869259157
94,-0.25677095692350127,0.000537445503688172
95,1.0738347645667785,0.13838797489865462
96,0.47280017919471007,0.00601991182835282
97,-2.7378985324743406,2.7716079742396165
98,1.5231353931280687,0.4734660750179714
99,-0.82181947422005,0.05110745132341821
100,1.2916021908711581,0.2683753896157718
101,-2.4933778681594765,2.153135995768008
102,1.1324953327288299,0.16789453179288194
103,1.1329486603244927,0.16813767819637293
104,-1.743048324538063,0.7380156358438869
105,0.9959221938946001,0.10493446856272515
106,2.4316376321950592,2.008434987532084
107,-0.9242347948026839,0.07950003949097106
108,2.85167406999331,3.083167949809503
109,0.41567194028688625,0.003626570091875614
110,-0.8911230952036719,0.069350470528175
111,1.2487127696481926,0.23821203662913026
112,0.4148832753303786,0.0035995125173422515
113,-2.898953276950145,3.2169311896508885
114,0.9904472949869443,0.10281741359876029
115,0.7709623703790625,0.04009323004155274
116,0.5220836454696292,0.008878992691286669
117,-1.0272034888835069,0.11760845541658871
118,-2.844170385993534,3.062168381000412
119,2.3637940768108194,1.8549518479861182
120,-0.14170019263363276,5.0227276346959115e-05
121,-1.2629244300336129,0.24794767873597906
122,-0.2557024799886687,0.0005286034750028312
123,1.412647242033258,0.3664809012889453
124,-0.13164603416361054,3.743584187998472e-05
125,-0.2470046571058635,0.00046060181574514303
126,-1.0283776613183235,0.11810363209838581
127,-2.644442300455541,2.5268396620888893
128,0.6767471533835399,0.024327173441127337
129,1.0118958908258033,0.11128242346527406
130,0.19401019550691068,0.00017599001353418853
131,0.561840278721589,0.011825277195726125
132,2.6604251228311044,2.5679752784157643
133,0.3852995976486313,0.0026879729600421953
134,0.22879827174249012,0.000339578437078325
135,2.5615520180070277,2.3183735003528803
136,1.0192906457305808,0.11430844613744084
137,1.3639794971633101,0.32468693889739336
138,2.595938537646247,2.4038570559489325
139,-2.1517018886034567,1.4136855318207089
140,-2.722366279644917,2.7302235811504243
141,-1.6746738907335106,0.6483050492333885
142,-1.5431977887096024,0.4947290600309839
143,-2.400273952381202,1.9367553882947484
144,2.202097239271197,1.5131282156494854
145,-2.045991946911849,1.2163530334388095
146,1.0287650501608505,0.11826731589843387
147,2.924716821962736,3.290868715520302
148,-2.3098410510504883,1.7370957203752144
149,1.1651368587834892,0.18601147546082186
150,2.3923022192160888,1.9187347332075149
151,-1.1872328754749495,0.19898765518372158
152,-1.1705719147194424,0.18914939706483636
153,-1.6006103306584756,0.5587425850485522
154,2.5411113968926458,2.268235550284501
155,2.909881633500267,3.2482041260634817
156,-0.16198741276016992,8.569152177029249e-05
157,-0.9303395218295094,0.08147820700550346
158,2.4889423472109273,2.142582718589588
159,-2.247326001046244,1.6052764125018735
160,-0.2592883437634308,0.0005587136695631711
161,0.7450719684995413,0.03519158853799875
162,1.717589590683315,0.7038226878097895
163,2.0537410955095288,1.2302944600727437
164,-0.7074921470531148,0.028861104063894638
165,-1.637672035944726,0.6025727658266786
166,1.6073034293977777,0.5665120365928225
167,-0.304727699994769,0.001061359089189362
168,1.7398146723118888,0.7336206343469527
169,-0.5399110810402985,0.01012403920562488
170,1.9983124131118037,1.1324188918926386
171,-1.933618290683213,1.0236498658583295
172,0.23751598616705571,0.000394101067031416
173,0.9303047617266973,0.08146684737332865
174,2.6793723653930517,2.6171297684797383
175,2.146013830837693,1.4026774227916037
176,2.3397395703410524,1.801942632546426
177,-2.8586887975477335,3.102856291111862
178,2.3365906623975388,1.7950584726441094
179,0.06060826904578809,1.6856666333886494e-06
180,1.6712958130690527,0.6440479941933133
181,-2.1889838238755908,1.4869225748227284
182,0.8823231077268301,0.06681390103093232
183,-1.9676193629871521,1.080077096995706
184,-1.080268806151468,0.14143788040321637
185,-1.1769966164530536,0.19290390828527937
186,-2.0205877172228286,1.1712358006274302
187,-1.6265400749879915,0.5892003329199309
188,1.0659943518472925,0.13473215558754326
189,-0.6660513013720974,0.022877984004663787
190,1.255591544473969,0.24289248034564626
191,2.6177866886660235,2.4589072013999216
192,-1.715368855595369,0.7008845257723209
193,-0.4832416746752428,0.006558857873664947
194,0.7625008413490577,0.038440916513104884
195,-2.376627047334894,1.8835354860252103
196,-0.2882119425298155,0.0008506798543456151
197,-1.8678553923628407,0.919184371831077
198,0.4071195931501732,0.0033410536784146405
199,0.8828822146197415,0.066973094345125
