,data,labels
0,2.2291303174539774,1.5678772979276492
1,0.7695788191089816,0.03981966016975136
2,1.4451567515277768,0.39619857053681434
3,0.7003564804746629,0.02775879954044047
4,-1.777021237722155,0.7851035733103975
5,-1.3758123464987917,0.3345540378656983
6,-2.2974768289933625,1.710618279158969
7,-0.8493020912524476,0.05787510965704934
8,-2.0282374994167425,1.1847267327003967
9,0.809049797956324,0.048162087728148006
10,-2.9474962705906087,3.3568533441466046
11,1.8910047557638219,0.9552523670361146
12,0.022782582573721122,3.3673189570038176e-08
13,2.5554914376513462,2.303454934315533
14,2.9492131177508583,3.3618496500487
15,-1.5700728601316556,0.5241083779372044
16,1.9099929678225518,0.985409609686832
17,-1.1227012238391842,0.16269886033363512
18,1.0364056624539124,0.12152752238415243
19,2.9214916621927083,3.2815727518156255
20,2.9400354422682673,3.335178782886323
21,2.03730144321072,1.2008175290459324
22,-1.618004411535697,0.5790674849510286
23,0.594552308086767,0.014738643828480114
24,-0.7643021702102826,0.03878851919587656
25,2.742055248048575,2.7827304262199655
26,-1.43599804950372,0.38767921124497373
27,0.42254658845024773,0.003868838569101918
28,-0.4112394456061885,0.003476432849428668
29,2.687997947167651,2.639646291678272
30,0.7856505973331886,0.04308072268532637
31,-0.25279114724183094,0.000505061512747762
32,0.11945043714807912,2.53880192492284e-05
33,-1.9278962133534971,1.0143150729100663
34,0.7951584406260674,0.04509697506702426
35,1.5328098922456768,0.4836483246780519
36,0.40699138941465574,0.003336904465455981
37,-2.6414130643789915,2.5190771842978443
38,-0.612893089648638,0.016583694874984678
39,-0.4141508152397293,0.003574517156153867
40,1.9746807478710622,1.0920013459561722
41,-1.4069691760234524,0.3614391576294234
42,-1.9642716534179752,1.0744486058008011
43,-2.868701136788071,3.131053567693177
44,2.7157552697555065,2.712693763884277
45,0.3640239818311679,0.002147292241626464
46,-1.5523901346438116,0.5046622822619031
47,-1.5844199550048246,0.5402140461783794
48,1.2415658247043888,0.23341209598701396
49,-1.8645059478230592,0.9140293813639406
50,2.101688153371211,1.3184067561903705
51,0.21912093402080268,0.0002858755888429654
52,-1.0971703763044265,0.14966600263716767
53,-1.4394965458126319,0.3909198162634827
54,1.2778492504732224,0.25844760467008
55,-2.7773956952005134,2.8780954951971394
56,-0.15743825062080674,7.648191580167385e-05
57,-1.5324553678665407,0.4832728546223018
58,0.8267275819791609,0.05227270140226781
59,1.7336973719323687,0.7253477015180985
60,2.1911333197179603,1.4912022610376663
61,-0.6123176046536791,0.01652337821218608
62,1.182639166666033,0.1962419391898501
63,0.4471370361128928,0.004834160630692752
64,-0.27406258005682105,0.0006964489726695167
65,2.293328717255373,1.70177995611004
66,-0.663465285112709,0.02253718541409
67,-1.8898733859164287,0.9534717892062644
68,-1.0268891125893005,0.11747611706676908
69,1.7038230389846243,0.6857236541613321
70,2.287759981378403,1.6899500982057134
71,1.5693885040450084,0.5233474839846657
72,-0.276610045319412,0.0007225388876376249
73,1.8650130862196974,0.9148088625212747
74,1.1459829347852004,0.175230126412111
75,2.069215267243602,1.2583836217951703
76,0.56235358082359,0.011867439478332908
77,-1.0779659187748984,0.14034106639017385
78,-2.1091938321352233,1.332487070582757
79,-1.5638178403416176,0.5171786557377831
80,-0.9760029069903444,0.09737365919861352
81,-2.283564069286843,1.6810633934949268
82,-0.08668375284455943,7.048831309530712e-06
83,0.928252064279468,0.08079797765872898
84,2.721700525802465,2.7284559694821313
85,2.251881793541849,1.6147090288368575
86,-2.283359917979797,1.6806316010497102
87,-0.2515965880349107,0.0004956318442587149
88,0.08587524712077421,6.789665643158749e-06
89,-1.6250752698711715,0.58745398878541
90,2.6053780058196763,2.427571479542356
91,1.190850039750245,0.20116752964255896
92,0.43708497980599414,0.004420332853646625
93,-0.49856371069537797,0.007412866530562057
94,0.5856657854178366,0.013900615703559271
95,-2.4681524240115245,2.093442250070659
96,0.29844375537048506,0.0009770951791745475
97,1.7494941612593866,0.7468215758107274
98,-1.3853697218840015,0.3426612714038359
99,0.28918965471987246,0.0008622013322646671
100,-2.306306750820421,1.7295068404790885
101,-2.4342209643266237,2.0143942271994693
102,-0.44597237317791816,0.004784806442414413
103,-2.8298428659163983,3.022247748449422
104,1.7636907282270151,0.7664280015322629
105,1.7942158731261904,0.809571825039704
106,-1.5970324025543656,0.5546156213387252
107,0.17206109777570777,0.00010901858214407145
108,-2.9145984477716924,3.261742823604695
109,-1.8805225286449623,0.9388253425479363
110,2.9272585048018325,3.2982027732857797
111,1.423254123651402,0.3760172454204256
112,-2.3719299350944567,1.8730489074394845
113,0.13155237024435884,3.7329568817634495e-05
114,2.6344031439156597,2.5011557495130172
115,-2.3356683967253566,1.7930446333099164
116,2.3601339704655997,1.8468380970797211
117,1.189205637141825,0.2001745816601011
118,0.1106918002891053,1.872774084432649e-05
119,1.520752491491928,0.4709784321017037
120,-2.8024682940741923,2.94661865089245
121,-1.8965181874195447,0.9639557491346818
122,2.7202922417013475,2.72471859169875
123,2.036168542687652,1.1988000699945252
124,2.6331657372889747,2.4979982609101348
125,0.6360777452954505,0.019149369021546736
126,2.012340508044961,1.1567830606032374
127,1.7060518027253302,0.6886352431909216
128,1.6982155591003147,0.6784299758810686
129,0.5797268798981818,0.013360272971713605
130,-2.5279940725377887,2.236328098669649
131,1.2997546776033575,0.2743754721566069
132,2.775244637855688,2.872250050135807
133,-2.939860603856646,3.334671592143123
134,-2.761216475946054,2.8342586435205397
135,-2.105633257959825,1.325797943000243
136,1.5001095302324936,0.44976343224952076
137,-1.6188084223538872,0.5800174734166744
138,-1.7913662659736989,0.8054872677678306
139,2.6966288022575995,2.6622635572062223
140,1.59421753032637,0.5513817001253172
141,-1.9726421640898901,1.088551643334828
142,-1.391643518762914,0.3480502591731496
143,-1.1381899551134727,0.1709660700144221
144,2.218614919774131,1.5464648795519884
145,-1.696321193979673,0.6759762367163146
146,-0.2026604449109426,0.00020942003417501187
147,2.8237801900772936,3.005425040335696
148,-2.6204772892708315,2.465725990394833
149,-2.2032865247615936,1.51551627970308
150,1.2787956903904432,0.2591230294634586
151,-0.8558167660120217,0.05956753922282465
152,-2.362771888505118,1.8526841258879732
153,2.5759619684739015,2.354022848234521
154,-1.6525747116384664,0.6207542008019256
155,-0.35384091176810895,0.0019192290850471583
156,-0.7891893135625763,0.043823494337369095
157,1.6882082620048866,0.6655263629342935
158,1.7465877203747482,0.7428435214078932
159,2.932020430306771,3.3119625698188098
160,1.6457483256790475,0.6123862099673981
161,-1.1724630667163414,0.19024946325047631
162,2.7596385917464046,2.8299994798812964
163,-0.8988257907004806,0.07162547749178794
164,2.9330190773441807,3.314851379225844
165,-2.253529135892275,1.6181265552164004
166,-1.5612361676243727,0.5143347737305217
167,-1.2531473336020211,0.2412225685061708
168,1.6517912991344996,0.6197904577601168
169,0.6857832628591445,0.02560213497248398
170,-1.6601677877484755,0.6301409571995346
171,2.577182275198604,2.3570533119109602
172,0.4173726153572863,0.003685428338187413
173,1.9066849069196206,0.980118662715253
174,-2.937411214006775,3.3275696698270276
175,0.5289725825788789,0.009345958464762827
176,2.4174480382964694,1.9758519559795733
177,-2.509462970808936,2.1916099773511735
178,-0.24714106846496353,0.0004616149912833878
179,-0.7025241561302824,0.028090397322369398
180,0.10735648821558907,1.657255094666965e-05
181,-1.5223721115540003,0.472668369459389
182,0.015753676987074083,7.698742532369351e-09
183,-0.053714998244991374,1.0401200221110685e-06
184,2.276170753172125,1.6654609391921689
185,1.6044778384061136,0.5632242090099318
186,0.6346700688442706,0.01898588803537249
187,1.7848578293048405,0.7962022102653534
188,2.288241508361276,1.690971420014413
189,1.0476575505217367,0.12643968170363307
190,-2.339793188224073,1.802059963022091
191,-2.015556261188953,1.1624071369102151
192,0.34035943173950844,0.0016455702760878044
193,-1.0535440752349237,0.12906270319511792
194,-1.116683675474666,0.15956084773168488
195,-2.5021928813009806,2.1741812240244847
196,-1.9851287500217325,1.1097736118695538
197,1.1427755324174438,0.17346662219797881
198,0.8488727587782741,0.05776477962760529
199,1.7587431377385707,0.7595619613645452
200,2.054702312953464,1.2320296021868398
201,2.6933292186779925,2.6536066962180653
202,-0.4485246497128341,0.004893451622379752
203,2.1514726994816495,1.413241131408864
204,0.07340732350868251,3.6264159537502394e-06
205,-1.8453009111158987,0.8847827707702575
206,2.4031611459130486,1.9433019621184937
207,1.800002297886257,0.8179020167350264
208,-0.9669271962163739,0.09405705752213611
209,0.6962446162458269,0.027137543271202658
210,-1.9662416478286977,1.0777588298751088
211,-0.6443919622319219,0.02013582786962187
212,-1.9906550701696157,1.119236249262673
213,-0.28411188630438877,0.0008036085814472349
214,1.4176965766852003,0.37100139468372645
215,-0.6002569815863916,0.015295626296746523
216,1.7135910261479967,0.6985374936328221
217,1.3808269207676807,0.33879238045060134
218,2.2020166944940147,1.5129665517289934
219,2.1985423240144506,1.5060013172499394
220,1.3713839590554198,0.33083929978568277
221,1.9187554832029496,0.9994999316002289
222,0.17212855346314715,0.00010918922197589165
223,2.578670867675588,2.3607524533284217
224,-0.03783914504244823,2.5619558574607737e-07
225,0.2334586736200226,0.00036797131182964016
226,-0.749846320681312,0.03606135283491585
227,2.63823401322189,2.5109424724483307
228,-0.8198030226851318,0.050634092785817764
229,2.410334026880795,1.9596117870047987
230,-0.4980084618145213,0.007380565579741316
231,2.8030609405342517,2.9482469966557536
232,0.2506282762816481,0.0004880850411683735
233,-2.730651131791292,2.7522631953735424
234,1.3106292224948275,0.2825131075058109
235,-1.8733569706820548,0.9276865551229209
236,-0.4305093574399095,0.004164168844453031
237,-2.056349133896006,1.235005347173503
238,1.4151343381919244,0.3687031518382926
239,-2.353025721654287,1.8311295628360853
240,2.0582567819790523,1.2384571088646403
241,-0.8964852087106379,0.07092873914613207
242,2.5564034698468987,2.305697127120171
243,-2.679317375857112,2.6169865010339373
244,2.544523185578801,2.276568935989932
245,-0.27548467031522783,0.0007109251367922731
246,1.609539027389716,0.5691214734589971
247,2.5656781732072567,2.3285557513743464
248,1.7350075767471402,0.7271150457543799
249,0.024964732172829684,4.854813462351615e-08
250,2.5403820447687826,2.2664559242524773
251,-2.5458559735003248,2.279828148618092
252,-0.6987317717763828,0.02751211478898119
253,-2.3192699935807757,1.757421088151471
254,-0.28979315430639874,0.0008693708043928661
255,0.9725982326077576,0.096120145030267
256,-0.6373503895734745,0.01929804393786083
257,-1.1747215811375755,0.1915687904331047
258,-0.9189320175267333,0.07780911405182578
259,0.4283216839338282,0.0040814277355791795
260,-1.489762354163858,0.4393551192884135
261,-1.3132749366628462,0.2845162358528556
262,-1.7874617902832797,0.7999097278405698
263,-0.15399811190677415,7.002557988489144e-05
264,-2.575387692612276,2.3525973337021284
265,2.693219422914799,2.653318851846272
266,2.8925186211779756,3.1985796048989434
267,2.2630322679173993,1.637911450337386
268,0.9376341559929378,0.08388658379466618
269,-1.9213257885073871,1.003653808728163
270,-2.484818408356511,2.1327925673302524
271,1.1562578784603499,0.18096020973474802
272,1.0108574968970139,0.11086195254034892
273,0.08001936124429143,5.119493384442286e-06
274,1.2667302751428915,0.25059823706666484
275,-0.39903980186177446,0.0030869203457849492
276,2.2330228148280256,1.5758409008854146
277,0.2148456389935407,0.0002642904853281669
278,-1.1184631108814496,0.16048450200477982
279,-2.263830911392196,1.6395796013686093
280,2.1838917191925757,1.4768089120953625
281,-0.49216413670583314,0.007046817032021702
282,1.0119568073293381,0.11130712398751486
283,2.0770668826737033,1.2727630715769345
284,0.054645953103928946,1.1141044612417161e-06
285,-1.9253499551344655,1.010176181464656
286,-2.305723380038442,1.7282557853592366
287,1.8961645877723168,0.9633962596969936
288,-0.5816543178802842,0.013533928594407163
289,0.6069687567055149,0.01597036460842871
290,0.8493276360410231,0.057881678846876006
291,-2.0311347705189835,1.1898576435819759
292,1.5937052949432964,0.5507944293293622
293,-2.462812918214296,2.080907953247885
294,-2.5197465521736273,2.216373784953378
295,-0.8800451363151498,0.06616804303337509
296,1.7004670209427024,0.6813530026003687
297,0.6983212392015936,0.027450032813337355
298,2.596487958497006,2.405234423715764
299,1.3883569669228475,0.3452205719272692
300,-2.277309070562845,1.6678585101988628
301,2.2951375613508187,1.7056312708007504
302,-1.3544972381783427,0.31691533973579467
303,1.7745441085197493,0.7816137754187227
304,0.9149398850062389,0.07655279260796599
305,-2.908839062696698,3.24521495592553
306,-1.3487516543538296,0.31226466631356004
307,-1.262175335162769,0.24742814070956748
308,-0.9259320749585784,0.08004662671036222
309,-2.635200793665759,2.503192072847872
310,-2.5518124032718115,2.2944204146138842
311,2.154415804678983,1.4189532715149928
312,0.8049815359630372,0.047249588317215374
313,0.4722051244047316,0.005990213957267065
314,2.1758707809313016,1.4609490267120278
315,0.20205683186620682,0.00020694457132963695
316,2.010562940317537,1.1536804713658968
317,-0.9612423233979559,0.0920198988969485
318,-0.3635709225746435,0.002136738321551479
319,-0.7584249535840284,0.03766260789000775
320,-1.8927544454347494,0.9580096784863896
321,1.5509376642942652,0.5030847564327432
322,2.0709505352372553,1.2615542431791473
323,2.8122241216162216,2.973474296177742
324,2.886199095920328,3.180601197964077
325,1.3054057581950733,0.2785850966513825
326,-2.2614547857509493,1.634618986164803
327,-2.559199941515762,2.312578412860238
328,1.1493374127512626,0.17708729060733563
329,2.0492837806192767,1.2222651325916534
330,-2.9415700170567516,3.3396318929673043
331,-1.2437191394629714,0.2348515406858533
332,0.48731286575127,0.0067783153552613
333,-0.2596752461021472,0.0005620372212050695
334,-2.536920406720708,2.2580183209746485
335,2.731989078795868,2.7558298832019896
336,2.9025456193850907,3.22719653030336
337,-2.007541672079505,1.1484172838697082
338,2.720571642759163,2.7254598981622777
339,-1.8112218128190194,0.8341914096513878
340,-1.2410415246001016,0.23306249073172453
341,-0.25020404104718263,0.0004848057995636701
342,-0.7843416991209118,0.04280827067093618
343,-0.05687513339019379,1.3072709673656036e-06
344,-0.08821553314443875,7.560093555181169e-06
345,-1.6582241065435512,0.6277302095700115
346,0.1515098531540806,6.561657461390258e-05
347,1.7746157127433673,0.7817145275265902
348,-0.24657127905938392,0.0004573939708457653
349,2.273882431503371,1.6606463320996632
350,-1.5027676431681771,0.45246153428914604
351,1.0938706042669555,0.14803480576233274
352,0.04308193672472438,4.3048354148034207e-07
353,-2.1147240868375268,1.342911075254531
354,-2.551813579184125,2.294423299653641
355,-1.8057999465608525,0.8262968324177168
356,-2.186049359623844,1.481090038478062
357,2.7545151319486028,2.8161894808189185
358,2.9922231845005314,3.4880706704822537
359,-2.2723696741775297,1.6574672836037
360,0.5968162294136659,0.014957886061381376
361,-1.1582992400009307,0.18211333441950628
362,-2.023528793114644,1.1764129069059974
363,2.1376148846753242,1.3865034290890903
364,-2.657672567531306,2.560869460163964
365,-0.4087276903404402,0.00339342323261016
366,-1.7527035735029777,0.7512284998259872
367,-0.6500030759800186,0.020822029410378362
368,-2.718059006697259,2.7187966261036154
369,-2.3224600526178873,1.7643238234901653
370,0.8584497057980469,0.06026133081766427
371,2.6428596616113413,2.5227827653545636
372,-0.9325448669558858,0.08220117266631832
373,-0.6151094493264861,0.01681748704662611
374,0.9329968836126339,0.08234990414702081
375,-0.5794371479863205,0.013334310270879945
376,-2.3283182369844972,1.7770342646125414
377,-2.700866454405781,2.6734001646345216
378,-2.9223596338597932,3.2840733989055853
379,2.3488540082265565,1.821940703781195
380,2.3949607780778077,1.924735628923022
381,-1.826978180123064,0.8573742440909403
382,2.192030284242901,1.4929899714605164
383,-0.3198826410568003,0.0012867604016334466
384,-2.1069423185867713,1.3282552057206556
385,-2.8148609566939875,2.9807514356912206
386,-0.9882082671223551,0.10196016438290623
387,0.1325995553338588,3.853066829428986e-05
388,2.2093487185632643,1.5277185029999392
389,-1.315634550129535,0.28631046267905746
390,-1.1591099102288165,0.18257262347000058
391,-1.8573917112353913,0.9031335915324594
392,-0.1087992040775827,1.7480606581465885e-05
393,2.499707934742588,2.1682389041002614
394,0.966486653428511,0.09389808508319153
395,-0.5500193011746957,0.010884253766029639
396,-1.3009410260837402,0.2752557741372433
397,-2.0993781550810118,1.3140888903531824
398,-1.7614428993458795,0.7633041805691746
399,1.5479910458893764,0.49989365509542816
400,1.3976645192044241,0.3532722790388126
401,1.4191567877929288,0.37231517749704524
402,-2.8292451477035954,3.0205873574344397
403,2.8222030244380605,3.001055524366121
404,2.9965136977865408,3.500772896509769
405,-1.1480133120924605,0.1763526540546292
406,-0.3193033854227436,0.0012775433938477798
407,2.9095908381494118,3.247370261269407
408,-2.693403642039094,2.653801815071958
409,2.0679460825940987,1.2560672537487982
410,2.8047192931808587,2.9528055774534274
411,-1.4567761325254767,0.4071738395884551
412,-1.9007649086460485,0.9706891660408498
413,-1.597562316717983,0.5552256935846422
414,1.4102378880105642,0.3643361781641248
415,2.0303229902293305,1.1884188414068388
416,-0.9928343464986331,0.10373679353176923
417,-0.7879819475635932,0.04356905434011249
418,-0.3348797754584458,0.0015430721744330578
419,-1.5349181348495062,0.48588480319498767
420,0.7319383407278295,0.03287648942326793
421,0.22684731404614267,0.00032819183980015154
422,0.5935823125811446,0.014645427312872106
423,-2.178485279957569,1.4661091702253735
424,2.7766512917449697,2.876071999261607
425,2.6711218732596462,2.595673885668695
426,0.41651057003536573,0.0036555064895813505
427,2.9277383826808716,3.2995882676612225
428,-2.2120717696116934,1.533215577866139
429,-2.4325403535651113,2.010516436329125
430,-1.3836317185451366,0.3411778027078207
431,-1.2249418993128736,0.2224938994022556
432,-1.3579119422031347,0.3197001670494955
433,-1.0950735159792042,0.148628049108526
434,-1.439419332107764,0.3908481120974266
435,-1.888497504805776,0.9513088620548571
436,0.7390080914041226,0.03410867176196364
437,-0.80392931659962,0.04701559035279512
438,-1.891788054657625,0.9564862152550061
439,-2.254516962162234,1.6201775902032367
440,0.14259885405124573,5.151142283421617e-05
441,2.245266375135788,1.6010210449761426
442,2.995583656391857,3.4980177707562863
443,-0.9479515010803965,0.08737682790565371
444,2.791038538143643,2.9152924917987004
445,-2.6503447935999045,2.541996057032482
446,-1.6887577695215097,0.6662311538362344
447,0.8817079506869012,0.06663905563972805
448,-1.7917541879278507,0.8060426161967946
449,2.4419156706099185,2.0321939865177088
450,1.6812292314272819,0.6566131092069936
451,2.601548046762435,2.417936770987987
452,2.1122370554681886,1.3382180654121891
453,2.2179067261484597,1.5450280904195035
454,-0.41573205382720424,0.003628638619503355
455,1.333975950226721,0.3005060241800777
456,-1.056518960860089,0.13040230339430137
457,-2.041782717499726,1.2088152917568706
458,-0.9651048431888256,0.09340065734881409
459,2.598669060120997,2.410705889877917
460,1.7682315182824277,0.772760644410832
461,-1.648685305561146,0.6159782161487818
462,1.2587150970975038,0.24503750230069882
463,1.8334460225822422,0.866994142440653
464,-2.7959811825475915,2.9288208458467975
465,2.9745618005118937,3.4359950367271996
466,1.6764289778807964,0.6505233152092196
467,-2.2322407780693654,1.5742393257740543
468,-1.4476964147028653,0.3985814776494923
469,-2.2179986584460387,1.5452145656179521
470,-1.671815062584135,0.6447012810418795
471,1.421409532829406,0.3743477517767479
472,1.213957438699703,0.21546728123477804
473,-2.228364704062865,1.5663133132757363
474,1.3050312515516609,0.27830483438111137
475,-0.05272661486545438,9.656691682957685e-07
476,1.011728620221569,0.11121461766793395
477,0.45445373447237714,0.005152853048031258
478,1.932525200437773,1.0218630376374789
479,2.106935530516754,1.3282424576324627
480,1.7581081802236618,0.7586833586586113
481,-0.8175415586403769,0.05010692111179993
482,1.476396653845807,0.4261325541628323
483,1.9604869787882109,1.0681045485345635
484,-2.668015350130587,2.5876158781706695
485,1.2999133264993512,0.2744930881412213
486,2.282869089322868,1.6795936921318853
487,0.5014041033223258,0.007579729699434656
488,-2.529362735109982,2.2396475232182107
489,-0.13683266677973815,4.3683256390036895e-05
490,-1.158507935932291,0.18223149827764995
491,2.387096281307171,1.9070099027724579
492,-1.911362633150945,0.9876048394388325
493,-2.5265690937440493,2.2328745199492146
494,-1.4074223391777199,0.3618399201135446
495,-1.1533359550523516,0.17931817426580765
496,2.4522816863392993,2.056290286187482
497,0.48705552484062364,0.006764285813755988
498,-1.4431071766958539,0.39428200702466154
499,0.7889352838230952,0.04376987261993748
