,data,labels
0,-1.6951231786362955,0.6744271450635678
1,-2.4930265649312147,2.152299267505641
2,0.5552409462445294,0.011292904745081156
3,-2.7585474720425767,2.8270559035857055
4,-2.07166378227942,1.26285867307523
5,0.7766922925417767,0.04124048807975378
6,1.7378075920687603,0.7309003277979541
7,1.9673590248193733,1.079638822898185
8,2.1350251244447858,1.3815356738966214
9,1.871295002092534,0.9244948855516766
10,1.999277337463326,1.134085928795503
11,0.986805357882365,0.10142555591940605
12,0.7628822183052186,0.038514324587417215
13,0.12191532853352571,2.7546605369632715e-05
14,-2.765542273093547,2.8459498503387204
15,1.2264702486890773,0.223483360531042
16,2.295249529908739,1.70586981005026
17,0.034600004704654186,1.7911336591680538e-07
18,-2.085070107093738,1.2875079415399215
19,2.3498011057487487,1.8240248727309751
20,-2.8677924211060457,3.128489766438588
21,-0.5843984083999025,0.01378399263640695
22,0.29766046666423085,0.0009669523352306975
23,-1.6164584105140587,0.577243399534864
24,0.925954378144664,0.08005382654470605
25,1.0774736246664869,0.14010734849419004
26,-0.3717450326856948,0.0023331641097724676
27,-1.313479808674361,0.284671730126334
28,0.17711095750801142,0.00012235569543361802
29,1.1626656637565755,0.18459628460418176
30,-0.7433294105434998,0.034877911470243994
31,-1.2498036080955732,0.23895028959867987
32,0.9853936567592259,0.10088955180239134
33,-0.3028117414345126,0.0010351160923695035
34,-1.518767877483627,0.4689127077689098
35,-1.808935820681078,0.8308576913895109
36,0.6943407759185365,0.026853311300176208
37,-1.7548396970530913,0.7541699200257603
38,0.9573012289579568,0.09062569232208273
39,1.5266795367840862,0.47718085336748345
40,2.27579367756033,1.6646671022498458
41,-1.2765659284582227,0.2575335955640553
42,1.5780980266994256,0.5330809692697248
43,-2.313675040721543,1.7453464710964912
44,0.5557264618213607,0.011331462890602273
45,-1.1532210054516543,0.17925378029411698
46,-0.6843320734707845,0.025394204692221423
47,-0.46745516420897903,0.005757004498226692
48,-0.021144531445107972,2.498445705878538e-08
49,0.6182528547818276,0.017153161789528193
50,2.895678119255125,3.207584715962582
51,0.456697096122447,0.005253595606328876
52,-1.6693334483747873,0.6415825864370024
53,-1.5743793070156005,0.5289117943248799
54,2.1096757023377712,1.3333936809922025
55,2.2177335969964034,1.5446769463946075
56,2.8220903888577658,3.0007435765306236
57,-1.1697049957015369,0.18864653703372225
58,2.999910771312811,3.510844288534898
59,-2.300129341545781,1.716281727140301
60,2.16024958807082,1.4303105460283922
61,-2.5309650861136883,2.24353661811557
62,-0.039177956106224876,2.9441912707817153e-07
63,-0.3815827441636328,0.002586958035678766
64,-1.7206290338914754,0.7078556087605712
65,-2.367868599644507,1.8640044604175394
66,2.5586195418074436,2.3111494433064506
67,2.3562542165815987,1.8382561825485075
68,2.942031497568263,3.340971548646352
69,-2.2848679894852806,1.6838225527100672
70,-2.0123329442859075,1.1567698493322036
71,-2.6044519102800905,2.425240171604096
72,0.0005930353844663117,1.5432100042289676e-14
73,1.772962651901901,0.7793904452284617
74,1.6542899067792067,0.6228672993917971
75,-2.293881517602077,1.7029565016467916
76,-1.2358130065789703,0.2295948762136208
77,-2.4546373244843025,2.0617847929402715
78,2.9900610351778774,3.4816771517372707
79,-0.45983260165876594,0.005396824293532165
80,2.361621139511498,1.8501327939517531
81,1.4440342121580194,0.39514816124369584
82,-2.4485240416771443,2.047539945897411
83,2.897222666343085,3.2119909785141996
84,1.59384698953445,0.5509568426159944
85,-1.0696054564254935,0.13640767876442228
86,-0.6410597464097361,0.019736156497756285
87,-1.1496612764490388,0.17726728744422082
88,-1.8212704193426903,0.8489349029473983
89,2.5689516319850005,2.336648402739246
90,1.0452220716493494,0.12536515675997473
91,0.3991554733608531,0.0030904542528368273
92,-0.46883873365458584,0.005824230997294566
93,2.5344472020380593,2.251998919617216
94,0.8774334304801439,0.06543297014700833
95,1.0327912906188716,0.11997773064330974
96,1.330096211085757,0.2974663550839392
97,-0.2491780320503345,0.00047694294409783566
98,2.712541155405141,2.7041894913100375
99,0.7132572288262304,0.02977438588423087
100,-0.2530104077293598,0.0005068067529914178
101,-1.7017464612251063,0.6830173388990732
102,1.096901527897427,0.14953264874288164
103,0.19076967919313503,0.00016455731154574327
104,-1.8311998222694172,0.8636464445786938
105,-0.7076807617814032,0.02889066084341274
106,2.941213033641911,3.3385957481845625
107,-2.1665219713328616,1.442573156690864
108,0.2931885242230883,0.0009105381949124913
109,-0.022629084664356647,3.277486393393758e-08
110,2.1227248425264627,1.3580659411622336
111,2.6238130140902367,2.474191671272793
112,-1.0567439578954918,0.1305040038065407
113,-2.6886996815265487,2.641481948796551
114,-0.7440569756626951,0.035008635817946
115,-2.6081720433041404,2.434611259783204
116,2.6393258037779077,2.513734851515163
117,0.3684811463035764,0.002253193901824213
118,-1.7817258366233497,0.7917558564283671
119,-0.6020817531586631,0.015476977965674155
120,1.6279384243849,0.5908703277747596
121,-1.5217103431124361,0.47197742180386043
122,-0.9729869647990865,0.09626269892248962
123,2.5248643058874203,2.2287460541126825
124,2.9957778364446215,3.4985929258638966
125,-1.3076704895686326,0.2802837972043366
126,0.8711499490758481,0.06368798911186668
127,2.858211794166275,3.1015157303823346
128,1.3776229668553048,0.33608047338364794
129,-0.29988670518539573,0.000995987090349204
130,-0.21353635164496465,0.00025793072196467204
131,-1.3218293313263314,0.2910555836734185
132,0.18914726274694083,0.00015904664426569237
133,1.9788350398444,1.099049430692563
134,-0.23737416461723893,0.0003931650262927189
135,0.46350218307356705,0.0055680798344222016
136,0.14053888866576258,4.8603507426858705e-05
137,2.2121227914133197,1.5333186711940812
138,1.373348168591086,0.33248371498664275
139,-0.6114165908015083,0.016429263197691557
140,-2.6840512896746,2.6293330019067
141,-1.7479739577051074,0.7447393449027209
142,-0.01250572325422894,3.0572711029464017e-09
143,0.171751368205038,0.000108237632012953
144,-1.186800313486719,0.19872802686854313
145,-0.5060978521913642,0.007861493209192716
146,2.1758793240815297,1.4609658729981116
147,2.7459823447198204,2.793256752710008
148,0.789705214246962,0.04393253669139385
149,1.2669756624317081,0.2507697669097381
150,-2.455017350808836,2.0626718496004726
151,1.5240215176061884,0.4743931968898645
152,2.8867084710263917,3.1820486709514233
153,1.6668564524169263,0.6384785607494023
154,-1.5546263879279913,0.5070969411180558
155,-1.9403071152635858,1.0346208109973354
156,-0.024152744488983302,4.2533756183793514e-08
157,-2.8077723153494922,2.9612060688289366
158,-1.1816072164215947,0.19562861083166594
159,0.19283594365494494,0.0001717807675166716
160,-2.7249609487365887,2.7371174605990727
161,-2.331077901817154,1.7830372723120813
162,-1.5267195549045454,0.4772228996280606
163,0.06553937598669801,2.304667963026752e-06
164,1.4052397423080158,0.359912277737222
165,-1.281128760048708,0.26079291956874867
166,-0.39357285573244205,0.002923281729901528
167,0.48942719857811934,0.006894394464866838
168,0.4455691564098583,0.00476780650989983
169,-2.4441345473325313,2.0373405716547563
170,-1.452419155389585,0.40303646068325855
171,1.7050350197792579,0.6873060581149814
172,-1.6148586398845655,0.5753594879950275
173,2.720215897350303,2.724516050710175
174,1.336992994435417,0.3028835285918681
175,1.1006712861517158,0.15140986319074945
176,0.8874230924596862,0.06827587914267619
177,-0.8970570139169531,0.07109851270902556
178,2.993991507638806,3.4933034268818637
179,0.08737052653982857,7.2747397569239425e-06
180,1.1802966771499452,0.19485154352611067
181,2.0931185100742162,1.3024252377867094
182,0.5454861659940544,0.01053834622701666
183,-2.717314064574796,2.716822516322036
184,0.39477909135724776,0.002958821379598353
185,1.5926789921674604,0.5496189182782086
186,-0.7621210619502481,0.03836791523588401
187,-1.751144509380062,0.7490858496826279
188,-0.835529970140505,0.054409383478985385
189,-2.218997007580943,1.5472403404994812
190,2.54885394600009,2.287167303049287
191,-2.5290098397265393,2.238791425439099
192,1.170795218150765,0.18927906957697982
193,1.1864960461923841,0.19854553713958023
194,2.157908914671374,1.4257481513916455
195,-0.43582709473056047,0.004370454187568429
196,-0.21792153353142574,0.0002796919502762174
197,1.2650702445421755,0.24943985734413843
198,-0.14755810714784046,5.9045626272680174e-05
199,-2.354219019979218,1.8337621049525803
200,-1.0267399435917337,0.11741335928260643
201,-2.938182760254376,3.3298060286875057
202,-0.5908806330920262,0.014388058705079754
203,-0.327568044257601,0.0014137872875125135
204,-0.7191298085018047,0.0307258534075896
205,-0.8977412358591934,0.07130203730845297
206,-0.6956486177142516,0.027048332553023524
207,2.920809204108858,3.2796071587053555
208,-0.3242475139227672,0.0013578126852896721
209,-2.3750522278038146,1.8800164702644135
210,-1.8804758773393278,0.9387525855738297
211,0.8248361493436551,0.05182144763413832
212,2.501180749063723,2.1717599678315076
213,-2.335897457874914,1.7935447037667729
214,-1.283961685901424,0.2628299645878396
215,1.419941326666911,0.3730222503380055
216,-2.027417373773763,1.1832764653276733
217,-1.6421974557771413,0.6080599982151962
218,-0.5344589821971883,0.009730524805249052
219,0.13868974470556417,4.6099504641961e-05
220,1.2967645289594154,0.2721647937367514
221,0.2000682949223931,0.0001989439104154167
222,-2.3370378219412578,1.7960352757950293
223,-1.539692568737122,0.4909729412622504
224,2.9073315639898016,3.2408949148799118
225,-0.7020144243076771,0.02801216683440222
226,-2.7859192318670027,2.9013099154410193
227,-0.31919116304983763,0.0012757634251973071
228,1.724175668262843,0.7125783924278646
229,2.3038991550631343,1.724346543937942
230,1.731697964082736,0.7226554717328557
231,0.6992782542748195,0.027594912195082366
232,1.5470720376078324,0.4989009210839391
233,0.5483906505089067,0.010759036276707379
234,1.1195200360451762,0.16103482155768567
235,-1.8144883560997693,0.8389681689024768
236,-2.214579785447775,1.5382873283253111
237,0.9959982750585112,0.10496409757214986
238,-0.7187875025616579,0.03066980253328644
239,-0.43167934665726015,0.004208924532205116
240,-1.6276201279173361,0.5904899512954448
241,-0.13826401256262466,4.5536957491099095e-05
242,0.4873047074408854,0.006777870257843377
243,1.6226329278125986,0.5845490843528116
244,0.6831054716968632,0.02521940548222923
245,0.29138743886348184,0.0008885242222494982
246,2.2306547581427507,1.570993727620348
247,-2.2822855065715104,1.6783600559177152
248,-2.7266143915932712,2.741514621849009
249,-1.6343479710277553,0.5985610058149389
250,0.23816646990265244,0.0003984156744188949
251,-2.2199333914966415,1.5491415891303995
252,-2.9217429232713235,3.2822965553266026
253,-2.7293210924051183,2.7487196372060105
254,0.8966507684646823,0.07097786594552036
255,-1.5647851073644468,0.518246610490946
256,-0.9585777908468787,0.09107567591813415
257,1.7817611223076524,0.7918058710555474
258,1.3206968680730586,0.29018437600457153
259,-0.3491263676993914,0.001819963436951455
260,1.3589851903379353,0.3205786592579211
261,-0.2667841895042713,0.0006257687742976525
262,2.7922195435355945,2.9185224570523447
263,2.216477300137827,1.5421300987033018
264,1.5453562703592327,0.4970507215260846
265,-1.9216742248420549,1.004217642291912
266,2.247647441430397,1.605941043322024
267,0.2646077580626587,0.0006057132155733447
268,-0.5359748701822742,0.009838791987252682
269,-2.887068254826019,3.183071229818155
270,0.8215666560534749,0.05104793161224275
271,1.1989816975921164,0.2061257156143283
272,1.2021477543355923,0.20807785393754363
273,-0.24810204910152178,0.0004687997343005845
274,1.4575561483731985,0.4079173219412157
275,-0.7882676675616804,0.04362917173348679
276,0.7362821858789066,0.0336297266446417
277,-1.34551917379333,0.3096674902244039
278,0.8721955681858224,0.06397607164676544
279,0.9747838635966604,0.09692354814449089
280,0.39446660082150675,0.002949583858424365
281,0.8013579383340517,0.046447216797431135
282,-1.2038673573441363,0.2091432394923634
283,2.7229274382840805,2.7317138855304313
284,-2.954044233475971,3.37592637319085
285,-2.0042938058294753,1.1427736455607769
286,-2.561197651994942,2.3174999790435353
287,-2.0835660300580883,1.2847301272482363
288,0.893348200623989,0.07000238284978655
289,-2.0768631360834586,1.2723888516163924
290,-1.2985457460309255,0.2734802896597036
291,-0.6783499296452531,0.024549901266554208
292,-0.5524157994701824,0.011070439505967422
293,2.7026356448396394,2.678055807738538
294,1.93072778751975,1.0189285786922795
295,-2.800418406822391,2.9409894886368404
296,1.458562913689768,0.4088781826123903
297,-1.7700333981361995,0.7752818284927779
298,-0.07288193196399595,3.5237502908902485e-06
299,2.669522985479918,2.5915251175396756
300,-0.16052803468246157,8.265142183105922e-05
301,1.4366099130974712,0.3882447531825294
302,-2.9104237560789366,3.2497589297812834
303,-0.19702358379484242,0.0001871447506870405
304,0.5249775920970841,0.009073023663776714
305,0.4058329621159489,0.0032995854710828887
306,1.3957031066039418,0.3515657391364277
307,2.8859074187442246,3.1797724795039555
308,1.7678734503690912,0.7722601959545274
309,0.42317443413892786,0.003891544797571811
310,0.26306519692796115,0.0005917917609347123
311,2.1377370620201503,1.3867380192262595
312,-1.4694849528031142,0.4193928062300736
313,2.9189655193213238,3.274299614214778
314,2.8612038935918456,3.109928882150305
315,-2.77196080955786,2.863336524009546
316,-1.6392133422213284,0.6044383422905955
317,-0.014216780857304379,5.106231104612391e-09
318,2.2813686449263333,1.6764228030432455
319,-1.7092525898142557,0.6928292171626655
320,1.290496242077106,0.2675680456146988
321,-0.6143444915382239,0.016736526873153523
322,2.619609593927321,2.46352604919854
323,2.336826663357095,1.7955739756722848
324,-2.776255389487786,2.8749960844431466
325,-0.9209326862667133,0.07844410141486569
326,-0.812773771997358,0.04900825806093312
327,-2.722380449447537,2.7302612083027022
328,1.222644215229816,0.22101180051132813
329,2.121256138076232,1.3552773824016326
330,2.086253105087665,1.2896949636153856
331,1.7827820150101044,0.7932536834080747
332,-0.9556335357356076,0.0900401611950562
333,1.472225197623657,0.42205690369703924
334,-2.019899570082559,1.1700262198117417
335,1.565802696236334,0.5193715652777522
336,-1.7090364207688231,0.6925455056092094
337,-0.24588976964467513,0.0004523832269651695
338,-1.7958239303193555,0.8118819496407154
339,2.666356423215465,2.583317429690544
340,-0.9711702766391777,0.09559774510640051
341,2.878249193074576,3.158047716552882
342,-0.5860676879896753,0.013937748136832462
343,-1.8949767692355983,0.9615181214935578
344,-1.4790636601407219,0.42875104216214455
345,-0.748540541906185,0.03582196357659173
346,-1.2855153271748496,0.26395150229435504
347,-2.939675406745379,3.3341343884528354
348,2.7656271475554544,2.846179452517639
349,0.5033780789335962,0.007697307013090571
350,2.355659811840365,1.836943080956198
351,1.7253283976281102,0.714117311712952
352,-1.9022037120039659,0.9729763163440702
353,-2.469705468281016,2.0970946159749135
354,0.09200510652676641,8.944277117284294e-06
355,-2.93186321062551,3.3115078770445785
356,0.935903420428879,0.08331074744414135
357,2.3659199041872974,1.859672275387567
358,2.6165348811300877,2.455737682220802
359,-2.0533639227968674,1.22961395753739
360,-0.3989367684198406,0.003083775066050287
361,1.8579592325828491,0.9040001093982
362,1.5527661892414741,0.5050712036458004
363,-0.8797091451175447,0.06607315397172098
364,-1.4353003356282823,0.38703494829003315
365,-2.496677992079592,2.1610036037773153
366,-2.6727074774941126,2.5997911477548343
367,-2.194016890017166,1.496953260041447
368,-1.3586177623058624,0.3202777329536277
369,-1.6636454272748578,0.6344678732167239
370,0.7513308728449144,0.03633490366336256
371,1.3242506341244322,0.29292394546219397
372,-2.8198025576548833,2.994410458008174
373,2.2011840939611904,1.5112959230792555
374,2.109322588209266,1.3327292863446971
375,1.2672122304406193,0.250935204397791
376,-2.1882999899825006,1.4855623520330727
377,-0.4233880196632276,0.0038992915783814253
378,0.28748976693698847,0.000842243576304802
379,-2.144851275907784,1.4004329436073495
380,-0.255623202047198,0.0005279517749020579
381,2.8746105553632617,3.147748597291715
382,-2.8149128561113734,2.980894746724552
383,-2.436639779373288,2.0199815478961405
384,-2.4396931984405548,2.0270452395818284
385,0.01445046683156015,5.450325080147422e-09
386,-1.779028843033596,0.787938407343491
387,-2.071933914042267,1.2633528905614753
388,-0.5427032304851163,0.010330015479597776
389,-0.8108327405793623,0.04856590841682673
390,1.8150257506524294,0.8397554901629414
391,-2.5304143374651744,2.242199532896763
392,-0.39192893299460785,0.002875356468350687
393,-2.5337454026836257,2.2502922047956075
394,1.7763330481201454,0.7841331572304091
395,1.6067136344874857,0.5658248114343627
396,0.9231122244765135,0.07913996276562674
397,0.23670422281118197,0.00038876574025836774
398,-1.7706425296964667,0.7761351845992026
399,0.14512263860387353,5.52494041703433e-05
400,0.19352950299330463,0.00017425770034862342
401,1.5994207692307914,0.557368448146689
402,2.660653104376693,2.5685642206084367
403,1.350906206293505,0.3140034837316044
404,-0.3986726449221072,0.0030757230574823824
405,-0.5833486924326792,0.01368793973630178
406,-1.0566447254143356,0.13045914329638697
407,-0.28459026932131914,0.0008089982428715059
408,0.1619425795283309,8.559690056142433e-05
409,-1.786688526594133,0.7988077332938611
410,-0.563121719433028,0.011930738770019711
411,-0.982275734351032,0.09971264872708407
412,1.8600943215691537,0.907264206240277
413,-0.3434217212138484,0.0017050072232650537
414,-1.446370620294391,0.39733640206994264
415,-0.8834676090194264,0.0671400574126767
416,2.109215399681907,1.332527641837064
417,2.903445204263244,3.2297693927637057
418,2.8687905641504052,3.1313059231170857
419,1.1585049639956795,0.18222981520484027
420,-1.447457878592262,0.39835728494607775
421,2.2406335233937256,1.5914697127103943
422,-0.54952983776107,0.010846510380073449
423,2.2082797513847545,1.5255632702411803
424,-0.8659033684279298,0.06225623590006013
425,2.32522146835828,1.7703097006215052
426,0.04681721283889928,6.003072624549688e-07
427,-1.4220108869791295,0.37489150971446167
428,-1.837732285108634,0.8734024693070408
429,-0.867345037877155,0.06264737768468587
430,2.5223458906523177,2.2226537340894583
431,0.4346325839757039,0.004323474238438263
432,-1.1770551879433215,0.1929383627752096
433,1.0117084174333701,0.11120643006735453
434,-1.2269061440854658,0.22376609113715323
435,-0.08762405405185891,7.3594915444008535e-06
436,-2.119212610715839,1.3514023477558532
437,-0.3986367468371075,0.0030746298790100823
438,-1.9109686703196793,0.9869731416046869
439,0.27285078480117164,0.0006842878622339565
440,2.090170016279977,1.2969499870783194
441,-2.0075809793305,1.148485676635683
442,2.218398958147393,1.5460266638545412
443,0.45649845295293545,0.0052446170596048836
444,0.12913610698554123,3.466526716333629e-05
445,1.9674448969711298,1.079783376352447
446,-0.06669389952231697,2.47134031450269e-06
447,2.7251379143959635,2.737587931461213
448,1.3198295882241968,0.28951831182481763
449,0.33420059278028624,0.001530706798822945
450,-1.1377503005001943,0.1707275998335419
451,1.3963606905926493,0.35213729206289446
452,1.159469531456451,0.18277661590294225
453,-0.01627465233906067,8.768750614507326e-09
454,0.3457002733773171,0.00175025585047206
455,0.3396937188279958,0.001632855656931942
456,-1.4432383062277727,0.394404452747055
457,1.5395519335307872,0.4908226034364109
458,0.18487678855303447,0.00014520082980151727
459,1.2005188392574055,0.20707197109911613
460,-2.480001282893535,2.121383426030297
461,1.1596758491300845,0.1828937166935044
462,2.5325423683464123,2.247367926701459
463,1.6970005051201076,0.6768555404413148
464,1.3953157814806891,0.35122936217682793
465,1.682580236762652,0.6583330504601417
466,-1.980847550455694,1.1024725745472659
467,2.6793406193170695,2.6170470581441787
468,-1.5106043940539682,0.46047406027065824
469,0.5228651310444681,0.008931086352639062
470,2.7378255219917618,2.771412792309916
471,-0.8648512445355152,0.0619718688729195
472,-0.3074849390526353,0.001099990084872715
473,-1.224799597469227,0.2224019194787944
474,2.5959380192760104,2.4038557565940164
475,-2.9773679741067864,3.4442464309325254
476,1.0023410566752569,0.10745453660386417
477,0.9947385670897915,0.10447425902883722
478,-1.6852672297132327,0.6617616512104324
479,-0.8903574363610005,0.06912713467526399
480,2.892908652965944,3.19969066174284
481,-2.797424060874529,2.9327753404166956
482,-0.6317443337063118,0.018649346517936483
483,1.9753416847866196,1.093121047343248
484,1.4192393438392443,0.3723895421749556
485,1.7879327934824616,0.800581387740164
486,2.0961292997969947,1.3080285336575042
487,-2.1399361068113176,1.3909638376062303
488,-1.935385243271433,1.0265418221166136
489,0.9478846246130206,0.08735388526135601
490,-2.250347385765472,1.611529021386529
491,-1.2515595482214226,0.24014181033960208
492,0.04117329199138897,3.591283457282657e-07
493,-1.1890360339457589,0.20007235461879336
494,1.1479688872834526,0.17632804172633965
495,-0.3456160582854082,0.0017485677719283332
496,2.5211169523683,2.2196836140647935
497,-1.8098900447756676,0.8322483432411114
498,-0.395977553683307,0.0029944477635943656
499,-2.988347293037669,3.4766132048397402
500,0.2464709044680502,0.00045665338661460275
501,0.0008834506627839467,7.616129948928574e-14
502,-1.4948877064145516,0.4444919677648802
503,2.4955818448058507,2.158388862638363
504,-2.0751944681217296,1.269326182041398
505,1.3977953763503006,0.35338631815271865
506,-0.10047942765640716,1.2720030409529848e-05
507,0.08129760183738632,5.454346028721524e-06
508,-1.926987532605706,1.012836971283604
509,-0.2824596855068098,0.0007851997289852752
510,0.9330025333171532,0.08235176430903335
511,-2.8509121861468114,3.081032882106536
512,-1.7847646590074848,0.7960697359526416
513,1.4777516065733955,0.42746161554071355
514,-0.31301308882409407,0.0011805844764586348
515,-1.9904784070687895,1.1189330857950368
516,-2.451763417174859,2.055082356781325
517,-1.6498231211978551,0.6173731368208331
518,1.0889447641772758,0.14562222072303033
519,1.0812581589862758,0.14191086667839836
520,1.8573555904033991,0.9030784562348011
521,2.892789122883838,3.1993501466021095
522,2.1283775094580104,1.3688259223614576
523,2.613505515799572,2.448075190518364
524,-1.702466360839829,0.6839548474009056
525,2.5632194480156745,2.322485795917916
526,-2.4091814966974483,1.956986756700725
527,2.9369855998137595,3.326336290157877
528,-0.8105900318581454,0.04851079639248379
529,-1.9476911955867415,1.0468059301538553
530,-0.9159210715495436,0.07686024934042546
531,-0.39041235251634365,0.00283166181516159
532,-2.8604774206543118,3.1078852717639887
533,-1.4123885046967544,0.3662502020963219
534,1.0913912818655582,0.14681712723537488
535,0.04087540753482655,3.4884898825193744e-07
536,-1.7042939524200567,0.6863382427288077
537,-1.8923719581145837,0.957406547974287
538,0.7689723037424758,0.03970015447608255
539,-1.681910978984692,0.6574807005494614
540,2.467721272536905,2.0924288225020207
541,-1.0853073473947104,0.14385786223177632
542,0.5542284825285506,0.011212806555516042
543,-0.9776349440943681,0.09797851957451387
544,-0.5287310573105239,0.00932928898324581
545,-1.9572488627806206,1.0626927611597148
546,0.9582040226050061,0.090943763966574
547,-1.7029382046851258,0.6845697251111992
548,-2.08649689216601,1.2901458956978524
549,1.856590988265392,0.9019117975589844
550,1.332648812149091,0.2994640137419341
551,-2.5639900630665866,2.3243874589732645
552,-2.484972475096122,2.1331579409355035
553,-1.6022192523794474,0.5606043793487243
554,2.1461507394596167,1.4029418655725994
555,-1.4119595939834138,0.3658679719885273
556,1.475156885166717,0.4249187223349503
557,2.699309306712374,2.669305528796295
558,0.7360006411198761,0.03358053488092705
559,0.8672852810402474,0.06263113071564896
560,1.6615505470119345,0.631859311229169
561,1.352708785496576,0.31546299142478657
562,2.806557651695104,2.9578626155307117
563,-1.3813014335565466,0.33919519727681247
564,-0.15277458073090244,6.783075427907459e-05
565,1.2781668618460484,0.25867413950785717
566,2.367181048014496,1.8624753954838913
567,0.25879087880501883,0.0005544619331073752
568,2.2065701681865377,1.5221196179308136
569,-1.8292128693607281,0.8606911807430105
570,-1.7893524154286082,0.8026077348971418
571,0.9197108424122753,0.07805587553107918
572,1.9122694063111485,0.9890596421285425
573,0.6078185491862138,0.016057311412174702
574,-2.7748859973932056,2.871275967645616
575,-2.6995399705029737,2.6699118982873826
576,-0.8350823272633479,0.05429925918349221
577,-2.4889338007238173,2.1425624076731418
578,-2.718077495259645,2.7188456292997203
579,-0.44408262166526224,0.004705517711906526
580,1.0746219576774587,0.1387587054752285
581,1.9781768652977716,1.097931161012748
582,-0.5899780527733984,0.014302815455082163
583,1.5584864727314036,0.5113162485590699
584,0.6883439868862196,0.025972030881092234
585,2.8677144005165287,3.1282696864123354
586,2.812669203695717,2.974702081822792
587,0.15523899536002883,7.230539505909128e-05
588,2.9202595042157524,3.2780243058014698
589,-2.1209423235798894,1.3546819406921229
590,-0.32995767196442705,0.0014551178713176904
591,-1.4887894591214625,0.4383842025481669
592,2.340468108005175,1.8035371876803183
593,-2.947237512244439,3.3561005961512094
594,-2.0269046188787567,1.1823702141704382
595,2.7086862325060075,2.6940055074472573
596,1.3735072640439379,0.33261713512555163
597,0.08948027202113495,8.002760933600861e-06
598,2.4799486342904586,2.1212588888327253
599,-2.0886490155883553,1.294130228801825
600,2.5146667689850073,2.204125003745764
601,0.07608866178131457,4.18572643656745e-06
602,0.0168805506249603,1.0149293738770382e-08
603,-2.645032206895757,2.528352570706087
604,1.5218575802921714,0.47213109754198634
605,-1.5283664870842617,0.47895526503339136
606,2.925678290134453,3.293642204870677
607,0.1123705318534074,1.988869357916201e-05
608,-0.9418483131394941,0.08530024843699013
609,0.393638186483928,0.002925198451254163
610,-0.9933125942351957,0.10392167071030578
611,-1.5176753340907883,0.4677778868884149
612,-0.8243151090973857,0.05169762493931618
613,0.28853215540815214,0.0008544405733690308
614,2.9571864060131823,3.3850956783328106
615,1.4806386371705305,0.4303020359520075
616,-2.789486098164642,2.9110490944416973
617,-2.232688103449207,1.5751553279258728
618,1.3431102979545813,0.30774107245432364
619,0.16336790683705482,8.864358647886483e-05
620,2.403019340234315,1.9429801779833809
621,-2.545634882816687,2.279287342017849
622,0.2862847131849042,0.0008283053819536645
623,1.949974044279994,1.0505887228317645
624,1.6302161768732901,0.5935965828818907
625,1.8823985845522015,0.9417538071319235
626,-2.203513591994259,1.5159724421961567
627,0.7944938675201825,0.04495390721741488
628,-2.5650669531866535,2.327046125424715
629,-2.72217459450063,2.7297145943513876
630,-0.801825511279052,0.04655020354721051
631,0.759183411214825,0.03780657867852366
632,2.0919374407301676,1.3002305940636645
633,-0.2984279529169589,0.0009768897730403348
634,-0.7502855031292563,0.03614212483661705
635,-0.8814893791635923,0.06657700868359229
636,1.6991299495002608,0.6796162265230824
637,0.29903022732873463,0.0009847411241739046
638,-1.7724433424630732,0.7786611494048891
639,-1.4182598571996952,0.3715078439897481
640,-0.7013142352674473,0.027904961786738403
641,2.906454412081315,3.2383824191380812
642,-1.4610477912011541,0.41125578651093353
643,1.7270843328440648,0.7164652174562236
644,1.8785828471235213,0.9358028627317435
645,-2.461789625132382,2.0785098581198445
646,-1.9762831152960119,1.0947170017387178
647,2.70261108797921,2.6779911611760694
648,-0.586948607155755,0.014019390423062883
649,0.5771210689089576,0.013128088102535185
650,1.2780842481364267,0.25861520323900644
651,-0.9099993482558464,0.07501770096918403
652,0.24511079782018763,0.0004467061933903782
653,1.5013639817929834,0.4510355178424782
654,-2.2780898501972944,1.669504004235524
655,0.42207009345781454,0.0038516714334903
656,-0.5626720234491858,0.011893651249858639
657,0.24407012898452596,0.00043920511266115625
658,2.653335130370994,2.549690320132936
659,1.2738217377827574,0.2555861893114992
660,0.7057220330571523,0.028584777397543615
661,-1.6115149740577481,0.5714338128833261
662,-1.6871402200335397,0.6641577548993673
663,1.1208423514323815,0.16172511057392924
664,2.9733559072163604,3.4324518222737526
665,0.012369781705814376,2.9264902723369346e-09
666,1.2187057882058294,0.2184865085698962
667,-0.40635420267862,0.0033163389376180685
668,1.1817945379582309,0.19573984860856947
669,2.2797326440365255,1.6729688074466766
670,2.6343729872157384,2.501078777137453
671,-1.3283870459286786,0.2961335664154932
672,1.540196182313034,0.4915115300371458
673,0.9024684219675434,0.0727193122100025
674,-0.3683426794295874,0.0022498468392750937
675,1.392086843916899,0.34843307794904416
676,-0.8772047689203477,0.06536888686047237
677,-1.4296007820151357,0.38179714516410695
678,1.4879442189260619,0.43754175806147877
679,-0.8653896694660284,0.062117279429069416
680,-2.9834177175412826,3.4620646444310994
681,-1.2947328534297773,0.2706693366593721
682,2.187135376511553,1.4832472528773915
683,1.304779145733165,0.27811627352991036
684,-0.1420979704698926,5.079268942353998e-05
685,2.7616483166985715,2.8354248035307004
686,-0.1920153120681709,0.00016888412512472417
687,-1.6581928486643962,0.6276914849505282
688,-2.8113704633904018,2.9711200564802587
689,2.8648367867582962,3.120157286869918
690,-0.7223495061354201,0.03125666661016868
691,1.7625710541303583,0.7648710708351079
692,-1.9310376769615032,1.0194341767034296
693,-0.4422498825049659,0.0046295509916440825
694,-0.804504278602888,0.04714335118949653
695,-2.2692783805598924,1.6509803112683503
696,2.589118618506329,2.3867900037588528
697,1.95605533584395,1.0607017944019592
698,2.5221899867992477,2.2222768405788784
699,-2.510571886632971,2.1942741120311755
700,0.8266186755386258,0.05224664360071141
701,-1.709868727508593,0.6936382392186677
702,0.3394132747370935,0.0016275212891142532
703,1.9142923937920395,0.9923094975379007
704,-2.7827278260734953,2.8926082042020527
705,-0.45414395419127107,0.00513905450713803
706,-0.1593113205020007,8.017914700730877e-05
707,2.0147825772758923,1.1610527055906072
708,-0.6328144852386881,0.01877193796080645
709,-2.4049005807827415,1.947251142725445
710,2.6067644102848213,2.4310634612775286
711,-2.4392680301554384,2.026060967467134
712,1.095070040315087,0.14862633269403303
713,-0.5603449172078041,0.011703072731297559
714,-2.7007026979944317,2.672969422130672
715,-0.9346191284178831,0.0828852296029512
716,1.1800563949745744,0.1947092941954136
717,-0.566542437078307,0.012215624122778324
718,-1.5019816511599084,0.45166268294066747
719,0.7209677156636873,0.03102805936268116
720,-1.0425459091586005,0.1241916485358453
721,2.2532260184465436,1.6174974476151447
722,-0.387286223720237,0.0027431474225969588
723,2.316637636840583,1.7517350658736073
724,-0.4819448398630053,0.006490062686279829
725,2.673452160355171,2.601725847411746
726,-1.474054718971311,0.42384141620138666
727,-0.18579366183658141,0.00014809438494622906
728,1.2299866323103634,0.22577086789008866
729,-2.70134000070461,2.6746459496374606
730,2.125217998194449,1.3628063341283367
731,0.5387877816408255,0.010042027560209776
732,1.286989006528957,0.2650181850310556
733,-0.39848294145882424,0.0030699494097723434
734,-0.22738974040330362,0.0003313285946798805
735,0.04581251789242202,5.50420698908205e-07
736,0.017544562973664135,1.1842896996405727e-08
737,-2.1503977859502132,1.411157813706405
738,0.7299001624355554,0.03252726330460698
739,0.011937542365975329,2.538396159934564e-09
740,0.04351289727048524,4.4796592746365604e-07
741,2.0471053360676397,1.2183509801480288
742,0.8171301221893597,0.0500114306145486
743,-1.4647102999833688,0.41477583506671895
744,-0.22112483750690082,0.00029643405737056483
745,2.9207141241138572,3.2793333533332354
746,2.5131847093232915,2.2005572991969404
747,-1.4008230930293177,0.35603140760320773
748,0.005815286221598548,1.4295253869534008e-10
749,-0.0218221737295754,2.8344420366366307e-08
750,1.5244593639926514,0.4748517105117069
751,2.9469145778966332,3.3551612585219797
752,0.5655812357513366,0.012135076853239224
753,1.3895954252809357,0.34628515376393504
754,-2.4614817420671424,2.0777885868108585
755,-0.31381041045072555,0.001192560946391752
756,0.054441378904114046,1.0975188151629567e-06
757,-1.7103910013910675,0.6943244428690001
758,-0.2366096371693125,0.0003881476010708651
759,2.880730079295377,3.1650783046501907
760,-2.095895797919761,1.3075935232199405
761,-0.322755712972318,0.0013332090451390055
762,-2.749381582013849,2.8023825161688807
763,0.806435381833662,0.047574260316872286
764,-0.942557030837194,0.08553960753818368
765,-2.298450633538237,1.7126964076163629
766,-1.3295845066805174,0.29706692995780853
767,1.9652236888768817,1.0760476458495554
768,-1.2076030225094403,0.211470096599004
769,1.9427932109722894,1.0387146894589048
770,-0.5006557403097451,0.007535501096966879
771,0.7300977809826774,0.03256100676983498
772,-0.7069732446426702,0.02877990186833701
773,-2.0027497843698567,1.1400958809696005
774,-0.2995509008039523,0.0009915664859654338
775,-2.9354713049403047,3.3219496613834756
776,-2.509466611259773,2.191618720948602
777,-2.5909293489429306,2.391315974311826
778,-2.2114257284558834,1.531910504961271
779,-1.7899316677526336,0.8034353870706421
780,1.7902667739030607,0.8039144174978891
781,2.7983837566968957,2.935406887566153
782,1.5708022258576602,0.5249200511562575
783,-0.9950857158642035,0.10460909064609614
784,-2.545642425574732,2.2793057912668213
785,-2.2744228212257447,1.6617826863694627
786,-0.3422376572094983,0.0016818395051336754
787,2.994433457216468,3.4946117601734596
788,-2.0108461080555546,1.1541744190906018
789,2.9700260659213953,3.422676185309398
790,-2.1445771200506725,1.3999039143659517
791,2.1784528319682472,1.46604507225529
792,1.1817661044725192,0.19572296115191967
793,1.229078507104104,0.22517863878269656
794,2.6226520860310174,2.471243870466455
795,-0.8118583630069631,0.04879928742269524
796,2.684109147899573,2.6294840638407404
797,-0.15214878259089382,6.67282839961203e-05
798,-1.957898963610063,1.0637780677287945
799,-1.476337320938656,0.4260744136373603
