,data,labels
0,1.88056410352654,0.9388901850026191
1,-1.0811808962051501,0.1418738906208029
2,-0.22730008493327158,0.0003308085951941875
3,-0.9385425331065811,0.08418991659402941
4,-1.8855053848021264,0.9466145125632465
5,1.7380237211320892,0.7311929795362522
6,1.9610566114638441,1.0690580983294162
7,-0.8300680419755126,0.053076439809357834
8,2.8794237691044593,3.161375494013208
9,-1.1433764254666472,0.17379609831356868
10,-2.2844457396663236,1.6829288074075444
11,0.9354405778617272,0.08315722147020888
12,2.4950938658686823,2.157225317744143
13,0.9530312059279202,0.08913172536549352
14,-1.4184229446211,0.371654558129482
15,1.4855428094373657,0.43515375324769556
16,-0.2971621655286185,0.0009605407367730967
17,1.955708728743721,1.0601239844334935
18,0.44073609375839595,0.004567490249916317
19,-0.668782189221675,0.023241899230950214
20,0.03805247365487041,2.620214140103272e-07
21,-2.0679591344231625,1.2560910630655395
22,-0.3198552504804253,0.00128632345747548
23,2.7009369141414723,2.6735855105126554
24,0.30818995347455136,0.0011100335748953638
25,-0.1373297019474724,4.432042363500255e-05
26,-0.6286007615015872,0.018292590982504575
27,-0.22854853151709076,0.0003381046305508395
28,-0.14943145646359834,6.209596087602964e-05
29,0.7562380803867539,0.03724968687474395
30,-1.2835055343783848,0.26250126824107556
31,-1.2652457562095638,0.2495621650050852
32,-2.459719971901543,2.07366359347857
33,-0.6522194774070531,0.021097686065935983
34,2.802779383794129,2.947473346235658
35,0.6086645250766596,0.016144209002414756
36,-0.22078214914927274,0.00029460813464143865
37,0.32288250285859377,0.0013352871466946192
38,-0.7036982109160914,0.028271181592039563
39,-0.47374754138776254,0.0060674159976796815
40,0.08291603662276081,5.901557735166207e-06
41,0.17022187674127487,0.00010444237173257154
42,-1.9238564647882357,1.007752838960113
43,-0.41721650542363253,0.003679996341996783
44,1.5599190140585115,0.5128875016097755
45,-0.8605175493506563,0.06081019150218192
46,-2.142029074906485,1.3949919326959652
47,0.2943658236183362,0.0009251456976110406
48,-0.8251773840331369,0.0519026540492471
49,0.2105826390408394,0.0002440036890157815
50,0.9225694990821882,0.07896628602627764
51,2.502901577974999,2.1758773416067676
52,2.658032715654638,2.5617986881091945
53,0.5381089068520559,0.009992699528610038
54,0.6873363879523993,0.02582602716684379
55,-2.7358170563491795,2.766045889085211
56,-0.17135680593697433,0.00010724885619417535
57,-1.224785105575869,0.22239255372963718
58,-2.049718860584191,1.2230476604031604
59,1.13154234879803,0.16738415983112442
60,-1.890492210568573,0.9544454837914116
61,-0.43412600047465144,0.004303663379187306
62,2.096880736711295,1.3094289588040617
63,-1.1066163056135814,0.1544025175131747
64,0.23964112849739916,0.00040832747497066
65,2.662084843268107,2.5722642134203992
66,2.1469768928081914,1.4045381447435445
67,0.1728643870357267,0.00011106363622170878
68,-2.9870858131840317,3.472887698202454
69,0.5736984116136288,0.012827608028660453
70,2.270648096745754,1.6538530620899847
71,1.0570316256649361,0.13063411054280627
72,0.490428173886297,0.006949855693336726
73,-0.29856610291233965,0.000978686586068922
74,1.8057565254180536,0.8262337796833119
75,-2.7854388894989883,2.8999994681070573
76,-0.2667670826324975,0.0006256092323430051
77,-0.8696673031500213,0.0632810643442483
78,0.16625405500830714,9.506061573794078e-05
79,-0.9505373581488259,0.0882671437337712
80,1.4804821046573462,0.4301477318442986
81,-2.6691897248673317,2.5906607561238735
82,0.024811651022333514,4.7368334032960036e-08
83,2.170712488815256,1.4507953605927677
84,-2.295189755098174,1.7057424629905213
85,-1.1891985080070444,0.20017028393073089
86,2.3891203480131935,1.9115644192755732
87,-2.3038593938305096,1.7242613854840265
88,-1.5756716712617258,0.5303584651681887
89,-2.941309573165226,3.3388759404213766
90,0.4299568874726347,0.004143157767251715
91,-2.461100908250489,2.0768965784974243
92,1.6177373473040646,0.5787521375866336
93,-0.7001523607778224,0.027727720330246064
94,-0.8994374390919964,0.0718083377592208
95,2.6789242850906936,2.615962461827491
96,2.615897249569577,2.4541239455849375
97,-2.4145718516749657,1.9692783834850855
98,-1.406623745372444,0.361133858349808
99,-0.5081667979266005,0.00798810099313052
100,-1.6648027553445357,0.6359117031564384
101,0.32172458039196794,0.0013163978290011702
102,-2.1731017226959737,1.4554938983545294
103,0.8497483671416344,0.05798995123136785
104,-1.2358575130850582,0.2296242495763669
105,-0.6468409750965902,0.02043327929347527
106,1.5710499257187305,0.5251958761767708
107,2.609220702219864,2.4372558369376267
108,0.028506436888577902,8.253210903585995e-08
109,1.082446289940088,0.14248029968035014
110,-1.235115884585814,0.22913511224884298
111,2.2561909279166157,1.6236562084920094
112,2.4943477958299205,2.155446943592247
113,2.7812870158891574,2.888683485318729
114,2.522009144213259,2.2218396955631246
115,1.0137782916181983,0.11204744268119615
116,0.1405769622914521,4.865611121163127e-05
117,0.07400535497229077,3.7459869869360674e-06
118,-2.064302103053631,1.2494290974789817
119,2.8604373205674785,3.107772485115339
120,-0.43291228776798096,0.004256471629299541
121,1.4630166577898782,0.4131457510302077
122,0.8139540408892536,0.0492786264349504
123,2.5649421086169397,2.32673783270694
124,0.9579841435700756,0.0908662251731982
125,1.0669098741142644,0.13515561913540408
126,-0.5013924291557448,0.0075790382907598985
127,-0.0864846979420344,6.984348184135847e-06
128,1.5248534915063567,0.47526467350546453
129,1.6200881075368923,0.5815314166173018
130,2.295225736356783,1.705819118592087
131,-1.2645394699418295,0.2490702179190593
132,2.715411213118924,2.711782846660295
133,-1.7304264232530102,0.7209463323635525
134,-1.349655278310876,0.31299317828514533
135,-0.8045546160228629,0.04715454825611043
136,1.3092498550182468,0.2814723790352733
137,2.3224527750211266,1.7643080610144273
138,-2.902627822704046,3.2274315990502838
139,2.317159295733556,1.7528611605998565
140,1.8467290082151058,0.8869393205758997
141,2.925164535109529,3.2921600796230015
142,-1.2817842236571793,0.261263321857166
143,2.2965353346384196,1.7086102787417958
144,0.3403348995803661,0.0016451004294341098
145,2.8404126268989343,3.0516758168284084
146,-0.8754748268233179,0.06488549110662645
147,-0.16332036999434196,8.854068601227283e-05
148,-0.424099905455817,0.003925194076935035
149,2.917008994473873,3.2686713415334587
150,2.821527747531391,2.9991855380607997
151,2.0222894661049304,1.1742298727437501
152,1.0477827921503042,0.12649510713292234
153,-2.7134793116859095,2.7066705343042026
154,-0.6259642748298146,0.017997221964953236
155,-0.41979902238722966,0.003770621694158649
156,-1.7963059719924466,0.8125751748612323
157,0.8040210693041363,0.047035961987670905
158,-2.5616833480519023,2.318697270845368
159,1.4587864280531173,0.40909169655859734
160,0.8989162212307495,0.0716524923274251
161,-1.1171130675361434,0.15978340448069628
162,2.9522869406914563,3.370803071737798
163,-2.1110438554186306,1.3359695176476576
164,2.7646716930529207,2.843595235734432
165,0.9945786893002273,0.10441220321545364
166,-2.276862315375406,1.666917333134395
167,-1.2254918550860676,0.2228496107698239
168,-0.1364750086205495,4.322902366538095e-05
169,2.12135356616637,1.3554622730150572
170,0.1144212847047954,2.1379136550758737e-05
171,2.356277417150168,1.8383074442019345
172,2.1710829582937556,1.4515234003626754
173,0.9469248207755592,0.0870250755111377
174,-0.1666356973488936,9.59344598567835e-05
175,0.9722163287993202,0.09598023740615469
176,0.19381388300272562,0.00017528099723140844
177,2.227468431856683,1.5644834119650397
178,1.0496145070668943,0.12730762361957348
179,2.8610148569953697,3.109397054379768
180,2.3314163072813496,1.78377407247079
181,-2.472862005167076,2.104527216628698
182,1.7020150497283106,0.6833670278328128
183,-2.615535907875921,2.453209666366215
184,-1.017073601581668,0.11339535431244163
185,2.361137148004266,1.8490602406528989
186,1.7517536511719811,0.7499225859569151
187,-2.690462598519674,2.6460960754343232
188,1.8965978278753273,0.9640817863555269
189,-2.8945121578038435,3.2042602337145842
190,-2.358958721459621,1.8442364383589267
191,1.8217819080789868,0.8496892614523394
192,0.041350412549157056,3.653470841413764e-07
193,-1.1288155519303085,0.16592957527602825
194,-1.2360307803533719,0.22973862585099025
195,0.4469226920845175,0.004825049447355179
196,1.8307284539721191,0.862944847768887
197,1.58329696303153,0.538942792061707
198,1.7915023769789,0.8056820993125523
199,2.6511293058033383,2.544013619738318
200,-0.4317984529007317,0.004213500545650728
201,-1.9215076128839848,1.0039480121603275
202,-1.1788748222401144,0.194010796026737
203,2.4161101168173973,1.9727928162504493
204,-0.17408295806894447,0.00011422055650511798
205,1.146745403733778,0.17565110761796698
206,0.1278502643836945,3.33068989781804e-05
207,0.28313759123931526,0.0007927145319809314
208,-0.7752881413414805,0.0409572098498443
209,1.779913412446744,0.7891893095553448
210,1.8386427234328906,0.8747670570884672
211,-2.252011694511718,1.6149783871177823
212,1.5851694505424554,0.5410634970539863
213,-1.680298442180518,0.6554296716591839
214,-1.0088154915061673,0.11003827998506288
215,1.168394043547111,0.1878878062533038
216,2.6948590918707893,2.6576189273940796
217,-0.7387862499119184,0.0340695124886814
218,-1.7955876571814222,0.8115422872121983
219,2.604929603506486,2.4264425654064947
220,-2.8455372801276937,3.0659890151352562
221,-2.438374380481112,2.023992890849608
222,-0.6527126958283045,0.021159385565032274
223,-1.0032131309898076,0.10780009705025317
224,0.6587835329800864,0.02192955413203379
225,1.3384299714218697,0.3040201316134124
226,-0.5600589698853171,0.011679809925205453
227,0.7200454650254029,0.03087614890845447
228,-0.6932262183892126,0.026687912686444104
229,0.4383101436875023,0.004469316703339388
230,-0.1609813838044558,8.358702568045384e-05
231,1.6735615589045105,0.6469014686912476
232,-2.6717171368216324,2.597219232132578
233,-1.5216801021051511,0.47194586217548046
234,0.25520622945662197,0.0005245339342739852
235,0.013055705100582848,3.6316082363541113e-09
236,-0.5602144311933497,0.011692453047795315
237,0.026616496601162165,6.272812391738825e-08
238,1.200457522320364,0.20703416981223027
239,1.9277727709604697,1.0141142068728395
240,-1.6043596702244687,0.563086959320543
241,2.8769656576816915,3.1544129984629348
242,-2.7744320326910055,2.870043191281145
243,1.8568794632563161,0.9023518648822927
244,-0.03762860875202456,2.50541790869363e-07
245,2.3260430720198713,1.7720925845843654
246,-0.15670189183409633,7.506394827561103e-05
247,1.76320965997966,0.7657588438231
248,-1.9240851958687983,1.008123772762637
249,1.0707978193755334,0.13696401945921255
250,-2.7911566910260226,2.9156155600232463
251,0.5151601238549026,0.008427146778840822
252,-2.4918756469420282,2.1495590960426076
253,-0.951712825475612,0.0886739330988866
254,2.4992697702102227,2.1671918974348436
255,1.433928404373642,0.3857700756690389
256,2.568435346165572,2.335371180817096
257,-1.2865953117060924,0.26473294628986016
258,-1.030445945168259,0.11897934509240027
259,-1.0119467773528064,0.11130305675756402
260,1.829189534832631,0.8606565082715496
261,-2.391989625630441,1.9180297370197577
262,-2.3366430405307512,1.7951728773537958
263,1.927271539833372,1.0132988241254972
264,-1.1990408808790924,0.2061620954195404
265,2.019744973086114,1.1697545703759533
266,1.7328570938167278,0.7242155513173386
267,1.0156514377642871,0.11281227646005987
268,0.048576155274854926,6.957156705178491e-07
269,1.5334426395653944,0.48431889794032146
270,1.636978332903487,0.6017342332891167
271,-1.52413653049361,0.47451361236473233
272,1.940152927865947,1.0343671982615334
273,-1.393088612583672,0.34929910367429096
274,2.8661975789074576,3.1239923975974224
275,2.7330020785560523,2.7585317045215816
276,2.7766379613254095,2.8760357692359464
277,-1.9876425751003428,1.1140726618295547
278,2.400234059676677,1.9366650074458496
279,-1.4364307164029555,0.3880790692703948
280,1.9527519929447381,1.0552018923946773
281,0.19960600486574975,0.00019711755563789346
282,-1.9994557377444562,1.1343942827503262
283,-2.706466750480009,2.6881498817362535
284,2.0567092123303308,1.235656497878524
285,2.7505288300613264,2.8054654751104398
286,2.457982689398258,2.069599720026045
287,1.5144412523573765,0.46442853497583236
288,-1.501905011491668,0.45158483589477116
289,2.6373193984326004,2.508604326627667
290,0.5555744374273859,0.01131937925467097
291,0.2163496059315113,0.00027173966339044675
292,2.657398312122792,2.5601619487688034
293,2.18729113507343,1.4835567747658558
294,0.19966268066933957,0.00019734078615685213
295,-0.9095948548665591,0.07489297972026887
296,-1.7116065389420259,0.6959230369128788
297,-1.766613703524643,0.7705010018640146
298,-1.314200748217342,0.28521934654758235
299,1.6014899340608553,0.5597599748477342
300,2.332983067371008,1.7871872619472025
301,0.4113960704037183,0.0034816582990440104
302,-1.6694984587827928,0.6417896824231925
303,2.5699633260168584,2.3391521307316503
304,-1.8564187799064986,0.9016491514557206
305,1.8869675133911086,0.9489068508101299
306,-0.6676426812872749,0.023089545239753373
307,2.7890514540149685,2.909861541533223
308,-0.16487909290712155,9.196167525993282e-05
309,-0.2264027356807281,0.0003256375037096193
310,2.4370014157609425,2.020817537118482
311,2.2521212048328234,1.6152054813716887
312,0.5736259325786799,0.012821299754439575
313,-1.8554330276390072,0.9001465369095585
314,-1.1914234285723329,0.20151452837499134
315,1.9753802900590651,1.0931864680851113
316,-0.31652740130164947,0.0012340521222808931
317,1.7074313907119514,0.6904410934946486
318,-1.256621028800074,0.243598091423884
319,-2.295702499294676,1.7068349889769294
320,1.5426660212257666,0.49415810706451463
321,1.7431545455198556,0.7381602620645062
322,2.2005305399945714,1.5099852059867418
323,-1.8604967837859272,0.9078802187275249
324,1.9494373342619635,1.049698703047425
325,-0.5738526541238018,0.012841040191609143
326,2.953137289088464,3.373281797405118
327,-1.8026797613952692,0.8217728732204588
328,-0.0907754132617673,8.475917345207584e-06
329,2.299404205917244,1.714732559422182
330,-2.0908063487920723,1.2981306201978196
331,-0.009478996498471837,1.0091436575265789e-09
332,-0.6644976543968291,0.022672793347549902
333,1.50616185827018,0.45592126351539725
334,-1.3012305187701996,0.2754708624142549
335,1.1468776558096945,0.1757241966313724
336,0.9910075737833015,0.10303270022231115
337,-1.4198222516862518,0.37291487861557376
338,-1.4230108333923777,0.375796782126418
339,-1.4547598122172793,0.40525587089676646
340,-2.6927617079241064,2.6521190418801406
341,-0.4835831096659682,0.006577059329846757
342,0.09513164430204846,1.0222455071207115e-05
343,-2.918100386607615,3.2718103921750425
344,-1.8403913864576344,0.8773913428748897
345,-2.387293862290148,1.9074542662817024
346,0.9154907424477958,0.07672529896974811
347,1.939221799807111,1.032836364788746
348,2.8621758131021604,3.1126638722391218
349,-0.8045363572093729,0.04715048654355869
350,-1.8283189168928213,0.8593634289130876
351,-1.5678144764716626,0.5215999545178712
352,-2.8487779951897,3.0750555942928814
353,2.210374326091271,1.529787752046
354,0.6217339100581056,0.01753054121275055
355,1.4553548709354427,0.4058213170964892
356,-1.0680660640792694,0.13569169206500897
357,-0.5654876879084396,0.012127258439561972
358,0.2553230998691882,0.0005254902278802875
359,-2.0790999488819946,1.2765003352413882
360,-1.739946792614039,0.733799908653993
361,0.09050396105597702,8.37505528028526e-06
362,-1.4046146003437305,0.3593613566958492
363,-0.6808362923499995,0.024898320912834282
364,0.23210739330909647,0.0003595631149965195
365,-2.732699446799929,2.7577244164186694
366,-0.42188493612187905,0.0038450158039123883
367,-0.7972240024414918,0.04554371033449667
368,2.8068180116079464,2.958579134966165
369,2.4503752254687905,2.0518485515205267
370,-0.9846126485131856,0.10059385457461467
371,-1.4364375657550703,0.3880854013157567
372,2.5763653318610045,2.355024347275044
373,0.3001478614880151,0.0009994351384520206
374,1.6612437621412885,0.6314778317520144
375,-0.6306259905688023,0.018521855871177495
376,-0.8481486316974203,0.0575790293448476
377,2.8721470240049642,3.140783994386895
378,2.3770257965762926,1.8844270139497268
379,-1.9736031397697034,1.0901770800680515
380,-2.1856968973357267,1.4803902647803049
381,-2.383771994362624,1.8995409645894927
382,-2.8617702969645125,3.111522617646387
383,1.248879698225971,0.23832491291912156
384,-1.4172468241040626,0.37059733113491394
385,-1.7436411713427955,0.7388230408383607
386,1.3518782709844164,0.31479000496833615
387,2.670492732503889,2.5940410434678256
388,2.9687585342681135,3.4189581982589488
389,1.3345709421218368,0.3009739404646188
390,-1.7263163006751894,0.7154377134028134
391,2.9575457568172068,3.38614500570384
392,2.4145003904637283,1.96911519055211
393,2.6792194521593515,2.616731383476221
394,2.395298049298056,1.925497558384276
395,-0.7110458420284682,0.02942164847250006
396,2.0323821791175867,1.192070349354199
397,-0.3353060896833,0.0015508715781217264
398,-0.5319639829147045,0.009554230824046162
399,-1.754440004230281,0.7536190453418796
