,data,labels
0,-0.8651001710777622,0.6878399128058159
1,0.7393907519771756,0.7608269523471222
2,-0.7480489973134969,0.7559434923304303
3,-0.13355665617650558,0.9911209633395024
4,0.49273708711757913,0.8856841174653618
5,0.044973951385958166,0.9989891830683303
6,-0.30445730739727406,0.9547104998143036
7,0.7558970863638121,0.7514953912167793
8,0.2918223468199086,0.9583136621786543
9,0.9098859593660342,0.66103649455614
10,-0.9218973205439445,0.653804216944473
11,-0.44641189317363583,0.9051615986453669
12,0.04066916382699981,0.9991733514191574
13,0.010221308648821426,0.9999477637891111
14,0.4417079730340292,0.9070542965916383
15,-0.86992605328744,0.6849662793936719
16,0.5962538734307183,0.8371438656292263
17,-0.7138661247125964,0.7750696195344243
18,-0.36543312680381135,0.9354096801375864
19,0.7742244951748853,0.7410317667741441
20,0.7961062428337127,0.7284090003038755
21,-0.8992593413878462,0.6674213779173462
22,0.1118886030520545,0.9937600202972243
23,0.5170397301184113,0.8748830652578135
24,0.46653191553649287,0.8968864495139284
25,0.316841515311322,0.951044644339539
26,-0.05031515219483862,0.9987349935259076
27,-0.15022970982657435,0.9887789481000068
28,-0.7323020929926867,0.7648059192263185
29,0.9113045740601278,0.6601831296044433
30,0.28926897948246433,0.9590248699287737
31,0.6891416785770592,0.7886299129244212
32,0.7272422902874398,0.7676351879415574
33,-0.5674444791165809,0.8512949498072822
34,-0.6982424767287927,0.7836668554958731
35,-0.5126824986162029,0.8768479540247465
36,-0.06262046739242932,0.9980412593728952
37,0.2806158519735662,0.9613924004830393
38,-0.13534386058277437,0.9908828354008961
39,0.04452057369437079,0.9990094501776504
40,-0.46824148001701027,0.8961700986297477
41,-0.6746620142569657,0.7964551845088316
42,-0.6682573267467655,0.799887707032881
43,0.2799314557830639,0.9615768307509723
44,-0.6243029529439974,0.8229358000912617
45,-0.43990556627749067,0.9077752494779823
46,0.6658531283929887,0.8011715425985549
47,0.528205664876813,0.8697924907138127
48,0.807620145769915,0.7217148592178129
49,0.8791030455056366,0.6794911414721643
50,0.7320090709990028,0.764970016522143
51,-0.23423138086673512,0.9729406749869678
52,-0.8798779196108946,0.6790282298176544
53,0.4205314525416173,0.9153732702289592
54,-0.6077438045192156,0.831373384150936
55,-0.4877059494543434,0.8878712399439771
56,-0.616346699062706,0.827007407667099
57,0.4501154812670556,0.9036601105105656
58,0.049340871845104495,0.9987834797442151
59,-0.11548546405974736,0.9933537385428547
60,-0.6823053436419693,0.7923355592455134
61,-0.09910114325526531,0.9951015185872166
62,0.2204632382425047,0.9759908967546519
63,-0.32451250864059134,0.9487080340536723
64,-0.9833506696438401,0.6166280521062899
65,0.653193920063174,0.8078885617461056
66,0.5300765341789313,0.8689318623594361
67,0.1106665531554587,0.9938951676843809
68,0.7305809318673047,0.7657693616708509
69,-0.3062898530552485,0.9541763827524172
70,0.541741553366379,0.8635167745773946
71,-0.07547709534398339,0.9971556568700568
72,0.6185877234889152,0.825863820045981
73,0.528579930653549,0.8696204981312795
74,0.7104911813241237,0.7769347885398832
75,0.728123103157815,0.7671433280601322
76,-0.8675605455448889,0.6863753454457797
77,-0.7134356411044409,0.7753077691327365
78,0.16650214697159726,0.9862341455166148
79,-0.5719756232815421,0.8491002183568469
80,0.5137972233732304,0.8763464342179158
81,-0.5867983700408144,0.8418392785504182
82,-0.45711445995233246,0.9007956823389853
83,0.8287821013898897,0.7093261204406545
84,-0.22612125101050062,0.9747586178419848
85,-0.021574775592763107,0.9997672916098598
86,0.024956485059609346,0.9996886354107528
87,-0.6656902570358214,0.8012584224565941
88,-0.34854965246278136,0.9410646576544928
89,-0.7727366586051823,0.7418850464220968
90,-0.3224268809489803,0.9493482838743429
91,-0.03352516222642077,0.9994381896234289
92,-0.2529490410783408,0.9685147091510757
93,-0.911966919646495,0.6597846195305962
94,-0.9618346372588678,0.6296677783021418
95,0.9876550781261124,0.6140178517942712
96,0.8501145094134124,0.6967369521284539
97,-0.2820120373901829,0.9610148719700189
98,-0.7851041343735436,0.7347725739078229
99,0.40726985136140814,0.9204115556089005
100,-0.6446744257629564,0.8123674166376215
101,-0.08839344720545861,0.9961009204731116
102,-0.6529961737375458,0.8079929049856588
103,0.5786723020168754,0.8458351330481987
104,-0.5852205329423763,0.842618026228301
105,-0.5435905784704951,0.8626507536573661
106,-0.2993533550182055,0.956182757201485
107,-0.8471395575928751,0.6984981736105452
108,0.8188089584361802,0.7151778290829754
109,-0.625494748651094,0.8223231453655615
110,0.14303018859794236,0.989823319011656
111,-0.43882388996095223,0.9082067725798698
112,0.8692447746215795,0.6853721941863592
113,-0.10342505325880724,0.9946659062500615
114,0.7942090076447337,0.7295087081717361
115,-0.49227553876467756,0.8858854700578789
116,0.06216241666556255,0.9980697822480726
117,0.5889213010054162,0.8407893303412927
118,-0.5167534741556485,0.8750125266759031
119,0.8328919564891981,0.7069081719618232
120,0.19177986514788414,0.9817783014977285
121,-0.9029180571526634,0.6652246279540674
122,-0.7191339232364307,0.7721497278468366
123,0.5050335817434872,0.8802674833493535
124,0.03832216896563834,0.9992659752109816
125,-0.8685866431938363,0.6857642437220075
126,0.6887402544541861,0.7888480446214476
127,0.7916353089690744,0.7309989678499844
128,0.390023786372959,0.9267612693327122
129,0.012688170954065381,0.999919508398543
130,-0.9102703866933337,0.6608052654934116
131,0.6668835970246227,0.8006215896176875
132,-0.04662762840930412,0.9989135227786913
133,0.6831003743370894,0.791905620178617
134,-0.2324808115323631,0.9733382083074865
135,0.8801364817146049,0.6788737436782417
136,0.3853501868918201,0.9284419844163466
137,-0.3098086975669221,0.9531426374003826
138,-0.18302146081711013,0.9833910476042546
139,0.7672690663105501,0.7450150123065667
140,0.9832887615283463,0.6166655907716779
141,-0.2344983082650851,0.9728798112805609
142,-0.9558103929374855,0.6333153778735011
143,0.3494370366432056,0.9407732633602163
144,0.38594456100607744,0.9282291924325644
145,-0.7576353441338062,0.7505074829487723
146,-0.368063005876637,0.9345079095845124
147,-0.8597050981678007,0.6910476995151353
148,-0.10691674956235775,0.9943007072733033
149,0.6039246724736629,0.8332992105175925
150,-0.8323032154313099,0.7072547722504094
151,-0.43189239449161576,0.9109515921239029
152,-0.9374547901691139,0.6444160366566248
153,0.3643512749624085,0.9357790147019366
154,0.6943699214581467,0.7857828524161862
155,-0.5912011037013523,0.8396590415109418
156,0.8354127791361476,0.7054232823991609
157,0.802164945522192,0.7248907682854787
158,-0.04904690087900132,0.9987979238301591
159,-0.7513552202095288,0.7540720688836464
160,0.4624721687498947,0.8985793584173697
161,-0.81688110992083,0.7163063260234961
162,-0.9485360902748661,0.6377171979703424
163,-0.044004153539166424,0.9990322857733611
164,-0.42160605229433745,0.9149591754782824
165,-0.9027532123237889,0.6653236392300775
166,-0.31330052489414806,0.952106282205998
167,-0.013506809896713046,0.9999087872033471
168,0.3662118170695732,0.9351432550421365
169,-0.6126740454009276,0.8288759750386752
170,0.4968183275690814,0.8838974540277988
171,-0.7389673516454625,0.7610651046007946
172,-0.33194636540267486,0.9463959982184634
173,-0.7894964941059759,0.7322360406446264
174,-0.7145227500553102,0.7747062295202034
175,0.012014403807154794,0.999927829654984
176,0.5556771007414256,0.8569390182555652
177,0.3490675282792881,0.9408946795265474
178,0.4094096714688511,0.9196076755166479
179,0.5853553010559418,0.8425515646997431
180,-0.9956837731392871,0.6091485673632886
181,-0.593113473626437,0.838708729816388
182,0.31028643140105205,0.9530014681663757
183,0.9493825254003754,0.6372051684638672
184,0.4129838363025484,0.9182571346087125
185,0.7497443974338582,0.7549842954018303
186,-0.4206268109757434,0.9153365592176377
187,0.5902870020945823,0.8401125799115677
188,-0.42670151841077386,0.912983845046294
189,-0.3837150184571836,0.9290259496302986
190,-0.5603852616124321,0.8546905368942845
191,-0.2843422230381656,0.9603809503993612
192,0.47357326273630274,0.8939228388101117
193,-0.835069793469225,0.7056253980402418
194,-0.9666883740907062,0.6267276477626335
195,-0.3784233934643082,0.9309011976028492
196,-0.005302385516347652,0.9999859424527262
197,-0.6674005655554218,0.8003455096790002
198,0.35507903534858354,0.938905390283182
199,-0.4687352362756496,0.8959628213804008
