,data,labels
0,-0.5073615691351983,0.8792307681204345
1,0.8627824025965054,0.6892186342992898
2,-0.2366318050994769,0.9723909868154615
3,-0.9154601781353477,0.6576820514797328
4,-0.8697760735622326,0.6850556459398077
5,0.14307179863563846,0.9898174272471949
6,-0.4506588492610313,0.9034389884712735
7,0.6915457892463386,0.7873221387775097
8,0.5849155119991749,0.8427684115744035
9,0.8487419675857748,0.6975497345804157
10,0.0754587591812308,0.9971570367272286
11,0.04804256311284827,0.9988466217173875
12,0.5366323010283962,0.8658989066069968
13,0.5403575298764765,0.8641636399277512
14,-0.6204395881755933,0.824916886558611
15,-0.921766062813516,0.6538833304297168
16,-0.16163680350940912,0.987021725514874
17,0.9669481318987898,0.626570272027114
18,-0.288858614602743,0.9591386377698778
19,-0.5378316079236232,0.8653411824488404
20,0.7379765845890522,0.7616221444543503
21,-0.5547707498863341,0.8573703622121803
22,-0.49339290655657453,0.8853977675233129
23,-0.01833452295750626,0.9998319367581695
24,0.24681100655914845,0.97000132987609
25,-0.684957268438807,0.7909004046745202
26,0.2980740716450587,0.9565482222144641
27,0.4250326196804193,0.9136329597964055
28,-0.09664527648293686,0.9953407334829053
29,0.9727922665417008,0.6230288849886839
30,-0.4790148059669943,0.8916089921011641
31,0.16963196353042997,0.9857155039854507
32,0.6977098125171792,0.7839582667448297
33,0.17633715024049845,0.9845728415428721
34,0.7633674976802716,0.7472429083029372
35,-0.3919574482831545,0.9260608621495887
36,-0.016392876696866177,0.9998656458231315
37,0.9633992398289206,0.6287201413191371
38,0.844493641111896,0.700063135146668
39,0.7173999776235331,0.7731119898755806
40,-0.20260029728310003,0.9796857321468767
41,0.16329756349171398,0.9867554442285704
42,-0.8274081842725445,0.7101336042136951
43,-0.5312283659370738,0.868400914069562
44,0.6388029336354357,0.8154341615613089
45,0.482289089388803,0.8902068897550595
46,0.3133723862445963,0.9520848440788632
47,-0.9467565376608562,0.638793542939703
48,-0.5145505069527281,0.8760070745547144
49,0.8566176932069787,0.6928810523481383
50,0.8804473478283079,0.6786879933083063
51,-0.05802351787757276,0.9983180517495667
52,-0.31244762486792643,0.9523603859617119
53,-0.4777515629019846,0.892147966950426
54,0.5904792856127243,0.8400172149481728
55,-0.5536599929877659,0.8578983206500493
56,0.1670986287141225,0.9861360266232655
57,-0.5624985214291216,0.8536770713438265
58,-0.7836682160610218,0.735600625127739
59,-0.6905371076582176,0.7878711257306289
60,-0.09900481743180878,0.9951110132542358
61,0.2415080152079725,0.9712580775269027
62,0.7800245438901128,0.7376991859900989
63,0.40273547468653703,0.9221033842529512
64,0.27105478372664793,0.963931208022372
65,-0.3466103744734561,0.9416992001390099
66,0.6689207408379683,0.7995329944040437
67,0.3482551091885253,0.9411612342677794
68,-0.2469378393256616,0.96997095789689
69,0.038515245509448404,0.999258562932075
70,-0.9903034859548328,0.6124117080066318
71,0.890822874038508,0.6724801420750104
72,0.5768091006819152,0.8467461201745765
73,-0.9762280437356377,0.6209463481417807
74,-0.5292094892029067,0.8693309886336574
75,0.7639404717267901,0.7469160207645593
76,-0.6737460782979743,0.7969471695622876
77,-0.7277486965332554,0.7673524368834853
78,0.07970113923273892,0.9968289027859838
79,0.6503503080674433,0.809387280329299
80,0.8361644736919824,0.7049802339365847
81,-0.1955300133007425,0.9810655588556298
82,-0.8481973452501139,0.6978721436781025
83,-0.07476282776414878,0.9972091614432217
84,-0.57232106595332,0.8489324149920505
85,0.45313065512464124,0.9024304140379033
86,-0.5824314504511396,0.8439912115994032
87,-0.1724275211071813,0.9852443228969271
88,-0.5152583384531078,0.8756878583120965
89,0.801641092129235,0.7251953440905217
90,0.8516248904542554,0.6958421244808347
91,-0.28595504746109746,0.9599393778527416
92,-0.7598309446321354,0.7492582721965456
93,0.455124610558014,0.9016136238999357
94,0.9291789257698417,0.6494127811399099
95,0.2906219501688323,0.9586487300367014
96,-0.5554530356389038,0.8570456990157844
97,-0.8095811036006975,0.720571392037722
98,-0.3813792642028786,0.9298564388468505
99,-0.000954537333562433,0.9999995444293432
100,-0.5489418033251765,0.8601327409366692
101,-0.18328876816694284,0.9833429032273991
102,-0.45431780245326236,0.9019444620579536
103,-0.6869853673146651,0.7898008550990382
104,-0.9193851543330043,0.6553180877961425
105,0.543780164762931,0.8625618402599033
106,0.3453310826000684,0.9421160861393281
107,0.6039151967414191,0.8333039791556304
108,0.6636412996151866,0.8023503771521691
109,-0.365461923828702,0.9353998361236059
110,-0.3431478228912128,0.9428244129366604
111,-0.5039637989432522,0.8807426954756756
112,-0.5627246705646731,0.8535684613972868
113,-0.1944565815986059,0.9812709291297945
114,-0.774771762224389,0.7407177416016449
115,0.027745208628341844,0.9996151757629332
116,0.9696463303718543,0.6249353947417603
117,0.561982619460575,0.8539247256991069
118,-0.4245115378202462,0.9138352066340856
119,-0.24039043755469414,0.9715196526050215
120,0.37826144291423436,0.9309582382385669
121,0.08863944208230334,0.9960792310182185
122,0.8837850846428514,0.6766926902079096
123,-0.45940887398753527,0.8998490456786962
124,0.7247215955992359,0.7690412302039912
125,-0.7791722223162822,0.7381895267670044
126,-0.20420874204573436,0.9793652657541765
127,-0.598053625690089,0.8362446462937668
128,0.36955277741473025,0.9339945950564784
129,-0.6364774570351794,0.8166441983969144
130,0.21704857195540006,0.9767202132449546
131,0.4242041748292471,0.9139544076699898
132,0.285272729345176,0.9601264686172216
133,0.25658217782654225,0.9676186683357132
134,-0.5305313048090983,0.8687223302422508
135,-0.30686901174232917,0.9540069760073994
136,-0.5936381330577318,0.8384476634769358
137,0.3541648846126817,0.9392098120257554
138,-0.3076340111912297,0.9537827656547059
139,0.22411107161542398,0.9751998192025869
140,-0.3891213142630945,0.9270871558251844
141,0.5892183433214044,0.8406422230180471
142,-0.8537027375787489,0.6946103889302719
143,-0.29937643522946256,0.956176150570364
144,-0.8813993136517049,0.6781190780961724
145,-0.3045661752588753,0.9546788502135847
146,-0.5508538904098217,0.8592288274492793
147,-0.19966440979643374,0.9802644093300066
148,0.3339939671555461,0.9457509745210195
149,-0.6632013913906785,0.8025845728744944
150,0.5757453979431018,0.8472653242380437
151,0.5488060263869616,0.8601968442185883
152,0.2626682092870749,0.9660909538429201
153,-0.738950635705993,0.7610745056347432
154,0.9977672278189214,0.6078849022449305
155,-0.7028795042118277,0.7811252280981872
156,0.14492728938105803,0.9895529934343212
157,0.4409546262792805,0.9073559200629994
158,0.24075729839625915,0.9714339128507554
159,0.30959709739036034,0.9532051019225556
160,-0.4176018702200752,0.9164977552162976
161,0.30142087087125535,0.9555890993725176
162,0.968068939893334,0.6258911929344226
163,0.6616815693334459,0.8033930164430492
164,0.5389259049288526,0.8648315200744358
165,0.34469906678459505,0.9423215416466968
166,0.5122243860449334,0.8770538282112678
167,0.11181755695394657,0.9937679174660962
168,0.40399158092654197,0.9216363028253695
169,0.8637087945132806,0.6886676839044376
170,0.25493940233988166,0.9680253060508981
171,-0.5246162921771307,0.8714375043729231
172,0.5964276547552274,0.8370571144881045
173,0.7205909526539649,0.7713402748811353
174,-0.669762181990804,0.7990828150511796
175,0.7922344742601377,0.7306521911922094
176,-0.7924982474490223,0.7304994971871591
177,-0.4585040241892038,0.9002228185808187
178,0.3796062579529307,0.930483946558189
179,0.1911260436561888,0.9819012043256938
180,0.15251546038613584,0.9884368897920257
181,0.5375019466504465,0.8654945759625652
182,-0.7284349310911675,0.7669691313240405
183,-0.993610526290881,0.6104060185943454
184,0.4289925895184048,0.9120893511716859
185,-0.640248862221285,0.8146804709607426
186,0.5386002181694174,0.8649832836422467
187,0.5209040790678352,0.8731302555089981
188,-0.2515539388873793,0.9688556055407508
189,-0.6866659522859448,0.7899741425434625
190,0.2414931557294604,0.971261562963437
191,-0.6950932454592187,0.7853880831350866
192,0.5224727465266228,0.8724160167332827
193,-0.8433624322212143,0.7007317757589918
194,-0.9620156078314885,0.6295581751871266
195,-0.42673409480302027,0.9129711538130447
196,-0.7478375472010084,0.756063056280946
197,-0.04244294986546793,0.999099703513645
198,0.8765806855993532,0.6809973602105679
199,-0.3430792364594817,0.9428466006211679
200,-0.9945920023742776,0.6098107440599543
201,0.5968094986321439,0.8368664419155782
202,0.6227817496202679,0.823716753573447
203,-0.7309888585608193,0.765541114742193
204,-0.6462082966157114,0.8115635516376359
205,-0.1940180992222149,0.981354507191086
206,0.011736895543576153,0.9999311250134904
207,-0.1701491298593507,0.9856289011793674
208,-0.7680834346995957,0.7445493958842573
209,0.11048732163071295,0.9939148657617709
210,-0.06712969353466058,0.9977493386678377
211,-0.757488956913799,0.7505907169053492
212,-0.34149884634781547,0.9433567716699026
213,0.8201430583500164,0.7143963789584648
214,-0.042779456202946875,0.9990853775857831
215,-0.08048156188943412,0.9967665978383725
216,-0.5893626996758017,0.8405707144487642
217,-0.18737805949862496,0.9825979273616108
218,0.746037809965677,0.7570801089152225
219,-0.07285931401154677,0.997349279560944
220,0.8048151237892922,0.7233488340812143
221,0.42767633435730446,0.9126037298076406
222,0.009731767466217622,0.9999526474721581
223,-0.850606698355443,0.6964454021947168
224,-0.058888053622654146,0.9982676009089239
225,0.3144816002826296,0.9517533742084887
226,0.1342830851363528,0.9910245485387499
227,-0.004549113229835644,0.9999896528379433
228,0.8982913954371965,0.6680022644485134
229,0.5714100905133723,0.8493747862178422
230,0.46298979193483425,0.8983641562080872
231,0.9437260603243212,0.6406260110273135
232,0.0699330000531313,0.9975576750922904
233,-0.6575686119368274,0.805575588978375
234,0.3433856270736093,0.9427474530731539
235,-0.621101579436615,0.8245779609794418
236,-0.7987208853437506,0.7268918850422923
237,0.20140946171138197,0.9799214284003148
238,0.34777463598163894,0.9413186207105098
239,-0.3472717775446563,0.9414831351984593
240,0.2406398782859276,0.9714613687343707
241,0.22744415170635723,0.9744662234036525
242,0.797636226754538,0.727521465073851
243,0.7384849787542498,0.76133635198907
244,0.9350160751408414,0.6458890556775178
245,0.7260100629365303,0.7683228122151555
246,-0.5921387786003505,0.8391933328668825
247,-0.06848683919782839,0.9976575243165887
248,-0.842694868154467,0.7011262415158784
249,0.5279076468258816,0.8699293810903169
250,0.5547351121362689,0.8573873127172339
251,0.8531081665925788,0.6949629307060089
252,0.34910661718675984,0.9408818406995058
253,-0.8482975192643067,0.6978128463611846
254,0.8479951019564089,0.6979918542121484
255,-0.4608679796804507,0.8992450982546956
256,-0.7938885220561693,0.7296943780365497
257,0.5714465479176938,0.8493570915528238
258,-0.38452354698378133,0.9287374655423983
259,0.05993689817785919,0.9982053963487061
260,-0.039438786894021804,0.9992225933813921
261,-0.8717670034340328,0.6838690314796076
262,0.8000117820259838,0.7261421926500887
263,0.0855816265199203,0.9963445899384524
264,0.7757686364897567,0.7401455013390783
265,0.4092987566116122,0.9196494298387191
266,0.22525655553385593,0.9749488626679175
267,0.020002593902467947,0.9997999681276298
268,0.3858107997810585,0.928277104656243
269,-0.8935748093366636,0.6708310447336421
270,-0.39765258846548535,0.9239809813039672
271,0.37756579058281337,0.9312030160646079
272,-0.9672968963302953,0.6263589668073696
273,-0.27721949414505986,0.9623035630693478
274,-0.8764228106604954,0.6810916015519661
275,0.9636693882066028,0.6285565085043001
276,-0.45521128596973703,0.9015780542587185
277,-0.15743585156390338,0.9876834535849404
278,0.1613545332779014,0.9870667203400357
279,-0.683713332600766,0.7915739604816626
280,-0.9998634332644558,0.6066134916243229
281,0.47939385979913496,0.8914470511727879
282,-0.5258683756192675,0.8708645943195948
283,-0.1319258078152774,0.9913355452446228
284,-0.8030532260155061,0.7243741473974833
285,0.8537075039895912,0.6946075624903987
286,-0.613371477876554,0.8285216715064695
287,0.2409671088810268,0.9713848222745538
288,-0.22134841796856675,0.9758000688249393
289,-0.9525786751664591,0.6352713387812713
290,0.296476069530492,0.9570027347530021
291,0.6543615560653968,0.807272075615101
292,0.6264822852343976,0.8218149533430488
293,0.2802084237553948,0.961502243741289
294,-0.11470751131349255,0.9934426870499005
295,0.9519953288578484,0.6356243383755684
296,0.5088238350315581,0.8785777716066073
297,-0.17191109397260096,0.98533192772355
298,-0.42413408984180334,0.9139815780084013
299,0.9275438519761272,0.6503992989206767
300,0.2691715422729286,0.9644216732918439
301,0.06299915032457482,0.998017521241267
302,0.11725491556018564,0.9931492167343461
303,0.5121236345617675,0.877099087366017
304,0.8463683501643746,0.6989544579068437
305,-0.3184662149035251,0.9505539443410851
306,0.4479112160102572,0.904554945912892
307,0.22708784500119705,0.9745451353643976
308,-0.8851733026384043,0.6758623230208409
309,0.9652184309785534,0.6276181682618074
310,-0.21320701173295098,0.9775277342155845
311,0.7114423004156356,0.7764095919198637
312,-0.17423643306300174,0.9849354555639925
313,0.1837954249809115,0.9832514636161671
314,0.28661464060067554,0.9597581281551558
315,0.3651582693250266,0.9355036039643454
316,-0.7720556626780821,0.7422753795955432
317,-0.7759974145957558,0.7400141334351292
318,0.3172494558020955,0.9509216482773765
319,-0.5318057210900262,0.8681344652024032
320,-0.8007434346805622,0.7257170894246141
321,0.19570139556744182,0.9810326691224491
322,-0.6393509340676091,0.8151486347470938
323,-0.1774233531500784,0.9843836958561857
324,0.3629548424709308,0.9362543398229394
325,0.9096609967377522,0.6611717994575751
326,0.3099058384759452,0.953113948413493
327,0.043560622231227475,0.9990516860295825
328,-0.3445223039519578,0.9423789443094766
329,0.2785519622601731,0.9619473131616403
330,0.3849062832446841,0.9286007242671429
331,-0.6563385474583616,0.8062268338938489
332,0.8044215312771803,0.7235779489659719
333,0.18825529657473794,0.9824360481052821
334,0.9442808710355433,0.6402905753371462
335,-0.6512797117999851,0.8088978543608892
336,-0.08180410068494992,0.996659636026472
337,0.5098530997460431,0.878117303092221
338,0.8296068424729659,0.7088411988876316
339,-0.94428416436412,0.6402885841437377
340,-0.48887234049892414,0.8873657092058896
341,-0.20170787881620655,0.9798624893151153
342,0.4027346094439417,0.9221037055723919
343,0.23622966931802836,0.9724834434806163
344,0.6895075418678884,0.788431046665797
345,0.6943101574212585,0.785815460380954
346,0.10860319143656949,0.994120028502395
347,-0.2500095431835725,0.9692309220422972
348,0.21474983445230866,0.9772050754921676
349,-0.15031021965359326,0.9887669857181308
350,-0.5217542314693173,0.8727433618616223
351,0.31022762621259004,0.9530188555728429
352,-0.7803040535332,0.7375383383026004
353,0.9520125968224942,0.6356138893244095
354,-0.7524786367915743,0.7534353611392315
355,0.6506125574036601,0.8092492200857837
356,0.08568954206905399,0.9963353823510406
357,0.6190025109281663,0.8256518740669987
358,0.3469932732366101,0.9415741602144014
359,-0.4477284866738369,0.9046289685137469
360,-0.7684486757460458,0.7443405029221194
361,-0.7465897790655258,0.7567682999329285
362,-0.8540576941306168,0.6943998911070778
363,0.9278346961889024,0.6502238363699192
364,-0.24814430841192348,0.9696813186893485
365,-0.3911169115341324,0.9263656802202664
366,-0.28479150507502227,0.9602581727942359
367,-0.7690785813736611,0.7439801443819313
368,0.25204908603415865,0.9687348173160649
369,0.326090979522484,0.948221017134425
370,0.06811589577125221,0.9976828012312581
371,0.7732914756853888,0.7415669339401822
372,0.4503510472629102,0.9035642737202967
373,0.7278681006497658,0.767285754307524
374,0.6546960332572556,0.8070953629578148
375,-0.50836154839494,0.8787843632363022
376,0.9964429659355454,0.6086881008232532
377,0.09932037986798625,0.9950798747363541
378,0.6708253656204504,0.7985135552491658
379,0.4355023247011198,0.9095265065031063
380,-0.9894918487915552,0.6129039403945642
381,0.8902549744407489,0.6728203259752606
382,-0.5953881149291909,0.8375758068817862
383,0.6606709813112597,0.8039300044189983
384,0.09656163634708492,0.9953487757950845
385,-0.14628446997602995,0.9893574637494589
386,0.4341318300891459,0.9100686680265916
387,-0.8724820171271432,0.6834427167023969
388,-0.9796360029366418,0.6188803323587148
389,0.1507742348341905,0.9886979189213064
390,0.3147605150870172,0.9516698591627267
391,0.8330444257427458,0.7068183988838757
392,-0.38776701675481684,0.9275749959136493
393,0.14668594377586652,0.9892992813749687
394,0.7559084121437485,0.7514889575508501
395,0.26627957795446155,0.9651686685852054
396,-0.32317742381139647,0.9491183066214117
397,0.049199797159118264,0.9987904221095256
398,-0.41033436384079414,0.9192592051641199
399,-0.3651469662772677,0.9355074651113993
400,-0.6661888507170497,0.8009924221784899
401,0.03349583794647737,0.999439171743122
402,-0.16955236104680593,0.9857288111925087
403,0.7141103789868619,0.7749344632999801
404,-0.11087469353281554,0.9938722528612324
405,-0.4700667621746397,0.8954030020346369
406,0.2952332772783224,0.9573546758588102
407,-0.8262254352732399,0.710828395431711
408,0.8725496305595504,0.6834023990157679
409,-0.7712121700000816,0.7427586598182652
410,-0.760760481065502,0.7487289415353954
411,0.7255920246909207,0.7685559664025907
412,-0.10313416524126562,0.994695789248615
413,-0.7765694576269129,0.7396855901399589
414,0.8502160559977452,0.6966768044618304
415,0.7407428804983913,0.7600659998955118
416,-0.8092043261097572,0.7207911716889149
417,-0.8009505063098199,0.7255967517879298
418,-0.43354242710306035,0.9103014067984494
419,0.42569223483395446,0.9133766527277931
420,-0.9075247660964774,0.6624563563235498
421,0.7670213676920816,0.7451565941142961
422,-0.12816928421410645,0.9918199574177217
423,0.8396680808384833,0.7029136376650991
424,-0.26452974337129653,0.9656170107723729
425,-0.7945019429415416,0.7293389750689802
426,-0.030664954783727882,0.999529940786521
427,0.4052189362446579,0.9211787370056487
428,-0.27188982569921105,0.9637127184814489
429,0.2126011340621654,0.9776538373889702
430,0.7450212334932571,0.7576541081576804
431,0.5034591204248273,0.8809666196097794
432,-0.6111300507236814,0.8296594451416128
433,-0.1659931374531105,0.9863176057910729
434,0.2717334451061293,0.9637536829872756
435,0.5978913327811852,0.8363258050093407
436,-0.455370089282072,0.9015128710168752
437,-0.5167953688073714,0.8749935827859123
438,0.6347760656180099,0.8175278359156121
439,0.5436147149483097,0.8626394351902285
440,0.7039546554019507,0.7805347022663102
441,0.8015939335416653,0.7252227592768459
442,0.7071677362028326,0.7787672147061575
443,0.5688350569042708,0.8506226561866502
444,0.7414755225287664,0.759653420588366
445,-0.8131851069345111,0.7184673552580011
446,-0.37094698523973335,0.9335125865317581
447,0.5868688932381125,0.8418044394295415
448,0.9960518916843522,0.6089252959994454
449,-0.46554329815517814,0.8972997697972879
450,0.9339130842283512,0.6465551205629717
451,0.5010126372769188,0.8820497388110403
452,0.2966042373970992,0.9569663627189384
453,0.41974028981335465,0.9156775870719608
454,-0.7940449222143593,0.7296037727529768
455,-0.6687297379616084,0.7996351393050727
456,-0.5311610264494351,0.8684319776546774
457,0.143707993579699,0.9897271363329431
458,0.457189200662828,0.9007649046106945
459,0.7202162896848538,0.7715484943225813
460,0.5233292925343478,0.8720253588794381
461,-0.7410348849284702,0.7599015828474528
462,0.40586776600808583,0.9209363804242612
463,-0.7580378468199676,0.75027858961318
464,-0.7148773625130398,0.774509911656238
465,-0.3400835169416352,0.9438118923722295
466,-0.16032729611077468,0.9872298187196344
467,0.22997463598760093,0.9739024186020099
468,-0.31405798585470435,0.9518800888260236
469,0.8746015944493726,0.6821784663495536
470,0.5120244344883123,0.8771436431857674
471,0.4542111667918125,0.9019881540218793
472,0.897876523876596,0.6682512014469191
473,-0.08222992626987846,0.996624828353586
474,-0.130368718262041,0.991538004597781
475,0.9282727993785334,0.6499595199491666
476,0.5817667595579463,0.8443178284636804
477,0.4334381513158152,0.9103425556652774
478,0.5219189685769654,0.8726683389595592
479,-0.9470549290109567,0.6386130782911982
480,-0.6987494264570646,0.78338940635975
481,0.3581070344398696,0.9378921417529706
482,-0.39185659012834306,0.9260974672981519
483,-0.875329045995838,0.6817444014063926
484,-0.4126749384916166,0.918374240148012
485,-0.23366226731284567,0.9730702231784298
486,0.6220940048616752,0.8240694443974477
487,0.3875152921683991,0.9276655119934273
488,-0.6080654968437194,0.8312108181144764
489,0.7482299548969273,0.7558411584849171
490,0.3780030404690351,0.9310492068876747
491,0.6877829998919358,0.7893679417617444
492,-0.44930013457570195,0.9039915143049072
493,-0.6413131022525425,0.8141250932622425
494,0.9002497879197899,0.6668268644333112
495,-0.5646049999087357,0.8526642643247662
496,0.6289289065284982,0.8205538132055837
497,0.7889377139274287,0.732559027127372
498,0.8275433066055768,0.7100542082922686
499,0.7617277630417245,0.7481778271026828
500,0.8442796412028235,0.7001896470501272
501,0.5126261559223899,0.8768732815525041
502,-0.06350972261114252,0.9979852898255382
503,0.06862439572306878,0.9976481161786099
504,-0.923073246127009,0.6530953716376382
505,0.524109863477737,0.8716689475196313
506,0.4070397111766315,0.9204978046760502
507,-0.5823475713016955,0.8440324418614087
508,-0.10961924983187776,0.9940098231130966
509,0.6406544437996724,0.8144688807974345
510,-0.410416792203111,0.9192281102887158
511,0.45239553891650974,0.9027308230933736
512,0.2184728047503366,0.9764173383383009
513,0.6024603818623211,0.8340355464768009
514,0.46616679305810016,0.8970391795267535
515,0.8213455792355095,0.7136916445776318
516,-0.13857443176408668,0.9904445100539484
517,-0.21255354531004667,0.9776637276690523
518,0.9648668370002369,0.6278311572333266
519,-0.5254701748318926,0.87104690444801
520,0.3070235650630875,0.9539617194019147
521,0.09689289724123373,0.9953168833794923
522,-0.2518532958859425,0.968782605758031
523,0.7856699275189365,0.7344461380523853
524,-0.9631582793722715,0.6288660918028147
525,0.6699690009017631,0.7989721170893659
526,-0.3313239524999909,0.9465913677666634
527,-0.49313553927935594,0.8855101759668583
528,0.26368304067240533,0.9658329658021573
529,0.8030006767852054,0.7244047155073834
530,-0.342951082796338,0.9428880477951271
531,-0.10322089221038055,0.9946868884776242
532,0.5286610282521147,0.869583218428812
533,0.28158564995530844,0.9611303501166414
534,0.12820893012071655,0.9918149168295536
535,0.5123437079108715,0.8770002184537321
536,0.42780412154877845,0.9125538485043599
537,0.31263839249526315,0.9523036049871604
538,0.8828849124827907,0.6772309788015217
539,-0.6821917453609312,0.7923969694232187
540,0.6990818585300911,0.7832074132603104
541,-0.5795936627522684,0.8453839239403506
542,0.6192827039176034,0.8255086528836869
543,-0.7887649732604634,0.7326588573354619
544,-0.9187505263560205,0.6557004241546525
545,-0.8952896973462583,0.6698028784950314
546,0.0034831446990819526,0.9999939338699017
547,-0.04424996701903994,0.9990214493027108
548,-0.12233995471137904,0.992544399648273
549,-0.36937142544177637,0.9340571772949762
550,0.1542235810082917,0.9881779792963398
551,-0.7340130944808463,0.7638471223806088
552,0.24013654077352364,0.9715789191774727
553,-0.9278736633281095,0.6502003274169851
554,-0.5576464293963337,0.8560001136178761
555,-0.330783419232656,0.9467607712176638
556,0.528027712933475,0.869874237123652
557,0.1977901602734098,0.9806295910462998
558,0.38709571434375056,0.9278162743418839
559,0.6238193266439134,0.823184209788403
560,0.596257404581205,0.8371421030511349
561,0.7626619414014117,0.7476452946953809
562,0.7895966523575486,0.7321781379977601
563,0.4720192122192579,0.89457988928825
564,-0.9149302437070586,0.6580011003295043
565,-0.7219883212101301,0.7705632269270093
566,0.6013998584608091,0.8345681321972437
567,-0.180190161527088,0.9838968180281107
568,0.16986850085438143,0.9856759260692434
569,-0.13624179652160584,0.990762021191299
570,-0.36901444529528904,0.9341802890511549
571,0.8482693453790127,0.6978295238968116
572,-0.5792469331552463,0.8455537804638238
573,0.5528114376097062,0.8583011565445007
574,-0.9499125990650983,0.6368844908289949
575,0.6715387773878323,0.7981312951779485
576,0.2739077138580779,0.9631821680313137
577,-0.5943476033032287,0.8380943990811727
578,-0.8786440091401106,0.6797653272238258
579,0.7125676297575818,0.7757877505925994
580,0.8622241612171357,0.6895505626513044
581,0.908277531634269,0.662003764016463
582,0.5462567584953997,0.8613983489227595
583,0.6121209498414815,0.8291567747674051
584,-0.10795552633248606,0.9941897473541337
585,0.6388780051937792,0.8153950552963135
586,-0.8333533013070584,0.7066365192028012
587,0.7015828234449253,0.7818368209473558
588,0.8021782495393495,0.724883032216586
589,0.4647167959978604,0.8976447859469332
590,0.6744270970594264,0.7965814024832899
591,-0.5464335656344355,0.8613151438206847
592,-0.9231488387557765,0.6530497999776972
593,-0.6183135996075702,0.8260038423390101
594,-0.7516695578819386,0.7538939564913743
595,-0.08405822725380419,0.9964733405384728
596,-0.3367917487935612,0.9448639396812105
597,0.32850402841145243,0.9474724221672013
598,-0.5189930858664156,0.8739982447808
599,-0.4102913314101597,0.9192754364458009
600,0.6075354444125718,0.8314786492169841
601,-0.9247858563124784,0.652062775650447
602,-0.2772250642064993,0.9623020771341371
603,-0.3238692262346048,0.948905904217949
604,-0.915030591755496,0.6579406877454296
605,0.4904377234152797,0.8866858061053412
606,-0.6418902626316436,0.8138236727966323
607,-0.8880952942100426,0.6741136070640593
608,0.5261539096798504,0.8707338054199364
609,-0.5505534142611912,0.8593710186536451
610,-0.1992198853692726,0.9803513203925738
611,-0.45540358982683404,0.9014991179053826
612,0.8159233461224358,0.7168666396551345
613,0.7492736295604423,0.7552507346607441
614,-0.42879812819453433,0.9121654258423647
615,0.8307929800420315,0.7081435243364759
616,-0.6005144004667853,0.8350123426832091
617,-0.2449058931021555,0.9704557735127571
618,0.12545102456052182,0.9921618995902898
619,-0.021909951492293578,0.9997600058160153
620,0.5829391989748176,0.8437415473081775
621,-0.40107667582997975,0.9227183383374437
622,-0.29629031593510313,0.9570554232650972
623,-0.03098612926877342,0.9995200451116837
624,-0.9360377377982978,0.645272014429233
625,-0.06382862531067945,0.9979650266670221
626,-0.1634661544117919,0.9867282647222609
627,0.8719305767446794,0.6837715110551048
628,-0.8520907613533637,0.6955660303062512
629,0.033823565634881536,0.9994281467742892
630,-0.7041645447044997,0.7804193676017255
631,-0.9222821568923989,0.6535722532920236
632,-0.8813269466311857,0.6781623310114073
633,0.5090257232067252,0.8784875059844677
634,0.3885347912754391,0.9272986082723277
635,-0.5603864127062499,0.8546899855706285
636,-0.3175058256759271,0.9508442786717275
637,0.6954066131212997,0.7852169901792019
638,0.9661137007024938,0.6270758070055176
639,0.8945029054730744,0.670274650851622
640,-0.6215225666302273,0.824362308923082
641,0.19583942107926178,0.9810061606919319
642,0.5996822139451308,0.8354294467466166
643,0.23169831928094697,0.9735149906438285
644,0.1715427672219212,0.9853942535376166
645,0.8507604586207396,0.6963543121654273
646,-0.4987342991054129,0.8830548605746069
647,0.23821148334159026,0.9720263601457617
648,0.7849887072899413,0.7348391587960907
649,-0.8490099952184891,0.697391044569845
650,0.9331721078252107,0.6470025188210398
651,-0.6545518235260706,0.8071715588914663
652,0.14578210899346455,0.9894300470869837
653,0.8473427760477101,0.6983779200116406
654,-0.7375649204020869,0.7618534947380746
655,0.3161072523720676,0.9512656694093126
656,-0.7855861643700788,0.7344944711039063
657,-0.2741328107777059,0.9631227597115549
658,0.113520316837181,0.9935772832207405
659,0.29445329937802356,0.9575748652269447
660,0.9075989349421545,0.6624117660222674
661,-0.41200796143329366,0.918626848266993
662,-0.42934563437089746,0.9119511655598961
663,-0.5404364910744051,0.8641267665103353
664,0.081000074544336,0.9967248689426803
665,-0.5423914761585378,0.8632126100055768
666,-0.5343483090199066,0.8669585969921211
667,-0.7302075234850836,0.7659782425113643
668,-0.7126698238666132,0.7757312555686857
669,0.43920182681563835,0.9080560961946448
670,-0.3471343140928076,0.9415280711228909
671,0.9162578412981777,0.6572017592931231
672,-0.5553749108733119,0.8570828883951869
673,-0.027160566703793965,0.9996312198242959
674,-0.450621603916429,0.9034541521448505
675,-0.5741056809429066,0.8480644307271564
676,0.3240318641375928,0.948855910873705
677,0.7059106727172415,0.7794591954561346
678,-0.586945723558207,0.8417664814069226
679,-0.8363386700666973,0.7048775455410592
680,-0.48527847963026605,0.8889203865671582
681,0.24661157523293809,0.9700490570167838
682,0.5092610489276543,0.8783822567182992
683,0.5245737657138612,0.8714569456382827
684,-0.7086472368293726,0.7779520001806466
685,-0.2559697416858362,0.9677705505781802
686,0.7701541671188055,0.7433645410773535
687,-0.5120565630058975,0.877129213324771
688,0.9519042254906691,0.6356794658143889
689,0.9796037845675183,0.6188998656165983
690,-0.9885442157834321,0.6134786392538628
691,-0.7049037576051127,0.7800130304422048
692,0.6019152130010363,0.8343094003221914
693,-0.5488502511111004,0.8601759659693965
694,-0.36592231849163714,0.93524236293749
695,-0.7924319360491983,0.7305378855568749
696,0.5874896402492527,0.8414976662302026
697,-0.06850343783421375,0.9976563900545564
698,-0.49413773821621376,0.885072202846578
699,0.5930463617911044,0.8387421133374363
700,0.5443218412898219,0.8623076810329307
701,-0.8388629818112108,0.70338875118748
702,0.24647022405956753,0.9700828626954905
703,0.9952194793622657,0.6094301699344503
704,-0.10350201047296959,0.9946579864878803
705,-0.12288410155274732,0.992478180339328
706,-0.9003831114617791,0.6667468277558752
707,0.5639048004899516,0.8530012108195614
708,0.5046737254782605,0.8804274202523742
709,0.5269622648676224,0.8703632599582923
710,-0.8924626586602424,0.6714976258940496
711,0.0463110402807434,0.9989282185425248
712,-0.2667674440522918,0.9650431779996032
713,0.9105870343889924,0.6606147926027499
714,0.5563331727490519,0.8566264815561792
715,0.636907895775253,0.8164204218450453
716,-0.9736195047760483,0.6225275030329729
717,0.16866849911502158,0.9858761593572711
718,0.7448446730877021,0.7577537656712157
719,0.4556511828670431,0.9013974476908848
720,0.012349355226292102,0.9999237496199554
721,0.7587848038255687,0.7498536766706427
722,-0.6299469810079354,0.8200281586958044
723,0.575207758424914,0.847527507797491
724,0.499558089385578,0.8826918303144681
725,0.27898003361338475,0.9618325291657519
726,-0.14902125813150868,0.9889577504979481
727,0.76771365036803,0.7447608458047377
728,-0.8343837656482964,0.7060295871738816
729,-0.12167305445552379,0.9926251624693927
730,-0.7898864041803058,0.7320106135399334
731,0.03851548374471503,0.9992585537631601
732,-0.12427224512696111,0.9923079410191902
733,-0.0960774677554328,0.9953951948699314
734,-0.2312728574390015,0.9736108751871659
735,0.5009829352490858,0.8820628643823137
736,-0.1815911749259529,0.9836475004052754
737,-0.3956697532529181,0.924707990902565
738,-0.2693442028106052,0.9643768381688486
739,0.23972936673354162,0.971673841701774
740,0.7943025339135461,0.7294545195209751
741,-0.7808281270366062,0.7372366922422728
742,0.8762498789547521,0.681194826312115
743,-0.39194268275728783,0.9260662216023451
744,-0.4238461046664346,0.9140931845889625
745,-0.04828639035125537,0.9988348915199723
746,-0.1322964314148729,0.9912870071762501
747,0.452963795266178,0.9024986362009088
748,-0.3625254789776531,0.9364001703418439
749,0.9985468806450213,0.6074120205330767
750,-0.14593165734667957,0.9894084652244343
751,0.49691766587459174,0.8838538276719564
752,0.48349747256171494,0.8896875876546834
753,0.5988545009890889,0.8358439410757461
754,0.08330685401083571,0.9965359975850859
755,-0.9253068523203312,0.6517485926732124
756,-0.17062587855978073,0.9855488398033878
757,-0.9115812076861578,0.6600166948176823
758,0.30585414191147064,0.9543036392268666
759,-0.6224914125060523,0.8238656740245349
760,0.8666144415731305,0.6869386478607881
761,0.05985042694214249,0.9982105661467126
762,0.3767635061797572,0.9314848345080106
763,0.9482043953282613,0.6379178359807492
764,0.0638924323891008,0.99796096021355
765,-0.7629221625082752,0.7474969058752765
766,-0.6243014195424299,0.8229365878929774
767,-0.4124547773006424,0.9184576605763367
768,-0.1289927386689198,0.9917149484782202
769,-0.14170362372549716,0.9900102736446891
770,0.10308150396588966,0.9947011902525987
771,0.5924636503385108,0.8390318692053479
772,-0.13895457299796776,0.9903922653759004
773,0.5380172205394071,0.8652547862891558
774,0.05470127358332788,0.998505003955796
775,0.2294323449034188,0.9740237414377204
776,0.5546954382952369,0.857406182035324
777,0.9252312438244812,0.6517941894271627
778,0.017544944731726853,0.9998460993011081
779,0.18565340770023187,0.9829140550929966
780,0.828266086698275,0.7096294439013974
781,0.9134134990631977,0.6589140946324994
782,-0.31274339808704,0.9522723372853715
783,0.6192393101500415,0.8255308363065623
784,0.6540479179665188,0.8074377315435948
785,0.9817316028673637,0.6176097644797512
786,-0.9751279609446468,0.621613184164343
787,0.7322184396332441,0.7648527696365375
788,0.5689457733828083,0.8505690809436399
789,0.9186012670299026,0.6557903405811925
790,0.37239004390653885,0.9330120411279287
791,-0.2992579799263333,0.9562100530762139
792,0.5156632343241303,0.8755051143702495
793,0.14922503731804726,0.988927698314846
794,0.4076584951977278,0.9202658122114408
795,-0.8341873600048975,0.7061452855260808
796,-0.5125971985723121,0.8768862978471867
797,-0.23242242214250752,0.9733514192325029
798,-0.19560142261252578,0.9810518581614788
799,-0.019405248357772464,0.9998117358919983
