,data,labels
0,-0.3329585967057396,0.9460775717464014
1,-0.3127233601277175,0.9522783047555516
2,0.46918095333096277,0.8957755644542333
3,0.6350632491762536,0.8173787827168933
4,0.1160429317128362,0.993289634730758
5,-0.8670817714976753,0.6866604225843179
6,-0.31423727564175774,0.9518264771539948
7,-0.9090079106767608,0.6615645685877668
8,0.9292065377970464,0.6493961194381247
9,-0.6298933771037165,0.8200558483824746
10,0.6042566131220588,0.8331321322456069
11,-0.9006033042103487,0.6666146369176703
12,-0.6877594833964658,0.7893807090778406
13,0.28123827344956287,0.9612243108753473
14,-0.19523251588315094,0.9811225853622451
15,-0.6819318758933264,0.7925374318881482
16,-0.6612923920550973,0.8035998651128434
17,-0.8246702730678244,0.7117414755516266
18,0.6925013368419937,0.7868016850939286
19,-0.03782662245188706,0.9992848291735914
20,0.44513444269739755,0.9056771925544121
21,0.4369374364770173,0.9089572990073458
22,0.8725140254672368,0.6834236303183192
23,0.9559752910169086,0.6332155594714761
24,0.06493045577557499,0.9978942381901912
25,-0.3000365129872038,0.9559870093560473
26,0.4435738484116365,0.9063054581393488
27,-0.7667385221874223,0.745318242477774
28,-0.43498023805539177,0.9097332050242033
29,-0.05262397298027466,0.9986163169073103
30,-0.6587508260893158,0.804949025896107
31,0.4707849004434639,0.8951005584194646
32,-0.6529661188251623,0.8080087622372589
33,-0.1105638106166964,0.993906463252465
34,-0.5372205009363535,0.8656254815415048
35,-0.013264445649602497,0.999912031110294
36,-0.8299951553681917,0.7086128311497895
37,0.231234579005968,0.9736194936579544
38,-0.6750967264978815,0.7962215560945335
39,-0.4611980177782564,0.8991082809200653
40,0.9490769661097664,0.6373900140591657
41,-0.7476156602474184,0.7561885056974134
42,0.07372339748397305,0.9972861195814733
43,-0.004567609880835377,0.9999895685243965
44,-0.6017399826545775,0.8343973899449847
45,-0.7476398743488957,0.7561748164390028
46,-0.8339674749956258,0.7062748052394766
47,-0.6297174111294681,0.8201467355502002
48,-0.34548452124506746,0.9420661563414104
49,0.5276523370186534,0.8700466097175084
50,0.155539938834238,0.9879765302873773
51,-0.9451921147337152,0.639739595871834
52,-0.20531907786713877,0.9791426258054918
53,0.9825948913192348,0.6170863211623624
54,-0.11860641463305654,0.9929909380632729
55,0.09648026423048806,0.9953565934085604
56,-0.790311969201343,0.7317645247074817
57,-0.9242642973702859,0.6523772724360599
58,0.5123866134294714,0.8769809393129394
59,0.47046611751388,0.8952348580837898
60,0.7902829714889279,0.7317812946146306
61,-0.7882231721390334,0.7329719211747873
62,0.6268925246490851,0.8216036985535606
63,-0.8156769290200276,0.7170107637670655
64,0.0077336824142117955,0.9999700955253058
65,0.9122681775951109,0.6596033470631689
66,-0.6481091585781642,0.8105658129132836
67,0.4626299188561702,0.8985137937413883
68,0.16020664397774298,0.987248908524718
69,0.21266551896218866,0.9776404530324762
70,-0.7767232120149488,0.7395972674994173
71,-0.7565291524872781,0.7511362797637354
72,-0.9747079104039011,0.6218677960970219
73,-0.39571134962955634,0.924692770987864
74,0.4671937027212403,0.8966093868500622
75,0.5653825602203042,0.852289756909849
76,0.6323435947553642,0.8187887123310337
77,0.3465635242525491,0.9417144912688482
78,0.2302127619775105,0.9738490586941567
79,-0.48685783918620307,0.8882382452370673
80,0.08648664325573363,0.9962670152453916
81,0.6192596117648743,0.825520457992916
82,-0.8611577461119166,0.690184495848464
83,0.348022374405454,0.9412374939998885
84,-0.0016607163756305887,0.9999986210115107
85,0.30768524952985987,0.9537677303719091
86,0.7770352766667346,0.739417983822192
87,0.7956612756968142,0.7286670062924658
88,-0.7758339597709951,0.7401079932798772
89,0.5654553699933054,0.852254670544774
90,0.01120267447309109,0.9999372520110624
91,-0.42967052383913207,0.9118239183546983
92,0.11109261635036316,0.9938482154860299
93,-0.40761405679456875,0.9202824827063016
94,-0.6373339957062925,0.8161988124045271
95,0.8056715417769587,0.7228501666986659
96,0.5907448042741736,0.8398854950204103
97,-0.7395151133315472,0.7607569903981533
98,-0.9099593902618843,0.6609923279282819
99,0.9040983129289808,0.6645156299602965
100,-0.33957621773423674,0.9439746152479712
101,0.7406145011199454,0.7601382763887209
102,0.5135271217709321,0.8764680278121953
103,-0.9094004879999065,0.6613284765312002
104,-0.8777446322538105,0.6803024367749707
105,-0.26965700992454833,0.9642955429820215
106,-0.42129423153627976,0.915079424480456
107,-0.9664978595802209,0.626843070295256
108,-0.7346917162281177,0.7634665559023451
109,-0.43245654638431263,0.9107295182261461
110,0.9092457618519281,0.6614215293910476
111,-0.731919785053567,0.7650200121103161
112,0.9471875980118052,0.638532839279919
113,-0.4336793489511186,0.9102473630762555
114,0.6866842647874709,0.7899642088872814
115,-0.7541819182903227,0.7524692229437597
116,-0.4626783738864888,0.8984936511562002
117,-0.6151060706871339,0.8276393897422333
118,0.06646521376622738,0.9977936253103518
119,0.462929228915435,0.8983893450982837
120,0.4405011929293958,0.9075372648540825
121,-0.9075150483051067,0.662462198610958
122,0.4572476627342845,0.9007408275436708
123,-0.07429078131278599,0.9972442439919184
124,0.691639584903067,0.7872710681141949
125,0.9761805695809451,0.6209751262406804
126,0.5812510265014228,0.8445710801899531
127,0.3856483243952198,0.928335283053021
128,-0.7998897810684924,0.7262130637823159
129,0.766106630628028,0.7456792845077966
130,0.5289328660656667,0.8694582274285133
131,-0.58180624594411,0.8442984324714525
132,-0.1885513163299266,0.9823812580934221
133,0.9667650665736864,0.6266811834757934
134,-0.3145419519603265,0.951735308850919
135,0.07886041733252536,0.996895346723457
136,-0.7722500058204937,0.7421640001732086
137,0.35318785832677935,0.9395344131002544
138,0.9253968264825025,0.6516943318064583
139,0.8551935004540459,0.6937261717007249
140,-0.5847856752475313,0.8428324097089077
141,-0.5421234972039763,0.863338055646912
142,-0.2544181388682538,0.9681538245293575
143,0.2924748706724436,0.9581309924856805
144,0.0566205548765959,0.9983983404106869
145,-0.2651958235793115,0.9654466717825665
146,-0.4503250767071174,0.9035748414449515
147,-0.2881153248151367,0.9593443273623419
148,0.35234576479784097,0.9398135551413472
149,0.9332424015051037,0.6469600777717545
150,-0.558156827957133,0.8557564004128816
151,-0.9889270714491811,0.6132464551315058
152,-0.3930503297087822,0.9256637040764961
153,-0.9921061266164402,0.6113184362989692
154,-0.6365624828397987,0.8166000023004253
155,0.8098014245692227,0.7204428593571871
156,0.722604844403895,0.7702201618072633
157,0.2540122701834264,0.968253721849198
158,-0.26916446814380657,0.964423509677085
159,0.7727787240725148,0.7418609307920254
160,0.5504673924877344,0.8594117158891343
161,-0.8643157536391348,0.688306627385878
162,-0.6839255476433788,0.7914590981584415
163,-0.8113499207175014,0.719539145988016
164,0.3804028895693816,0.9302023096855354
165,-0.867789059648453,0.6862392672270015
166,-0.39616641023329513,0.9245261783798622
167,-0.5828261764495806,0.8437971338816258
168,0.3458370297141662,0.9419513741270772
169,0.06437690353978165,0.9979299526547027
170,0.9192972942443856,0.6553710222049343
171,-0.7206862295719842,0.7712873163032019
172,-0.7828153807748695,0.7360921530160663
173,0.14809506731653999,0.9890938337270927
174,-0.6027100513317396,0.8339100776598737
175,0.545420998186867,0.8617914002861969
176,-0.6374625724928751,0.8161319238793963
177,-0.5856642661573881,0.8423991591466746
178,0.40253090652030243,0.9221793372868766
179,-0.29284107328662756,0.9580283130636267
180,-0.3808319982824364,0.9300503956259439
181,-0.9114490886011333,0.6600961844557864
182,-0.8548921873981663,0.693904923265321
183,-0.027033004791006565,0.9996346750733925
184,0.9147349271721203,0.6581186837411749
185,-0.10830363664802567,0.9941523257395521
186,-0.8433260037836947,0.7007533037695901
187,-0.827842724609861,0.7098782600656899
188,-0.3700365197310842,0.9338275320775821
189,-0.4001127007400811,0.9230747271042511
190,0.2542243650500824,0.9682015371000338
191,0.4921229760663641,0.8859519948000462
192,0.5735376234005702,0.8483409140209651
193,0.5532690455360747,0.8580839689495194
194,0.15694732959784363,0.9877593022354225
195,-0.1393221096531112,0.9903416195548788
196,0.7529504427173959,0.7531678372427881
197,-0.07000775463711295,0.9975524572743276
198,0.4894041831333309,0.8871348958483298
199,-0.32355706762027725,0.9490017958595888
200,0.10005560664973534,0.9950069447386941
201,-0.04702026174069629,0.9988951582804546
202,0.8740735835018301,0.6824934734442006
203,-0.5403519255656786,0.8641662568921488
204,-0.2445705418737869,0.9705354252521777
205,-0.21085158241004476,0.9780160530676693
206,0.4319993448489683,0.9109095100792022
207,0.5793319938207488,0.8455121170414631
208,0.12973994004763312,0.9916190912595851
209,0.9461390372442886,0.639166983380259
210,0.12651329409948664,0.9920291304137739
211,-0.886622679380729,0.6749950727295799
212,-0.1598667841361967,0.9873026065047718
213,0.14829980958630617,0.9890638228204225
214,0.8381608327967036,0.7038030005010445
215,0.6208751222967079,0.8246939272609036
216,0.22181106930291605,0.9757000406238374
217,-0.3612526384085426,0.936831600970419
218,-0.14248979800685113,0.989899683022547
219,-0.09350955229487856,0.9956375251733335
220,0.7819831220933553,0.7365716218175506
221,-0.9733110941447563,0.6227144306861901
222,-0.5941869891875491,0.8381743970953316
223,-0.5568793962018359,0.8563660797892695
224,-0.2641751654742386,0.9657075257126151
225,0.746068212072891,0.7570629373341589
226,0.9563732856090477,0.6329746337451615
227,0.0310532888431998,0.9995179628432695
228,0.2851099920629667,0.9601710303371379
229,0.8018189005232563,0.7250919717274038
230,0.5481579998288126,0.8605026391079655
231,0.289743241014357,0.958893203308045
232,-0.1586368592409726,0.987496006214367
233,-0.6840589852535541,0.7913868647507603
234,-0.5107077244003271,0.877734441187493
235,0.9470043425586612,0.6386436729774384
236,-0.7056964045809115,0.7795770829264137
237,0.22795851025624958,0.9743521004795592
238,-0.8668700453992044,0.6867864785202022
239,0.9780253396741505,0.6198568079587898
240,-0.1104745854169511,0.9939162643093482
241,0.9419199491791654,0.6417178259644019
242,-0.45251043074628416,0.9026838975200809
243,0.9547038195671778,0.6339851854930775
244,-0.09134314440753677,0.9958369047917762
245,0.34540392147128873,0.9420923863965209
246,-0.05576502822067053,0.9984463389965972
247,-0.7185623410025133,0.7724670545483703
248,0.18504778186099236,0.9830243964450334
249,0.7533502906530611,0.7529410581964281
250,-0.9295647770511501,0.649179943908534
251,-0.9126824287825304,0.6593540680861621
252,-0.3059591533726107,0.9542729839515776
253,0.19922512693942984,0.9803502966722779
254,-0.9337975118181774,0.6466249056700598
255,0.7919049789340471,0.730842904077737
256,-0.3365733011912495,0.94493343460823
257,0.9527945809345817,0.6351406829154868
258,0.7870117823152198,0.7336715920606738
259,-0.8165500098665739,0.716500051879875
260,0.26018705729991054,0.9667178039922902
261,-0.03830489956888927,0.9992666363771557
262,0.7142756254479419,0.7748430125847349
263,-0.6641787509562125,0.8020641340969972
264,-0.5813032920258507,0.8445454218721685
265,-0.8383820591096443,0.7036724939539252
266,-0.28695648507960847,0.9596640418604763
267,-0.9440964513190271,0.640402076924945
268,0.5157762864458166,0.8754540710969979
269,0.6434682702604437,0.8129987496218741
270,-0.8095037239539049,0.7206165315610753
271,-0.2331458206211081,0.9731875248590518
272,-0.6602325305910253,0.8041628366002697
273,-0.6794868459046384,0.7938575936719222
274,0.5726472256148263,0.848773916080933
275,0.05660366650503934,0.9983992949661782
276,0.45353316035999347,0.9022657639665647
277,-0.9771134452854826,0.620409619501227
278,-0.8516344436054357,0.6958364633084156
279,-0.8789096353128258,0.6796066707562928
280,0.7704442335399859,0.7431984637960397
281,0.8698315890873787,0.6850225670341731
282,0.3173725618264833,0.9508845032486758
283,0.19801004499110575,0.9805869196739125
284,-0.4424437580234306,0.9067593044925548
285,-0.4803985315762458,0.8910173541234518
286,-0.4073652055041337,0.9203758080578919
287,-0.7306692766719105,0.7657199352030571
288,0.05391675687405062,0.9985475474957182
289,-0.2738830391125946,0.963188677526108
290,0.5685331792748258,0.8507686976766979
291,-0.6088046977438397,0.8308370603077918
292,0.49039776721558925,0.886703181087318
293,0.563795580604679,0.853053743367798
294,-0.2229776122578513,0.9754469451048715
295,-0.5735640682272554,0.8483280469478481
296,0.5999092415428304,0.8353156939108669
297,0.09962277586166479,0.9950499433763065
298,-0.5237433765358925,0.8718363347180115
299,-0.5526468047619759,0.8583792632454638
300,-0.41286029686980297,0.9183039780814154
301,0.4769695377472096,0.8924810750585114
302,0.9288202444001485,0.6496292111750717
303,0.2804308775138993,0.9614422881000432
304,-0.6647546926701098,0.8017572476085504
305,0.44292078000632307,0.9065678450953016
306,-0.26983876019785,0.9642482678626247
307,0.9017092323080351,0.6659506103569898
308,-0.3378663510147275,0.9445214937272344
309,0.42721097194687974,0.9127852795376599
310,-0.8417881271192473,0.7016618925810084
311,0.5615419381558053,0.8541361478793342
312,-0.19028680635266393,0.9820583681730487
313,0.6741630867332844,0.7967232232184481
314,0.08109752870743292,0.996716996299403
315,-0.8779547294488805,0.6801769776113932
316,-0.605440482559914,0.8325357717670023
317,0.5467564807044882,0.8611631318662086
318,-0.09761799013568151,0.9952466968728892
319,0.9599293469537056,0.6308216042113244
320,0.4747090983006399,0.8934415494796256
321,0.19519246134349078,0.9811302569333369
322,-0.06561678460646059,0.9978495343604883
323,0.09002075857621827,0.9959563292560035
324,-0.8363445611725302,0.704874072634181
325,-0.05009364334211441,0.9987461002384352
326,-0.35392343254132075,0.9392901035222904
327,0.76764041618931,0.744802717583256
328,0.9983260164571701,0.6075459811064318
329,0.45107968033918167,0.9032675864007746
330,-0.23772615180334689,0.9721386296199445
331,-0.8143392864931049,0.7177928676197411
332,-0.19486003856090628,0.9811938668164564
333,-0.4879050795268949,0.8877849992081778
334,0.7595041965319729,0.7494442761204861
335,0.06454518996959746,0.9979191272497057
336,-0.08511783296821074,0.9963840306752231
337,-0.9836633095668694,0.6164384782710006
338,0.8515006856560428,0.6959157263311682
339,-0.05928526299485082,0.9982441720684236
340,0.250971386319506,0.9689974309090192
341,0.5298294401800929,0.8690456548754666
342,-0.5350600039195148,0.8666287419408353
343,-0.8942690457085645,0.670414860759277
344,0.6496878942282964,0.8097358626797804
345,0.8393548838767866,0.7030984807664441
346,0.713590548961827,0.7752220800428354
347,0.5649055798750111,0.8525195333325023
348,0.8191393660921888,0.7149843314809112
349,0.5581830311271909,0.8557438843639779
350,0.46507139898206806,0.8974968188564981
351,0.1282027662284917,0.9918157006086563
352,0.6035557299065828,0.8334848448071174
353,-0.8410247059145599,0.7021127481311091
354,-0.3169187640238822,0.9510213643993731
355,-0.3802889108998686,0.9302426360573086
356,0.34403138859716864,0.9425382299795798
357,-0.3342366296045385,0.9456742987539118
358,-0.4940911433855768,0.8850925802566281
359,0.5130285086907862,0.8766923683797502
360,0.4361499737315322,0.9092698176125211
361,-0.9686873277106962,0.6255165006834148
362,0.6745649423292459,0.7965073429053826
363,-0.173782110433514,0.9850133240439509
364,0.45552809379111747,0.9014479977712948
365,0.976595883931118,0.6207233668818349
366,0.17022023534394704,0.9856169740927968
367,0.12082106854792496,0.9927277067269638
368,0.2262821608966692,0.9747231391350298
369,-0.5195091756555015,0.873764061930219
370,-0.7229572201147192,0.7700240190434448
371,0.5798500601152936,0.8452582761252508
372,0.24061341723962504,0.9714675542748202
373,-0.273420796323413,0.9633105224603132
374,0.4350928392603266,0.9096886422538186
375,-0.9966893311561598,0.6085386745281901
376,0.34225179475219303,0.9431139692315726
377,0.4230650764925592,0.9143955533089488
378,-0.473237408174507,0.8940649796767034
379,0.14776283278804891,0.9891424460201318
380,0.892581512278888,0.6714263975533556
381,-0.4043180147200687,0.9215147195675748
382,0.9140785417689763,0.6585138072682298
383,0.850341871738002,0.6966022790245241
384,0.990608584275446,0.612226673431474
385,-0.883082420704302,0.6771128823644678
386,0.8370434292042563,0.7044620259770044
387,-0.6776520478784025,0.7948465919912455
388,0.9664993448677472,0.6268421704449235
389,0.30500616258200086,0.9545508344059002
390,-0.787175678844797,0.7335769531130907
391,0.3557769350338087,0.9386725207934375
392,-0.006572120963575179,0.9999784038462204
393,0.7632080083441264,0.7473338803948641
394,0.027201963917676597,0.9996300950112371
395,0.27669297719356,0.9624438984784183
396,-0.6069701458939503,0.8317641274605083
397,0.4471379387814636,0.9048680308786269
398,-0.13714693689710833,0.9906394441769806
399,-0.7372284662112749,0.7620425341977921
400,0.6901121416966944,0.7881022930306723
401,-0.6708811676135353,0.7984836634941755
402,-0.15912019465621352,0.9874201777090297
403,-0.4716068778071181,0.8947539420432182
404,0.0908927561694135,0.9958777732364639
405,-0.9403776864198539,0.6426499549295546
406,0.026914953105196426,0.9996378582388357
407,0.9929035309386647,0.6108348133929707
408,0.7725066141997452,0.7420169187749805
409,0.46317120421588176,0.8982886891623159
410,0.19143800385831122,0.9818426136932299
411,-0.45088684417551494,0.9033461432790976
412,0.9846075393956091,0.6158659188673156
413,0.1328189103399846,0.9912183544138713
414,-0.004747796106039592,0.9999887292795828
415,-0.8541362844773466,0.6943532819268853
416,-0.7705529956899717,0.7431361855672725
417,0.07971089145198373,0.9968281279406754
418,-0.7965040925542408,0.7281782697533826
419,0.3674542462824093,0.9347171474513504
420,0.729149855106006,0.7665696205775344
421,0.6060252624971363,0.8322409228108071
422,-0.061284031772996794,0.9981238958125359
423,-0.7322008253342074,0.7648626342812278
424,0.15137280112699014,0.9886085174670582
425,0.7508463470553244,0.7543603416458065
426,-0.8706004826622911,0.6845643693320758
427,-0.13952072997032738,0.9903141954671263
428,0.9955566705315984,0.6092256575107183
429,-0.2862716695200975,0.9598524210746021
430,-0.39668084969159434,0.9243376534726393
431,-0.9857737771369719,0.6151587158948061
432,0.6383045532856026,0.8156937087773476
433,-0.6472159968851972,0.8110348344589327
434,0.7936190077696306,0.7298504967790844
435,-0.8700804105788784,0.684874300528618
436,-0.6989779558510341,0.7832643005265431
437,-0.06955856415244144,0.9975837269750986
438,-0.008066494339366237,0.9999674663637667
439,-0.831660756434113,0.7076329110999786
440,-0.6699915995782346,0.7989600202093396
441,-0.3826500589652917,0.9294051382190077
442,-0.27521849140286725,0.962835589662614
443,0.03201059041166299,0.9994877922739366
444,0.2156054568374084,0.9770251780348461
445,0.4736437899910406,0.893892980221738
446,-0.06482416043690464,0.997901119847696
447,0.845716521640038,0.6993400198357403
448,0.915586294991718,0.6576061179783866
449,-0.704937635291254,0.7799944031094003
450,0.6626387614967013,0.802883975618807
451,-0.422831849398438,0.9144857565158682
452,0.09637838164020196,0.9953663723067917
453,0.8717881244742154,0.68385643961835
454,-0.977652906274515,0.6200825884892921
455,0.082323608223827,0.996617146550182
456,0.606368233750529,0.8320679112022128
457,0.603552845089496,0.8334862960252851
458,-0.45189956508012474,0.9029332862106642
459,-0.19522875855351596,0.9811233050609186
460,0.3832436040528273,0.9291939119593245
461,-0.7253035043620926,0.7687168469423834
462,-0.19575410349987377,0.9810225484443234
463,-0.7576430598814103,0.7505030956803327
464,0.7238822838372534,0.7695088841415394
465,0.9926857248957104,0.6109669125603832
466,-0.7395538315918184,0.7607352075837179
467,0.36080469506728674,0.9369831179910979
468,0.8043873815655171,0.7235978260556654
469,0.5612366675428282,0.8542825385660443
470,0.8974638291717814,0.6684988101407842
471,0.41763554688932136,0.9164848656759832
472,-0.5245682885796612,0.8714594494648414
473,0.9808733153921099,0.6181301590046632
474,0.9726907505256281,0.6230904114077735
475,0.9005825827126752,0.6666270771525092
476,-0.6235239224617628,0.8233358832723875
477,-0.4772328299026436,0.8923689713053702
478,0.35028839938833545,0.940493086285795
479,0.1228890464810255,0.9924775772449651
480,-0.42381679882671874,0.9141045383701393
481,0.4431788128216869,0.9064642109263755
482,0.11288040975898661,0.9936492582943731
483,0.0005119814116700816,0.9999998689375257
484,0.4809866294845786,0.8907655041951525
485,-0.6336985179394004,0.8180867425050138
486,-0.5118894989682157,0.877204239396298
487,0.26761681170393814,0.9648241917524484
488,0.31844536469801876,0.9505602559153856
489,-0.321239637686048,0.9497110938171518
490,-0.7465047929535431,0.7568163154921317
491,-0.8880742057859587,0.6741262321894284
492,-0.5891858071295153,0.8406583386132808
493,-0.6372276561602594,0.8162541265653647
494,-0.12012804616300099,0.9928105945770479
495,0.5668853033075321,0.8515649764643873
496,-0.786322249469092,0.7340696675121474
497,0.261681797277842,0.966340829418136
498,0.812579709987971,0.7188210119313464
499,0.9550863222524106,0.6337536647332992
500,0.5065449709175114,0.8795948249067609
501,0.20387018718144945,0.9794329212265833
502,-0.6117305068740129,0.8293549023105635
503,-0.019160727887315376,0.9998164501007585
504,0.8069228193753761,0.7221212497736793
505,0.8439109995911129,0.7004075580256642
506,0.9085866509688731,0.6618178902412476
507,0.6836898975129697,0.7915866436620485
508,0.44617110420836537,0.9052588744094272
509,0.5035068952082453,0.880945429277113
510,0.6344163122570861,0.8177144972833035
511,0.21971249244038393,0.9761521730940222
512,-0.08992009413221558,0.9959653494969866
513,0.28724817319086116,0.9595836787974134
514,-0.5031046377145629,0.8811238022375066
515,0.9704757141081377,0.6244328034059518
516,-0.0006282161833548461,0.999999802672233
517,-0.6522273158442089,0.8083984298348876
518,-0.07926819294459131,0.9968632068417019
519,-0.43044852794813626,0.9115188839754221
520,-0.42415436255228145,0.9139737191230591
521,0.3657009909562625,0.9353180871451172
522,0.12560778875340617,0.9921423755084603
523,0.3432272548935811,0.9427987118242672
524,-0.9825729022765823,0.6170996541223368
525,-0.566170175542495,0.8519100491538211
526,-0.5683279670201637,0.8508679447144729
527,0.8071238193969903,0.7220041227547405
528,-0.9458498602259977,0.6393418577251269
529,-0.5644378687037415,0.8527447162664871
530,0.0789912892255702,0.9968850496693179
531,0.09874695194430538,0.9951363856029753
532,-0.9013802407516438,0.6661481610069789
533,0.3879140622866555,0.9275220976174628
534,-0.5051588156624176,0.8802118036354483
535,-0.29911221038772307,0.9562517562884949
536,-0.39136096975097345,0.9262772303437267
537,0.017695496660513843,0.999843446954676
538,-0.11196199245390881,0.9937518574561038
539,0.29129239385790573,0.9584617442839827
540,0.721193631181841,0.7710052263107445
541,-0.6414705841343926,0.8140428645979045
542,-0.2297642039741341,0.9739495292370938
543,0.6013385352762055,0.8345989098634004
544,0.08477652415333137,0.9964129194762554
545,-0.028931961665944028,0.9995815583682096
546,0.2757864862479984,0.9626849330924633
547,0.1546984982491484,0.9881054929629157
548,-0.25858163266603595,0.9671204503997692
549,0.7144112349099951,0.774767955838451
550,-0.4608391274820147,0.8992570552708941
551,0.870366759377379,0.6847036596905953
552,0.5733989676169013,0.8484083722727083
553,-0.347726280257423,0.9413344497988957
554,0.9653502159831984,0.6275383340331805
555,0.015785865910086683,0.999875410980591
556,-0.6842583759661123,0.7912789151642995
557,-0.7503330952102143,0.7546510085849878
558,-0.18468728280456315,0.9830899118672872
559,-0.7996227991436891,0.7263681416952718
560,0.03947556233230909,0.9992211434556137
561,-0.9798704893940486,0.6187381678228238
562,0.2414645206472501,0.9712682790334622
563,-0.37602323042973906,0.9317444148383001
564,0.6824348328611676,0.7922655519092112
565,0.15309465839860126,0.9883494126624202
566,-0.09121709447978499,0.9958483628101951
567,-0.38148022077614385,0.9298206327735309
568,-0.5972145857572617,0.836664077023194
569,-0.7497776213883809,0.7549654889578797
570,-0.8782991169982672,0.6799713123245228
571,0.6999233545310992,0.782746530598711
572,-0.8132303438750013,0.7184409254643623
573,0.9374130549893824,0.6444412492656073
574,-0.9587081729069684,0.631561041714327
575,0.30811614423254574,0.9536411997501419
576,0.43726704084874823,0.9088263542270392
577,-0.6976347257829472,0.7839993362052036
578,-0.38901532357390134,0.9271253874806279
579,0.8688656261684709,0.6855980621749084
580,0.5252071560609968,0.871167268737502
581,0.8892840831910755,0.6734018060253074
582,-0.4099441756884754,0.9194063273505537
583,0.7549130903402763,0.7520541971255726
584,0.9913337747300126,0.6117868591696918
585,-0.9136896480918077,0.6587478871362135
586,0.5686890536744045,0.8506932957581893
587,0.9264140701631707,0.6510808084860543
588,-0.6239853110911564,0.8230989668247659
589,-0.1535510455950213,0.9882802557405242
590,-0.8178208803463096,0.715756326426763
591,-0.42519827478606875,0.9135686217042503
592,-0.2174127894622313,0.9766429389634987
593,-0.829731279773021,0.7087680206395971
594,0.6680880361362052,0.7999781917372909
595,0.49261154781755034,0.8857388987123388
596,0.6668004726655847,0.8006659699562965
597,-0.05522282300960968,0.9984763817959714
598,-0.06926023767555911,0.9976043838180532
599,0.7909238085782111,0.7314106330087956
600,-0.985979943894038,0.6150336944943989
601,0.8662173731710172,0.687175013532711
602,-0.3080711353395702,0.9536544239401562
603,-0.616958850376538,0.8266952838507765
604,-0.3636270874633898,0.9360257152085248
605,-0.38967135271992914,0.9268886108187196
606,0.31725834532058483,0.9509189664591998
607,-0.6319926394460935,0.818970391205334
608,0.584080031032552,0.8431800668776127
609,-0.013108814729838159,0.9999140831792509
610,-0.35621725183716,0.9385253939972189
611,0.4477497352657098,0.9046203620724167
612,0.6973860576130564,0.7841353316117823
613,0.9045067871227404,0.6642702136786092
614,-0.2318180528382534,0.9734879767252567
615,0.4085113426817455,0.9199455839674509
616,-0.549265365754507,0.859979935338314
617,0.07250146799486812,0.9973752193457128
618,-0.34025131081005044,0.9437580230084993
619,-0.3386239773699544,0.9442794784009494
620,-0.39675004716252804,0.9243122791756836
621,0.9356284476330587,0.6455192185544641
622,0.6317566872465461,0.8190925024190231
623,-0.7754466422474262,0.7403303692440576
624,-0.01191533327732186,0.9999290149360041
625,-0.7393495929631193,0.7608501059929925
626,-0.7106396567196143,0.7768528250922856
627,-0.3385477541273152,0.9443038487865285
628,-0.23388310016034652,0.9730199900289696
629,0.3982501525401674,0.9237612834170589
630,-0.46264441855113025,0.8985077664431801
631,0.5461986969486177,0.8614256684553876
632,-0.765217621080102,0.7461870269700935
633,-0.10847349548949459,0.9941340228118827
634,-0.9803454908020548,0.6184501796555193
635,0.7200373588283333,0.771647916996183
636,0.3231659626507051,0.9491218220887698
637,-0.9644596251814868,0.6280778317393906
638,-0.4313116578124023,0.911179948140872
639,-0.17429746938349133,0.9849249792419599
640,0.3116740987608626,0.9525903013393527
641,0.5988681778587139,0.8358370950834757
642,-0.16751925993234051,0.9860666293823405
643,0.3973198698801985,0.9241031868450498
644,0.4602603652212931,0.8994967831191621
645,0.05807125226236809,0.9983152855576205
646,-0.6630998275012641,0.8026386304956062
647,-0.4830536657961175,0.8898784291742388
648,-0.3077765309401852,0.9537409393080551
649,-0.7359977766473629,0.762733671047681
650,0.9174012185042553,0.6565131874992195
651,-0.3698289929637024,0.9338992256554473
652,0.026535190148451404,0.9996480038070941
653,-0.9939278030981706,0.6102135879712612
654,-0.41220629886566873,0.9185517662033469
655,0.564234567444799,0.8528425575051372
656,0.4863586429132867,0.8884540360801075
657,-0.3341974791472291,0.9456866727471388
658,-0.8908405562217443,0.6724695493523679
659,0.6135188962835882,0.8284467491009062
660,-0.09494666751765224,0.9955027084023297
661,-0.5579000266338381,0.8558790411790295
662,-0.7027163794815037,0.7812147843372539
663,0.0007514872779921244,0.9999997176334754
664,0.27176876114854953,0.9637444337203659
665,0.9358788716363504,0.6453679684160845
666,0.48860206085424585,0.8874829341577217
667,0.7182490675083351,0.772640923590154
668,-0.3719686685204606,0.9331583742866971
669,-0.4296410532305057,0.911835464140652
670,-0.8386375788508766,0.7035217441824585
671,-0.8090805576976128,0.7208633598546081
672,-0.5565119802131158,0.8565412578771556
673,-0.15777783963421177,0.9876302192162931
674,-0.9728580759840983,0.6229889992820821
675,0.04733793319378288,0.9988801874989569
676,0.843813968130829,0.7004649105913864
677,0.9350268074468673,0.6458825742545407
678,-0.7965104747887455,0.7281745680712739
679,0.08196061643066632,0.9966468630396086
680,0.004970618861959375,0.9999876465503691
681,-0.38642229581615206,0.9280579561929416
682,-0.8395575691713244,0.7029788619479131
683,-0.1231156514620193,0.9924499143576144
684,0.7751626240433571,0.7404934084074166
685,0.4279788819887109,0.9124856116412845
686,0.9536347839149346,0.63463220631462
687,-0.5277597760474315,0.8699972827564637
688,-0.9061321129272553,0.6632934993015834
689,-0.8208419813801866,0.7139868178570452
690,0.3677433426353287,0.9346178189632799
691,-0.5321511954747928,0.8679749298305258
692,0.4931323277444062,0.8855115783653663
693,-0.0883545657197713,0.9961043431939829
694,-0.29150569544655847,0.9584021721030289
695,0.8566974562191148,0.692833709688403
696,0.7240601480456266,0.7694098019645463
697,0.015374661341770457,0.9998818168784883
698,-0.2471184935776929,0.9699276722708154
699,0.1572771747878854,0.9877081151873388
700,-0.8803657491981207,0.6787367519836662
701,-0.22950762572774375,0.9740069156252038
702,0.5226106796668708,0.8723531389000336
703,0.7161670255657351,0.7737955370918792
704,-0.6280009254349814,0.8210325026837278
705,0.37357845733671313,0.9325985663289966
706,-0.0048281562019445445,0.9999883445217704
707,-0.3889317317727685,0.927155533450631
708,0.8587451178823324,0.6916179378673539
709,0.2947687790535509,0.9574858687208183
710,0.24686441094079759,0.9699885431940906
711,0.07281993305615542,0.9973521404554367
712,-0.8712890706482621,0.6841539440271754
713,0.48814628912604574,0.8876804984342002
714,0.04146294925495053,0.9991407812595404
715,-0.1215286749187896,0.9926425898212486
716,-0.6961882564755342,0.7847900539031781
717,-0.43927186613257296,0.908028161323985
718,0.7739476926272033,0.7411905639239865
719,-0.46585105453977094,0.8971711768616301
720,0.29426066119046035,0.9576291654700322
721,0.7416243439282093,0.7595695910029853
722,0.3677208283386164,0.9346255569105274
723,0.29215606290702034,0.9582202872121758
724,-0.2132644917500628,0.977515752932299
725,0.9325214554402605,0.6473953420137547
726,0.13941861813813983,0.9903282991310836
727,0.8295024107017213,0.7089026097784575
728,0.17711907812952,0.9844367941600002
729,-0.6204968282770076,0.8248875896085838
730,-0.38568614320620154,0.9283217429395735
731,-0.8293534880134148,0.708990179290707
732,0.8196724305879264,0.7146720972439057
733,-0.4156735081282117,0.9172343913509553
734,0.7073351799683989,0.7786749947783125
735,-0.1313999189146262,0.9914041877322906
736,0.4671155715756632,0.8966421130864692
737,0.09001264347444304,0.9959570567970796
738,0.7352888587708943,0.7631315485570079
739,0.4758062108836272,0.8929758205198491
740,-0.2958620197947823,0.9571767935123398
741,0.6158787320364192,0.8272458851802361
742,-0.3334822930148704,0.945912489638019
743,0.036211179162370044,0.9993445901267789
744,-0.6077918049833184,0.8313491307353315
745,0.9025036203796508,0.665473546067441
746,0.09175390587941057,0.9957994574405002
747,-0.6621880679490919,0.8031237087619428
748,-0.9646149106413613,0.6279837661574444
749,-0.4344903690979385,0.9099269654680966
750,-0.3791882108834421,0.9306315385080164
751,-0.1500904352400434,0.9887996271269897
752,-0.5665206416957476,0.8517409746555789
753,-0.5539220874566411,0.8577738095468723
754,0.03598933229150525,0.9993525936385984
755,0.0448752806686612,0.99899361134154
756,-0.9038594151887023,0.664659153261189
757,-0.6998102159055148,0.7828085124619084
758,0.5843495522190953,0.843047311660159
759,0.49956849197633524,0.8826872431954375
760,0.4001587148720007,0.9230577317036857
761,0.7080553918074097,0.7782782126393745
762,-0.8003755695226211,0.7259308430915105
763,0.7427793523454518,0.7589187294557829
764,0.3015821635514382,0.955542630216189
765,-0.16835999064368257,0.9859274144904284
766,0.37015478783044986,0.9337866588651926
767,0.2521398883964949,0.9687126424791557
768,-0.44252540807835894,0.9067265448767108
769,-0.2536012652793127,0.9683547313045484
770,-0.28456811803420745,0.9603192411836399
771,0.9197090951440523,0.6551229114743028
772,0.7411601611086664,0.7598310354408163
773,-0.9295647428648235,0.6491799645384372
774,0.08747128235775081,0.9961816957147115
775,-0.6530796626388653,0.807948853267387
776,-0.5501921988187721,0.8595418813084791
777,0.15908869163868378,0.987425126938028
778,-0.2776137417948492,0.9621983208663559
779,-0.07640545631624995,0.9970853589602526
780,0.49092395860072857,0.8864742802632981
781,0.7037584123256073,0.7806425226071697
782,0.09594819687876233,0.9954075494563176
783,0.13262089954369416,0.9912444039488033
784,-0.4004786516560077,0.922939517111679
785,0.2576622301027396,0.9673499926934918
786,-0.6084347225250579,0.8310241644515509
787,0.6414670116481986,0.8140447300919496
788,-0.9434563628483379,0.6407890609507411
789,0.5319325153801433,0.8680759219527837
790,0.09598486749223523,0.995404046472403
791,0.359866892436139,0.9372998004431103
792,-0.09000811442188716,0.9959574628107459
793,-0.415051941650203,0.9174712294123397
794,-0.7350681467025637,0.7632553864412397
795,0.6892677169799639,0.7885614105691631
796,-0.6781085291879816,0.7946006729652171
797,-0.5724716677878698,0.848859236824757
798,-0.38311189507961907,0.929240807652665
799,0.7248861426202327,0.7689495164957605
800,-0.2904983074017671,0.9586831707420762
801,0.40294532911187475,0.9220254349185083
802,-0.6886298248460716,0.7889080397582033
803,-0.05130554798395659,0.9986847360917894
804,0.035879391757014156,0.9993565417316933
805,-0.89584098264114,0.6694722703938891
806,0.7314985766845326,0.765255829169342
807,0.742939111861284,0.7588286672123021
808,0.8800607655846799,0.678918983744463
809,0.01923011666088903,0.9998151183993143
810,0.2608483917897062,0.966551263150996
811,0.9457851478634809,0.6393809905349113
812,0.7091165299518838,0.7776932392933245
813,-0.5606878194654239,0.8545455981723107
814,0.22445713328829853,0.9751241309023466
815,0.5128529366030228,0.8767713251608579
816,-0.9615925584497518,0.6298143886269579
817,0.5938468991420871,0.8383437415628668
818,0.6366683570589933,0.8165449643674252
819,0.7347135522430199,0.7634543077236859
820,-0.9856906207788525,0.6152091424597781
821,0.7170191854631138,0.7733231616144988
822,0.3091204760373838,0.9533456595206784
823,0.9594282995240229,0.6311250043164395
824,0.0767445314301669,0.9970594702992853
825,-0.07924288999676121,0.9968652059520162
826,0.11983089700705496,0.9928459906914892
827,-0.018276236245947652,0.9998330035398026
828,0.5364916996318372,0.8659642336679877
829,-0.5087330578984659,0.8786183500523098
830,-0.3180369203963387,0.9506838213623179
831,-0.6454423396472646,0.8119651106651922
832,0.20263079340378587,0.979679678699075
833,0.7174454321588013,0.7730867790152536
834,-0.6920213250007465,0.7870631777305055
835,0.8966713789840441,0.6689742024587518
836,0.7065659539909523,0.7790985570892448
837,0.36945162759886285,0.9340295038313062
838,0.09869110765454558,0.9951418716996112
839,-0.5584529766894961,0.855614920243065
840,-0.6227230874756189,0.8237468461373428
841,-0.6013728426655529,0.834581691477847
842,-0.44366285970673136,0.9062696715222025
843,0.5822990052071002,0.8440563124221542
844,-0.8691743186055565,0.6854141683787718
845,0.7478844388213279,0.7560365428137732
846,0.2674665599391324,0.9648629771238428
847,-0.4330784326543051,0.9104844446039598
848,-0.6574318356890028,0.8056480379818788
849,-0.9819869873045015,0.617454917268273
850,-0.027654057336361504,0.9996176996518269
851,0.16474072037103982,0.9865219015742892
852,-0.9084485443330104,0.6619009352699128
853,-0.9586374458523423,0.6316038655967823
854,-0.13943550371748592,0.990325967597278
855,0.4164297411159972,0.9169458454889816
856,-0.6768380282604736,0.7952849043704794
857,-0.9344627435640467,0.6462232093599763
858,-0.5309839146477735,0.8685136655152365
859,-0.5955660168800851,0.83748708170544
860,-0.20027930755578138,0.9801438812251204
861,-0.395887816230744,0.9246281877002339
862,0.40346050492524776,0.9218339313251939
863,0.0350949044866109,0.9993843634215492
864,0.09401888655292323,0.9955899773197365
865,-0.429271790515215,0.9119800765212901
866,-0.895248571315026,0.6698275403317231
867,0.8951733611971324,0.6698726406164082
868,0.6177413034213246,0.8262960472370371
869,-0.8433499673807743,0.7007391421006822
870,-0.5788690111562129,0.8457388406415787
871,0.924389746531936,0.6523016297301416
872,-0.47487783427507413,0.893369974510945
873,0.7785622865016371,0.7385402936808949
874,0.7910890895944198,0.7313150158402107
875,-0.30502034177603643,0.9545467061332052
876,-0.05385344684905902,0.9985509540136803
877,0.0845636949057742,0.996430875273561
878,0.6482263018706862,0.8105042702017689
879,0.143877393111826,0.9897030284422594
880,-0.2916442186767676,0.958363463112173
881,0.16764112226058447,0.9860464924189877
882,0.2932686491781915,0.9579082765771052
883,-0.7549186062049786,0.7520510655681272
884,0.9634945250452533,0.6286624260481636
885,0.5072869284378358,0.8792640626137135
886,0.49291237984930825,0.8856076077647368
887,0.04144609929282361,0.9991414791667778
888,-0.37704240287256496,0.9313869247743585
889,-0.4724597816128431,0.8943937874838247
890,0.28596146520082244,0.9599376161681774
891,0.9918659750415482,0.6114640862118429
892,-0.6291393513570505,0.8204451979595786
893,0.4814932568434658,0.8905483537347805
894,-0.010950986594456369,0.999940039743992
895,-0.4003389949736267,0.9229911291182772
896,0.18840315640798,0.9824086912497201
897,-0.11670245486151609,0.99321340219493
898,-0.8398138568445919,0.7028275964020277
899,-0.061723815237709534,0.9980968985147145
