,data,labels
0,0.6131216689197134,0.8286486061813255
1,-0.3281788140554145,0.9475735999475707
2,0.30924113844756107,0.9533100941929267
3,-0.921785399546535,0.6538716756313031
4,-0.24272386051481787,0.9709722049977122
5,0.20464812000129662,0.9792773017982802
6,0.4930797705506351,0.8855345278200549
7,0.03838175742063754,0.9992636915568501
8,-0.09718341352676552,0.9952888246330523
9,0.6434370003847218,0.8130151078773276
10,-0.6294720398845284,0.8202734452477624
11,-0.35471647240672355,0.9390262096169094
12,0.2561992595044946,0.9677136706105152
13,0.9236248700496816,0.6527628078089592
14,0.22136526900107634,0.9757964290083163
15,-0.42764689263251565,0.9126152205607215
16,-0.6436061351387237,0.8129266226146424
17,-0.5237100715554568,0.8718515420375096
18,0.5716809004833574,0.8492433299765345
19,0.27118391568098743,0.9638974612162221
20,-0.8164002104428261,0.7165876905700161
21,-0.842215106453374,0.7014096783395305
22,-0.7895491436746596,0.7322056036632231
23,0.03364376331429497,0.9994342087153141
24,0.5404731605546798,0.8641096412450436
25,-0.1971711407174046,0.9807494748345779
26,0.540379170344786,0.864153534609189
27,0.7750775523433815,0.740542238732946
28,0.9880503497615212,0.61377814294942
29,0.7999623420192286,0.7261709131335006
30,0.9358271224122305,0.6453992241284016
31,-0.893363113301358,0.670957940291652
32,-0.18958365635995533,0.9821895337301954
33,0.029669891280978522,0.9995599456280272
34,-0.10164014507773289,0.994847957984097
35,-0.8848623323506686,0.6760483555582647
36,0.9495124726743114,0.6371265561414146
37,0.20849873438152255,0.9784986604605015
38,-0.1868743934449668,0.9826905407237575
39,0.585682430941991,0.8423901972211908
40,0.16708010849013744,0.9861390782580026
41,-0.19340714675823545,0.9814706565891266
42,0.0785018757275564,0.996923470000987
43,0.7945707883351965,0.7292990811949944
44,0.48893308781095524,0.8873393552565294
45,0.9523740202523281,0.6353951836360133
46,-0.3474624674105602,0.9414207739952908
47,-0.4751862363574597,0.893239104619948
48,-0.10581456621549123,0.9944172804096807
49,0.07329775708385533,0.9973173242263824
50,0.6064771635364712,0.8320129486958966
51,-0.8542059261149089,0.6943119789431605
52,-0.1659070434233374,0.9863316977191322
53,-0.2298268875204268,0.9739355001797985
54,0.8278808787723388,0.709855837939811
55,-0.6298441179404433,0.8200812924921238
56,0.15087963201380084,0.9886822019790084
57,0.9697646444488475,0.6248637001356809
58,0.9309424870144012,0.6483484750326475
59,-0.9510691251582182,0.6361847690787509
60,0.9649785477149815,0.6277634855766808
61,-0.9083245801638591,0.6619754744004148
62,0.12399590123411897,0.9923419814300298
63,0.5386781585685334,0.864946970889648
64,-0.5478913970301833,0.8606283719606364
65,0.11859298475323521,0.9929925196803545
66,-0.4538149645496512,0.9021504191419004
67,0.4853921127043619,0.8888713638337228
68,-0.5254514558213881,0.8710554722002842
69,0.7705036074989968,0.7431644661521101
70,0.7006877880044466,0.7823276095453892
71,0.09578149008243009,0.9954234575109446
72,0.7472174193014876,0.7564136201212611
73,0.06507288428948632,0.9978849996370274
74,0.4178034884837294,0.9164205742432378
75,-0.1548361483279863,0.9880844428503043
76,0.6743678366051091,0.7966132385750793
77,0.8730187141846968,0.6831226653511963
78,-0.6452054666815001,0.812089236965633
79,0.7129090068611064,0.7755990146642667
80,0.6385961361902646,0.8155418723862554
81,0.676558284892715,0.7954354675017985
82,-0.524647903422238,0.8714230523345593
83,0.119957980975548,0.9928308631488442
84,0.05651074229191533,0.9984045421011224
85,0.08378143223886614,0.9964964874785068
86,0.03351700132050062,0.9994384630321708
87,-0.7319939175790342,0.7649785018660539
88,-0.035386255527914745,0.9993741024155194
89,0.4543662177940406,0.901924622092669
90,0.031373855397996975,0.9995079616893048
91,-0.4281451662039222,0.9124206632655495
92,0.8821128435401522,0.677692567346236
93,-0.7301499396530671,0.7660104498845333
94,-0.42428693411631957,0.9139223190567679
95,0.8022000728151699,0.7248703422387381
96,-0.7377959435647372,0.7617236697634557
97,-0.8836679300282622,0.676762753614354
98,-0.10065460315889241,0.9949471343231939
99,-0.7239200484876587,0.7694878476918099
100,-0.6521182677560036,0.8084559237173744
101,0.9849069702489583,0.6156843472840258
102,-0.8855759629086613,0.6756214175402729
103,0.029358006970197303,0.9995691465573825
104,0.68975417938017,0.7882969547478551
105,0.04610225406675128,0.998937855560126
106,0.8509014060317359,0.6962708086802195
107,0.44076167890302553,0.9074331052395808
108,-0.9187548959552487,0.6556977917973816
109,-0.9379713389354163,0.6441039735277265
110,-0.3482411213607506,0.9411658188961702
111,-0.784669003983334,0.735023562172116
112,0.44710705194575606,0.9048805273725417
113,0.7068836060654455,0.7789236748649893
114,0.8622325563962863,0.6895455713151862
115,0.7907884573331343,0.7314889298526585
116,0.3340401440789842,0.9457363874839692
117,-0.14932410916894634,0.988913073261981
118,-0.4197669068186276,0.9156673566445909
119,-0.0826612417457393,0.9965893889486981
120,-0.6641453934766646,0.802081903842453
121,0.7812957657674264,0.736967462160721
122,-0.6680955181283232,0.7999741929303688
123,0.7623533988098876,0.7478212109752648
124,0.9229388842681023,0.6531763714652794
125,0.523024769021297,0.8721643007722222
126,0.16138046400621708,0.9870625900896256
127,0.6537140133791046,0.8076140417819834
128,0.5570840712763174,0.856268459382725
129,0.9731694276253142,0.6228002937063231
130,0.38796979750781047,0.927502042924343
131,-0.709801791899763,0.7773152436662112
132,0.20898687637624858,0.978398960313991
133,-0.9491023414895889,0.6373746636549474
134,0.08624108303732947,0.9962881438311472
135,-0.13381615124879298,0.9910865809952212
136,-0.8987193960500643,0.667745426311299
137,-0.8185156338018065,0.7153495880878593
138,-0.8362093400928625,0.704953785902899
139,0.6760701619604848,0.7956981035722642
140,-0.2394270001171086,0.971744232736512
141,-0.13868198741047588,0.9904297423920658
142,0.35574357325762485,0.9386836617703107
143,0.17410287242945577,0.9849583676050655
144,-0.9603974220433338,0.6305381586637365
145,-0.94932085245811,0.6372424774802183
146,-0.033218040997881726,0.9994484330451412
147,-0.9895201268210789,0.6128867907980136
148,0.319943592956736,0.950105781786916
149,0.42123861056151335,0.9151008661854849
150,-0.38643465880747163,0.9280535224883988
151,0.13681068090365733,0.9906850740266044
152,-0.5574521089717281,0.8560928604427213
153,0.7605931764956246,0.7488242343703289
154,-0.5934161331496159,0.8385581471091036
155,0.30890441994479456,0.9534093108361205
156,-0.350349212683839,0.9404730501958825
157,0.8623342236983407,0.6894851242449069
158,-0.749461788370501,0.7551442517113607
159,-0.976162645721975,0.6209859913898648
160,0.1681508503216318,0.9859621088935714
161,0.992973086977861,0.6107926276313758
162,0.9642530616297385,0.62820295785301
163,0.529623204237458,0.8691406020893592
164,0.6448899905585379,0.8122545116321128
165,0.7239445792745118,0.7694741827637167
166,-0.37842885226039247,0.9308992745947204
167,0.10164481188776997,0.9948474860819214
168,0.1738637551296338,0.9849993451093348
169,-0.60376906912049,0.8333775114881868
170,-0.9214637316187155,0.6540655492448307
171,-0.9073321794260134,0.6625721364041479
172,0.7574983658221124,0.7505853673229564
173,-0.07171949543401923,0.997431461342218
174,0.05225404054780025,0.9986356891426232
175,-0.8039026476628033,0.7238799368273601
176,0.4287406054997167,0.9121879237399911
177,0.6426607272391414,0.813421051341973
178,-0.5993206165837586,0.8356105692107296
179,0.29705737896453877,0.9568376532962375
180,0.9559046346403937,0.6332583303552338
181,0.9024597468052511,0.6654998960789034
182,0.01725212060420933,0.9998511932401533
183,0.67633336974388,0.7955564965782923
184,0.3265620234659343,0.948075273374928
185,-0.6694584807439146,0.7992453342496458
186,-0.5284469078828253,0.869681638357719
187,0.26267634527790085,0.9660888892128848
188,0.572646207701835,0.8487744108352397
189,0.7617012008373618,0.7481929649999364
190,-0.36740108418903694,0.9347354056689454
191,-0.661177386564272,0.803660977704941
192,0.7617876099843173,0.7481437192995567
193,0.12471715097475977,0.9922529801731058
194,-0.5613940913338369,0.8542070537415142
195,0.83717675310477,0.7043834076241354
196,0.3063479573301222,0.9541594000544884
197,-0.07057233384117634,0.9975128708915946
198,-0.28641928186082866,0.9598118507690206
199,-0.6382255900708198,0.8157348203373721
200,0.626177942667246,0.8219716217490984
201,-0.27393796367988044,0.9631741870241848
202,0.35119462345627506,0.940194197686249
203,-0.8520682828565918,0.6955793529346977
204,0.761366382534939,0.7483837601619067
205,0.0685829468685053,0.9976509530385532
206,-0.4192055139493933,0.9158830185566484
207,-0.7524644500507829,0.7534434041941044
208,0.08016387382835544,0.9967920332228317
209,0.005866766366183329,0.9999827906742844
210,-0.24060112985421767,0.9714704263590664
211,-0.8225510818096562,0.7129848257209518
212,-0.7995349379893097,0.7264191722460791
213,-0.3099963510995445,0.9530872096659032
214,0.5646573767927154,0.8526390483267785
215,-0.8218268863759977,0.7134094814858116
216,0.679572381353569,0.7938114529368538
217,0.6067368747098905,0.8318818815200729
218,-0.09373764355377245,0.9956162638354839
219,0.916490681599023,0.6570615478627005
220,0.7316985856714622,0.7651438603143406
221,0.26691270322741656,0.9650057727158466
222,0.028184017406801765,0.9996029094427393
223,0.3600429461793728,0.9372404043143111
224,-0.4644364822191791,0.8977616913557683
225,0.2595864646312769,0.9668687069646029
226,-0.44173196619836586,0.9070446834454718
227,0.9131796024483663,0.6590548649008363
228,-0.6664369451377898,0.80086002225642
229,0.03564289910232632,0.999364993573764
230,-0.1154681842384766,0.9933557207016389
231,0.6750255891940802,0.7962597931886247
232,-0.8231897778533461,0.7126102049534959
233,-0.2454499371459533,0.9703263353942779
234,-0.7368105799271012,0.7622772720911544
235,0.1411821549592558,0.9900832975639798
236,-0.07151560680007174,0.9974460259474045
237,0.6790046911455496,0.7941176258662067
238,0.8154766748481184,0.7171278774335703
239,0.9817915794755963,0.6175733990011991
240,0.8313978980812493,0.7077875984644262
241,0.24082103027762458,0.9714190053923284
242,0.9779694589502248,0.6198906848045254
243,0.3522535915296525,0.9398440738384588
244,0.7615617593929238,0.7482724295523091
245,0.057097765857797356,0.9983712504216429
246,0.3879677216136943,0.9275027899181546
247,-0.25471719853792996,0.9680801208907733
248,0.4883055859794305,0.8876114636715329
249,0.01528130815775719,0.9998832476265828
250,0.1950819648313704,0.981151412273793
251,0.3556288125738156,0.9387219784842689
252,0.5898776017722325,0.8403155587285067
253,0.41078706782274543,0.9190883652537156
254,0.9075129688230708,0.6624634487836897
255,-0.908877457869605,0.6616430176783485
256,0.17112554821450554,0.9854646958473098
257,0.8347542297052617,0.7058113322291281
258,0.1587275430965165,0.9874817963341913
259,0.38614875340131083,0.9281560250590696
260,-0.41695959339333966,0.9167434184639104
261,-0.2842641776674151,0.9604022600952424
262,0.008250486640704713,0.9999659653142888
263,0.05894551275787285,0.9982642214719356
264,0.0002712192568852245,0.999999963220058
265,0.8877536140581967,0.6743181548311837
266,-0.5691143470917288,0.8504874952868731
267,-0.8320237807773232,0.7074192530876582
268,-0.3535907289707225,0.9394006609453689
269,0.6420339331479659,0.8137486164655702
270,-0.8795389795459705,0.6792307247922909
271,-0.3952432469796494,0.9248639696318725
272,0.04261160028900912,0.9990925377535336
273,0.01851203921088551,0.9998286668813228
274,-0.12465555675550566,0.9922606006641946
275,-0.14235442968667789,0.989918767920348
276,-0.8725183125320832,0.6834210739541874
277,-0.3183014501825492,0.9506038102102284
278,-0.6057593202632323,0.8323750345506085
279,-0.7349584411443557,0.7633169340540936
280,0.9153999185258361,0.6577183324961461
281,0.364901242549029,0.9355913792951978
282,-0.3016596062721302,0.9555203105853651
283,0.9071523909304815,0.6626802185030976
284,0.596697752907108,0.8369222499359777
285,0.8493763844759816,0.6971740953762923
286,0.58334597916994,0.8435414263897224
287,-0.44900824144321194,0.9041100399025807
288,-0.9893261119702577,0.6130044535426039
289,0.7034926654410085,0.7807885057080939
290,-0.41352735259123774,0.91805090698187
291,0.23268540950688488,0.973291892105085
292,0.271218156084603,0.963888510474215
293,0.6841412024444371,0.7913423546160704
294,0.6160140403813184,0.8271769431590759
295,0.1575168734764778,0.9876708517765175
296,0.9593083478357838,0.6311976370041873
297,0.169354969948331,0.9857617830371799
298,-0.12888381889497946,0.9917288761495282
299,0.7325521305619396,0.7646658698580435
300,0.8490701332208486,0.6973554369896882
301,0.5413346528246157,0.8637070733187034
302,0.9161282456134998,0.6572797965564673
303,-0.4564622956251627,0.9010640703247224
304,-0.06724586677071542,0.9977415508437487
305,0.035759830307919405,0.9993608216297559
306,0.2029820387307577,0.9796098938928787
307,0.9622028105081564,0.6294447960404715
308,-0.07168460434392365,0.997433956682148
309,-0.27696967695317887,0.9623701789061185
310,-0.28211428281762485,0.9609871570194591
311,-0.940719389362386,0.6424434480016099
312,0.21441627089194348,0.9772750234882224
313,-0.07500663132137864,0.9971909553987686
314,0.08290357726505793,0.9965693964517082
315,-0.6984897740835334,0.783531524706885
316,0.9080086764635227,0.6621654179069794
317,-0.8413466082289982,0.7019226560527667
318,-0.5670266478028569,0.8514967380971813
319,0.08976651333113206,0.9959790921274162
320,-0.8028372702920579,0.7244997652159588
321,-0.43012207632197574,0.9116469315983539
322,0.042789080771307386,0.9990849661823743
323,-0.14869739838013074,0.9890054288504293
324,0.31244187964428183,0.9523620955120219
325,-0.2086809080079708,0.9784614786443167
326,-0.6607254773043592,0.8039010591137737
327,-0.07455202433603336,0.9972248556857327
328,0.9500669233857866,0.6367911262513424
329,0.2076626492904392,0.9786689077774168
330,0.7860529052366019,0.7342251269594592
331,-0.3661798708196724,0.9351541949579952
332,-0.7960027307297921,0.7284690246070543
333,-0.17208584618564138,0.9853023119352591
334,-0.07454141143525894,0.9972256446473902
335,-0.6578504353325707,0.8054262829915969
336,-0.9024778557114237,0.6654890200874198
337,-0.4841163616006434,0.8894212347859465
338,-0.778663075761336,0.7384823384177469
339,-0.026138743869613235,0.9996584413788909
340,0.06284822817856406,0.9980269990377223
341,0.355343906194336,0.9388170573722655
342,0.3806804177754699,0.9301040752372995
343,-0.8784360339090316,0.6798895415967461
344,-0.4918356796184211,0.8860772275722685
345,0.05861504174021204,0.9982836131205121
346,0.4647085907604567,0.8976482087430204
347,-0.6225986573867177,0.8238106706601245
348,0.2084596491723747,0.9785066337431494
349,0.9944601413817484,0.6098907193938282
350,-0.7095245866365556,0.7774681740060079
351,-0.4635580699791262,0.8981276764411518
352,0.36101115473200385,0.9369133032354782
353,0.44038879443555623,0.9075821939196703
354,-0.6998393676218573,0.7827925424749066
355,0.32619205423229136,0.9481897598669684
356,-0.5032681163289112,0.8810513237881104
357,-0.13885711935390077,0.990405672288777
358,0.7508750094874121,0.7543441068595438
359,-0.9118587951634334,0.659849677571532
360,0.020034739614992247,0.9997993247422534
361,-0.24976707814419408,0.9692896487272906
362,0.6909029735025685,0.7876720472880252
363,-0.11684452319550576,0.9931969251049683
364,-0.9039449391467533,0.6646077735773301
365,0.16856400182292486,0.9858935305906412
366,0.8732107511874176,0.6830081355460589
367,-0.9354153465282442,0.6456479225787544
368,-0.1180212384090884,0.9930596896130138
369,0.028476757387598584,0.9995946193332991
370,0.6997742001193781,0.7828282422769419
371,-0.813892334332909,0.718054099023514
372,-0.6958941103732497,0.7849507465425335
373,0.36576942049682204,0.935294679146131
374,-0.7763824482964414,0.7397930063873148
375,-0.6463252127045109,0.8115022330390481
376,-0.008663530496929805,0.9999624723238453
377,-0.6643620130507657,0.8019665002960623
378,0.015235323668790324,0.9998839491907698
379,0.9025859866265784,0.6654240771164378
380,-0.8692400936868012,0.6853749828804327
381,0.6402837569725963,0.8146622696270447
382,-0.10755710696851617,0.9942324310265759
383,0.4854642076642277,0.888840256614732
384,-0.36203947120577173,0.9365650588005845
385,-0.020137677316772296,0.9997972575311754
386,-0.42997518520774847,0.9117045224480672
387,-0.45849769290831355,0.9002254318393826
388,-0.9820297533579423,0.6174289867917356
389,0.02375403307401225,0.9997179127504513
390,-0.011385020297054904,0.999935192756498
391,0.3514888616851437,0.9400970071524857
392,0.1491607216346127,0.988937187558751
393,0.28094562479856977,0.9613033855734762
394,-0.5602498342316213,0.8547553952712086
395,-0.02686719102180546,0.9996391421481612
396,0.7917772388471991,0.7309168324681938
397,0.0020461637747957173,0.9999979066090945
398,-0.21999715671270526,0.9760910827038561
399,0.554844920495247,0.8573350817747563
400,-0.8621445827235763,0.68959787525799
401,0.9816217082046756,0.6176763964482473
402,-0.8665324381783293,0.6869874648046872
403,-0.1465182894878838,0.9893235971399414
404,0.6405719749981629,0.8145119108166698
405,0.1214205743664376,0.9926556247672125
406,0.4215598855871636,0.9149769835912018
407,-0.025848907433730917,0.9996659727917552
408,-0.5533311823496341,0.8580544682671981
409,-0.7832291698359304,0.7358536933368701
410,-0.2271427549995153,0.9745329819845288
411,-0.05150060093725162,0.9986747230077635
412,0.6022813888115914,0.8341254772063494
413,-0.4056299448687932,0.921025251071312
414,-0.28566068234920694,0.9600201427394567
415,0.07676727706709174,0.9970577295726338
416,0.11232478475272534,0.9937114277249636
417,-0.5544025430119712,0.8575454573595621
418,0.8977528104573025,0.6683254293810735
419,0.9096304886565996,0.6611901482518757
420,0.1872451442362979,0.982622390984907
421,-0.21507255671554093,0.9771373021941121
422,-0.7231862690330007,0.7698964991488576
423,-0.5303537609769655,0.8688041475840027
424,-0.0219248011838451,0.9997596804279001
425,0.2349897872615141,0.9727675748902769
426,0.3766144911392171,0.93153712238629
427,-0.5417213697799157,0.8635262163937846
428,-0.4340743024829441,0.9100913953735408
429,-0.04323485621662959,0.9990658102311754
430,-0.4556659964153935,0.9013913633502643
431,0.5800219346611317,0.8451740281605281
432,-0.8867935506246059,0.6748928100033506
433,-0.13681349592418446,0.9906846924852873
434,-0.1352151160897146,0.9909000932513301
435,0.32303021074423754,0.9491634526060074
436,-0.8673708566748088,0.6864882968329161
437,0.5978914301368152,0.8363257563284126
438,-0.7287961346058789,0.7667673081040859
439,0.1770327029630645,0.9844518511960662
440,-0.3076466085636087,0.953779069315348
441,-0.6736967538403051,0.7969736533086637
442,0.8541331732185293,0.6943551271274997
443,-0.22224293640931103,0.9756064889795729
444,0.5829266444528756,0.8437477222061692
445,-0.8386482038516259,0.7035154754226555
446,0.49900052546943985,0.8829375883828123
447,-0.9600789622092605,0.6307310050117046
448,-0.6203898208034797,0.8249423574233958
449,-0.89938124662244,0.6673482112867807
450,-0.5199679772884074,0.8735557316939448
451,-0.8647229589523389,0.6880643607174608
452,0.1141111786258957,0.993510468014815
453,0.04782879983351429,0.9988568568397567
454,0.8840761689090897,0.6765186007279411
455,-0.36409779636718365,0.9358654127318236
456,0.5647843131043324,0.852577930296971
457,-0.7519319017343153,0.7537452804226051
458,0.27885611419347645,0.9618657739099331
459,0.006989218638190797,0.9999755757096916
460,0.7499145474036704,0.7548879780359767
461,-0.7423850634049125,0.7591409672851307
462,-0.8336041335106465,0.7064888028794113
463,0.4468876607292891,0.9049692709083892
464,0.39359826026097644,0.9254642317157846
465,-0.6281920842169282,0.820933930379308
466,0.15044691318717307,0.9887466610527511
467,0.058288634100785996,0.9983026596814808
468,0.34474744041016137,0.9423058280820358
469,-0.08957851314171972,0.9959958829321506
470,-0.9496533713511981,0.6370413175106722
471,0.9584487995324305,0.6317180860919996
472,-0.8423134654945093,0.7013515729473028
473,0.186593803347038,0.9827420308697238
474,0.8827456735726846,0.6773142306665574
475,0.27002083643746966,0.9642008783436158
476,-0.006846179540642261,0.9999765651874482
477,0.808887615270306,0.7209758862902862
478,-0.8409394629571585,0.702163082853545
479,-0.8101355526635707,0.7202479099619518
480,0.9193580219828159,0.6553344347209182
481,0.4229398812400953,0.914443979061425
482,0.6441453241137804,0.8126444472986465
483,-0.5919106249857045,0.8393066925275594
484,0.09018801935015519,0.9959413193811552
485,0.3126111455860001,0.9523117167997309
486,-0.8130531593732855,0.7185444430995707
487,-0.45846391351171256,0.9002393739230504
488,-0.5289276115023656,0.8694606439148811
489,0.706271648638291,0.7792605507264623
490,-0.9336508457174169,0.6467134642240898
491,0.483127655677698,0.8898466220876067
492,-0.7359057839310761,0.7627853115458291
493,0.3172587631769024,0.9509188403973156
494,-0.7649813933990532,0.7463219032722083
495,-0.8340978767175451,0.7061979954650858
496,0.5255435484417048,0.8710133189768063
497,0.07161464297219267,0.9974389565378139
498,0.4858284790394394,0.8886830284047168
499,0.5915256040116985,0.8394979284219989
