,data,labels
0,-0.4206465968202182,0.9153289412213239
1,0.7441922806756587,0.7581219098699987
2,-0.4538889098764711,0.9021201432745326
3,-0.18111879531378805,0.9837317715200087
4,-0.6571732386054627,0.8057849908700604
5,-0.3927218163307944,0.9257831856563379
6,-0.08682761905439107,0.9962375779979702
7,-0.08782020890418396,0.99615123102432
8,0.6479909907540484,0.8106278873397059
9,0.47722833722007385,0.8923708845871204
10,0.7234269231552439,0.7697624974580891
11,-0.7170634094258324,0.7732986396106364
12,-0.9723839788653215,0.6232763362354006
13,0.05958135841219403,0.9982266051909963
14,0.6401934736068025,0.8147093608273775
15,-0.6398978457488536,0.8148635309110013
16,0.20869453414125338,0.9784586962886546
17,0.16863941750649136,0.9858809948239199
18,-0.004192246092418417,0.9999912125749599
19,-0.03930854113487792,0.9992277176605536
20,-0.4935652769894354,0.8853224577256235
21,-0.3751810736923815,0.9320391870136421
22,-0.8984726595550485,0.6678934928600513
23,0.9069599069852234,0.6627959284257474
24,-0.7500162240692472,0.7548304170180652
25,-0.2106065616892041,0.9780665522636128
26,0.009374489143899378,0.9999560604420161
27,0.0005649362438184813,0.999999840423533
28,0.3116139499111634,0.9526081578400882
29,-0.4653968768752481,0.897360927101279
30,0.6857001646984688,0.790497837510254
31,0.2884191813573649,0.9592603002589181
32,-0.6114150400412699,0.8295149259559703
33,-0.8954444313165422,0.669710087953409
34,0.4667570626650228,0.896792224284781
35,-0.24587125849988722,0.9702259098210976
36,-0.6049153928022539,0.8328003709765268
37,0.07795870058059284,0.9969658329190894
38,-0.4803918871508548,0.8910201982109475
39,-0.738870786926686,0.7611194112064235
40,0.6978532194677982,0.7838798225378174
41,-0.93323156974995,0.6469666176619114
42,0.9881709306845532,0.6137050173015988
43,0.8931261499760828,0.6710999744528297
44,0.0807358057295533,0.9967461700525696
45,0.9320388444169643,0.6476866892814143
46,-0.9476150469073485,0.6382743077660266
47,-0.5924502939886167,0.8390385085433356
48,-0.19628599801675528,0.9809202704129424
49,0.294221791445588,0.9576401180153792
50,-0.3758014487062731,0.9318220980616966
51,0.7726931369391798,0.741909996316809
52,0.4015875987808697,0.9225291545235372
53,0.09444379721708684,0.9955501147925985
54,0.06659741978832545,0.997784848915134
55,0.2877319118230701,0.9594502387358536
56,0.5665933553752667,0.8517058866789511
57,0.022895474466064547,0.9997379329700516
58,-0.24512793517983567,0.9704029782102358
59,-0.12266927893149115,0.9925043575053912
60,-0.239313085459826,0.9717707303827857
61,0.16508034414298756,0.9864666504596402
62,0.18472107892251644,0.9830837751597352
63,0.32188557947378205,0.9495138491217517
64,-0.2740880282933673,0.9631345824488206
65,-0.266209300573228,0.9651867279884017
66,0.4352199857698731,0.9096383118299302
67,-0.7802315819481014,0.7375800452433164
68,0.3363916946019392,0.9449911788345436
69,-0.20722096477625152,0.9787585812827833
70,0.0012327051841312109,0.9999992402192531
71,-0.5742018681608965,0.8480175965985143
72,0.3199772975441926,0.9500955357733292
73,0.9633189569493403,0.6287687691964903
74,-0.5063138863446623,0.8796977681782354
75,-0.3288576001172583,0.9473623206760107
76,-0.9689170554977549,0.6253773007316835
77,0.9402059944880845,0.6427537130492296
78,-0.0742273688658599,0.9972489399759166
79,-0.5681520430818605,0.8509530076986465
80,0.39377949288284464,0.9253982028765206
81,-0.8931179141274046,0.6711049108259742
82,-0.9941505751650979,0.6100784746935175
83,-0.7243989805856774,0.7692210177008157
84,0.8720235772545857,0.6837160633225904
85,0.2643643906934494,0.9656592352601997
86,0.9098342471908478,0.6610675976135284
87,0.46369316524324367,0.898071425210455
88,0.4172549524308897,0.9166304859291566
89,0.6864566693357017,0.7900876585887858
90,0.5480259299003098,0.8605649301080069
91,-0.04650218879589296,0.9989193575336607
92,-0.7179162378274595,0.7728256062369575
93,0.3762946949785422,0.9316492757115521
94,-0.04413408779877814,0.9990265652423908
95,0.48251792305470276,0.8901086250954247
96,-0.32237069356255876,0.949365481232413
97,-0.34501311006771673,0.9422194939963898
98,0.4670827502160313,0.896655859459238
99,-0.9176369695143023,0.6563711950802541
100,0.4822167967586255,0.8902379258758966
101,-0.1900786975091644,0.9820972375481126
102,-0.5981366490555875,0.8362031228682741
103,-0.7444427101467908,0.7579806098457782
104,0.4757160240909253,0.8930141365851518
105,0.9059809124363529,0.6633843742081255
106,-0.4161955843036864,0.9170352359698026
107,-0.6384224800327389,0.8156323055577056
108,-0.23124735717796474,0.9736166167754344
109,-0.1303439117555083,0.9915412109243191
110,0.08951035224989945,0.9960019619402503
111,-0.6763533814720197,0.7955457289532809
112,0.5111271434234608,0.877546372949712
113,0.3964542407948284,0.9244207234867773
114,0.3268697258450086,0.9479799669715043
115,0.7096870105559736,0.7773785705554335
116,0.0629957631814233,0.9980177341996698
117,0.45046220158630934,0.9035190382293289
118,0.2556821409560843,0.9678417576199311
119,-0.22355960864703417,0.9753202022759259
120,-0.9602831365177742,0.6306073659119689
121,-0.9797909430537113,0.6187863953601439
122,0.6298345977753963,0.8200862098575151
123,-0.014128145548069515,0.9999002027317649
124,-0.566044821277623,0.8519705062345477
125,0.18145608595185236,0.9836716215486374
126,0.2269066099991024,0.9745852288229779
127,-0.4782486336456371,0.8919360178950602
128,-0.1285868908536103,0.9917667858460125
129,-0.19937792373604535,0.9803204428774475
130,-0.579702934292804,0.84533037981085
131,0.6968296400087814,0.7844395434341784
132,-0.2860222305791589,0.9599209341305381
133,-0.6598337033909296,0.8043745516145142
134,-0.0926114519741228,0.9957207417121563
135,0.34202415387859264,0.9431874261344476
136,-0.5436837210810233,0.8626070737666236
137,0.47879675579323333,0.8917021036674515
138,0.6009703711908179,0.8347836466406168
139,-0.7964441175360442,0.728213054603505
140,-0.11902248030289542,0.9929418511541688
141,-0.5296422110017671,0.8691318528390969
142,0.7828772676019828,0.7360564917792217
143,-0.22609763484422762,0.9747638229091853
144,0.019186406590532057,0.9998159578389081
145,0.28657475001858046,0.9597691005847461
146,0.9288502202652746,0.6496111240348376
147,0.616348928606183,0.8270062712155974
148,0.18572801087916968,0.9829004387636964
149,-0.8519845160904673,0.6956289992454431
150,0.8501739971492865,0.6967017168323173
151,0.6704649947634234,0.7987065641087671
152,0.8824764042464925,0.6774752203502773
153,0.9761029342256689,0.6210221874512408
154,0.5553582787245945,0.857090805254792
155,0.9597134918903001,0.6309523128303838
156,-0.6476493694815926,0.8108073065646944
157,-0.24915012813663107,0.9694388372642576
158,-0.5900748468402812,0.8402177769800767
159,-0.38511413413678586,0.9285264162317939
160,-0.8274282352308864,0.7101218228199416
161,0.9922208810874327,0.6112488384794614
162,-0.1595126696632312,0.9873584385090041
163,0.7376002837649562,0.7618336232668719
164,-0.601713860722394,0.83441050533139
165,-0.251765109431074,0.9688041189392994
166,0.7434872886104964,0.7585195741269687
167,0.986993568181475,0.6144190131067001
168,-0.766419017863105,0.7455008120782298
169,0.057029972719724986,0.9983751126670023
170,0.6446263019937148,0.8123926191072623
171,0.2670667377680487,0.9649660870529077
172,-0.054239424263821556,0.9985301237555935
173,0.3768725418524477,0.931446563743153
174,-0.023862872753327435,0.9997153221804016
175,-0.8559787815503437,0.6932602305418533
176,-0.12564130631158932,0.9921381979747085
177,-0.4921412100880027,0.885944044703644
178,0.26247568437065527,0.9661397925615
179,-0.13681034863971409,0.9906851190603762
180,0.5905585565296849,0.8399778938425222
181,0.455538802059416,0.9014436005417822
182,0.046431323495972565,0.9989226468612603
183,-0.49935859563133,0.882779785068502
184,-0.2680431159878818,0.9647140372505731
185,-0.37486793327324297,0.9321486477704899
186,-0.5986238841357008,0.8359593618310798
187,0.9768256332838214,0.6205840930142595
188,0.1967764785922932,0.9808257194011083
189,0.44728318923924326,0.9048092547870846
190,0.3936099290190196,0.9254599811877651
191,0.07386860012153273,0.9972754333453021
192,-0.33632671810708326,0.9450118322603653
193,0.5362813665400821,0.8660619371237801
194,-0.6459823999270422,0.8116820086312728
195,-0.2139085153981266,0.9773813002357976
196,0.42865557984262637,0.9122211739032257
197,-0.20360241439346516,0.9794863556836557
198,-0.5905143585791672,0.8399998179726036
199,-0.07800646762227426,0.9969621192309251
200,-0.6312025494940656,0.8193791749067436
201,0.7093401202742049,0.7775699251291462
202,-0.24012023161360974,0.9715827241719152
203,0.26595152791874477,0.96525293073186
204,0.018461996520343638,0.9998295918633576
205,-0.07917612178938338,0.996870478063761
206,-0.4309228711821682,0.9113326862070729
207,0.7785641405599366,0.7385392275975777
208,-0.18291955571669272,0.9834093837188684
209,-0.4582992183013672,0.9003073384831398
210,-0.45320769696130236,0.9023989080478036
211,-0.5951823776686791,0.8376783930458697
212,-0.14097327394872083,0.9901124742195273
213,-0.08324334898052577,0.9965412676678773
214,0.9812921720321137,0.6178762010941027
215,0.5017415758548451,0.8817274322461346
216,-0.3283699636944253,0.9475141420141507
217,-0.14189427562061163,0.9899835098326246
218,0.010225769340153956,0.9999477181874425
219,0.6429085576464717,0.8132914824040245
220,0.8417509880915717,0.7016838286308437
221,-0.5224518978939612,0.8724255196855837
222,-0.4626091988828591,0.8985224064551104
223,-0.9831249016528945,0.6167649486270045
224,0.9259140214618178,0.6513824115060906
225,0.4303664970687475,0.9115510672734924
226,-0.310363808693523,0.9529785848578123
227,-0.8955223968137112,0.6696633325638969
228,-0.554044041773299,0.8577158597688436
229,-0.25066994958740185,0.9690706962434691
230,0.01677528663343808,0.9998593047776843
231,0.23141818684936455,0.9735781416660193
232,0.2127477561362472,0.9776233519112486
233,-0.1566649269235405,0.9878030436255405
234,0.3453922524240125,0.9420961834760757
235,-0.1507279140800004,0.9887048229275341
236,0.6068648010327233,0.8318173085299111
237,0.22870663765208565,0.9741856740624073
238,0.2688988300093731,0.9644924347290802
239,-0.43782987171992893,0.9086025689535487
240,0.6628416317554591,0.8027760349038405
241,-0.6408137486976953,0.8143857505075012
242,-0.739073341840129,0.7610054935350626
243,0.36106135991885147,0.93689632099933
244,-0.7127836632723938,0.7756683180890905
245,0.25391098829987,0.968278627313034
246,0.7684554162193724,0.7443366474488853
247,0.9633776902310176,0.6287331940833996
248,0.2877219685560606,0.9594529836749034
249,0.24159831443610247,0.9712368926142733
250,-0.7212112470575496,0.7709954310503097
251,0.7552800326225235,0.751845849178932
252,-0.3845820641531512,0.9287165664525446
253,0.7524943824182055,0.753426434209962
254,-0.4699681599351979,0.8954445002462222
255,-0.7921986147217555,0.7306729482341292
256,-0.818657567957096,0.715266479739535
257,0.9234985471012482,0.6528389681549346
258,0.4693228978426476,0.8957159008594779
259,-0.007757879692512848,0.9999699081041085
260,0.37217052121775374,0.9330882936904789
261,0.04076783496849434,0.9991693370076661
262,-0.3215171711415714,0.9496263897670549
263,-0.43029399562141823,0.9115795077145576
264,-0.7003727398601143,0.7825002888976818
265,-0.7051538912640154,0.7798754861498907
266,-0.016636348162190506,0.9998616255345428
267,-0.605193901487648,0.8326600451326536
268,-0.8710883689432525,0.6842735781608279
269,0.3796931036317708,0.9304532681389174
270,0.3126883966083871,0.9522887163549749
271,0.5700665410042807,0.8500263494831605
272,-0.6631999031395104,0.8025853650331928
273,0.32252410265446785,0.9493185207368349
274,0.7810944310060468,0.7370833827930431
275,0.402768021105826,0.9220912972836658
276,-0.5786800485463577,0.845831341404435
277,0.8929815404229273,0.6711866486633951
278,0.7912689342125132,0.7312109649506985
279,0.5602488787072746,0.8547558528491611
280,0.09232842021021792,0.9957468019858543
281,0.37727363994309937,0.9313056993467304
282,-0.5025789464514188,0.881356748882438
283,-0.8053438976790877,0.7230409663831525
284,-0.5325017773844607,0.867812959960024
285,-0.6851536729572907,0.7907939977734719
286,0.9307832799207376,0.6484445673802351
287,0.20233402333415795,0.9797385501235948
288,-0.3782164151510701,0.9309740937587959
289,-0.30734302147890946,0.9538681101346752
290,0.9112544154432982,0.660213306287228
291,-0.23632053427840427,0.9724625653334398
292,0.010955446351712084,0.9999399908982356
293,-0.4612777477967709,0.8990752172661057
294,0.13472632685654662,0.990965467302001
295,-0.21409304678901364,0.9773427043454171
296,-0.5728297834689833,0.8486851746915711
297,-0.3329750663179887,0.9460723836276981
298,-0.8643006901762833,0.6883155888349997
299,0.28501374193393003,0.9601973751429741
300,0.36424107287795926,0.9358165834254014
301,-0.37205798824778946,0.9331273676949569
302,0.8854520232653966,0.6756955712548246
303,-0.7149229466398839,0.7744846722615614
304,0.8122094041805414,0.7190372905656865
305,-0.4789401795077908,0.8916408626941522
306,-0.39731866457740916,0.9241036293889504
307,0.6499746506100517,0.8095849879134871
308,0.9913984153009867,0.6117476556125258
309,0.48145798054496813,0.8905634795399485
310,0.7616175285467535,0.7482406486951867
311,-0.7033075989072786,0.7808901521112266
312,0.7522777710105959,0.7535492341962468
313,-0.2025073294777444,0.9797041807664327
314,0.20795505007767345,0.9786094422640675
315,-0.1983471306070934,0.9805214155654766
316,0.7002665934120562,0.7825584593495282
317,-0.1269775033100511,0.991970764726452
318,-0.4319215644450718,0.9109401153844647
319,-0.2324331709194074,0.9733489874975468
320,0.9484999755815875,0.6377390436263338
321,-0.09116015803441524,0.995853533224736
322,0.7046305626437246,0.7801632277029463
323,0.05734183293604178,0.9983573077959964
324,0.11210312735112149,0.9937361446702802
325,-0.49065760502907074,0.8865901711933625
326,-0.7282161227641579,0.7670913680947674
327,0.789381325574914,0.7323026174879347
328,-0.09721214261917765,0.9952860453884889
329,-0.024666908085511086,0.9996958180954498
330,0.38883411447598815,0.9271907305186511
331,0.7180592726851336,0.7727462432273288
332,-0.4105117768604265,0.9191922722969776
333,-0.915419341153642,0.6577066385914269
334,0.31499307043346336,0.9516001744690092
335,0.3945823649261524,0.9251053821082346
336,0.7955012477506789,0.7287597826096194
337,0.16100252193522757,0.9871227248074682
338,0.039298703877438834,0.999228104001886
339,-0.4000534990397073,0.9230965909417548
340,0.5715524073030258,0.8493057082062948
341,0.8077994166170286,0.7216103633258292
342,0.7108534907858233,0.7767347665499615
343,0.2677209265967142,0.9647973041020219
344,0.12369843668856562,0.9923785401227823
345,-0.4942149878208628,0.8850384159232771
346,-0.7001271057422824,0.7826348946488696
347,-0.3396299841898045,0.9439573791320813
348,0.3740145509233519,0.9324465555859324
349,-0.7737672646300977,0.7412940602929725
350,0.3143823216166579,0.9517830849725639
351,0.2870150107067395,0.9596479234585609
352,-0.3038057634632929,0.9548996992726485
353,0.5902974077899448,0.8401074196191831
354,-0.7261420619178112,0.768249178686196
355,-0.04587740127833517,0.998948185570955
356,0.03819420006802843,0.9992708674869738
357,0.41736421446867755,0.9165886921108286
358,-0.9085150666358257,0.6618609349577587
359,-0.7775293138573371,0.7391340971232667
360,-0.2936877254911219,0.9577904709158466
361,0.06303516007041954,0.9980152565107977
362,0.7598282859040035,0.7492597858349307
363,-0.7485833403902902,0.7556412830313698
364,-0.23578849791385026,0.9725847041745076
365,-0.8251457530729203,0.7114623658791784
366,-0.3512944453757787,0.9401612332657874
367,0.5310221487717925,0.8684960327513225
368,-0.1572534142898112,0.9877118059648552
369,-0.510802033071132,0.8776921629544961
370,0.04402939593805755,0.9990311757602085
371,-0.9758151818113838,0.6211966164451358
372,-0.9206405810926064,0.6545616265991883
373,0.6877243572972231,0.7893997789233912
374,-0.07537986212067538,0.9971629701901408
375,0.39500585784218534,0.9249507243470523
376,-0.4194608460075093,0.9157849609405733
377,-0.6446194930253033,0.8123961848825388
378,-0.4768257924219663,0.8925422583486641
379,-0.33582833934116674,0.945170129238013
380,-0.00047821885085830296,0.9999998856533718
381,0.4502497974426456,0.9036054707179292
382,0.3444000901787172,0.9424186173215826
383,0.6256349365406486,0.8222510335712513
384,-0.4714600953208101,0.8948158726635108
385,-0.19195752035397606,0.9817448367093453
386,0.9917480975523103,0.6115355777108814
387,0.6770547148299584,0.7951682564110562
388,-0.5344662134761646,0.8669039725209352
389,-0.6777049401171007,0.7948181020741214
390,-0.08932711116070147,0.9960182817511474
391,0.9739804773845022,0.6223087136573802
392,-0.7490520370161411,0.7553761234106998
393,-0.6609094751423783,0.8038033195405361
394,-0.899432497866635,0.6673174500986481
395,-0.4930663052984119,0.8855404072157371
396,0.25578935011783543,0.9678152224582265
397,0.9794108604890082,0.6190168305142211
398,-0.8831848598331331,0.6770516284656846
399,0.7430672849229507,0.7587564051267311
400,0.4999885964916515,0.8825019343219582
401,0.46854408880634457,0.8960430846846953
402,-0.31810362889866184,0.9506636499749284
403,-0.5594149592559068,0.8551549928222105
404,-0.27947246666735226,0.9617002860587979
405,0.926637256944572,0.6509461865246501
406,0.14040896021184124,0.9901910862606409
407,0.023247579335796686,0.9997298115349923
408,0.04705121683629465,0.9988937038943522
409,-0.012115940062590536,0.9999266046917673
410,-0.920904510558312,0.6544025750103519
411,-0.40544935974045937,0.9210927043006526
412,-0.24974200699988236,0.9692957180815482
413,0.12438124280591145,0.9922944940213818
414,-0.4802180790242925,0.8910945844921629
415,0.2497284319511932,0.9692990041622155
416,-0.8998604753958144,0.6670605633323708
417,-0.24092850286495682,0.9713938581720645
418,0.2730725557431706,0.9634021911940988
419,-0.341255609434596,0.9434351070640938
420,0.1169118519484027,0.993189109408293
421,0.46890329304027323,0.895892232819515
422,0.8577619149075064,0.6922017972636368
423,0.41389319224563925,0.9179119690015343
424,0.5510464497099141,0.8591376762005978
425,0.5101030872700336,0.8780053606680266
426,0.3086122010739476,0.9534953360765813
427,0.49734765660347224,0.8836649131173911
428,-0.4421607656090152,0.9068728090123345
429,-0.7074404418866,0.778617016019774
430,0.8750356651844255,0.6819194697388798
431,0.4151194453403526,0.9174455223974248
432,-0.9034756463674674,0.6648896966459272
433,0.3446655044399656,0.942332442811065
434,-0.6013476225195904,0.8345943491676242
435,-0.909502734629209,0.6612669835386858
436,-0.09149074397390744,0.9958234679541728
437,0.35481368954914605,0.9389938238681304
438,0.8462539075387228,0.6990221577676825
439,-0.48361954944185404,0.8896350697771046
440,-0.7734240815865854,0.7414908888117916
441,-0.3072921473104957,0.9538830235275452
442,-0.5133715635715075,0.876538035209508
443,-0.572808811290094,0.8486953702359216
444,-0.14578796742225109,0.9894292020435731
445,-0.9253694357693452,0.6517108504494096
446,0.07842566709696586,0.9969294312389104
447,0.054507441478295116,0.9985155722661339
448,0.11279387931661189,0.9936589601820931
449,0.2530216850082163,0.968496910095641
450,-0.27984619705180913,0.9615997771001976
451,0.7270701399540729,0.7677312866709787
452,0.8562337703903244,0.6931089100516878
453,0.9060559410496665,0.6633392806580813
454,-0.5109635151952214,0.8776197577108782
455,-0.6764427270323157,0.7954976530611613
456,-0.283094210940964,0.9607210659151711
457,-0.046312949394323066,0.9989281302224319
458,0.7201029132674901,0.7716114931466074
459,0.3323371070935064,0.9462731813790864
460,-0.9288315053157472,0.649622416459487
461,-0.578665849909018,0.845838291093998
462,-0.5949560949703643,0.837791197279978
463,-0.4524595662924391,0.9027046733922343
464,0.47790086793885744,0.8920843217247445
465,-0.6245918208461325,0.8227873700094714
466,0.30823494604486235,0.9536062858557406
467,0.8375254072393961,0.704177795780045
468,-0.528196423935936,0.8697967362462273
469,-0.41620891751729294,0.917030147067894
470,-0.9306364518437922,0.6485331861994237
471,-0.801131091864334,0.7254917971675816
472,0.31077664076775546,0.9528564081134145
473,0.7415473556597985,0.7596129586594044
474,-0.025714104004178173,0.9996694470722924
475,0.25887545144623614,0.9670469333700286
476,-0.2814600834864667,0.9611643265138363
477,0.7369204523870434,0.7622155596861525
478,0.683887479246376,0.7914797042421172
479,0.600812571708919,0.8348628048817582
480,0.9310847641803506,0.6482625991976103
481,-0.966112364700674,0.6270766163908249
482,0.6917265321197348,0.787223723121372
483,-0.225391337087389,0.9749192543967863
484,0.5602072289823627,0.8547757973944797
485,-0.5148258352767967,0.8758829459365668
486,0.2596101620803155,0.9668627589827754
487,-0.204989783574562,0.9792087751784087
488,0.5481092976514217,0.8605256107925727
489,0.9480114575042273,0.6380345383360524
490,-0.9673767266116409,0.6263105995006065
491,-0.5486792090186958,0.8602567074813009
492,0.4206253654037482,0.9153371157838938
493,-0.3959315915976067,0.9246121630224169
494,-0.19656986839854618,0.9808655757525547
495,0.249697932331433,0.9693063865238248
496,0.33050050705416556,0.9468493378601608
497,-0.9982978426782849,0.6075630693184028
498,-0.6982599895269015,0.7836572726152925
499,-0.026151474687711396,0.9996581086440033
500,-0.2377904212820161,0.9721237748708017
501,-0.5390586940670938,0.8647696242886063
502,-0.016600756837442,0.9998622169291713
503,0.5330236516973319,0.8675717109707425
504,0.1118471719570131,0.9937646261958628
505,0.9409426517257882,0.6423085155413958
506,-0.249262808262245,0.9694116152066046
507,-0.7232025044707646,0.7698874595565266
508,-0.4305375742780666,0.911483942638611
509,0.08269368675978361,0.9965867156296617
510,-0.5476748407624663,0.8607304708037298
511,0.6362141530340959,0.8167810405532704
512,0.20810118023585256,0.9785796937903052
513,-0.02680803597942627,0.9996407291566942
514,0.9310395285381794,0.6482899027742942
515,0.8246099322821203,0.7117768922841314
516,-0.8421762785541171,0.7014326152946615
517,-0.32825089168772603,0.9475511835119373
518,-0.6069770478588197,0.8317606429496625
519,0.9292482743632322,0.6493709345519151
520,-0.2078846178485494,0.9786237733775536
521,0.5464298133083525,0.8613169098543505
522,0.30057461389364093,0.9558325394070888
523,0.7116044382146656,0.7763200267233427
524,0.17651738406755113,0.9845415344343503
525,0.8376389624145302,0.7041108233532062
526,-0.534598860264083,0.8668425077198919
527,0.047045229571486935,0.99889398527293
528,0.23230092767071464,0.9733788979723349
529,-0.9544548781960416,0.6341358600157585
530,0.8685527057753624,0.6857844583011344
531,0.8259915929446058,0.7109657259131289
532,-0.5310886694661985,0.8684653526507538
533,-0.5072339764471692,0.879287680359948
534,-0.257915025640725,0.9672869546623017
535,-0.11246909247075099,0.9936953101089949
536,0.9356516254896341,0.6455052198921918
537,0.9225070673704003,0.6534366797306301
538,-0.5400367932630115,0.8643133787628356
539,0.3290335906193973,0.9473074782266827
540,-0.10670736017583549,0.9943229453661733
541,0.13874139648194683,0.9904215805588109
542,-0.9176919272780546,0.6563380932869779
543,0.8654626712530324,0.6876241955619402
544,0.45986452337143,0.8996606071661547
545,-0.8684672138384204,0.6858353800982179
546,0.7949359945221472,0.7290874336879604
547,0.06753795735254409,0.997721910950785
548,0.23209797480333938,0.9734247700637052
549,0.7629234471486306,0.7474961732678042
550,-0.753942056965875,0.7526053345920797
551,-0.9785041703938273,0.6195665206328896
552,-0.8037548447058607,0.7239659448562605
553,0.7503984233006138,0.75461401652779
554,-0.9375577703573061,0.6443538247885775
555,0.5509810964292898,0.8591686147845471
556,0.3119453241000172,0.9525097435222345
557,0.26616527215220587,0.9651980398558115
558,0.4635928732816055,0.8981131862044079
559,-0.30994624281866257,0.9531020132541794
560,-0.9836422707893497,0.6164512355062085
561,0.8618336115741811,0.6897827493247458
562,-0.1639575078360549,0.9866488951290289
563,-0.8364563568402035,0.7048081657973587
564,0.7718655458905512,0.742384325906697
565,0.8355600227390594,0.705336506545002
566,0.06272288317339547,0.9980348533971963
567,0.9572314494357954,0.6324551159050157
568,-0.7144095049704413,0.7747689133644988
569,0.44376790893493756,0.9062274295022325
570,0.5031239067468523,0.8811152602020451
571,-0.43256498504331264,0.9106868052051733
572,0.006695840632154226,0.9999775831103767
573,-0.9551063394519403,0.6337415485223205
574,0.6554334165140108,0.8067056027910255
575,-0.0690004157121793,0.9976223025271426
576,0.7542117416706915,0.7524522980704151
577,0.7114195290125693,0.7764221700746196
578,-0.5531853614741742,0.8581236959815793
579,0.31381493398856164,0.9519527227535098
580,-0.6404023993862158,0.8146003805795909
581,0.14231338210243116,0.9899245515010112
582,-0.9715145305227897,0.6238032645410672
583,0.03292205448917862,0.9994582159820983
584,0.6489182715796498,0.8101406036756783
585,-0.9145602298060476,0.6582238506391732
586,0.7969170708468671,0.727938720909221
587,-0.757779221486691,0.7504256693955729
588,0.2562929674574155,0.9676904338597484
589,-0.3151173229574129,0.9515629234738558
590,-0.019226226694832427,0.9998151931824236
591,0.5871903943605321,0.8416455800886571
592,0.0024237357320058273,0.9999970627568644
593,0.67176372479661,0.7980107176556762
594,-0.23388721374344312,0.973019053881022
595,-0.8698413370785418,0.6850167586441123
596,0.18313847166196573,0.9833699812910249
597,0.24939300607303605,0.9693801467282359
598,-0.8235355393226067,0.7124073629078649
599,-0.23502471491428722,0.9727595902019808
600,-0.5396011534416738,0.8645166603385681
601,0.3865605415050708,0.9280083706641872
602,0.9014113982441534,0.6661294523430552
603,-0.8911956202915616,0.6722568348137599
604,0.6261196958297912,0.8220016005777331
605,-0.9501433557344003,0.6367448849437742
606,0.17779566415734793,0.9843186046765893
607,0.38042606261094947,0.930194109653011
608,0.4072166993543682,0.9204314788666202
609,0.735668734272455,0.7629183667280353
610,0.30550493436449,0.9544055123801756
611,0.9184285535647763,0.6558943833430534
612,-0.90739671201497,0.662533340908933
613,0.6995268936485228,0.7829637052853807
614,-0.22595909541941928,0.9747943469851876
615,0.8285641819351499,0.7094542249546771
616,0.14583473470138908,0.9894224549508085
617,-0.49366855817979904,0.8852773239483895
618,-0.4834525996338832,0.8897068895832514
619,0.6325915518476426,0.8186603160063756
620,-0.3770085951297022,0.9313987966627362
621,-0.5905363227786078,0.8399889228958813
622,-0.8207500554909077,0.7140406919112514
623,-0.9255289093750338,0.6516146749855394
624,0.792370463910943,0.7305734713594636
625,0.04622203569208061,0.9989323320716512
626,-0.16579014739750653,0.9863508199582404
627,-0.7915521977526969,0.7310470620878435
628,0.9704527519296602,0.6244467184046762
629,0.5270753247176745,0.8703114011992328
630,0.2499083742283088,0.9692554323478049
631,-0.4634408978816946,0.8981764543672993
632,0.6371602260326548,0.8162891985497371
633,-0.8974214054540315,0.6685242622817558
634,-0.1894109919506437,0.9822216709509444
635,0.353148530540627,0.9395474626880251
636,0.7924443327745834,0.7305307090524378
637,0.36006287334843945,0.9372336797929856
638,-0.6306345195854595,0.8196728771304818
639,0.7409438570235973,0.7599528404773879
640,0.4953867475080642,0.8845254302526802
641,-0.4051498193644758,0.9212045350511944
642,-0.9797706642011021,0.6187986900442929
643,-0.40535914349173185,0.9211263930080728
644,0.5434468601002485,0.8627181410663446
645,-0.3291981603385423,0.9472561710680533
646,0.6379041535514802,0.8159021425466404
647,-0.8445418140768848,0.7000346551114285
648,-0.039350111319368164,0.9992260839971674
649,0.805335723631379,0.7230457260950985
650,-0.43733393197285464,0.9087997700625703
651,0.13922482051380958,0.9903550385722562
652,-0.768874343975886,0.7440969984307303
653,0.3800239160655814,0.9303363529425449
654,0.24772523745917607,0.9697820760056733
655,0.593093208499867,0.8387188105807792
656,-0.9396408865755723,0.6430952076231873
657,-0.6685581396554163,0.7997268932392398
658,-0.05716626325115293,0.9983673434091526
659,0.6898274207156467,0.7882571300462261
660,0.9366176123240317,0.6449217574279765
661,0.015627994333110795,0.9998778903525521
662,-0.34404606825989226,0.9425334698224459
663,-0.19800211926358702,0.9805884585516068
664,-0.33054867639262553,0.946834263048951
665,0.9265844990279095,0.6509780094964859
666,0.053888295429326716,0.9985490794123909
667,-0.6996732802143217,0.782883524469802
668,0.5303985252591943,0.8687835207612796
669,0.897066257059266,0.6687373246291207
670,0.6736592586304717,0.7969937848768803
671,-0.07455417258169872,0.9972246959718375
672,0.5934381588095159,0.8385471867020773
673,-0.9652460279175405,0.6276014503337906
674,-0.016949543845870885,0.9998563667979447
675,-0.6203621156481653,0.8249565363348642
676,0.8067009157815022,0.7222505459305172
677,0.32338102635891164,0.9490558372606949
678,0.284148650020559,0.9604337941709007
679,0.3143780594375247,0.9517843603101072
680,0.6471769559319136,0.8110553272707594
681,0.43883331090261013,0.9082030178985889
682,0.755926446570051,0.7514787129195334
683,-0.3229571120744157,0.9491858630060006
684,-0.13116721762917938,0.9914344754492066
685,-0.9324465541252862,0.6474405604532021
686,-0.3306773020627518,0.9467939994776087
687,0.32962271741003635,0.9471237032107976
688,0.5730903096649409,0.8485584999755028
689,-0.6741791031224398,0.7967146204175394
690,0.7416888909215449,0.7595332299821326
691,-0.16825486040072635,0.9859448598421552
692,0.37883710119210634,0.9307553905561443
693,-0.1284935710680235,0.9917786825038982
694,0.7732758505224187,0.7415758941126911
695,0.09825708043810577,0.9951844054069635
696,0.7528245179503672,0.7532392463469199
697,0.40569315106663906,0.9210016359881582
698,0.9479991796272571,0.6380419647776036
699,-0.18689550190012594,0.9826866641621302
700,0.73228218291218,0.7648170701744089
701,-0.9584037346886705,0.6317453714255529
702,0.016193545233845752,0.9998688931416351
703,0.3655212288179712,0.9353795611085034
704,0.24073473993596495,0.9714391885861894
705,0.026700672162620176,0.9996436005784001
706,0.2196459559243109,0.9761664413122312
707,-0.46236007498968257,0.898625936552737
708,-0.14575144362113046,0.989434469841728
709,-0.818248805962287,0.7155058140022379
710,-0.667817893309089,0.8001225549882215
711,0.7773506207240866,0.7392367871180431
712,0.7815519569142424,0.7368199405555383
713,0.1679086841273385,0.98600222962146
714,-0.27806957970965085,0.962076465431294
715,-0.982612173019694,0.6170758424715411
716,-0.5561805944642133,0.8566991888621367
717,0.6805476865144404,0.7932851193103589
718,0.9832006692719728,0.6167190063432033
719,0.5752022452546892,0.8475301954836035
720,-0.2846637471359099,0.9602931039870441
721,-0.6880552121524321,0.7892201385484652
722,-0.2817219330472196,0.9610934581730228
723,0.45375193606541786,0.9021762221703838
724,-0.4870479843677742,0.8881560055110969
725,0.1546558338496895,0.9881120136985003
726,-0.9947931125799112,0.6096887679967583
727,0.8997547604339369,0.6671240192377513
728,0.9409238417032413,0.6423198838447343
729,0.1096017713145303,0.9940117274679755
730,0.2863998583213905,0.9598171903012591
731,-0.034709409154020765,0.9993978098474036
732,-0.7412558105687659,0.7597771682600754
733,-0.610551591330047,0.829952654293966
734,-0.405820492354529,0.9209540494348837
735,-0.5831353503416099,0.8436450595399765
736,-0.31451045180344317,0.9517447383338876
737,0.2522367514178525,0.968688979324449
738,0.9102451467560067,0.6608204475689962
739,-0.6753946193368159,0.7960614115584966
740,0.5063795391740651,0.8796685247884002
741,-0.9837731065810726,0.6163719007644288
742,0.9131035094217528,0.6591006600654522
743,0.858566240438678,0.691724174483248
744,0.06258896950515802,0.9980432274287273
745,0.35051371166214573,0.9404188376087416
746,-0.7449114839078255,0.7577160562998111
747,-0.15390332648627014,0.9882267367241044
748,0.6744261931492481,0.7965818880962758
749,-0.29961821986224413,0.9561069126796443
750,-0.9243154164863421,0.6523464490684864
751,0.3926881773060884,0.9257954155302751
752,-0.777235814471557,0.739302758163739
753,0.38337685613464,0.9291464528397236
754,0.5839273777264662,0.8432552398125098
755,-0.5508472601698604,0.8592319655919659
756,0.49756581245817455,0.8835690202658435
757,0.11410240736007049,0.9935114623812069
758,-0.2179435151529614,0.9765301164731746
759,-0.3098943191271719,0.9531173508906238
760,-0.5658371238849194,0.8520706565373541
761,0.47166959299179134,0.8947274766160138
762,-0.43128157135102874,0.9111917718607463
763,0.8437602787207803,0.7004966440747682
764,0.37100431166841674,0.9334927340022814
765,-0.30608239868182485,0.9542369936281105
766,0.5594583108486635,0.8551342534535978
767,-0.8882562228729611,0.6740172609118389
768,-0.18704354617657826,0.9826594639997919
769,-0.5615878657997562,0.854114118836623
770,-0.16492069780479635,0.9864926360390387
771,-0.28461111524096916,0.9603074902528768
772,0.040937643025831694,0.9991624056698742
773,-0.9915577645574716,0.6116510124419055
774,0.2760430388908639,0.9626167902517626
775,0.4416062592102561,0.9070950447751434
776,-0.6833989713694135,0.7917440749840069
777,-0.9348911876325217,0.6459644766893609
778,-0.5086286946797252,0.8786649950067233
779,-0.2839662579029052,0.9604835553816975
780,0.4932692502841054,0.8854517815178129
781,0.45862488440276095,0.9001729276361805
782,-0.08190676882757097,0.9966512601884538
783,0.011198665048205436,0.9999372969164896
784,0.20582255041409492,0.9790412905110945
785,-0.09497976647230333,0.9954995793598459
786,0.8995708985688886,0.6672343798079463
787,0.5570494211080115,0.8562849876269432
788,0.9015366738130923,0.6660542288112836
789,-0.7958897952792101,0.7285345100314423
790,-0.18452086231054965,0.9831201147221286
791,-0.32503107039582724,0.9485482715748739
792,0.8436661998015946,0.7005522486437556
793,-0.3379992356805368,0.9444790799158417
794,-0.540271497850271,0.8642038109485894
795,0.024009260886282746,0.9997118192279053
796,0.8210875944731897,0.7138428642825764
797,-0.3206269463317286,0.9498978567705909
798,-0.41949706487022476,0.9157710474789265
799,-0.12476405266810997,0.9922471749689243
800,-0.28678266565678445,0.9597118952653412
801,0.9934341006739233,0.6105130216401798
802,-0.9341186086427851,0.646431017775584
803,0.14178516902483862,0.9899988305887331
804,0.8325202179325042,0.7071270285222323
805,-0.6059734636295364,0.83226704733062
806,-0.7877153794192944,0.7332652602921645
807,-0.7130608937427909,0.7755150272207343
808,0.4593441309007844,0.899875808894556
809,-0.018548723816653734,0.999827987218282
810,-0.11013674206030144,0.9939533043184946
811,-0.14109514749648278,0.9900954559763199
812,0.3502338514866483,0.940511055527235
813,-0.4149195033435398,0.917521655022642
814,0.6305927560645848,0.8196944648490136
815,0.418195570704341,0.9162703942137597
816,-0.07084465400350948,0.9974936636185111
817,-0.48606250661675343,0.8885819689881379
818,0.3737315261970926,0.9325452279317981
819,-0.8548941464403572,0.6939037611339088
820,-0.9328945605114758,0.647170088868828
821,0.04588465846910217,0.9989478529538439
822,0.2149004553038314,0.9771734564361776
823,0.5502532958276269,0.8595129866056213
824,0.3931273632635848,0.9256356744493792
825,-0.33000029714908385,0.9470057651043139
826,-0.7162627820736862,0.7737424702818297
827,0.8176528533420029,0.7158546794455966
828,0.9910934976719628,0.6119325832879836
829,0.47126903308751533,0.8948964633798212
830,-0.18166356068874512,0.9836345682448882
831,-0.28384322097160175,0.9605171063958421
832,-0.8405020320552363,0.7024213558952854
833,-0.9222122170792846,0.6536144112357302
834,-0.0883886462977197,0.996101343175859
835,-0.3849184318215282,0.928596382012762
836,0.18843487041441565,0.9824028208627045
837,-0.2883266264145705,0.9592859035818792
838,0.825120211980255,0.7114773599627993
839,-0.08559285867402644,0.9963436321238665
840,0.03563921049425067,0.9993651249561735
841,0.15508132499980198,0.9880469039951104
842,0.10295335498425384,0.9947143219653024
843,0.3103076758265011,0.9529951859226646
844,-0.2799397354822122,0.9615746020275923
845,-0.10202826761136685,0.9948086382410471
846,-0.2515542193666056,0.9688555371824741
847,-0.5571700468345053,0.8562274456967167
848,-0.7625270706773479,0.7477221952195039
849,-0.7364163314824472,0.7624986761970965
850,0.72955553225783,0.7663428401887956
851,-0.13055267825804284,0.9915142084178783
852,-0.6054409297987231,0.8325355463358435
853,-0.05949234457838526,0.9982318954101297
854,-0.45431809647718624,0.9019443415759082
855,-0.92709517971632,0.6506699620092626
856,0.2621152686893462,0.9662311312933299
857,-0.9060161204274071,0.6633632136536839
858,-0.046438616452694426,0.998922308577935
859,0.2910623097419871,0.9585259588513392
860,-0.6084941434280771,0.8309941188954943
861,-0.9834375033213028,0.6165753994213676
862,0.9248655889930595,0.6520146950744412
863,0.4755670052782486,0.8930774352540738
864,0.819777782396834,0.7146103811675703
865,-0.7932565715819584,0.7300604104817939
866,-0.6626737958855256,0.8028653362753122
867,0.48815816558391045,0.8876753521042432
868,-0.8170986732216416,0.7161790160252218
869,-0.272462580494758,0.9635624967977424
870,-0.9876929591048687,0.6139948793241828
871,0.8401467709380566,0.7026310842677616
872,-0.03995575306469745,0.9992020874002105
873,-0.8005313006105836,0.7258403574705736
874,-0.7851303566140226,0.7347574469087661
875,-0.33461698172154075,0.9455540166866239
876,-0.5041047565330408,0.8806801231697532
877,-0.7516050900842135,0.7539304883658174
878,-0.6854480829605611,0.7906344637185825
879,-0.580015429516799,0.8451772170971008
880,0.7217036084017725,0.7707216084250744
881,-0.1598461141010512,0.9873058687933676
882,-0.4821661983141001,0.8902596462901806
883,0.1547377699890793,0.9880994892024529
884,0.6984628163785833,0.7835462782099326
885,0.7905370578312065,0.73163434398534
886,-0.3990174426593571,0.923478777816407
887,0.36623755377617084,0.9351344409682817
888,-0.30338898905552547,0.9550205319197884
889,-0.8173009502664039,0.7160606408715211
890,-0.8643010838652871,0.6883153546248159
891,-0.8701224013584465,0.6848492782564233
892,0.918217889804511,0.6560212832546967
893,0.06768962837475967,0.9977116793120927
894,-0.8993010221572506,0.6673963616376559
895,-0.7575611992885003,0.7505496416441612
896,0.832812281015364,0.7069550824509789
897,0.7419985858478895,0.7593587508801045
898,-0.48326427300546815,0.8897878826334576
899,0.7187940827300898,0.772338412626442
900,-0.9693262305577051,0.6251293625247151
901,0.1352887663952198,0.990890222601027
902,-0.6145803641093448,0.8279069484804278
903,0.9889735814623086,0.6132182488394231
904,0.9086812964899851,0.661760977583579
905,-0.05803306521400087,0.9983174986659237
906,0.8306920362056247,0.7082029105639402
907,0.34339238994094234,0.9427452637386518
908,0.09241065265176363,0.9957392385483989
909,-0.1106602262063181,0.9938958635718934
910,-0.7477637074464967,0.7561048052809237
911,-0.130224102477831,0.9915566882426912
912,-0.2769102409988031,0.9623860198332234
913,0.047410530762085346,0.9988767521021423
914,0.07144983871230814,0.9974507152334589
915,-0.5598892337906543,0.8549280402331307
916,-0.24001209406496926,0.9716079469484604
917,0.35186147642128085,0.9399738255224247
918,0.37023964022503164,0.9337573271072261
919,-0.08870179155023195,0.996073724143891
920,0.11940753788600267,0.9928962715588672
921,0.805400253338457,0.7230081502691655
922,0.18320289270139067,0.9833583775487306
923,-0.5247594297181959,0.8713720596689584
924,0.7951466984842281,0.7289653083849146
925,-0.0644994615604817,0.997922071617737
926,-0.8121558463007588,0.7190685684904431
927,-0.4834972735457499,0.8896876732637158
928,0.723790096047074,0.7695602343044665
929,-0.9610075210078248,0.6301686936655748
930,0.21973151625978327,0.9761480928335864
931,-0.6561111037974243,0.8063471755967339
932,-0.6029171034213128,0.8338060006604592
933,-0.6046194076164182,0.8329494574108801
934,-0.7304618057433958,0.7658360050206783
935,-0.7316361948825891,0.7651787893975414
936,-0.2556968010554652,0.9678381297366937
937,0.5603189720277617,0.8547222853990482
938,0.2695112334097929,0.9643334396096978
939,-0.04223315651613335,0.9991085777983886
940,-0.5797517416418214,0.8453064615645841
941,0.7218133383131473,0.7706605708519952
942,0.3861086463356518,0.9281703990485529
943,0.8750581138684637,0.6819060744822759
944,-0.36580209191845503,0.9352835017487612
945,0.26774187378508363,0.9647918933215879
946,-0.3774500296434131,0.9312437111497954
947,0.48608538128762,0.8885720890943197
948,-0.4003977987026195,0.9229693992511289
949,0.9049241402898691,0.6640194419828658
950,-0.0016193035431566472,0.999998688928877
951,0.7841643743434363,0.7353145714265689
952,0.2573606919866178,0.9674251098732808
953,-0.7762443275333166,0.7398723349435478
954,0.5699584562730287,0.850078720920386
955,-0.1664187025754078,0.9862478445910614
956,-0.18744736654715144,0.982585164458408
957,0.2383849602708794,0.9719861781416574
958,-0.17188879016503233,0.9853357055162912
959,-0.23000632273151012,0.9738953211684747
960,0.18253314536564513,0.9834788221040236
961,0.9493256172265057,0.637239595044432
962,0.33305204747667894,0.9460481306450432
963,-0.4863615566906365,0.8884527770127668
964,0.383521807095627,0.9290948110615296
965,0.9990205378870369,0.6071247333241518
966,0.35022565302970343,0.94051375606146
967,-0.4730996369815468,0.8941232647711088
968,-0.39019413560957616,0.9266996836779029
969,-0.4342447654304098,0.9100240437182728
970,-0.8467394551096512,0.6987349086255488
971,0.2648580575036745,0.9655330996464692
972,0.7202503062123649,0.7715295917427193
973,0.47181360872444444,0.8946666924955888
974,-0.5731094577807538,0.8485491881298003
975,0.7642820793094256,0.7467210815529151
976,0.7516517626029628,0.7539040406527805
977,0.9178577759699966,0.6562381985143092
978,0.5783686483030044,0.8459837338656463
979,-0.5457920082139502,0.8616169694005165
980,0.6518163260616356,0.8086150888716699
981,-0.6778822027407794,0.7947226124291374
982,0.48592389309802475,0.8886418305309111
983,0.20981251381334642,0.978229821273365
984,0.6347887648921071,0.8175212456247475
985,0.42913076852473786,0.9120352774446395
986,0.1774096643033356,0.9843860865603022
987,-0.10797638325248293,0.9941875086031163
988,-0.7522981842032974,0.7535376623313409
989,-0.34866661994164283,0.9410262857586233
990,0.1872373590293337,0.9826238233662998
991,0.08117232824500964,0.9967109473867005
992,0.28198048477113935,0.9610234228498814
993,0.8104522814189217,0.7200630868189878
994,0.655974556382618,0.8064194121801926
995,-0.3157733143233872,0.9513660374952906
996,0.11985190915329902,0.9928434905842396
997,-0.31538097546651245,0.9514838364385817
998,0.41571369873111075,0.9172190672655044
999,-0.057324085155373794,0.9983583236578022
