,data,labels
0,-0.03710774561327623,0.9993117445642532
1,0.446653969824935,0.9050637603122911
2,0.8443948082585515,0.7001215640365743
3,0.39713886166686474,0.9241696338958403
4,-0.35093012416721914,0.9402815041754027
5,0.34048102918456125,0.9436842349980388
6,0.8890330710841745,0.6735521190568874
7,0.3932560070068558,0.9255888554535836
8,-0.3501324383815432,0.940544456639996
9,0.18051614129450955,0.9838389749799901
10,0.6778790246776487,0.7947243245395639
11,-0.054872445639946976,0.9984956400403101
12,-0.5798013537231126,0.845282147585806
13,-0.4514954433378946,0.9030981234034471
14,0.30473974709304574,0.954628368919976
15,0.8630344725652281,0.6890687363807293
16,-0.2795429105900853,0.9616813507339299
17,0.9673840913689695,0.6263061373528841
18,-0.5857113854719926,0.8423759116018669
19,-0.16599291658010995,0.9863176419528087
20,0.1539822342120032,0.9882147325353864
21,0.5754521992356241,0.8474083248875772
22,-0.9924115312795894,0.6111332101375572
23,-0.7808717808640722,0.7372115624177112
24,0.5568714295429149,0.85636987901141
25,-0.30744869411313225,0.9538371258252761
26,0.556875914406652,0.8563677402281349
27,0.15632980545530062,0.9878548509341689
28,-0.03881563860269277,0.9992469567794028
29,-0.6000378068833414,0.8352512636511704
30,-0.16042648742405463,0.9872141139980097
31,-0.8520455696457034,0.6955928145764612
32,0.6632210326066075,0.8025741182555337
33,-0.6262097219933225,0.8219552646617964
34,-0.7449353910391179,0.757702562268041
35,0.6530893146018899,0.807943760339597
36,0.6875378036867528,0.7895010496703475
37,0.07079261185204055,0.9974973399420692
38,-0.20860293044502654,0.9784773977436334
39,-0.47535068443380446,0.8931692944735978
40,0.23317501974990784,0.9731808993419717
41,-0.4517259818771435,0.9030041034343098
42,-0.12890672301882455,0.9917259483388878
43,0.1089458775838732,0.9940829728459091
44,-0.9508856901664238,0.6362957564414836
45,-0.04603949342800928,0.9989407439306415
46,-0.17086552360314977,0.985508513585283
47,-0.1580446455267297,0.9875886096020995
48,-0.3642001908027208,0.9358305179272306
49,0.22678983705947608,0.9746110456683018
50,0.05078301484001968,0.9987113736947261
51,-0.7043813482873449,0.7803002153252758
52,0.8369607782478738,0.7045107616583891
53,0.5957680816729771,0.8373862850301967
54,0.30221254062904235,0.9553607989934336
55,-0.8497169742251443,0.6969723994011712
56,-0.2870426221479174,0.9596403180108936
57,0.7243279933495834,0.7692605724947021
58,-0.10948999821090077,0.9940238985039112
59,0.7042865602255313,0.780352311818719
60,0.18222870054964768,0.9835334312094353
61,0.7619302776521779,0.7480624060036977
62,0.7587872568525242,0.7498522809523571
63,0.9408218311853387,0.6423815359755066
64,-0.5789241682170927,0.8457118364332493
65,0.7759144745109416,0.7400617606876756
66,0.7792489939648715,0.7381453686432381
67,-0.26841882792110394,0.9646168206060901
68,0.4269359180222396,0.9128925091041283
69,-0.09534031930043363,0.9954654241336321
70,0.6978895333359618,0.7838599573863405
71,-0.9199073618259048,0.6550034493544522
72,0.46557646718158896,0.8972859136504415
73,-0.4679846229182776,0.8962778589520255
74,-0.09145892411232848,0.9958263665182474
75,-0.47993398869543236,0.8912161246778816
76,0.8112229592482274,0.7196132638614241
77,0.9894282611610794,0.6129425039425607
78,-0.3865762539853945,0.9280027340064
79,-0.2098911700419417,0.9782136745941078
80,0.10642808273575,0.9943525388067189
81,-0.9413533841787474,0.6420602727232497
82,0.6836611637716401,0.7916021941828217
83,0.3702821573123909,0.9337426276275964
84,-0.85294596496197,0.6950590940843674
85,-0.06928171173198461,0.9976028998538856
86,0.48289603083129573,0.8899461815113544
87,-0.7141629902838831,0.7749053482749032
88,0.7252373376544397,0.7687537375926811
89,0.7924993295850298,0.7304988707172865
90,-0.06359455070213826,0.9979799096949247
91,0.5301653050585842,0.8688909719960791
92,0.8131908694627346,0.7184639885144036
93,0.020854607508956846,0.9997825663149545
94,0.1636371247023507,0.9867006737471995
95,-0.2818113308178216,0.9610692491980964
96,-0.9851707477455429,0.6155243941338062
97,-0.5494724815264165,0.859882089834945
98,-0.25559049427878433,0.9678644326943067
99,-0.8444197975796015,0.7001067908116654
