,data,labels
0,0.36698054327974683,0.9348797574950212
1,0.7479025432220658,0.7560263060246977
2,0.9687620157028733,0.6254712448877622
3,-0.5413387132626837,0.8637051748373004
4,0.07833950327927774,0.9969361642665955
5,0.6599202100049097,0.8043286362324186
6,-0.3090067201090174,0.9533791776616678
7,0.7754668535353588,0.7403187661522028
8,0.5149723222474676,0.8758168840754357
9,0.005173763424502376,0.9999866161755778
10,0.6920496675657686,0.7870477403766816
11,0.7326009247312526,0.7646385370109053
12,0.8345753088772156,0.7059167451962551
13,0.490650194006679,0.8865933950601059
14,-0.7739703759768639,0.741177551708973
15,0.0429724740064219,0.9990771093646446
16,-0.2679666533603833,0.9647338067182294
17,-0.5846690459794186,0.8428898897410351
18,0.21112208286978018,0.9779602372938109
19,-0.5686246900562224,0.8507244323948986
20,-0.9053920371473285,0.6637382755977264
21,-0.3020965538878828,0.9553942810794748
22,0.5046059414550044,0.8804575371240494
23,0.9814741921678529,0.6177658387988604
24,0.3925765414634683,0.9258359957401099
25,0.8286846791776119,0.7093833916441277
26,0.3665915471558234,0.9350131541123529
27,-0.4698746218934977,0.8954838608458763
28,0.11465764348880692,0.9934483685357305
29,0.5374728408379168,0.8655081158719553
30,-0.19929248728982452,0.9803371383586472
31,-0.9639736002070178,0.6283722389397368
32,0.15180347049517606,0.9885439788928095
33,-0.8850253123503682,0.6759508573899142
34,0.010858926121127821,0.9999410435997448
35,-0.7222796901538329,0.7704011117603141
36,0.3167361542796254,0.9510763880751367
37,0.31594616787355934,0.9513140967272943
38,-0.9501358037784371,0.6367494538672234
39,-0.26881480669785196,0.9645142230909561
40,0.25942876893388234,0.9669082751691568
41,-0.2447773960873878,0.9704863059101416
42,-0.2717633074834902,0.9637458621072166
43,0.8992413323042894,0.6674321866768077
44,0.9416684185749447,0.6418698605458057
45,0.2980173004528559,0.9565644075384739
46,-0.5897919897166228,0.8403579931889034
47,0.03877490769060987,0.9992485357575762
48,-0.8164446371825553,0.7165616996989027
49,0.3787070105581525,0.9308012543758304
50,-0.504581273742432,0.8804684963969663
51,0.6935000278155794,0.7862573331342885
52,0.19930984977044042,0.9803337460424738
53,-0.703310948562208,0.7808883124585015
54,-0.12706007063477132,0.991960361386995
55,-0.6298490312292526,0.8200787546576176
56,-0.8982062037346776,0.6680533841718386
57,-0.6027035910261718,0.833913324637041
58,-0.40949101195099913,0.9195770485958333
59,0.8605815651248678,0.690526923821719
60,0.5573432367026545,0.8561448141422661
61,0.7599821353464498,0.7491721942496882
62,-0.3911767474025889,0.926343999246304
63,-0.23588988243785458,0.9725614495203824
64,-0.1590577602697949,0.9874299854298033
65,-0.3292560493052932,0.9472381178475947
66,0.36721518742346815,0.9347992328849329
67,0.22912272760526475,0.9740928881730885
68,0.7610966919011442,0.7485374168865877
69,-0.5226116878235552,0.8723526792800035
70,-0.9510867846399731,0.6361740840993323
71,-0.69745916085696,0.7840953543887564
72,-0.6158750593971976,0.827247756324561
73,0.3025050060787413,0.9552763206560428
74,-0.9827511788543797,0.616991556602138
75,0.7531220333755029,0.7530705237134395
76,-0.7069863975870629,0.7788670749335955
77,-0.8846202702003139,0.6761931551891304
78,0.1344205355071426,0.9910062477486077
79,0.2886913949863321,0.9591849545856834
80,0.34692731285686773,0.9415957089813553
81,-0.8062042833208396,0.7225398728212721
82,0.2472595490171703,0.9698938540469195
83,0.9515959380989307,0.635866009513422
84,0.6522196164464251,0.808402489402038
85,-0.2894125009934596,0.9589850456940963
86,-0.6931149064579241,0.7864672977792209
87,-0.7290382940006559,0.7666319747678059
88,-0.40895041817181066,0.9197805019320167
89,0.14988600716617406,0.9888299459713378
90,-0.6918144267457629,0.7871758590852358
91,-0.5364604406986886,0.8659787557238477
92,0.869511579652174,0.6852132374775888
93,0.49303074230163535,0.8855559346680316
94,0.4841341988208485,0.8894135542671919
95,-0.4804796355695031,0.8909826358380304
96,-0.0636253212681499,0.9979779563370526
97,0.7719692237487497,0.7423249147162585
98,0.12981962229196164,0.9916088368365604
99,-0.4362317990351985,0.9092373650318551
100,-0.7000792927335475,0.7826610930394168
101,-0.3500596494367392,0.9405684249541625
102,-0.6976445355352976,0.7839939707892527
103,-0.17876387318220743,0.9841487140569012
104,-0.6376040773285381,0.8160583006355135
105,0.9976282923533408,0.6079691704173988
106,-0.018672319238073998,0.9998256874413355
107,0.5487469084364389,0.8602247516418479
108,0.27801670744534257,0.9620906088006481
109,-0.8658583757032388,0.6873886931732156
110,0.0774697017136774,0.997003720490402
111,0.7145985121672307,0.7746642906767249
112,-0.5924574322065688,0.8390349602026153
113,-0.26597508036767614,0.965246884322329
114,0.03960656324888556,0.9992159675879622
115,-0.6603473624001837,0.8041018654446848
116,0.4204392598208868,0.9154087559922949
117,0.6266877782528566,0.8217091442072367
118,0.1498845387556873,0.9888301636060165
119,0.7394541466649398,0.7607912890731986
120,-0.007125120845892896,0.9999746166486284
121,-0.5261063528777932,0.8707555923809593
122,0.8080604332499757,0.7214582039047958
123,-0.7518270417795563,0.753804709586454
124,0.3218309778248052,0.9495305360178805
125,-0.07122160132290523,0.9974669553380479
126,-0.5352943367749154,0.8665200651964458
127,0.1945452374864023,0.9812540085824264
128,0.9325832009491302,0.6473580654688382
129,-0.6083612936644414,0.8310612904315265
130,-0.3968947295698084,0.9242592129562847
131,-0.4086026668613829,0.9199112603954721
132,0.6145686432440525,0.8279129122012598
133,0.9008599020913624,0.6664605828662221
134,0.3629830329908288,0.9362447598525293
135,-0.047885600412114426,0.9988541416342149
136,0.6183734072157927,0.8259732959221509
137,-0.15963715107924914,0.9873388257063744
138,0.637409336533582,0.8161596193899369
139,-0.7131888660682608,0.7754442567553812
140,0.5830604776095683,0.8436818923129414
141,0.12684456294286472,0.9919875010009387
142,-0.26628959986593426,0.9651660928617634
143,0.09308293272526891,0.9956771543295786
144,-0.32160577207729957,0.9495993346819478
145,0.7447054496855767,0.7578323413221791
146,0.3930461663486242,0.9256652188351315
147,-0.30424963447242703,0.9547708451298331
148,0.9094846288794352,0.6612778727547577
149,-0.8474831779935363,0.6982948330454244
150,0.3042068499048267,0.9547832727694443
151,-0.5075651027052781,0.8791399607353109
152,0.28195095368937406,0.961031425087588
153,0.7534081244412003,0.7529082526868253
154,-0.324642718710235,0.9486679393936571
155,0.26253881153244496,0.966123782465568
156,0.03146206743061808,0.999505191614562
157,0.2781839202645331,0.9620458707635016
158,0.4643707481055823,0.8977890978888763
159,0.17337981644030576,0.9850821104962896
160,-0.3945484803861803,0.925117750542587
161,0.37785325249979085,0.9311019142274759
162,-0.9402448739038813,0.6427302173495715
163,-0.20849496216441166,0.9784994300454786
164,-0.4633858422466903,0.8981993703001905
165,0.8123149702612424,0.7189756376771421
166,0.7616973931073916,0.748195135020989
167,-0.3121244787540076,0.9524564973300387
168,0.3434030852587453,0.9427418012792882
169,-0.4431971313656766,0.9064568517736484
170,0.3918227524585509,0.9261097464516137
171,0.870182730118247,0.6848133278830021
172,0.8828886662790985,0.6772287343417922
173,-0.23207619129565127,0.9734296913912905
174,-0.10398255645097154,0.9946084011018761
175,-0.20167616082873474,0.9798687577751323
176,-0.11017998503632742,0.993948569558189
177,-0.03116074944887992,0.9995146216810793
178,-0.2031005546377258,0.9795863212129085
179,-0.8552156543709128,0.6937130283982276
180,-0.2981970078589198,0.9565131637820139
181,-0.39719137800235904,0.9241503580839273
182,0.2254669859028815,0.9749026288027212
183,-0.2978624282753666,0.9566085469213983
184,0.8168365071042076,0.7163324245494854
185,-0.32643922077689114,0.9481132873614523
186,-0.45116483642364136,0.9032328873156903
187,0.028901565862037293,0.9995824369490881
188,-0.20335196410841916,0.9795362724814083
189,-0.06537160855110424,0.9978655575665651
190,0.3766275120897262,0.9315325541735162
191,-0.45222267693393103,0.9028014077119595
192,-0.37149477557050736,0.9333227749186586
193,-0.3037953703869054,0.9549027142992027
194,0.5571503327323084,0.8562368504760718
195,0.5182141264078122,0.8743513862114694
196,-0.3299444081743912,0.9470232297718669
197,0.5538190946313912,0.857822742389594
198,-0.615003184395881,0.8276917649906648
199,0.32582365551203774,0.9483036451269657
200,0.9855458842365199,0.6152969113666036
201,-0.6780981248523552,0.7946062790632651
202,0.0065355815012899665,0.9999786433152772
203,-0.7348774200471924,0.7633623862416937
204,-0.6989730448593809,0.7832669892134223
205,0.9094064150682128,0.6613249119165828
206,-0.7720564666339131,0.742274918866119
207,0.4558920708384755,0.9012984887853165
208,-0.6051679711026843,0.8326731118150953
209,-0.9816829151460404,0.6176392851344028
210,0.7628908406109187,0.7475147680349066
211,0.25713655319693496,0.9674808926279265
212,-0.4540500484009413,0.9020541538207093
213,-0.33366921377065273,0.9458535117217965
214,-0.4856057259936508,0.8887791846346783
215,-0.8657376083840456,0.6874605703630826
216,-0.8433489332387518,0.7007397532457608
217,0.396651552978317,0.9243483952776848
218,-0.6714446664862015,0.798181734432565
219,0.31028282622781456,0.9530025342228515
220,0.003068662214833262,0.9999952916671898
221,0.966821793680867,0.6266468150948501
222,-0.5917388555838177,0.8393920185852702
223,0.7208594310703154,0.7711910356266108
224,0.31601598299657385,0.9512931107246919
225,-0.13573368120620222,0.9908304826885482
226,-0.31831510153767373,0.9505996795230955
227,0.1623643011271707,0.9869054069082323
228,-0.20768661254309473,0.9786640373853378
229,0.08492674375316867,0.9964002189009868
230,0.4932150945303808,0.8854754339345852
231,0.5282465638479616,0.8697737000027888
232,-0.19475315065453835,0.9812142979080868
233,-0.4969833518683322,0.8838249767780968
234,0.2796362127836023,0.9616562643342708
235,-0.531895736159018,0.8680929046243272
236,-0.7570067572856367,0.7508648411232461
237,-0.8556196680717747,0.6934733222835665
238,0.05186926464692654,0.9986556940823023
239,0.7285296280689884,0.7669162237295575
240,0.8867809362584216,0.6749003595713571
241,-0.607757309853675,0.831366560370505
242,-0.3294027610009307,0.9471923517459626
243,-0.8951263054246326,0.6699008575638823
244,-0.9677871115799379,0.626061952784072
245,-0.6171304254318002,0.8266077666937822
246,-0.6112237232255802,0.8296119481096369
247,-0.16382025277688106,0.9866710896291508
248,0.8008224717831363,0.7256711591082184
249,-0.6354047620544856,0.8172014793114161
250,-0.8548991250844087,0.6939008077289295
251,-0.7364826628735204,0.7624614292603253
252,0.15788996620444817,0.9876127409093916
253,0.40823741557620985,0.9200484992631222
254,0.3737652954405668,0.9325334581652318
255,-0.1627235101275737,0.986847785913621
256,-0.37935899657831906,0.9305712592621774
257,0.38823120118056575,0.9274079517840104
258,0.6377247426275234,0.8159955122884418
259,-0.997686936567062,0.6079336010990863
260,-0.08847510771579548,0.9960937270684036
261,-0.3573919561626109,0.9381321029742288
262,-0.6909403418372082,0.7876517109675607
263,0.3549837517616845,0.938937152735996
264,0.3538437850046956,0.9393165786865199
265,-0.5211660147862744,0.8730111008403876
266,-0.9618303749982766,0.6296703596813586
267,0.5815048408200192,0.8444464627496184
268,0.4869050564523514,0.888217825575431
269,0.7168072736645015,0.773440655628235
270,-0.7386660874256998,0.761234520596627
271,-0.8193040617948384,0.714887870660948
272,-0.989661205935489,0.6128012312934825
273,-0.9644395981332468,0.6280899632294246
274,0.0067781549371002114,0.9999770285716716
275,0.544077135250479,0.8624225212458742
276,0.8041606537051416,0.723729787110858
277,-0.749616919253365,0.7550564511331451
278,0.2027915390541486,0.9796477564173341
279,0.18320552716817717,0.9833579029354415
280,0.5478558365189898,0.860645139458993
281,-0.017408264509186644,0.9998484876425459
282,0.9719972078018926,0.6235107416724084
283,-0.7178217628183847,0.772878021572743
284,-0.9926871599812919,0.6109660421836489
285,0.8578646678713913,0.6921407873076448
286,-0.6366804958637973,0.8165386537513375
287,-0.6097467804379066,0.8303603065360422
288,0.051234365076328725,0.9986883808429058
289,-0.6213735755859113,0.8244386403254644
290,0.22439043286377647,0.9751387278022975
291,-0.5747019723265954,0.8477740081777189
292,0.6246939889530008,0.8227348625608492
293,0.7240201908693664,0.7694320617742721
294,0.2754065558030627,0.9627857387110811
295,0.4945584067195419,0.8848881653206582
296,-0.77233982849278,0.7421125183440476
297,-0.9976325534335235,0.6079665859561476
298,-0.9169597806059284,0.6567790492151101
299,-0.5370339214527713,0.8657122362062024
300,-0.670464409141525,0.7987068777120248
301,-0.6349875980765483,0.8174180508406043
302,0.9740492699292955,0.6222670172827255
303,0.6500400073586006,0.809550595558622
304,-0.08359736705435838,0.9965118379323507
305,-0.34024673979846254,0.9437594908197303
306,-0.19079021238072924,0.9819641753859735
307,-0.2793021130114244,0.9617460589329688
308,0.3070498491133644,0.9539540208014033
309,0.24504434925208773,0.9704228578491697
310,0.41935466249037545,0.9158257455905926
311,-0.28509300614199584,0.9601756801797185
312,0.9993271934417474,0.6069387374566844
313,0.42291786783791263,0.9144524926690639
314,0.9912273442739477,0.6118514075822875
315,-0.7095999908949739,0.7774265774474882
316,-0.40281156973185417,0.9220751230754018
317,-0.3089724554539397,0.9533892715424461
318,-0.7654137417773685,0.7460750369963344
319,-0.8696507840727821,0.6851302977472526
320,0.7033438702532031,0.7808702314116402
321,-0.6129372936982787,0.8287422715104907
322,0.34139820637460705,0.9433891891451874
323,0.030126539503797067,0.9995462987623109
324,0.832750910969408,0.706991214324929
325,0.7359961715908954,0.762734572078239
326,-0.6441174396410418,0.8126590435511516
327,-0.3654859172103666,0.9353916336802529
328,0.44168416871525173,0.90706383365925
329,0.7770153062440934,0.7394294578471365
330,0.5817685505986934,0.8443169487106494
331,0.3519408543411404,0.9399475694287172
332,0.027803447082986654,0.9996135588527741
333,-0.05244332358363235,0.9986257939927551
334,0.17945540789178271,0.9840268244211934
335,-0.563764378123814,0.8530687498531249
336,-0.9053776187925076,0.6637469401997289
337,-0.4285017672501197,0.9122813102320277
338,0.48711945939327106,0.8881250855006644
339,-0.7748302603475778,0.7406841697715475
340,0.22059032758802832,0.9759635434270943
341,0.6380542121520028,0.8158240364948375
342,0.08635685943460691,0.9962781895834774
343,0.880652191061237,0.6785655862311296
344,-0.17035824264052835,0.985593811225222
345,-0.1282288836658203,0.9918123793519524
346,0.11583849791595391,0.993313178159892
347,0.11970371723555195,0.9928611138157019
348,-0.7263171039472818,0.7681515245198469
349,-0.47729653894626756,0.8923418382785796
350,-0.685595062557111,0.7905548052341468
351,-0.5328170963002514,0.8676672164211051
352,-0.3110346658780079,0.9527799716419307
353,0.18437345501976266,0.9831468449966926
354,-0.845772756856435,0.6993067595727972
355,-0.5775986653661997,0.8463603121864108
356,-0.08107797148058848,0.9967185769458228
357,0.038886954013567454,0.999244188173533
358,-0.9743433856120471,0.6220887468839854
359,-0.6948963567367494,0.7854955603535523
360,-0.6722444276632855,0.7977529744655736
361,0.9255616531391808,0.6515949275570382
362,-0.6181978604132037,0.826062950331713
363,0.21189176258987885,0.9778010455727268
364,0.535453261190556,0.8664463413672174
365,-0.992108947029976,0.6113167257385245
366,-0.2970572955083628,0.9568376770174578
367,0.6969031101291825,0.7843993820546942
368,-0.3121425480664577,0.9524511254543683
369,-0.2410575625130571,0.9713636458877514
370,-0.0515558991070042,0.9986718773701689
371,-0.7894141089149558,0.7322836664050316
372,-0.7744427676379224,0.7409065313484113
373,-0.11111481158812486,0.9938457646858406
374,0.5099398878310595,0.8780784446794785
375,-0.06179020267781676,0.998092806435876
376,0.08806263060132236,0.9961299943940191
377,-0.29921001370143774,0.9562237777773072
378,-0.9562695727138553,0.6330374170957372
379,0.9417182262875716,0.641839755250814
380,-0.39733825867408745,0.9240964350000944
381,-0.27301464663453534,0.9634174243520963
382,0.8920825809735027,0.6717253914593975
383,-0.9685861171557597,0.6255778269878928
384,-0.042530039548153376,0.9990960067163607
385,0.7962527822413079,0.7283240205638363
386,0.5240767975981864,0.8716840533307629
387,0.686667146177536,0.789973494918645
388,0.5580139294638582,0.8558246493304305
389,-0.21507060486406182,0.9771377123845001
390,0.14614760829974704,0.9893772623480184
391,0.5234834281363805,0.8719550105878409
392,0.1746120240312572,0.9848709324235728
393,-0.40422118974268373,0.9215507914883114
394,0.6832611652569016,0.7918186347065196
395,0.9124886190364707,0.6594706970144601
396,0.6653673804757223,0.8014306182959023
397,0.04470640642214452,0.9990011677777291
398,0.9693130076704293,0.6251373749866657
399,-0.276371989264353,0.9625293322448507
400,0.8417679789390011,0.7016737930752739
401,0.0933389361772079,0.9956533954452038
402,0.7568033709132549,0.7509804412896759
403,0.728547666065865,0.766906145459911
404,0.183900559673011,0.9832324587269169
405,0.9589746944598772,0.6313996657060141
406,-0.8652608602640981,0.6877442924036065
407,-0.7863897423198369,0.7340307089671241
408,-0.10403253540059443,0.9946032309539597
409,-0.2551153454027473,0.9679818714421166
410,0.824872852355061,0.7116225665560069
411,0.20024042623774196,0.9801515130153682
412,-0.14332592308124448,0.98978140811864
413,-0.46339216645578074,0.8981967380688587
414,0.1306741539360723,0.9914984768279671
415,0.7941282874300828,0.7295554751647393
416,-0.059949213422621606,0.9982046594603745
417,0.12135707648707039,0.9926632761197418
418,-0.9038117336931009,0.6646877981834767
419,0.18599237524869228,0.9828521453211316
420,-0.5548571656990404,0.8573292568335785
421,0.2521060282681986,0.9687209123326366
422,0.12207271243222206,0.9925768153865007
423,-0.2977000664943954,0.9566547984304293
424,-0.8763684647098329,0.6811240417326818
425,0.3276077502780548,0.9477510477993992
426,-0.9510640388807066,0.6361878465591236
427,-0.0462450413918476,0.9989312695729183
428,-0.07967512436322255,0.9968309692905499
429,0.3626464582132638,0.9363590956996751
430,-0.8196154878603465,0.7147054537435101
431,0.2886260055865484,0.959203059582778
432,0.4881726750532869,0.8876690647031577
433,0.18228311903342775,0.9835236764844543
434,0.4790137734647475,0.8916094330762179
435,0.6987993358298981,0.7833620858242178
436,-0.4499463760496858,0.9037288839915102
437,0.830727639499985,0.7081819650595251
438,0.233534940523614,0.9730991659870095
439,-0.9039523965715364,0.664603293385563
440,-0.34458376617361197,0.9423589877665834
441,-0.33769609733772366,0.9445758132991517
442,-0.6219245674332301,0.824156299015928
443,0.186886257830442,0.9826883618848351
444,0.445053255242577,0.9057099207300594
445,0.22972052522557584,0.9739593027323077
446,0.16727771172510963,0.9861065015994808
447,-0.6221729270085661,0.8240289834914075
448,-0.9330107727703592,0.6470999261439868
449,0.6500788709496708,0.8095301436187484
450,-0.35710167960822603,0.938229392669847
451,0.9769675367244148,0.6204980705153049
452,-0.5891455384641664,0.8406782833977646
453,0.14045121351519252,0.9901852108455267
454,0.3552802815617677,0.9388382810751849
455,-0.895905295508842,0.669433699076475
456,0.4650256520563256,0.8975159128919047
457,0.0021742461194835805,0.9999976363296994
458,-0.46380430801565464,0.8980251377183052
459,-0.25353541104339383,0.9683709015586457
460,-0.9676424464753901,0.6261496041867013
461,-0.4705183911120432,0.8952128406592456
462,0.5127919607048468,0.8767987420617516
463,0.8513359830848408,0.696013321985235
464,-0.5414896227592219,0.8636346090865255
465,-0.09204850310064883,0.9957724976907977
466,0.6413408062000439,0.8141106285955211
467,-0.9909733981815578,0.6120054214370649
468,-0.5302598185998575,0.8688474309908086
469,-0.8472114441452832,0.6984556359996275
470,-0.9950503004794702,0.6095327796809135
471,-0.6405442778966413,0.8145263616921944
472,0.033948773709677305,0.9994239063874893
473,0.593852663157721,0.8383408719511685
474,0.9107083576240642,0.660541810112351
475,-0.6843774632682604,0.7912144336442428
476,0.1014428000344949,0.994867893649874
477,-0.19600338980237186,0.9809746463922114
478,0.6535782623140436,0.8076857071069733
479,-0.13492707902744128,0.9909386454471505
480,0.23475637843235408,0.9728209048822798
481,-0.9545129466013309,0.6341007137822787
482,0.6493091579515915,0.8099350730150655
483,0.6752182170667462,0.7961562484886148
484,0.21443924715631746,0.9772702087114551
485,0.9658147446810168,0.6272569206216451
486,0.31377231559656704,0.9519654536638616
487,-0.7118003858454485,0.7762117714746538
488,-0.872059742905197,0.6836945006568613
489,0.11369276037244935,0.9935578185238602
490,0.3592382042158724,0.9375116976855867
491,-0.059760693426258005,0.9982159231211617
492,0.9866954125705907,0.6145998221912237
493,-0.3690658103295392,0.9341625811227496
494,-0.4361654785336184,0.9092636686605073
495,-0.3128390478155869,0.9522438472510871
496,0.47846795961526367,0.8918424440902954
497,-0.4826220260271341,0.8900639098594247
498,-0.09005672534664866,0.9959531039534986
499,-0.13201785752358064,0.9913235026045935
500,-0.5456250881274451,0.8616954574220127
501,-0.15711530783520633,0.9877332476181453
502,0.8391338673814925,0.703228908385231
503,0.2802835781103077,0.9614819930756081
504,0.11014931054918753,0.9939519283586756
505,-0.521466563047605,0.8728743275614476
506,-0.2989252721805937,0.9563052103693381
507,-0.453929344806564,0.9021035861083757
508,0.35014806943864407,0.9405393089956735
509,0.18549582396475373,0.9829427994009267
510,0.15794822266471154,0.9876036551041342
511,-0.9636822803302005,0.6285486994748821
512,0.8695622260529567,0.6851830620948751
513,0.13210492872691604,0.9913121036945425
514,-0.04411391446777069,0.9990274545043851
515,-0.13298560893051636,0.9911963945917835
516,-0.8096389175126244,0.7205376652423316
517,0.8244682330348665,0.7118600587112861
518,0.25309531537155716,0.9684788644648833
519,-0.6344328272719719,0.817705929699018
520,0.11859523817210671,0.9929922543108757
521,-0.35497652956627923,0.9389395599260063
522,-0.5407991960723766,0.8639573410028838
523,0.6896298376563679,0.7883645600174043
524,-0.39354106259003463,0.9254850653236116
525,-0.4456533958409079,0.9054678798102198
526,0.23923285941208183,0.9717893845997984
527,0.9167872700477429,0.656882940412193
528,0.42783894910135567,0.9125402515742893
529,-0.3096547834245924,0.9531880767900099
530,0.3018186555147053,0.9554744549471746
531,-0.019058322053799426,0.9998184066703119
532,0.33231833769046193,0.9462790838644337
533,-0.5431590136133528,0.862853070244783
534,0.6492740151092162,0.8099535542854398
535,-0.8918311266133283,0.6718760672527249
536,-0.4182547426280314,0.9162477193794909
537,0.8599212875757534,0.6909192577755002
538,0.7412796277418632,0.759763754587357
539,0.638520192331115,0.8155814226987022
540,-0.8094167331176785,0.7206672760090729
541,-0.701810286754275,0.781712041758187
542,-0.3578676833898544,0.9379725081561419
543,-0.7852089027015454,0.7347121343429719
544,-0.28098605062763005,0.9612924668854207
545,-0.9890338186958709,0.6131817175443312
546,0.1483205453091494,0.9890607811385957
547,0.39277058776801277,0.9257654526374317
548,0.7224320719485962,0.7703163153834816
549,-0.7436373727620043,0.7584349304006806
550,0.9819522793686002,0.6174759618112651
551,-0.0003816050994214226,0.9999999271887767
552,0.9613755456303428,0.6299458158592093
553,0.7849367319485216,0.7348691398940038
554,-0.28493399372324624,0.9602191969863236
555,-0.8321673573918791,0.7073347431363851
556,0.9161005362535073,0.6572964817787114
557,0.6618769299234974,0.8032891560211537
558,-0.6614806699138374,0.8034998035199603
559,-0.08560048880786097,0.9963429813980279
560,0.8441315402168883,0.700277195610362
561,-0.7254268625398737,0.7686480654459023
562,0.5594224576745928,0.8551514056634563
563,0.0235745481705798,0.9997221589442535
564,0.2551497732121826,0.9679733690605243
565,-0.5112355700678968,0.8774977356938418
566,-0.2299523998713997,0.9739073986603841
567,0.258120628867629,0.9672356421295651
568,0.47362752256853247,0.8938998675429155
569,0.5110824097363229,0.8775664370493594
570,-0.03802896776672715,0.9992771601799636
571,0.8093902666186223,0.7206827143642861
572,-0.14008675077076993,0.990235833198002
573,-0.9160147786871498,0.6573481202793947
574,-0.9171156795184585,0.6566851593885712
575,0.8495770072376982,0.697055290050714
576,-0.8237943354483517,0.7122555214159678
577,-0.3862550072145734,0.9281179385659145
578,0.48262794749476234,0.890061366195485
579,-0.4053966372567106,0.9211123927823787
580,-0.2644083256360932,0.9656480184213015
581,-0.7775993928001776,0.7390938221473777
582,-0.09872474474079262,0.9951385675882558
583,-0.12789278426648654,0.99185506903526
584,-0.6209873660501766,0.8246364516816347
585,-0.7291569904936892,0.7665656322853501
586,0.3324640302817685,0.9462332595802873
587,-0.45154657488638206,0.903077273846314
588,-0.00029215500935264593,0.9999999573227262
589,0.5367020852127995,0.8658664785361366
590,-0.46765204056485543,0.8964173199896203
591,-0.9649996538218453,0.6277506999455964
592,0.9961034646899141,0.6088940158722329
593,-0.5049299775244671,0.8803135386021173
594,-0.6677804854450688,0.8001425430524349
595,0.04661142627956938,0.9989142772939514
596,0.23723400593359445,0.9722522548065372
597,-0.4634131462389055,0.8981880057642699
598,0.21487497895454255,0.9771788060402027
599,-0.42949782492792954,0.9118915679127102
