,data,labels
0,0.795730275541265,0.7286270014699999
1,-0.718451696608098,0.7725284671732278
2,-0.4037058730745715,0.9217426498938112
3,-0.8108677180169095,0.7198206263633572
4,-0.12866726505704107,0.9917565327175114
5,0.2170431260776413,0.9767213677339706
6,-0.7844214469939217,0.7351663320580115
7,-0.8794150286890512,0.6793047730793619
8,-0.7707856861083382,0.7430029328568414
9,-0.24494082959714158,0.9704474695874661
10,-0.18098305288851368,0.983755948295905
11,0.3751244712141055,0.9320589786813354
12,0.6081554479395248,0.831165351957204
13,-0.7044507158271087,0.7802620879736508
14,0.7597491026724805,0.7493048645508555
15,-0.0805417983366028,0.9967617637936808
16,-0.555916975765713,0.8568247771947067
17,0.5243529226189148,0.8715578872073897
18,0.6488270219956882,0.8101885730016758
19,0.3410852056299911,0.9434899568957185
20,-0.38252979092731887,0.9294479042371747
21,0.9821683549509939,0.6173449477732353
22,-0.45000365311134316,0.9037055922642274
23,-0.4555164548592585,0.9014527770743883
24,0.8516900414450215,0.6958035158278244
25,0.9543199137134539,0.6342175473028482
26,0.6185985615286169,0.8258582831951446
27,-0.8622670930544734,0.6895250374865104
28,0.2310262093358162,0.9736663848510301
29,-0.2575731459612316,0.9673721932925554
30,-0.11872320668212377,0.9929771761915829
31,-0.4469288308271475,0.9049526203000893
32,0.6517044934450629,0.808674029414494
33,-0.5083183668000486,0.8788036535821664
34,-0.18386325493403266,0.9832392033968627
35,-0.8691785044674822,0.6854116746735323
36,-0.7162165022952383,0.7737681182673198
37,-0.33178948414559595,0.9464452725272849
38,0.9343938856294747,0.6462647905108236
39,0.8895586451762438,0.6732373805092295
40,-0.7558157729829826,0.7515415804760792
41,-0.7426722453463295,0.758979104700844
42,0.8490516142329025,0.6973664021171121
43,0.05280242025111748,0.998606923441068
44,0.4796787436764687,0.8913252769828516
45,0.6403860107867327,0.8146089299891559
46,-0.23050359253867558,0.9737838176691276
47,0.7811101781663861,0.7370743166176188
48,0.5192200601177863,0.8738952730302512
49,0.1758053395956427,0.984665037875495
50,0.7732944089108578,0.7415652518884142
51,0.7048119505551278,0.7800635074363942
52,0.4227647896878157,0.9145116850538892
53,0.5654557976289842,0.8522544644619642
54,0.7777841225412134,0.7389876494883557
55,-0.5747325519189874,0.8477591090029285
56,-0.004567136710423414,0.9999895706855199
57,0.2132731732767088,0.9775139430644844
58,0.523656181207264,0.8718761473133775
59,-0.7394880756364621,0.7607722014439599
60,0.8612052873344345,0.6901562391540869
61,0.5712863975559215,0.8494348151449705
62,-0.3832651781868164,0.9291862290612558
63,0.04962564163253136,0.9987694056492703
64,0.799683241800963,0.7263330348808331
65,0.4334430525172619,0.9103406217540816
66,-0.8725861591595765,0.6833806168110532
67,0.27038436624167184,0.964106172725781
68,-0.013440731298569597,0.9999096774504069
69,-0.4363578985655261,0.9091873432817233
70,-0.13814878230620953,0.9905028425580027
71,-0.20203078753111625,0.9797986187009214
72,-0.8202575637338791,0.7143292878932171
73,0.8702360286895825,0.684781566349667
74,0.8548642018137389,0.6939215246297948
75,-0.3650603265966854,0.9355370579850079
76,0.002064282687292751,0.9999978693707633
77,0.6093827142864066,0.8305446021148853
78,0.14283020720506823,0.9898516119121271
79,-0.10648841539687481,0.9943461521908964
80,0.2331509893371131,0.9731863520929872
81,0.08494983473471596,0.9963982646547149
82,-0.07913154160433811,0.9968739957193109
83,0.9639967253763888,0.6283582312207392
84,-0.6570726080198945,0.805838276505643
85,0.10836204018642204,0.994146035736721
86,-0.7824936828250735,0.7362775084231553
87,0.23848876192819768,0.9719621216440623
88,-0.6465695258301623,0.811374078085728
89,-0.28023712631110276,0.9614945103042596
90,0.43494054189197984,0.909748912848693
91,0.4426396401754844,0.9066807045438016
92,0.22149576990299114,0.975768231940969
93,-0.3625199638947074,0.9364020425287274
94,0.2656182501124631,0.9653384368211212
95,0.8540381010793243,0.6944115108783955
96,-0.3516308239669892,0.940050089738579
97,0.9369662475044138,0.6447111612618381
98,-0.4442176792710013,0.9060464786756944
99,0.824185601380339,0.7120259278159593
100,0.8304441332243049,0.7083487447719339
101,-0.8205858794756729,0.7141369039488727
102,0.8280814311412887,0.7097379736213331
103,0.6626825081994343,0.8028607009777237
104,0.05321153510415577,0.9985852679441735
105,-0.35823497852322883,0.9378491630227225
106,-0.06455102638855093,0.9979187513039013
107,-0.1675575828598479,0.986060298299968
108,-0.6474243972074236,0.8109254318299393
109,0.02859819377494821,0.9995911552562046
110,-0.9184704808612785,0.6558691265794176
111,-0.12716172574007478,0.9919475438820283
112,0.25207861107129403,0.9687276078299735
113,0.7450199493730443,0.7576548330026821
114,0.3324668237066404,0.9462323807975987
115,-0.6953563686091835,0.7852444254363615
116,-0.10794383933410212,0.9941910016324338
117,0.6863281186642911,0.7901573759996503
118,-0.9310152037735793,0.6483045847759235
119,-0.006318657699975416,0.999980037481689
120,0.9701822290311741,0.6246106528744527
121,0.3498197558392344,0.940647387383327
122,-0.8895611615472683,0.6732358734941077
123,0.7483005494484718,0.7558012334018389
124,0.6571539926141226,0.8057951823139203
125,0.8542948457713391,0.6942592412506712
126,-0.6222906307607325,0.823968634630222
127,-0.2040367944675574,0.9793996405265961
128,0.3190542246058985,0.9503757948123459
129,-0.4472320280362292,0.904829959084057
130,-0.5004658019466541,0.882291296413729
131,-0.40026396266871367,0.9230188520740049
132,0.8777244457526243,0.680314490745184
133,0.006052989599993008,0.9999816808262493
134,0.8220489555419492,0.7132792768277637
135,-0.22980317712739073,0.9739408071734162
136,0.6375561038556048,0.8160832617363655
137,-0.6618739460967611,0.8032907424558481
138,0.3351294634181521,0.9453917580363933
139,-0.05774664408003494,0.99833405178362
140,0.05206520460337094,0.9986455253647228
141,-0.2929722050520711,0.9579915165114237
142,0.5258373439325186,0.8708788052921421
143,0.6754306328670168,0.7960420484017834
144,-0.09525578981801508,0.9954734431329038
145,-0.5487169245319445,0.8602389051439734
146,0.8333216068982026,0.7066551832305292
147,-0.3407599307000939,0.9435945896615141
148,-0.07205285610133627,0.9974075591576115
149,0.8397185630869834,0.7028838420637998
150,0.6580194946328437,0.805336700388391
151,0.5402269643971425,0.8642246032197652
152,-0.5393442250048694,0.8646364957312551
153,0.07095642489299725,0.9974857588952271
154,-0.39115601596535754,0.9263515114090388
155,-0.4442135991442284,0.9060481208466702
156,0.17832402070969677,0.9842260052393478
157,-0.499196295595147,0.8828513220382928
158,0.10631250301660278,0.9943647636991513
159,-0.4079924365263363,0.9201404899488564
160,-0.846837462113109,0.698676922183641
161,-0.38845856436646775,0.9273260696080307
162,-0.3042463090426548,0.9547718111247497
163,-0.6083125343091265,0.8310859418333151
164,0.2030998717863337,0.9795864570690639
165,-0.8584911467844556,0.691768771417675
166,0.9726593697777439,0.6231094304554164
167,-0.8769084322032574,0.6808017036962244
168,-0.847604204323126,0.6982232090551053
169,0.7911987725893372,0.7312515587068373
170,-0.22525713046711582,0.9749487364045886
171,0.17600860574511978,0.9846298308878054
172,0.6177553940926934,0.8262888547835106
173,-0.8067377595810774,0.7222290790814295
174,-0.13347770991475527,0.991131410485937
175,-0.6474109902694025,0.8109324706031364
176,-0.13288034362535495,0.9912102647282632
177,-0.12633879303607465,0.9920510162850636
178,-0.2586864231470771,0.9670942394849475
179,0.9331568809057611,0.6470117122878671
180,-0.5432116703543459,0.8628283909550742
181,-0.22030104457709632,0.976025783769978
182,0.2553997634233398,0.9679115986559551
183,0.1475787113744491,0.9891693405272057
184,0.7368379927592066,0.7622618754345604
185,0.48323559271347216,0.889800214955797
186,0.5162318826288042,0.8752482852347433
187,-0.08423495022653649,0.9964585224570095
188,0.8759364801293126,0.6813818853203237
189,0.7689176439634566,0.7440722254826163
190,-0.9114268092864557,0.6601095886455187
191,0.8362580292988366,0.7049250839031923
192,0.6726834153987977,0.7975175098205752
193,0.18198594633848675,0.983576911547282
194,-0.35788782199729363,0.9379657480629613
195,0.3158148426625056,0.9513535609789306
196,-0.9941857705181307,0.6100571283602491
197,0.05207433015493024,0.9986450508430881
198,0.03129826244507106,0.9995103293118028
199,0.8343498891542587,0.7060495436807486
200,0.2717473878448373,0.9637500315188193
201,0.668766450322348,0.7996155074468589
202,0.2600454277341835,0.966753418677669
203,-0.9096266332060188,0.6611924670682809
204,0.3186483544811687,0.950498793005371
205,0.833986093526814,0.7062638386971266
206,-0.020673227379410797,0.9997863316651904
207,0.48584684401761313,0.8886750992563707
208,-0.5498799628860072,0.8596895125922481
209,-0.9443845408373721,0.6402278947363309
210,0.8197942228823079,0.7146007499425259
211,0.8578106346078307,0.6921728700003124
212,-0.9262967286916794,0.6511515847551522
213,-0.8259558747274367,0.7109867013532166
214,-0.8549161283884428,0.6938907210836417
215,0.3945765484568444,0.9251075052823812
216,0.6834487520021963,0.7917171393014407
217,-0.6111133073783872,0.8296679344440823
218,0.10182675844473499,0.9948290711520097
219,-0.0019159843755773842,0.9999981645036208
220,-0.09068243976723545,0.9958967888286768
221,0.1207045470621344,0.992741675955244
222,-0.036549423301310835,0.9993322928438723
223,0.7236983684844749,0.7696113250221459
224,-0.24129619595524066,0.9713077427319265
225,0.5409032411634167,0.8639087249733874
226,-0.44484407235269185,0.9057942241904757
227,-0.9191653441053991,0.6554505187470104
228,-0.8036845627438391,0.7240068406739476
229,-0.31729657125197197,0.9509074335686699
230,-0.9819318955112322,0.617488321190216
231,-0.5394831534033155,0.8645717024039048
232,-0.6665879723694521,0.8007794105173699
233,-0.9301884797443725,0.648803550409641
234,-0.8562787805087546,0.6930821980129394
235,-0.8618911157430573,0.6897485640705195
236,0.3307622558317258,0.9467673988296273
237,0.40858762692580863,0.9199169134926258
238,0.39890228322229593,0.9235212070937974
239,0.05863251134571135,0.998282590744597
240,-0.20010306656784027,0.9801784631663101
241,0.7408061460802455,0.7600303798338142
242,0.7530969206764919,0.7530847663784587
243,0.9450584888115472,0.6398203957602943
244,0.3994698826146519,0.9233119814145043
245,0.20652613881918414,0.9788992792430202
246,-0.6201550042348962,0.8250625192259091
247,-0.3356075825603708,0.945240180297832
248,-0.5380616132629839,0.8652341198950178
249,0.6429358085610501,0.8132772334851905
250,-0.09894562828739706,0.9951168428891212
251,0.017993502309117337,0.9998381300396818
252,0.8806993655059561,0.6785373955442546
253,0.1818700494337706,0.9835976503787117
254,-0.2522629053757486,0.9686825885833183
255,-0.7366886846936065,0.7623457324425293
256,-0.6886859539858972,0.7888775460737167
257,-0.9953921792799845,0.6093254244514271
258,0.2317222846064102,0.9735095847176347
259,0.5384297538789715,0.8650626906547193
260,-0.9476494309272543,0.6382535109540838
261,0.44231377152750406,0.9068114476127761
262,0.8303211816105167,0.7084210686662054
263,-0.1329927482038873,0.991195453504678
264,0.3262515334134173,0.9481713619353791
265,-0.9516491788031991,0.6358337941430476
266,0.23483814281976745,0.9728022287931118
267,0.09678389298814905,0.9953273897978453
268,-0.87268400039978,0.6833222724708093
269,0.7501872771564269,0.7547335730386033
270,-0.7546863151749339,0.7521829371305729
271,0.1319674960117012,0.9913300923015329
272,0.20854573348568484,0.9784890708701286
273,0.42868250600336966,0.912210644731773
274,-0.11005517178213586,0.9939622306137068
275,0.6163985780989645,0.8269809630241642
276,0.2142644872751449,0.9773068180435791
277,-0.14688758110078437,0.9892700008347315
278,0.9493698386345419,0.6372128433362193
279,-0.9273189482175406,0.650534975181956
280,0.6005220045785122,0.8350085296852857
281,0.005936837093700964,0.9999823771379459
282,-0.7486482944939696,0.7556045403614651
283,-0.5606320716069522,0.8545723079176819
284,-0.39894759725688855,0.923504512845526
285,0.7227005255125063,0.7701669073837587
286,0.6781407531411521,0.7945833096549041
287,-0.7113138256581206,0.7764805544372282
288,-0.09476403574753078,0.9955199542431992
289,-0.8501640518804989,0.6967076075813352
290,0.7545708547991821,0.752248477459425
291,0.10143685577809758,0.9948684935398211
292,0.23839024455981983,0.9719849537227203
293,-0.8866800485853545,0.6749607389770549
294,0.6581111150598065,0.8052881463112266
295,0.756684099669557,0.7510482261659782
296,0.353625550009129,0.9393890941737936
297,-0.24007665267192646,0.9715928901244442
298,0.9143965770317548,0.6583223657699838
299,0.7887226130556111,0.7326833368649337
300,0.6197754948089813,0.8252566649654105
301,-0.4406476376237223,0.9074787126332631
302,0.8248688099390515,0.7116249394448123
303,-0.9193090047222676,0.6553639668598042
304,0.7148039891538034,0.7745505359691659
305,0.5696517221506887,0.8502273095281568
306,-0.7813032131928814,0.7369631740029503
307,0.4403617507815285,0.9075930027039468
308,-0.10759018124835662,0.9942288936326137
309,-0.742741772890599,0.7589399130985643
310,-0.5711531527840885,0.8494994698293801
311,0.43766091837717,0.908669770365078
312,-0.572386063366036,0.8489008340195161
313,0.5462613081534011,0.8613962080991823
314,-0.7813814479067531,0.7369181262258776
315,0.2512432209406421,0.9689312897324717
316,0.28020285369103637,0.9615037444200109
317,0.3272859974419957,0.9478509052291837
318,-0.003116053917191719,0.9999951451157776
319,-0.31196645738309026,0.9525034639775298
320,-0.8354255029391047,0.7054157839951267
321,-0.06124903113086844,0.9981260361597148
322,0.5931876922133226,0.8386718083240314
323,-0.7806925557718232,0.7373147318935166
324,-0.2102397772207767,0.9781420423046802
325,-0.2713208264194824,0.9638616652715385
326,-0.3668776802285487,0.9349150437464506
327,-0.543017787694184,0.862919252024367
328,0.5545310301833684,0.8574843663945331
329,-0.1944581599352484,0.9812706279589585
330,0.7129633056384899,0.7755689905963481
331,-0.10104946474433696,0.9949075137362935
332,-0.7884827257714611,0.7328219558978978
333,0.5588737040007832,0.8554138359310729
334,0.35185459142937847,0.9399761026491057
335,-0.45015689524013336,0.9036432647008853
336,-0.6816286111925243,0.7927013137752218
337,-0.6991577281224366,0.7831658715263436
338,0.9990886804277037,0.6070834028209741
339,0.5365811889409486,0.8659226560206836
340,-0.7007812962033784,0.7822763496580479
341,0.004857945363386795,0.9999882002530407
342,0.15208975522009238,0.9885009781706705
343,0.17393679727114342,0.9849868336792599
344,0.9578508710357707,0.6320801042904698
345,0.6617852320377557,0.8033379079231351
346,0.3728572379211945,0.932849629499123
347,0.7834199721929356,0.7357437207339615
348,-0.6259351377923958,0.8220965788071042
349,0.24103065839021576,0.9713699452794776
350,0.2536315391966881,0.9683472963422555
351,-0.20974250082706036,0.9782441887867419
352,0.4952731363598246,0.8845752083249461
353,0.7122421162243431,0.7759676746372508
354,0.31209545768593916,0.9524651244958856
355,0.12188986422146453,0.9925989541265507
356,0.3061688964248859,0.9542117265518048
357,0.8908247481131666,0.6724790193903031
358,0.6582689444911729,0.8052044959077368
359,-0.08814987552903153,0.9961223373478196
360,-0.39010325132085466,0.9267325435360326
361,-0.5415507941734166,0.8636060011829125
362,0.4711905743714644,0.8949295501798988
363,0.7289708533340533,0.7666696668137863
364,0.3510327419680077,0.9402476387201394
365,-0.6074428379062704,0.8315254273988046
366,-0.3517355970580318,0.9400154524102579
367,-0.09803681259329111,0.9952059201494141
368,0.3360230891887739,0.9451082968303429
369,-0.12356649952524301,0.9923947276528441
370,0.5065494609093613,0.8795928243648368
371,0.9612057433000749,0.6300486499239494
372,0.06262803909516124,0.9980407861295584
373,-0.7552816361989323,0.7518449385809862
374,-0.24250601092309054,0.9710235256961934
375,0.19307831538121945,0.9815330254103894
376,0.474144401527997,0.8936809410181646
377,-0.05075329668691464,0.9987128804874918
378,-0.5496039368916863,0.8598199744147952
379,-0.10557361898588002,0.9944426052575095
380,-0.6080263985456524,0.8312305791910424
381,-0.6764387385458384,0.7954997992966107
382,0.8825933325951143,0.6774053130233411
383,-0.5158666318713847,0.8754132740413596
384,-0.22155083298642597,0.9757563298307234
385,0.3816412914406999,0.9297634893856739
386,-0.08634479266746564,0.9962792276812941
387,0.36545103916219634,0.9354035570317518
388,0.3175483654891629,0.9508314351881627
389,-0.5485400908210276,0.860322366142897
390,-0.10513165070015074,0.994488910092632
391,-0.063433707968092,0.9979901048964027
392,0.811944903083349,0.7191917529831945
393,-0.9382622182549931,0.6439282352062417
394,0.21493008209875475,0.9771672345477171
395,-0.12486324355119804,0.9922348906518781
396,0.254651349693896,0.9680963563743563
397,-0.846237851706884,0.6990316555731628
398,0.3758813414539377,0.9317941186580085
399,-0.3878072264240282,0.9275605325425442
400,0.5577520401006262,0.8559496975442529
401,-0.42935107493756286,0.9119490353371646
402,-0.15560186162978984,0.9879670127748849
403,0.45004074386222537,0.9036905080424973
404,-0.0710982875165096,0.997475708152584
405,0.8631304301966756,0.689011670520519
406,0.3674074922206212,0.9347332049881859
407,0.6918007290037003,0.7871833185578397
408,0.016430525621901504,0.9998650280234309
409,-0.4838522063942201,0.8895349518635214
410,-0.8716863413008111,0.6839171196489184
411,-0.0460563321898495,0.9989399693624411
412,-0.48973422302265224,0.8869915665086281
413,0.254542242338311,0.9681232488993871
414,-0.10668455476260363,0.99432536480085
415,0.6404897442292101,0.8145548133844901
416,0.2904118190865086,0.9587072540948616
417,0.399535001886246,0.9232879614813356
418,-0.8415557495247226,0.7017991410351972
419,0.1905676607486031,0.9820058468120904
420,-0.8534449667362782,0.6947632384038102
421,-0.6831014441252328,0.791905041475382
422,0.374160093931053,0.9323957891748267
423,-0.4448910665963821,0.9057752876596527
424,0.2144836475288865,0.9772609030244916
425,0.24221759912041319,0.9710914026178497
426,-0.9342243009542031,0.6463671957276887
427,0.34752673320387006,0.9413997504061034
428,-0.8232200422131317,0.7125924513682086
429,-0.04047112720479573,0.9991813791843823
430,-0.09432589029981031,0.9955611939591035
431,0.6651880185784611,0.8015262550872567
432,-0.5142138906145606,0.8761587678321983
433,0.2839790202285337,0.9604800744502895
434,-0.14497813065195264,0.9895457008712466
435,-0.1853846695839223,0.9829630605140776
436,-0.5919932603328877,0.8392656378760108
437,-0.8635292198648714,0.6887744935803554
438,-0.9278956946421686,0.6501870358204427
439,-0.8879710038780728,0.6741880157417509
440,0.039194930773623904,0.9992321736304718
441,0.961930899617059,0.6296094781074557
442,-0.07097924753669727,0.9974841432951455
443,0.13588669375095086,0.9908098927887395
444,0.27496926516553755,0.9629016045230702
445,0.8122754620959387,0.7189987116246984
446,-0.06479335337248249,0.997903112226678
447,-0.12382250125752337,0.9923633029726227
448,-0.8692833811408727,0.685349193988365
449,0.18582943837505939,0.9828819180756052
450,-0.05100630157489516,0.998700024301241
451,-0.20179998388667975,0.9798442811307297
452,0.5994111569798823,0.8355652245087266
453,-0.03952901275075171,0.9992190336885309
454,0.22291034659857578,0.9754615734790726
455,-0.41213114208019497,0.9185802208757459
456,-0.7776771295802103,0.7390491444673448
457,0.2873065876158567,0.9595675760216
458,-0.04019228365660221,0.999192616277014
459,-0.8724927448947479,0.6834363198165841
460,0.9518955395202358,0.6356847217446984
461,-0.43593047157753184,0.9093568495993741
462,0.4277408185939031,0.9125785601231223
463,0.4714761264904892,0.8948091095049087
464,0.09330193061645287,0.9956568338156532
465,-0.42158649768125156,0.9149667185719248
466,-0.09034658947601648,0.9959270638800859
467,0.6538955739228314,0.807518179522706
468,-0.83582289158205,0.7051815771812809
469,-0.8456634350159864,0.6993714172889928
470,0.761544944058038,0.7482820118217675
471,-0.8078167419379159,0.7216002640739906
472,-0.2798952308767295,0.9615865810304666
473,-0.02241397378791188,0.9997488384358653
474,-0.9779782188668098,0.6198853742428373
475,-0.40625314868569773,0.9207922755939991
476,0.17600241539783057,0.9846309036772843
477,0.23000861711083487,0.9738948072203023
478,-0.07573343658452791,0.9971363314351556
479,-0.6188027804983938,0.8257539422513589
480,0.6477300447358734,0.8107649409369766
481,0.20373326641076916,0.979460252379467
482,-0.8933640159030898,0.6709573992639282
483,-0.4934113200190273,0.8853897235075008
484,0.3013771439518498,0.9556016934032465
485,-0.08145259793963877,0.9966882331819216
486,0.47208151521416486,0.8945535799451437
487,0.41117999001011873,0.9189399586682636
488,-0.18749411974632668,0.9825765522776996
489,-0.5553338227622893,0.8571024459315398
490,0.42878843112981113,0.9121692186670981
491,0.642039855542029,0.8137455222773824
492,0.9866370054549132,0.6146352415715699
493,-0.7363662500087018,0.7625267973321537
494,0.4968515300938361,0.8838828732218423
495,0.9714969751808877,0.6238139036686129
496,0.3131681402741058,0.9521457644043666
497,0.618144115772165,0.8260903953891505
498,0.8843097320779794,0.6763789039769663
499,-0.08387721651564539,0.9964884861109853
500,0.11289360554973471,0.9936477781224209
501,-0.005884111489673272,0.9999826887658297
502,-0.855133809353692,0.6937615843145246
503,-0.5860832920052279,0.8421923786891513
504,0.5538895925587186,0.8577892488541713
505,0.8864836582898057,0.6750782707216174
506,0.6294866751567825,0.8202658884299733
507,0.13205128846898706,0.9913191268720609
508,0.7171528856702911,0.773249023157252
509,-0.3156601535540431,0.9514000273176199
510,-0.11157106517830284,0.9937952779917919
511,0.680273959173626,0.7934328800794066
512,-0.8694886153692596,0.6852269195726642
513,0.22372435298841054,0.9752842684833818
514,0.17599165176437426,0.9846327689318924
515,0.8280320572777109,0.7097669913978482
516,-0.5579129973887571,0.8558728476596021
517,-0.8766997789417543,0.6809262664249496
518,-0.8162927042627104,0.7166505827059497
519,-0.9480169240528564,0.6380312318163294
520,0.9857689519493229,0.6151616419237671
521,-0.4793465904574421,0.8914672511594481
522,0.22720691317534336,0.97451877815001
523,0.6228709625714735,0.8236709857012322
524,-0.8703356709339134,0.6847221865601221
525,-0.657928710015949,0.8053848077487128
526,-0.1497658076959374,0.9888477539649465
527,-0.5278173684237892,0.8699708382006351
528,0.1370633420455969,0.9906507982418356
529,-0.9222301145516913,0.6536036231392434
530,0.6132063023717973,0.8286056052531818
531,-0.19380498622222198,0.9813950625733533
532,0.7148514662662866,0.7745242497528725
533,0.7106891002642799,0.7768255286991175
534,0.8949767965469135,0.6699905084575847
535,0.03167362871183643,0.9994985164070639
536,0.5629902372040885,0.8534408827944654
537,0.31759726266757027,0.9508166703981097
538,-0.7659608615828268,0.7457625546942644
539,0.5921556094598701,0.8391849692172443
540,-0.026335750732528584,0.9996532742399513
541,0.6675728286000557,0.8002534886091515
542,-0.9433986062202937,0.640823977979124
543,0.1201384500597018,0.9928093537096262
544,0.07367906218187081,0.9972893782853031
545,-0.9690274440292215,0.6253104118119012
546,-0.6758100124430124,0.7958380357960746
547,-0.19284818002155224,0.9815766139693805
548,0.9983964770422493,0.6075032447161297
549,0.33418372165445587,0.945691020669605
550,0.1677531065073692,0.9860279751968067
551,-0.028349446245576893,0.9995982351778941
552,-0.6094871414829921,0.8304917466252202
553,0.9534823285709637,0.634724472740067
554,0.4088064350014542,0.9198346524869394
555,-0.907365533017098,0.6625520850599181
556,-0.056823061119575025,0.9983868723538136
557,-0.8614161354636463,0.690030914191373
558,0.7544212750181265,0.7523333790245869
559,0.17705290608720614,0.9844483299975001
560,-0.7442037748104804,0.7581154249892795
561,-0.2955652763837566,0.9572607904918458
562,0.5479015234099245,0.8606235970289955
563,-0.23091257491984662,0.9736919401044136
564,0.4562459458070782,0.9011530386924982
565,-0.9896162842090634,0.6128284747627645
566,0.752126876523092,0.7536347692878982
567,-0.38230229172039754,0.9295287691146361
568,0.2899753344874294,0.9588286964661933
569,0.8567324488791166,0.6928129397215147
570,-0.2090485817483252,0.9783863414783956
571,-0.5749713577442419,0.8476427383195507
572,-0.746632828356953,0.7567439769675957
573,0.610488005041435,0.8299848742524849
574,0.3323248942909691,0.9462770220191122
575,-0.4124509064375912,0.9184591269396764
576,-0.9629956767216308,0.6289645792331048
577,0.9208053138020085,0.6544623546806521
578,-0.6582761937817023,0.805200653473722
579,0.37711986983270585,0.9313597181215107
580,0.1757484894077972,0.9846748776337482
581,0.02173052560025024,0.9997639199998384
582,-0.6016086844458897,0.8344633089097044
583,-0.13515153475570085,0.9909086102091615
584,0.8545938428037978,0.694081897106849
585,0.8151690918574572,0.7173077409209286
586,-0.2515168380380446,0.9688646471145016
587,-0.3557773035458387,0.9386723977258294
588,-0.5600400634456639,0.854855836680046
589,0.45594850397216735,0.9012752995653251
590,0.7744184341351967,0.740920493573958
591,-0.6752887105010972,0.7961183516081785
592,0.3159074248342195,0.9513257408491377
593,0.17413706761792946,0.9849525031161922
594,0.8060422069870363,0.7226342813519354
595,0.40760628229506457,0.9202853990539566
596,-0.17818719947391437,0.9842500099705627
597,0.35556710383035517,0.9387425775589939
598,0.685827370332661,0.7904288830081727
599,-0.08111002021448988,0.996715986517582
600,0.9667293252530638,0.6267028374529582
601,-0.21173897601545555,0.9778326902148059
602,0.2469023782465054,0.9699794510516963
603,-0.9510416308544276,0.6362014046407902
604,0.8557341974935071,0.6934053651001373
605,-0.2884162309657752,0.959261116537189
606,0.26667697745536056,0.9650664642423628
607,-0.11061256935870833,0.9939011039830983
608,-0.3810037933940622,0.9299895352752646
609,0.2989356236642382,0.9563022512082794
610,0.15635210334889704,0.9878514072050935
611,0.12650552158660977,0.9920301058725309
612,-0.05429788231095389,0.99852695598422
613,0.9590894624501756,0.6313301737784826
614,0.7119265593752473,0.77614205656277
615,0.6171708294528944,0.8265871551827587
616,-0.7167377102305199,0.7734792212348177
617,0.5920861420933441,0.8392194881878909
618,-0.8649708539209502,0.6879168615875654
619,0.9046835431938256,0.6641640102198445
620,-0.8891075671906128,0.6735075096435872
621,0.05629915328152002,0.9984164577980519
622,-0.5741964493373684,0.8480202351957276
623,0.5489339930741659,0.8601364286284661
624,0.9641934275071233,0.628239080943068
625,0.2455345570815859,0.9703061784924983
626,-0.4509868298636235,0.9033054148219911
627,-0.3530223486383386,0.9395893232715253
628,-0.7671648610989854,0.7450745771522683
629,-0.32313602720678736,0.9491310036230387
630,-0.36972661637204673,0.9339345805659633
631,-0.13508642822456407,0.9909173273975588
632,0.6964563706357001,0.7846435520849909
633,0.4677683038478633,0.8963685763640601
634,0.16515095571191973,0.9864551492379291
635,-0.975965239773817,0.6211056550129852
636,0.2844385698491063,0.9603546362183375
637,-0.4555275830223595,0.9014482075106733
638,-0.5844672097214003,0.8429893456942481
639,-0.29300632918647707,0.9579819385552067
640,-0.7143000773043628,0.7748294795552179
641,0.4741119395125415,0.893694695906793
642,0.9250834402638157,0.6518833228684529
643,0.09642767810114328,0.9953616420103546
644,0.37349805927159285,0.9326265743195526
645,-0.5671549712133468,0.8514347760598375
646,-0.1154089014496722,0.9933625187734055
647,0.7064945241922294,0.7791378770919831
648,-0.6894685402669991,0.7884522487584729
649,0.9041710129551952,0.6644719523756207
650,-0.19223679933537197,0.9816921687887732
651,-0.9878077796711149,0.613925247622793
652,-0.062364889680350366,0.9980571999515084
653,0.9999248520678843,0.6065762392373898
654,-0.8212204688199805,0.7137649809185419
655,0.710465134871487,0.7769491661896831
656,0.16768509474072446,0.9860392227561867
657,-0.3168595604575686,0.9510392066486311
658,0.8218177008399692,0.7134148669474831
659,0.5334962817084012,0.8673530803785031
660,-0.985690656500507,0.6152091207979566
661,-0.7644033673014603,0.7466518595400793
662,0.45297704949132345,0.902493217821166
663,-0.2859562622486762,0.9599390443934958
664,0.03941941715012387,0.9992233565195618
665,0.07169723837399622,0.9974330532614822
666,0.020791221273642524,0.9997838859149892
667,-0.01035619818687028,0.9999463760173742
668,-0.28483029257160997,0.9602475647830732
669,0.28295080881065315,0.9607600585612561
670,0.0784279206468137,0.996929255042925
671,-0.4496650416954331,0.9038432543212831
672,-0.5025584052069669,0.881365847515346
673,0.5120134982549085,0.8771485548170332
674,-0.05393012535502706,0.9985468276685169
675,0.2765197514648934,0.962490015408942
676,0.9367280419833572,0.6448550524535587
677,-0.9768098816950594,0.6205936416624254
678,-0.02591191607370713,0.9996643426482323
679,0.7198442787160999,0.771755188338122
680,-0.7320290513179375,0.7649588281721552
681,0.9604446884600861,0.630509535616385
682,0.14346119118114675,0.9897622099364924
683,0.38448529119910524,0.9287511269235859
684,-0.7027600559177565,0.7811908068009751
685,0.2235341034956171,0.9753257631739456
686,-0.5475169854143995,0.8608048763734887
687,-0.47476041325289,0.8934197846228978
688,-0.6205693495865943,0.8248504689579103
689,-0.17394822602409388,0.9849848755805768
690,0.7178384551610932,0.772868760798042
691,0.9815879567596777,0.6176968607654442
692,-0.08922612736699143,0.9960272613861804
693,-0.44058855911203576,0.9075023355748815
694,-0.13313970317675206,0.991176071121251
695,-0.17010875861534447,0.9856356708144717
696,-0.4933491950986979,0.8854168621890479
697,0.5864262880632285,0.8420230450756695
698,0.4191579167329156,0.9159012923296351
699,-0.7031935193148826,0.7809528027371015
