,data,labels
0,-0.18305732030295796,0.9833845929431573
1,-0.22858633931666383,0.9742124701794156
2,-0.23722254923098052,0.9722548972496404
3,0.25483425499568546,0.9680512501283408
4,0.9034387448633472,0.6649118637261113
5,-0.2686060028691417,0.9645683413430004
6,-0.48352674152518826,0.8896749969756044
7,0.056183698233054136,0.9984229408931329
8,-0.2047353598989916,0.9792598147191222
9,-0.251760326532968,0.9688052855307393
10,0.15711679089243424,0.987733017464381
11,0.5815686829708069,0.8444151119413214
12,0.15726486717903665,0.9877100270268551
13,-0.938818836428932,0.6435919293368663
14,0.5338905905077291,0.8671705737846741
15,-0.37889623963114505,0.9307345366721532
16,-0.32959272463973543,0.947133066378677
17,-0.8217323914066312,0.7134648827665484
18,-0.10891005152767774,0.9940868522219
19,0.9138915982300089,0.6586263329233223
20,0.393551297439352,0.9254813375829184
21,0.9804645918868833,0.6183779691113828
22,-0.13852552020218956,0.9904512220177691
23,-0.18803084647185986,0.9824775360096126
24,0.4301668066089115,0.911629391238631
25,-0.21561961913063876,0.977022194626595
26,0.5620840594544665,0.8538760425681083
27,-0.37787164070909696,0.9310954447548219
28,0.39672736519647933,0.9243205969272609
29,0.15330767547291613,0.9883171589350296
30,-0.6108366024220118,0.8298082097948145
31,-0.5970573569704407,0.8367426325611748
32,-0.21100622852717188,0.9779841513535144
33,0.282942195596513,0.960762400012093
34,0.6522034990690448,0.808410987325012
35,0.6477965134695833,0.8107300333891974
36,0.7470277399760021,0.7565208218951651
37,-0.5782741116448515,0.8460299872354472
38,-0.19078694502935734,0.9819647875164367
39,-0.3062645927292884,0.9541837649215977
40,0.5286776867905063,0.869575560165925
41,-0.9073189960498471,0.6625800618840415
42,-0.5298833839373733,0.8690208157802206
43,-0.7082114023727255,0.7781922360978819
44,-0.4047423194360271,0.9213565606158448
45,-0.6190189969789781,0.8256434482973259
46,-0.7085579438691827,0.7780012252682507
47,0.7120932128125845,0.7760499658678233
48,-0.723264188674398,0.7698531140470782
49,-0.21904729161971792,0.9762946350192945
50,-0.6608181444301586,0.8038518362922057
51,-0.8527417428589479,0.6951801627676418
52,-0.8436847828229925,0.7005412654438816
53,-0.5715630089161763,0.8493005619102444
54,-0.15583513312558894,0.9879311258343652
55,-0.07286839454579641,0.9973486196722678
56,-0.9043405099832302,0.6643701174513641
57,0.020191582604600855,0.9997961707719611
58,-0.532400898733852,0.8678595740255548
59,-0.2174847375011233,0.9766276594924331
60,-0.41949698684501424,0.915771077453344
61,-0.888095250975341,0.6741136329476859
62,-0.9200265566795971,0.6549316286747872
63,-0.6425721339843111,0.8134673619255138
64,-0.9938646032600156,0.6102519191797523
65,0.1885393288651973,0.9823834784548006
66,0.684628001464376,0.7910787566872479
67,-0.792744197824147,0.7303571034868537
68,0.840648909554585,0.7023346391677444
69,0.30883702384183165,0.9534291578620634
70,0.19976990400389316,0.9802437563536156
71,-0.45747880796432594,0.9006456086613698
72,0.874743725794773,0.6820936642840978
73,-0.8342178472693305,0.7061273266753796
74,-0.14537711578198653,0.9894883843701987
75,0.688044651474873,0.7892258732586583
76,-0.9796650588653879,0.6188627163936528
77,-0.7323968517648562,0.7647528461857627
78,-0.34250836249781647,0.9430311262638856
79,-0.22537496482430308,0.9749228518869064
80,-0.0791472903371917,0.9968727532706463
81,0.201516918993919,0.9799002146176856
82,-0.19345549287953645,0.9814614782580009
83,0.18380058946408706,0.9832505302929686
84,-0.5628002272026982,0.8535321680635048
85,0.5768579836464565,0.8467222445283781
86,0.43316192306895074,0.9104515208223118
87,-0.6153247444889507,0.8275280536694711
88,-0.7337211702754891,0.7640107816138202
89,-0.5541343419481579,0.8576729455861333
90,-0.6342792055267572,0.8177856197429495
91,-0.8465727919024071,0.6988335115671018
92,-0.4904273611614578,0.886690312242075
93,0.16999253422720617,0.9856551511422423
94,-0.027509698964743645,0.999621679812571
95,0.686030332798266,0.7903188488889062
96,-0.18537198430776902,0.9829653720284199
97,-0.8817757640694222,0.6778940653471129
98,0.9916188952352329,0.6116139374423871
99,-0.8628911589711785,0.6891539617461704
100,-0.42923784178615376,0.9119933665895597
101,0.9026928866177242,0.6653598720157443
102,0.9451051157260135,0.6397922018970336
103,0.1554553603046651,0.9879895240055562
104,-0.9292149273734018,0.6493910569706653
105,-0.18272462827668567,0.9834444301452144
106,-0.20579341294756315,0.9790471615682972
107,0.29074179202976036,0.9586153352689031
108,-0.4848463224124029,0.8891067444506704
109,-0.6155738512143512,0.8274011929506412
110,0.903284314730433,0.6650046295514486
111,-0.5832237435551451,0.8436015715053332
112,-0.47476676623379466,0.8934170899263527
113,0.23477022518557544,0.972817742529257
114,0.9766078482760545,0.6207161141431109
115,-0.5336023235508611,0.8673040081861583
116,0.3727036718152903,0.9329030333506654
117,-0.4049336119216689,0.9212852112593453
118,-0.5562512098904442,0.8566655405865177
119,-0.3885140555069333,0.927306078946884
120,0.8295350952783263,0.7088833899388146
121,-0.45435352315947886,0.9019298243480262
122,0.044670407420053904,0.9990027749102166
123,-0.8603066757318527,0.69069027137447
124,0.1516372511712909,0.9885689091552176
125,-0.2773023997254236,0.9622814433522411
126,-0.9674312890802537,0.6262775412252091
127,0.40883447063859935,0.9198241098239716
128,-0.36153391179842376,0.9367363765861692
129,0.5965629444660148,0.8369895669752623
130,-0.2734924612373322,0.9632916444122388
131,0.7133478598601168,0.775356322298275
132,0.6506839137434839,0.8092116492350264
133,0.3227047734779316,0.9492631894054151
134,0.39183654868307216,0.9261047401290154
135,0.13101651746543896,0.9914540619917972
136,0.9794726405889806,0.6189793749333015
137,-0.808861791104245,0.7209909465629476
138,-0.1963771102751357,0.9809027236608275
139,-0.37574471060549053,0.9318419653271083
140,-0.6947475195377757,0.7855767968531587
141,0.6883652347851443,0.7890517679139485
142,0.2909546039966191,0.9585560026723295
143,0.49434202705871044,0.8849828436589118
144,-0.8345840765035069,0.7059115798226563
145,-0.12251862986740458,0.9925226879046463
146,0.41280757367637966,0.9183239660330069
147,-0.9135454084759254,0.6588347025484004
148,-0.04888917122060299,0.9988056382870601
149,0.025724283530773606,0.9996691853496515
150,-0.9684192136109111,0.6256789576451386
151,-0.9288100626692897,0.6496353547124334
152,0.9789942624234269,0.6192693999719912
153,0.7260318666118155,0.7683106498186462
154,0.3852002557223808,0.9284956171979435
155,-0.36411100408937536,0.935860912175452
156,0.939512451708955,0.6431728174368617
157,-0.9893023210772007,0.6130188817951497
158,-0.8267097282524014,0.7105439415572691
159,-0.9497993861049177,0.6369529825277158
160,0.9991070580728876,0.6070722562247913
161,0.9435170455515258,0.6407523746974692
162,-0.9737049355021665,0.6224757229314721
163,-0.6214563672553342,0.8243962257114871
164,-0.3038473864452187,0.9548876235269482
165,-0.047509520097249514,0.998872059353861
166,0.6261517286523042,0.8219851139439839
167,-0.8701424952932435,0.6848373041928734
168,-0.11245950282717021,0.9936963818025418
169,-0.848977127240226,0.6974105053305847
170,-0.7593624418780307,0.7495249605434358
171,0.9876428006518279,0.6140252973182363
172,-0.4730954215330334,0.8941250479392552
173,0.8773664409514053,0.6805282556521053
174,-0.6181742372573673,0.8260750138345264
175,0.368163284555608,0.9344734138897582
176,0.5195525111151911,0.8737443901332785
177,-0.40425776551182135,0.9215371661197889
178,0.2794242872501751,0.9617132341515711
179,0.0675883263088235,0.9977185156241558
180,-0.9725737189896375,0.6231613409814671
181,-0.5617496874977925,0.8540364917654867
182,-0.2797426306805839,0.9616276420615775
183,0.15764255937988758,0.987651290606759
184,-0.686160444599331,0.7902483009801584
185,-0.674794397162481,0.7963840463334659
186,-0.36633784289687665,0.9351000897430172
187,0.603864713855202,0.8333293837378947
188,0.008025767111436322,0.9999677940497592
189,-0.732639561880754,0.7646168931851671
190,-0.027375261515252935,0.9996253677206896
191,0.25443593876976833,0.9681494399872548
192,-0.842426111211189,0.7012850253108442
193,0.47627262422069694,0.8927775740956477
194,-0.9862394140056099,0.6148763484208587
195,-0.38283328324303145,0.9293399635839011
196,0.3863256456953619,0.9280926133927003
197,0.07815906091060398,0.9969502405919936
198,0.01732204875784138,0.999849984566856
199,0.3327379403151496,0.946147059057662
200,-0.05170459914333758,0.9986642101762354
201,-0.5846005360202029,0.8429236509435691
202,0.9074475492253333,0.6625027784143771
203,0.3122101146023879,0.9524310359258092
204,0.048346050870655244,0.9988320123118126
205,-0.7501428615709049,0.7547587204411583
206,0.4997890250585466,0.8825899802187568
207,0.24042114090938882,0.9715124815882388
208,0.1611528506843538,0.9870988223079283
209,-0.26893135429413095,0.9644839990537274
210,-0.3690961187136521,0.9341521314072264
211,0.37947118878930275,0.9305316480893644
212,-0.6433447532657504,0.8130633625321799
213,-0.914316910461151,0.6583703221312082
214,0.7075837224863348,0.7785380894679843
215,0.9159627689608059,0.6573794373037565
216,-0.6183134500236747,0.826003918735899
217,0.4313919576957539,0.9111483876921491
218,-0.4899978647522345,0.8868770197155121
219,0.5200800497523834,0.8735048220240147
220,-0.7686716352104108,0.7442129653280068
221,-0.49782879780991385,0.8834533800464512
222,0.5984709332017157,0.8360358960639793
223,0.9307693922281364,0.648452949446529
224,0.578350682919599,0.8459925240656563
225,0.015471121606223326,0.9998803293592252
226,0.5220270676497714,0.8726191002128448
227,-0.24105525021410168,0.9713641873206332
228,0.32094720459567005,0.9498002743005967
229,-0.11810057568239118,0.9930503880334501
230,0.05132413527986723,0.9986837835426019
231,0.7257511810953576,0.7684672069394071
232,-0.11598445508712918,0.993296373319224
233,-0.1645296253852846,0.9865561874162955
234,0.25126053972640583,0.968927073555843
235,0.4768154995995355,0.8925466388053
236,0.005166171371503214,0.9999866554257197
237,0.5018100065703219,0.8816971570000552
238,0.18480049445791402,0.9830693505984478
239,0.0036616667487452403,0.9999932961207817
240,-0.5032774934428568,0.8810471658996007
241,0.4739515428967964,0.893762648856702
242,0.5886305335993913,0.8409332831447504
243,-0.6834522323582897,0.7917152560848482
244,0.943585032114193,0.6407112725251107
245,0.6643486584391647,0.801973615540804
246,-0.6571624494015471,0.8057907041620397
247,0.4124176017147865,0.9184717429887044
248,0.4780280394297831,0.892030099407957
249,0.47182821947287956,0.894660524991824
250,-0.4363589889857524,0.9091869106776933
251,0.4982063890811599,0.8832872648229271
252,-0.5582776000804226,0.8556987097614094
253,0.12836089577825294,0.9917955816842615
254,-0.015646174487304654,0.9998776061027007
255,0.6491688515981846,0.8100088552705342
256,0.03288357493924865,0.9994594813824561
257,0.20239782798640538,0.9797258999313121
258,0.2566809160928001,0.9675941498143689
259,-0.821148594628571,0.7138071099800996
260,0.565952597753099,0.8520149788889901
261,-0.5307828469233031,0.8686063786634474
262,0.29136161578386366,0.9584424159319679
263,0.3364198316296907,0.9449822341022865
264,-0.4484042211411734,0.9043551119523029
265,0.4887708584980679,0.8874097294881761
266,0.9319328885066027,0.6477506511184897
267,-0.12766504171637694,0.9918839331275795
268,-0.2310864349366082,0.973652835885058
269,-0.774642251106425,0.740792063889559
270,0.10167553511761218,0.994844378850893
271,-0.4306637236051878,0.9114344321918579
272,-0.47148123626005534,0.8948069537804504
273,0.6722927161993439,0.7977270775386658
274,-0.023347920956175994,0.999727474435352
275,-0.2991078033932799,0.956253016797573
276,0.023002518194220833,0.9997354770707233
277,-0.2707886864952247,0.9640007017967737
278,-0.9163640078300197,0.6571378287950571
279,0.9124739133521262,0.659479546287866
280,-0.7731450175147849,0.7416509167975531
281,0.8517915891176548,0.695743336785696
282,0.19928177164898653,0.9803392318603549
283,0.5837394004879903,0.8433477899511524
284,-0.0007782796122692837,0.9999996971404684
285,0.24341348334026147,0.9708094587385918
286,0.9617857372314633,0.6296973938763963
287,-0.28971772775383653,0.9589002914433911
288,0.3818077623817271,0.9297044084738626
289,0.45095371101397475,0.9033189063460758
290,-0.8446984249231224,0.6999420629812252
291,0.05187287324450973,0.9986555071521354
292,-0.6482474718518858,0.8104931475961125
293,0.5595960188777183,0.8550683667150184
294,-0.6540358415278873,0.8074441091129774
295,0.8367770466914513,0.7046190950174988
296,0.6482354459697652,0.810499465962209
297,0.7887398515334765,0.7326733749846986
298,0.2666792075119313,0.9650658903105274
299,-0.6395417859239716,0.815049160465048
