,data,labels
0,2.2074585141241885,-0.9125280007837658
1,-1.6052702844140132,-0.724301208131002
2,-1.9063230257823967,-0.8374929249375158
3,-0.4200828653529065,-0.08445412498945837
4,-2.704766552238751,-0.9742129035833366
5,2.5730610280811685,-0.9634955652989466
6,0.29572654182861147,-0.04278484819188999
7,0.030643750838071693,-0.00046940952557206206
8,-0.8842934052195401,-0.32361133048419843
9,1.234632493046706,-0.5333420339705746
10,1.7334229983031992,-0.7773997340779932
11,-0.8356724888362823,-0.29472977680656476
12,-2.4435616067167953,-0.9494855913154171
13,0.6857084992512692,-0.20950668020277585
14,-2.6543075856308453,-0.9704796191989566
15,-0.03784423090655764,-0.0007158365731189109
16,2.2188504961165023,-0.9147057948781911
17,2.5403411723494065,-0.9603104216555731
18,-0.7166941935103259,-0.22649665424689536
19,-2.1325537741928953,-0.89708921178645
20,-2.408589990118606,-0.9450126912430292
21,-1.7000381639591635,-0.7642692180258454
22,-2.012732838776863,-0.8680783034206634
23,-1.0421127692259917,-0.41899708904425925
24,2.4320800875906237,-0.948051725479711
25,-1.5344245063599702,-0.6918686983706879
26,0.11807445501055014,-0.006946548872842406
27,-0.22653818256056502,-0.025333359940119204
28,2.137161061224319,-0.8980964703320984
29,-0.23564199889113757,-0.027381709898533724
30,-1.3419088114939253,-0.5935765282854549
31,-2.8070649477289336,-0.9805480276985317
32,-1.469953256861973,-0.6605339336023777
33,1.8300791513872863,-0.8126159172661375
34,0.33401783288833053,-0.054256564309475896
35,0.40051571846045775,-0.0770741839629725
36,-1.5131108846532353,-0.6816972403060155
37,-2.456880368174823,-0.9511074659348211
38,1.6033119034116785,-0.7234336518911499
39,0.39963230657546234,-0.07674793651543077
40,2.4574227706885363,-0.9511725847984519
41,-1.6999988313070762,-0.7642534550687207
42,-1.9675855949978454,-0.8556762929710515
43,2.8824729793521504,-0.9843036211283381
44,-0.5346340505639895,-0.13317380030647064
45,-1.6317158643592151,-0.7358526878787138
46,-1.382602819003702,-0.6154937662516975
47,-1.6994544552859912,-0.7640352200977006
48,-1.4429146801093578,-0.6468990858192969
49,1.4312839165802531,-0.6409475586329643
50,1.2276856694889364,-0.5293337578449124
51,1.2496173024920756,-0.5419476047691514
52,0.7400336293930456,-0.2395347685302035
53,-2.389722318327205,-0.9424664129645118
54,-2.6272414071788424,-0.9682923945018328
55,-1.4519027069007722,-0.651462947730865
56,-0.6754052180716803,-0.20394428693490885
57,-1.3888388644984357,-0.6188021303563831
58,-1.8194927257854967,-0.8089608483714652
59,1.1448837262971683,-0.48075496252337535
60,1.9762542404988572,-0.8581223782390472
61,2.6533376691779917,-0.9704035362690916
62,0.71258634309067,-0.2242225942279742
63,-0.1399374144258787,-0.00974346185079955
64,-0.25959348541796556,-0.03313305517699472
65,-2.242432098612474,-0.9190764873290759
66,-0.4691141428774239,-0.10419635795185922
67,-0.7188818542441267,-0.2277103153675295
68,2.403419129668503,-0.944324314669355
69,0.11688020091574725,-0.00680721590443667
70,2.8578800084636704,-0.9831556345268099
71,-2.175275343590645,-0.9061362869752141
72,-1.2460945014752565,-0.5399295979631488
73,2.685230828855614,-0.9728188701544495
74,2.2610177210399387,-0.9223932264376948
75,1.4236037814838722,-0.6369896248072724
76,1.0944776834769687,-0.4506066996139303
77,-1.1506305770329954,-0.4841686264737609
78,1.7339363197937407,-0.77759774572977
79,-1.077967643198972,-0.44066523436255844
80,2.3137212310302173,-0.9312069782651795
81,-2.6104946483923204,-0.9668708312866077
82,1.63169246721014,-0.735842603274684
83,-2.901590087446639,-0.9851478778435352
84,2.957541904295649,-0.9873933024899817
85,-1.0571807709486316,-0.42811399031631614
86,1.9889628162256034,-0.8616524860462066
87,1.9103801147740551,-0.8387462538216094
88,-1.7188953848397193,-0.7717470127596237
89,2.7547238479685303,-0.9775002648124507
90,1.2375717637369634,-0.5350344374639326
91,-1.8655505401432628,-0.8245040667859832
92,2.6271112936440133,-0.9682815540002412
93,2.8873593068919092,-0.9845233351584849
94,0.15217214346872288,-0.011511411427695628
95,1.6911474952398864,-0.7606886667852193
96,1.117609919344364,-0.4644847791676524
97,2.407532091410623,-0.9448724333406937
98,1.9946765880260209,-0.8632180662040094
99,-2.3503399533352427,-0.9368377804255824
100,1.151956761255617,-0.4849556110522961
101,-0.9318152370576356,-0.3521783279817787
102,0.7302734829991753,-0.23405865094465306
103,0.9570155404675007,-0.36741417276191657
104,2.037017946402493,-0.8744085445329262
105,-1.721047156570584,-0.772590212471576
106,-1.5808897734097351,-0.7133823661769225
107,-0.8319129786417649,-0.2925155312597545
108,0.023909279190071686,-0.0002857859711017374
109,-1.5718480086291602,-0.7092679077680282
110,-1.456247255064395,-0.6536578202965188
111,2.1485378065073855,-0.9005507040352483
112,-1.3066253887590051,-0.5741358810838484
113,-0.6249421063587244,-0.17739267468495645
114,1.2644661198682723,-0.5504181201984615
115,-1.4812939730221986,-0.6661675028218323
116,-1.7742684011094663,-0.7927882744255611
117,-1.1812141267211733,-0.5022380889712624
118,-1.746683065701071,-0.7824770389552447
119,-1.6070065085718757,-0.7250689552980737
120,0.5494690102504931,-0.14011627005485772
121,-2.3195507371970683,-0.932129772156584
122,-2.4717529796176576,-0.9528669768942579
123,1.361085509229845,-0.6039745815243238
124,1.859882524879632,-0.8226413815407358
125,2.819013941870571,-0.9811910000364303
126,1.7995024714378092,-0.8019240175900435
127,-2.379592756856497,-0.9410597372784527
128,2.5153630662179394,-0.9577235750230929
129,-2.0276608345280067,-0.8719973394765919
130,-0.7323561774091756,-0.23522437229609372
131,-1.2743540695250075,-0.5560259424762313
132,2.067447075852197,-0.8820115694753846
133,-0.3886234761852858,-0.07273334691218059
134,-0.7953245126902555,-0.2711377630749211
135,-0.019974164886785495,-0.00019946373592560906
136,1.873390239101922,-0.8270573935205657
137,-0.9948776239978452,-0.3903624893996924
138,-0.8708327133288396,-0.3155740404468309
139,-0.36332174586994803,-0.06387039528190308
140,2.9228452858517775,-0.9860393452727234
141,-2.02999899885978,-0.8726031125786198
142,-2.831514764119617,-0.9818437046961731
143,-2.787123504725009,-0.9794322037512913
144,-1.9634795840135175,-0.8545068159403849
145,-1.1712200749851978,-0.4963522842645016
146,-1.264725497586993,-0.5505655624584482
147,-2.048913143336204,-0.8774238162903387
148,0.8852972815814661,-0.32421184916099677
149,0.73017055166537,-0.23400107854111274
150,1.2830765855495825,-0.560950344661427
151,2.544186743723187,-0.9606965545500826
152,2.178714577858809,-0.9068364386041112
153,-0.25001483975064787,-0.03077036141858669
154,-1.5656610975808807,-0.7064323981459442
155,-0.30040231382157234,-0.044117971862055017
156,-1.6724288804304754,-0.7530351302121379
157,-1.498867916855224,-0.6747959723016694
158,0.9849976024456026,-0.38437061141290074
159,-1.884049833195172,-0.830486360603206
160,0.8520571089509437,-0.3044140245144549
161,0.5878822604220977,-0.15869647632041295
162,2.6691682202919047,-0.9716245088508187
163,-0.7870619494103788,-0.26635737518216773
164,-0.09492354717593932,-0.004495106534399662
165,1.2821606723716492,-0.5604342604011665
166,-1.403731468925903,-0.6266470344415482
167,-2.3423863054864626,-0.9356479701839975
168,-1.5284543129246033,-0.6890385387677709
169,1.329708130831996,-0.5868984599689806
170,-1.6737111978368553,-0.7535644023762906
171,2.571551311471713,-0.9633535264075548
172,-1.6339285748383887,-0.7368053203514942
173,2.1688617524990814,-0.9048195438428102
174,0.005370915468986048,-1.4423262471252585e-05
175,0.6748243423943032,-0.20363204629360643
176,2.13652562066438,-0.8979580079729341
177,1.2330397808994569,-0.5324240813672211
178,-0.9217002722250651,-0.34607701598863827
179,2.463246734915784,-0.9518672393221383
180,-0.8905784230641167,-0.32737342110588774
181,1.0751673674732931,-0.43897647149215735
182,0.051335772537754565,-0.0013168130109023624
183,-0.7020686257085291,-0.21842969972655146
184,-0.6331558959659533,-0.18163202332740813
185,-2.0298492873750487,-0.8725643904041804
186,1.811427429778118,-0.806143031318323
187,-0.6295052988606655,-0.17974372793923643
188,-1.4856485149596892,-0.6683170562295213
189,0.9491226623121491,-0.36263762911022535
190,-2.716700046658511,-0.9750337301661112
191,1.628596568428816,-0.7345060939645489
192,2.5118840411339516,-0.957352248150506
193,2.971166525044855,-0.987892319307371
194,1.1372443645514148,-0.47620891785136377
195,0.6657081898316122,-0.1987511427877534
196,-0.7697438388031688,-0.2564005692648972
197,-1.543436211526907,-0.6961124871363307
198,1.0331022413113118,-0.4135395930513315
199,2.151024640942942,-0.9010809562196973
200,-0.408259088383474,-0.07995964118480747
201,-0.5023743668535832,-0.11855264609604554
202,-2.8769127653573228,-0.984050272423461
203,-2.233647264191172,-0.9174697222891206
204,1.9683140732605295,-0.855883048450996
205,-0.7515176601431355,-0.24601997001314968
206,-2.617985777895422,-0.9675133085263903
207,2.449093221973973,-0.950164555190575
208,-2.8669728788271547,-0.983588397814887
209,-1.006683012867914,-0.3975227322462497
210,-0.28966418800001525,-0.04108483591446632
211,-1.0668333544180066,-0.4339465117578467
212,-0.08749071650878548,-0.0038199979112329974
213,2.3116926559373105,-0.9308834775658008
214,-2.7239123396472844,-0.9755187856567001
215,-1.794970422006443,-0.8003040677234832
216,0.2880902393270661,-0.04064873924033352
217,0.6905833903609957,-0.21215405501188545
218,1.0395641842196834,-0.41745383680146586
219,-0.8518326299138259,-0.3042809853132866
220,-1.6301733642550074,-0.7351873273866519
221,1.0520424901078904,-0.4250065907912929
222,-0.8167332144534782,-0.2836071374577702
223,-1.7457460283649824,-0.7821208216913408
224,2.0337084949943733,-0.8735597129393284
225,-0.6684579207266306,-0.20021952553632594
226,0.2397108337570404,-0.02832184140703975
227,1.3170603334556752,-0.579925818625843
228,-0.30215663802414605,-0.04462306205036026
229,2.920843698240989,-0.9859574595746647
230,-1.7641875594361964,-0.78905943600919
231,-2.0729161080891796,-0.8833398877649941
232,0.7334566642345051,-0.235840956343345
233,-0.5610847273573243,-0.14564461975576892
234,-2.898149067604648,-0.984998933929352
235,-1.9030972582257806,-0.836491383075795
236,0.7665799903730699,-0.2545911661251984
237,-2.015398793016953,-0.8687847464540794
238,-0.2283810272407112,-0.025741827994179678
239,-0.18317651619118003,-0.016636870945420767
240,2.8035862065451864,-0.9803572665642145
241,2.9731848652070223,-0.987964734187252
242,-1.6447004340875446,-0.7414121400280835
243,-1.209408044589773,-0.51873340418254
244,-0.39447272399964284,-0.07485460032972224
245,1.5375536377635228,-0.6933461201138602
246,-2.0866165063182827,-0.8866170466544865
247,1.904492462907232,-0.8369251156748048
248,-1.7799170944382827,-0.7948579127788996
249,-0.8748043149044133,-0.31794248693552607
250,-1.9732956695550246,-0.8572910303442806
251,0.2361485976501534,-0.02749793498793429
252,-2.3039459519082364,-0.9296367011323714
253,-2.2669463690804177,-0.9234279322977273
254,-1.3301287036797305,-0.5871294544451955
255,1.6793110110951526,-0.7558671503291883
256,-2.4444903305830996,-0.9496001201661738
257,2.206321529477716,-0.9123082404410696
258,0.41134457630772303,-0.08112224056002237
259,0.39271710352630596,-0.07421510089326766
260,-2.333811299279506,-0.9343447420180964
261,2.689002037886942,-0.9730929240334109
262,1.345308503488373,-0.5954287783891458
263,1.8541414125271896,-0.8207403900283281
264,0.5590840845818512,-0.14468675337107018
265,-2.1186737863220815,-0.8940077506013634
266,1.9020912191677288,-0.8361781141134232
267,-2.0111681890400748,-0.8676623598532863
268,-0.862904379829466,-0.31085390024906534
269,0.41582321120027643,-0.08282269444648416
270,0.7401956332312718,-0.23962594391833503
271,2.202353864026037,-0.9115379180387269
272,0.401945914093786,-0.07760364245914297
273,0.2293379121686745,-0.025955159552580875
274,1.9329551450085454,-0.8455921493194544
275,1.357745126983323,-0.6021721539647242
276,-0.8853528410008074,-0.3242450891099382
277,0.09918526266135874,-0.00490678039284298
278,2.493018869697167,-0.9552906015062677
279,0.03236539912314029,-0.0005236223921208927
280,1.3459633518630643,-0.5957851244656431
281,-1.442891112089055,-0.6468870779366447
282,0.5294842434681222,-0.13079543794023418
283,-2.3351233494089927,-0.9345455323516931
284,-2.034334142692237,-0.8737205160761768
285,-2.413014747341026,-0.9455961353042667
286,-2.562390165475817,-0.9624815204754259
287,0.8887908304834564,-0.326302828968296
288,-2.197877465539141,-0.9106623865704573
289,2.7613941011863146,-0.9779104071035319
290,-1.3744539844349521,-0.6111501025877051
291,0.08950433856383766,-0.003997501942550219
292,-2.991294966519522,-0.988597501584766
293,-2.9612852797578473,-0.9875321912199779
294,-2.67231851780709,-0.9718622483809147
295,-1.625136290189102,-0.7330073050902622
296,0.8466655511729511,-0.3012213669153547
297,-1.4600855210831882,-0.6555908243763546
298,-2.232670308299049,-0.9172894696205703
299,2.9248924963701226,-0.9861226610094452
300,-0.22949861667644234,-0.02599107051076288
301,-0.0434796783719964,-0.0009447946159141241
302,-2.1367320323328656,-0.8980030011325301
303,0.4335543535662887,-0.08970330008389638
304,2.9874969766366526,-0.9884673033712086
305,2.4571421044949675,-0.9511388980816317
306,-1.1381643140208528,-0.4767568467857124
307,-0.4274649778634636,-0.08731379461751343
308,-0.9176051173392592,-0.34360962007368345
309,0.14860471106563455,-0.010980944472575582
310,-0.5432125061302062,-0.13717200077198977
311,0.9642091473130661,-0.37177044124040737
312,0.021177025488071433,-0.00022420806587530873
313,1.3210095245648255,-0.5821083464107042
314,-2.462015958265042,-0.9517211300585359
315,-0.5690571748377602,-0.14948483287355208
316,-0.008427027153155464,-3.550676293995192e-05
317,-2.796198033172386,-0.9799467034113563
318,2.4297417563421178,-0.9477555963607418
319,2.8277949269285223,-0.9816515848192198
320,-0.17501813087005536,-0.015198984626095258
321,-1.459413452753619,-0.655252775478131
322,2.774799610339506,-0.9787150800116144
323,2.715921240542638,-0.9749808586334349
324,2.3382978626630253,-0.9350292718886648
325,1.6186845894198498,-0.7301988033815121
326,-2.0076056626506578,-0.8667116227941762
327,-2.7103030751008914,-0.9745965777415954
328,0.27484184769383857,-0.0370646665893527
329,0.9005404432460322,-0.33334762441529864
330,1.3008742601959575,-0.5709307368062821
331,2.522447492656534,-0.958471306316616
332,-1.0261530526425913,-0.4093283759881502
333,2.781543681168669,-0.9791101654838876
334,0.22671926654651742,-0.02537335830062193
335,2.7738303461382863,-0.9786577668969437
336,0.14651938840770917,-0.010676562153468794
337,-0.05024585546187854,-0.0012615266010130854
338,0.4991486625549819,-0.11712768606555224
339,2.47582825396025,-0.9533397554620017
340,2.805210612706473,-0.9804465451759459
341,2.7200381615025453,-0.9752592550178363
342,-1.8040953413445757,-0.8035564173966633
343,-2.4121527180397737,-0.9454828728785782
344,0.6921302638921798,-0.21299615985009845
345,2.788732282700039,-0.9795242469779725
346,-0.6614790801741393,-0.19649935153461573
347,2.491612462016871,-0.9551336106084437
348,-0.016322062793246772,-0.00013319599553895944
349,0.09584777934088384,-0.004582864882238136
350,-2.1933300768660757,-0.9097659485880871
351,-1.8437695707120914,-0.8172695412514268
352,0.6542668962971976,-0.1926779226378046
353,2.056355195535658,-0.8792820378065027
354,-2.903114103774179,-0.9852134271484944
355,-1.537400977721782,-0.6932741365203842
356,-1.7117354709150905,-0.7689264362105783
357,2.8467617214929772,-0.9826128899580651
358,-1.3884510196406679,-0.6185967699687585
359,-0.8743098501115512,-0.3176474757800417
360,0.7564548387952108,-0.24882149188532343
361,1.2811407256174574,-0.5598592775347134
362,-1.4179105853066263,-0.6340414538798846
363,2.119965204035047,-0.8942974470027487
364,-2.504974844690675,-0.9566066678278953
365,-0.08717165447349551,-0.0037922398993952555
366,0.5411692966975878,-0.13621562201735926
367,0.4205240164849937,-0.08462386733206217
368,-0.8566253266162964,-0.30712347834648934
369,-0.3314295791873403,-0.05344176446229132
370,0.20329911782175625,-0.020453202344970167
371,2.398823219184993,-0.9437065121041203
372,2.390297506301131,-0.9425454503329476
373,-2.034886398075603,-0.8738623271088941
374,2.6060161939532076,-0.9664815820464939
375,2.6350877344374943,-0.9689402864597747
376,1.2842392551903732,-0.561605124400308
377,-0.8659635554778391,-0.31267390880867296
378,2.9137185539673514,-0.9856625159051555
379,0.5576062219058504,-0.14398069399798774
380,-0.8961735318034014,-0.3307271801741767
381,-0.2046991822951414,-0.020732932679238147
382,-1.7012114073295581,-0.7647390901923621
383,-1.2734705258322898,-0.5555259429537268
384,1.721638460487247,-0.7728215607520414
385,-1.02487900176871,-0.4085561239260683
386,-0.9798703676371163,-0.38126175835798515
387,-0.9404952152691441,-0.35742107222532393
388,-0.20835854741091708,-0.021472748389248397
389,1.2174131000841095,-0.5233855177221529
390,-2.8573378302278627,-0.9831295167620742
391,-0.34821178750084236,-0.058824567209621814
392,-1.1290946194627385,-0.4713492800026605
393,0.593715336481436,-0.16159076494905322
394,0.7582526760135515,-0.24984359961168534
395,1.4790206790008735,-0.6650423203218019
396,-0.8351199625629402,-0.2944041641891353
397,2.182475732053388,-0.9075973998427995
398,1.1610221156957419,-0.49032712292873715
399,-2.9069538222511646,-0.9853774476762619
400,-2.5067909851714814,-0.9568037037200768
401,2.2324165136811054,-0.9172425919341898
402,-2.0847916211896544,-0.88618466949311
403,2.213630733541489,-0.9137133609108721
404,1.5913548052750928,-0.7181006137728707
405,-2.0416210419623004,-0.8755819782120516
406,-1.901440786896085,-0.8359753459750754
407,-0.5804472301963286,-0.15503451069765428
408,-1.4082694265899185,-0.6290215813917521
409,0.3456296485657697,-0.05798108687868364
410,-1.403542043339587,-0.6265477523963134
411,-0.3023867919946115,-0.0446895243904597
412,0.7018121412777858,-0.218288975659226
413,-2.8069466941100902,-0.9805415697663887
414,-2.4613520941010383,-0.9516421670758308
415,-1.6738372763864877,-0.7536164014613074
416,-1.535848088379601,-0.6925413509123063
417,0.3562745669221572,-0.06149376886695024
418,0.7978500904903632,-0.27260264556244007
419,1.821558780458834,-0.8096780553661374
420,1.44295716037941,-0.6469207289382037
421,-2.7094679488874873,-0.9745390222452098
422,2.623089956932718,-0.9679449474149388
423,-1.7294254301527903,-0.7758536650128163
424,-0.919374912209082,-0.34467574143478874
425,0.305350942200012,-0.045549597523613095
426,0.7976288402279326,-0.2724742485506213
427,-2.4123616968319723,-0.9455103486141287
428,-1.8941120896788932,-0.8336781153677546
429,-0.5388817345231178,-0.1351478935766599
430,0.7795617166285065,-0.2620345233009115
431,2.4312592519403315,-0.9479479331134028
432,0.6047313683179203,-0.16710693125917264
433,-1.304975247285995,-0.5732172587857804
434,-0.2601826481720133,-0.03328108699972654
435,1.4381722145152125,-0.6444785376617912
436,-0.9986551441823277,-0.3926536444929869
437,-0.9919046043447723,-0.38855934209795373
438,2.8892006065817943,-0.9846054245102042
439,0.67388013129756,-0.20312481276898697
440,-0.3664813114908294,-0.06494906555601687
441,0.9938032629597151,-0.38971087746488475
442,-1.805174064425028,-0.8039384623518224
443,-0.10260661805939453,-0.005250228155529668
444,2.7448174388355024,-0.9768789399488949
445,2.5583778835404356,-0.962094107251706
446,-1.668124566078724,-0.7512532041366285
447,1.3480408432007094,-0.5969146921667828
448,-1.9406265892642898,-0.8478693791520463
449,1.4568563545047963,-0.6539649535826971
450,2.203426467195243,-0.911746691886706
451,2.6451400891887458,-0.9697537492917765
452,-2.1324215383137974,-0.8970601877392028
453,-1.775360281431279,-0.7931894380601348
454,-1.0495867071932177,-0.4235208623995975
455,-1.9355745887020088,-0.8463725086613845
456,-2.5065115574787997,-0.9567734372356157
457,0.6852272846149385,-0.2092458872938121
458,0.21830884566429187,-0.02354769830377379
459,2.4120224799564642,-0.9454657438690273
460,-2.5774727573424663,-0.9639079589479038
461,-2.187954208079044,-0.908697015988241
462,1.927673039927872,-0.8440097345174327
463,-2.6201172032572146,-0.9676941541610095
464,-0.5306022981943324,-0.13131039107384512
465,-1.3580348655166061,-0.6023286418041384
466,-2.121577380885177,-0.894658233076796
467,-2.4194007946588867,-0.9464291446682359
468,-0.2920165644376702,-0.04174066873791882
469,-2.6597118389155754,-0.9709004780575413
470,-1.4190075579145378,-0.6346104465164732
471,-2.739201735409985,-0.9765201594196025
472,-2.164751290154438,-0.9039680253897504
473,0.9181327200010747,-0.34392741334346133
474,0.0978339030697084,-0.004774302905318439
475,2.9013656560281786,-0.9851382032475035
476,-2.692913472114564,-0.9733746493250212
477,2.5807805383996376,-0.964214557190077
478,2.88788352072776,-0.9845467449448151
479,-0.5998783082944215,-0.16466880527334893
480,2.6170083821289127,-0.9674300904263268
481,-2.3885596189774163,-0.942306370953606
482,-2.6152993001937563,-0.9672841371022471
483,-0.7458917251449275,-0.24283738444359437
484,2.7537206228255826,-0.9774380097126693
485,2.0283809993975446,-0.8721841521139386
486,0.9109897524925286,-0.3396274705081399
487,-2.8708157178870715,-0.9837683370795471
488,-0.26690400854892093,-0.03499198780969792
489,1.5926363697708457,-0.7186751712740829
490,0.8505624967526755,-0.3035284129142295
491,2.8954033816287374,-0.9848791451355298
492,-2.1267190230048456,-0.8958024749021738
493,-2.649325628210982,-0.9700870308606394
494,-2.1703956721481386,-0.9051357813213953
495,1.680525552467687,-0.7563647541580834
496,-0.48574714538832,-0.11128185823850734
497,0.7869649686169602,-0.266301377632682
498,0.01381613707507956,-9.543826731750471e-05
499,-0.8318585572730797,-0.29248350104168186
