,data,labels
0,-0.8807557500027281,-0.321496299365567
1,0.3869342757017531,-0.07212575465155968
2,-1.8680210524825,-0.8253115760100698
3,-2.2475227356493486,-0.9199960462480711
4,1.4812512620653138,-0.6661463817163571
5,-1.891805607958274,-0.8329503539738667
6,1.5818310635692114,-0.7138086846004965
7,2.142826473438981,-0.899324484078652
8,2.5034495682283406,-0.9564406050186702
9,-0.015981695943088958,-0.00012769914837817975
10,2.51422170337636,-0.9576020550832883
11,-0.5111626755397456,-0.1224695649557509
12,0.5615314271930645,-0.14585881074556206
13,-2.1471234348776767,-0.9002481345666146
14,-0.9264396544061171,-0.3489346232027575
15,1.498130780812759,-0.674436554152507
16,-0.9807517412366975,-0.3817961298613296
17,-1.6676725942001533,-0.7510656173458459
18,0.5800914244189803,-0.15486003842609486
19,0.9194379555674197,-0.34471372454617943
20,1.5858902785435092,-0.7156427724591052
21,-1.9013630466121108,-0.8359510987927238
22,2.3460940979425224,-0.9362048913309902
23,-2.3588693318522087,-0.9380936340676318
24,-0.6393931662585484,-0.1848733756664297
25,1.1882192166451802,-0.5063519442257198
26,0.0926153669933365,-0.004279619319468297
27,1.7559896526024659,-0.7859937010448192
28,2.784832141871976,-0.9793004854194682
29,-1.0019622778965973,-0.3946595204676676
30,2.012066646639375,-0.8679013246664584
31,-1.420763767271889,-0.6355204528562723
32,0.5149936779984294,-0.12419274797317847
33,-0.9927176619339022,-0.38905245719817194
34,1.62657107993207,-0.7336294085955859
35,-2.0160381386688373,-0.8689537399918776
36,-2.106520129893221,-0.8912510787739143
37,2.063811956751981,-0.8811222822843038
38,-1.61099467688712,-0.7268275298493918
39,-1.85224081498118,-0.82010789389555
40,-2.5389470307603603,-0.9601696467348055
41,-2.0679723033917075,-0.8821396374886283
42,-1.5464480919249846,-0.6975232459286619
43,-2.3527525586962987,-0.9371951074205168
44,1.322760507110332,-0.5830744788896602
45,-0.7088924542153507,-0.22218319821946286
46,0.6895273395899064,-0.21157971603410575
47,0.05867806736235881,-0.0017200767640856984
48,-0.8513644718502413,-0.3040035588593264
49,-2.9180899225140733,-0.9858441087380495
50,2.583972979846938,-0.9645083627363413
51,0.11988682243509174,-0.007160664489784474
52,2.693788318226165,-0.973437311921119
53,-2.586546812895933,-0.9647437410863398
54,-0.6238317550028238,-0.17682217243917053
55,-2.7784280218571937,-0.978928442556649
56,0.3272206946820475,-0.052128838462337956
57,-2.869938413983945,-0.9837274111114311
58,-2.37630511201421,-0.9405971451720855
59,0.29921042327122116,-0.043776339405484976
60,-2.1484170857118423,-0.9005249069331497
61,-2.7440593133388567,-0.9768307835271747
62,1.154272117237353,-0.48632887878932407
63,-0.3466797280208631,-0.05832343903958881
64,-1.8192444251047184,-0.808874526851203
65,0.5035912872179567,-0.11909200616139104
66,-0.11257769246245797,-0.006316832812740758
67,2.873925046401884,-0.9839126589454545
68,0.801443885571751,-0.2746900156309201
69,0.2874357481071872,-0.04046803958832801
70,0.5261417643877935,-0.12926063038245106
71,-1.0024665292695756,-0.39496536288049267
72,0.6647045110589138,-0.19821600756657665
73,-2.0666911521485822,-0.8818270629489979
74,0.02584022963992716,-0.0003338030092965294
75,1.9786711278094664,-0.858798836802373
76,-1.0167786663804097,-0.40364516492112434
77,1.8016657466476316,-0.8026940543475448
78,1.2974630298904417,-0.5690249835217343
79,2.820592137922274,-0.9812745179125952
80,-0.4434363223000277,-0.09363926140576306
81,0.8584118664597051,-0.308184146363757
82,-2.452599206288669,-0.9505909381496054
83,-1.8290154612442786,-0.8122508993949609
84,-2.549843124760194,-0.9612587354840734
85,-0.423464386732022,-0.08575897922801179
86,2.3220636907192436,-0.932524444799939
87,1.1001486894412214,-0.4540148871435441
88,-0.3381282879723506,-0.055562124827227
89,-1.0481957197678091,-0.4226791686510981
90,-0.10757568034411324,-0.005769555319611874
91,1.8205253216393231,-0.8093195375469474
92,-0.6028012384223143,-0.16613575572509176
93,2.0944663425242256,-0.8884625232251764
94,-1.5011970115255093,-0.6759301609215078
95,-0.5499087859668279,-0.14032411307765114
96,-2.5880334894080788,-0.9648790925202658
97,0.19524525623732414,-0.018879855091358255
98,2.515120859240163,-0.9576978119912508
99,0.03249780512488076,-0.000527914273165897
100,-0.05019869182567094,-0.0012591609213016275
101,0.006624290373867581,-2.194037078517841e-05
102,-1.0247281507561505,-0.4084646839779186
103,2.6779845763024026,-0.9722855321047777
104,1.591885125187777,-0.7183384555652119
105,0.21528384524337163,-0.02290712203595857
106,0.6679611315588829,-0.19995398693480093
107,0.43824765942972244,-0.09156369665565367
108,-1.7856575981207448,-0.7969466504622824
109,-0.48978361502180867,-0.11302988971051453
110,-0.10643336382506607,-0.0056480200890102195
111,1.4726619547733435,-0.6618841249025808
112,2.805051500703984,-0.9804378159341531
113,-1.8646505214292592,-0.8242092274650409
114,-2.3383502162262455,-0.935037225092091
115,2.118513894365348,-0.8939718400567607
116,0.5306292669385289,-0.13132282196908796
117,0.3747858534762609,-0.0678226735684272
118,-1.1405846588060344,-0.47819779574116605
119,-2.643834552539145,-0.9696491443948321
120,0.3634130504171176,-0.0639014528282249
121,1.8105405698930177,-0.8058314295982532
122,0.15681043336634382,-0.012219484291897897
123,-0.08057894057561654,-0.003241218704928328
124,-2.712533456794689,-0.9747497412835008
125,-1.122249434133108,-0.4672600625949186
126,-2.9467380007711146,-0.9869847355593071
127,-2.5213636344999135,-0.9583576370067768
128,2.128731265028046,-0.8962476427195429
129,1.9849350372662489,-0.860540849851911
130,0.17567352437502493,-0.015312151964729348
131,2.5131645076972697,-0.9574892341653849
132,-1.27475964821763,-0.5562553880549849
133,2.5110345359546935,-0.9572611621398261
134,-0.5637225509009429,-0.1469111346991343
135,0.4465936145220821,-0.0949118423567662
136,-1.6137741828208136,-0.7280490491132852
137,-0.9402059504252254,-0.35724626032266416
138,-0.2141384549660832,-0.022666797926361504
139,2.386855395594413,-0.9420711264880343
140,2.9723793495792714,-0.9879358797356298
141,0.9545974452587815,-0.36595042985155857
142,-0.7320331815177061,-0.23504348462745006
143,2.591968546432395,-0.9652352199719308
144,-2.0460035374000123,-0.8766914141636222
145,-1.2713320666417272,-0.5543148918389043
146,0.06335195607559951,-0.002004723022456134
147,-1.9887416147771997,-0.8615916084670752
148,-2.5327930086727437,-0.9595431867123947
149,-1.5515570051364742,-0.6999075154777133
150,-1.8084253812351523,-0.8050868452247819
151,-1.4682831879853924,-0.6597000212976736
152,0.17677192071149284,-0.015502732055635127
153,2.5408729018267238,-0.9603640027282724
154,-0.9479943897944687,-0.3619551380292666
155,-0.699009144921896,-0.2167527752005184
156,-0.853435740801122,-0.3052312911580356
157,-0.06872855125047206,-0.0023590200070778833
158,2.7992266249100455,-0.9801158997456717
159,-0.663083955811679,-0.19735292217903289
160,-0.11265180917625406,-0.006325126689083915
161,-2.938612490842022,-0.9866697805980562
162,2.5372963240800823,-0.9600024196558908
163,-1.1451259720746767,-0.48089896689187916
164,-1.5666559946695557,-0.7068894691826373
165,1.984257021269432,-0.8603530690037131
166,-2.2351091684481936,-0.9177388632626534
167,0.6442152545864084,-0.18739215974742562
168,-2.7579079113231577,-0.9776968649159652
169,0.09101534349015772,-0.004133330552854253
170,-0.018505603475476917,-0.00017121402120201523
171,-0.9104080660212119,-0.3392775512736942
172,2.88470958060035,-0.984404528295289
173,-1.5854970031848459,-0.7154653879400817
174,-0.02101154398451266,-0.00022071812847568317
175,1.4245872573658653,-0.6374976880536094
176,-2.652332612668386,-0.9703245194280528
177,0.06078337679196988,-0.0018456042212088297
178,-1.6007522635634226,-0.7222972285352627
179,1.3395339834900586,-0.5922804206773069
180,-1.6419368523489235,-0.7402351066893754
181,1.2920298487950994,-0.5659825616195101
182,1.3730064449062818,-0.6103760940586289
183,-2.2665328556506816,-0.9233561255624921
184,-0.9282049719433854,-0.34999955727039067
185,2.268568708130939,-0.9237091288300133
186,2.266874982389699,-0.923415539847794
187,-0.5404583269371876,-0.13588343110652268
188,1.2306404949805962,-0.5310400993836287
189,-1.2901006843297453,-0.5649002169401689
190,1.164692878446406,-0.49249806260779094
191,1.4220372160359211,-0.6361795935209791
192,-2.6755586749135722,-0.9721049802996511
193,-1.4039717547983004,-0.6267729547561904
194,-2.76916756939093,-0.9783801739735409
195,2.8400627101431724,-0.982278525013843
196,-1.4781049849711823,-0.6645885102419609
197,2.0068351691331543,-0.8665053261289688
198,-1.6604602422976933,-0.7480599478654651
199,1.6323027734390294,-0.7361055778938853
