,data,labels
0,-2.443462067805603,-0.9494733034789389
1,-0.05187691244599035,-0.0013447020992708447
2,-2.232875158220434,-0.9173272913872795
3,2.043945969782704,-0.8761714787616437
4,2.4029425999002676,-0.9442605190640366
5,-1.4988441938240784,-0.6747844086835011
6,1.8682688958875548,-0.8253924393234857
7,0.025847615545715463,-0.0003339938263392517
8,2.7195941562063988,-0.9752293597306997
9,-0.42151976264380764,-0.08500754088929874
10,-0.6333473385022943,-0.18173122912407147
11,-1.3010637416045459,-0.571036493394033
12,0.761167340172606,-0.25150283288021313
13,-2.0521795570876007,-0.8782420799346949
14,-1.5669477540238792,-0.7070234279161813
15,1.069502975787488,-0.4355583731780398
16,-2.2182112450962537,-0.9145847449805483
17,0.3557458939323639,-0.06131711317639077
18,-2.125928813209071,-0.8956272506770208
19,-2.462068694895814,-0.9517273981712459
20,0.5537658657425917,-0.142151970546201
21,0.07676601500934943,-0.0029421738284802768
22,2.84074748940888,-0.9823129606775448
23,1.0638434179327332,-0.43214059024715645
24,-2.386012289424861,-0.9419544552713028
25,2.018812447013193,-0.8696851518933731
26,-2.348984625024256,-0.9366363156878266
27,1.8055824442877375,-0.8040829613518773
28,-0.9974550049709698,-0.39192572610823073
29,-0.7212342840089025,-0.22901737875793426
30,-2.5607922655136033,-0.9623276363698777
31,2.161492230565762,-0.9032886327183596
32,-0.05865239510146125,-0.0017185732843861823
33,-0.33067623090239096,-0.053205665160470206
34,-1.3283810859784906,-0.586169229152256
35,-1.5762651456891081,-0.7112823057403419
36,1.21474553282337,-0.5218368825257955
37,-2.98257064560163,-0.9882964589368868
38,0.691584618913518,-0.21269900309425582
39,-0.42287146463220804,-0.08552956224257202
40,-0.45800487791278055,-0.09957124449824684
41,0.4018936802745978,-0.07758427764567455
42,1.2120464098193944,-0.5202682808534573
43,2.393638925664953,-0.9430028295284215
44,1.918620846182323,-0.8412703717935895
45,0.6904688816609301,-0.21209175658507873
46,-1.1064874513459608,-0.4578200057674294
47,0.2941753511591969,-0.04234679797824814
48,0.4759126819673467,-0.10706942119595586
49,-0.5586259443837038,-0.14446773610782304
50,2.832937078656653,-0.9819166968763718
51,1.670857719997656,-0.7523856442474334
52,-0.2494753887207244,-0.030639772907820384
53,-1.7372505023346854,-0.7788733476215353
54,-2.8357417186481717,-0.9820598766636791
55,0.959140512947986,-0.36870073747192256
56,2.5271769683890293,-0.9589642530280704
57,1.7102490347123256,-0.7683380032882066
58,0.9917854083579187,-0.3884870508984569
59,1.6482214035971925,-0.7429068729438331
60,1.4789685234268255,-0.6650164814225661
61,2.96747618103253,-0.9877589159849417
62,-0.5734835973400862,-0.15163280013670533
63,0.06668294293992805,-0.0022208377222321385
64,1.829142802371627,-0.812294624259644
65,-0.6835584045342609,-0.2083421960104298
66,1.042622670816436,-0.41930581292079616
67,0.8657948381999523,-0.3125734908430231
68,-1.0169300294905175,-0.4037369453569871
69,1.6756108043147284,-0.7543471168874497
70,-1.1797399862571454,-0.5013711350580985
71,1.5931850981732083,-0.7189209629397673
72,0.6837822616086822,-0.2084633455653424
73,2.5654486435226236,-0.9627745782705224
74,0.683191418587497,-0.20814363205241515
75,0.10650836301536337,-0.005655960185123932
76,2.333504833188723,-0.9342977694317618
77,-1.037615964932942,-0.4162739188663318
78,-1.3765238717835895,-0.612255625385613
79,-1.3880515363761357,-0.6183851914995582
80,-2.0214985537194297,-0.8703903711763298
81,2.021826514885074,-0.8704762773517497
82,-0.8017671425581154,-0.2748779369294039
83,-1.773475211965008,-0.792496519037077
84,0.41139361837184873,-0.08114077817098986
85,2.252506541881367,-0.9208881702167792
86,1.2278700181544755,-0.5294402760138908
87,-2.393698382495023,-0.9430109407856859
88,-1.3197578836631585,-0.5814171483408787
89,0.26845520328100214,-0.03539259834216735
90,2.3861552870799,-0.9419742572873184
91,-2.658289494807802,-0.9707902148831667
92,0.3672951448781294,-0.06522821689361014
93,-0.26525555317474936,-0.034568622531642834
94,-0.868102959322187,-0.3139476718010016
95,-1.1972499158376226,-0.5116406057150302
96,1.5546992285403114,-0.7013684816247073
97,-1.0017458342772978,-0.3945282412279727
98,0.21054148804427264,-0.021920045375307895
99,-2.070714490862672,-0.8828065453780463
100,-1.499444104504292,-0.6750767606831758
101,1.3866844399160474,-0.6176607088849928
102,2.9292595778183603,-0.9862989230139898
103,-1.2670433090549247,-0.5518823070138756
104,1.7610811349057567,-0.7879012650558547
105,-1.2015279667413743,-0.5141399829981215
106,0.5377117683900927,-0.13460304770950915
107,-2.5144666250753755,-0.9576281564397237
108,-0.6362778135997704,-0.18325204149567742
109,1.6773934595308173,-0.7550801853225663
110,-2.710934034327308,-0.9746399878227325
111,-0.5982962506672211,-0.16387671090871492
112,-0.5114860806613901,-0.12261466571069024
113,0.9065906874954166,-0.3369821309348784
114,1.4668910936475257,-0.6590040710425942
115,2.8796501007692346,-0.9841754437343467
116,-2.03818770869386,-0.8747075366754916
117,0.17106146625749652,-0.014524499451856965
118,-2.7719448605037202,-0.978545892387101
119,0.5416063585006947,-0.13641998644584308
120,-1.338459802156737,-0.5916935652793496
121,1.1283097790534065,-0.47088076669703316
122,-0.9977269034171967,-0.39209063989332704
123,-0.12499281353255487,-0.0077811704472389165
124,-0.212271569118184,-0.02227771313064264
125,-1.8987648074178662,-0.835139216393375
126,-2.476162778282883,-0.9533783872418892
127,-1.5469489460027304,-0.6977574749376255
128,1.5934936996970945,-0.7190591374869715
129,2.8663992680997934,-0.9835613890017576
130,0.4298789203759519,-0.08825774418784749
131,2.287039054797309,-0.9268522432982067
132,1.5987191722603376,-0.7213925552181838
133,-1.3021567377228984,-0.5716463265516643
134,0.5718911867057246,-0.15085877582180973
135,0.2927144516437581,-0.041936170251192895
136,2.5048559563846435,-0.9565937431457313
137,-0.3493284246139421,-0.05919103628194877
138,2.3838644343052415,-0.9416563539878741
139,2.807121111070412,-0.9805510941715854
140,0.21366835248442362,-0.022568515758401242
141,-2.581378011234241,-0.9642697002774594
142,-2.0963968949391507,-0.8889128188915092
143,-2.6986688326595996,-0.9737845601407631
144,-1.5918478971870538,-0.7183217632420111
145,-2.2169907864270537,-0.9143532562945023
146,-0.14410607131684028,-0.010329559735749227
147,-2.029584053513764,-0.8724957670260003
148,2.2450771544593966,-0.919555334397796
149,1.1871724394709613,-0.5057378331887692
150,0.08414668708014972,-0.0035340728854578174
151,1.6089151029614168,-0.7259114101604691
152,-0.08506824673646074,-0.0036117651300899833
153,2.8080547804869553,-0.9806020099724517
154,-1.0929531848834215,-0.4496898948897394
155,-2.1754791412556456,-0.9061778909906404
156,0.3780406731742634,-0.06896403811026519
157,-0.3046518659708686,-0.045346068644974036
158,1.2600955081761205,-0.5479309497885125
159,-0.4104247682964739,-0.0807748988496404
160,-0.02342854111169146,-0.0002744106118299783
161,-2.885272070750047,-0.9844298157744974
162,-0.7452896697807012,-0.24249742778492545
163,0.09639102901564867,-0.004634841057569394
164,0.7673399574217115,-0.2550255117346014
165,-2.119057952254743,-0.8940939927720308
166,0.2502834188935621,-0.030835476768163783
167,-2.4853463053961766,-0.9544285169078207
168,-1.4876061177416393,-0.66928092526149
169,-0.05697959868690017,-0.0016220204338983635
170,0.6176903310868846,-0.1736779352512705
171,1.94069832920834,-0.8478905577616349
172,-0.6134096020263518,-0.17149770324033786
173,-0.9375702493947298,-0.3556537140402939
174,-0.17706633730280075,-0.015554011141838298
175,-1.5144223313488931,-0.6823285158335393
176,-1.8322047949753242,-0.813343865039147
177,-0.6583996161112644,-0.19486476931842334
178,-2.9694088430616503,-0.9878289419750652
179,-1.301031318836658,-0.5710183978036549
180,-2.070158554638802,-0.8826715744554313
181,-0.2443119822390627,-0.02940323240492637
182,-1.5424837300478405,-0.6956655533146536
183,1.34585341001904,-0.5957253076983597
184,0.9052118621499758,-0.3361534513792337
185,0.5468767362486284,-0.13889349440363896
186,0.4982521268271993,-0.11673286319481901
187,-1.765877857653637,-0.7896878249183884
188,1.6883880841090138,-0.7595702089785406
189,-0.1753971121737239,-0.0152643736491056
190,1.0618739807068849,-0.43095068297163874
191,-1.5182616036667318,-0.6841725151796529
192,2.7617209907104048,-0.9779303389164945
193,-0.32076951635564654,-0.050145573423144296
194,-2.2803596617471538,-0.9257279141839787
195,0.8279658313896432,-0.2901940874866218
196,0.1499523217008547,-0.011179884748761193
197,0.7651789307890504,-0.2537908812807841
198,-0.4711647592628925,-0.10505956427596486
199,-2.5087478940658183,-0.9570151692158841
200,-1.7014513266386824,-0.7648350999228938
201,-2.016209363184384,-0.8689989706392476
202,2.0061872707247552,-0.8663316681390953
203,2.0939932783218715,-0.8883519677170673
204,-1.9739668143161395,-0.857479936402745
205,-0.5565191236377034,-0.14346214723321382
206,0.362479641501003,-0.06358427011390311
207,0.6942910604632759,-0.21417412039955686
208,-0.7004424987791773,-0.2175379428807993
209,2.6681407532985393,-0.9715465977824718
210,-2.7574081233100527,-0.9776661045516771
211,1.4010376808864704,-0.6252339414807024
212,-1.0313486518515291,-0.41247707992899174
213,2.315550138644638,-0.9314975811246564
214,0.07430010771262907,-0.002756447007376095
215,-0.6099249407446616,-0.16972990600143345
216,-0.06504155708575077,-0.0021129666105925704
217,-1.8321949609065635,-0.8133405018424193
218,0.6798256612989704,-0.20632519322157516
219,2.3956153497110986,-0.9432719483153947
220,2.9308845250648057,-0.9863640017034867
221,-0.7876552108081363,-0.26669998656170657
222,1.4897945183620136,-0.6703566127284719
223,2.0956752949384425,-0.8887446724405618
224,-2.5934612288726515,-0.9653695031343731
225,1.8873270993818307,-0.8315307081531423
226,-1.8721364870127715,-0.8266508504792166
227,1.7272916862773835,-0.7750255153449985
228,2.1560862153941995,-0.9021533560963055
229,2.0305480664591515,-0.872745050075838
230,-0.4115233186692473,-0.08118981296635752
231,-2.353618752456807,-0.9373229931783248
232,-1.1274695100368175,-0.47037906644297633
233,0.40036446306019435,-0.07701828182896586
234,-0.020125529227543737,-0.00020249795786464464
235,-0.9779561428076748,-0.3801012424974084
236,0.9613339529675815,-0.37002899506232156
237,-0.3476747473803048,-0.05864868321192995
238,-0.4346355507382791,-0.09013044052585684
239,1.534349078955219,-0.6918330347881934
240,-1.7129491941695645,-0.7694061799409001
241,2.716271272324647,-0.9750046335284088
242,-1.2157155464400993,-0.5224002044243762
243,0.4221789429222458,-0.08526194183753644
244,-1.1239565742876108,-0.4682805032511711
245,-2.977333064894972,-0.9881123601849149
246,1.198777979058761,-0.512533798662816
247,2.6951241992659662,-0.9735327517308716
248,-0.9846765006833005,-0.38417589835240273
249,1.9952174543754921,-0.8633655742763889
250,-1.7175404676632557,-0.7712150109735099
251,-0.900215790519654,-0.33315272663519846
252,0.07820451890098301,-0.00305330254995817
253,-1.8791606835430774,-0.8289197333996033
254,-2.166585081453515,-0.9043486488856739
255,-2.731952339447539,-0.9760498763549612
256,-1.6839661789305327,-0.7577708368867212
257,-2.95913376378794,-0.9874525311122369
258,0.7200795414704917,-0.22837552065695654
259,-1.3840352741119242,-0.6162549272847138
260,-0.25399534960098213,-0.03174211669154059
261,1.8210603464145816,-0.8095052021461013
262,-0.17111643193614157,-0.014533766839791129
263,-1.9695873562782287,-0.856243901665146
264,-0.5213462313745638,-0.12707090509768648
265,-0.6365991799452759,-0.18341907380313083
266,1.10470406681089,-0.45674993359782146
267,2.639005875330197,-0.9692595531644763
268,0.23865853156511285,-0.028077244514213673
269,2.7950396971130065,-0.9798816602433169
270,-0.6932700410021537,-0.21361727287113053
271,-2.4913309364865217,-0.9551021297052652
272,1.695334780926114,-0.7623794035152863
273,2.25006360248688,-0.9204518760389214
274,-2.557706798696186,-0.9620289797061897
275,-2.243301792325397,-0.919234183470506
276,0.6619566262477372,-0.19675321823915626
277,-1.5685381590364804,-0.707753010027056
278,0.8452315637102199,-0.3003731784367667
279,-1.875075144454626,-0.8276026683733133
280,1.5529407439785192,-0.7005513945002514
281,0.7666871139771096,-0.25465237997595136
282,2.0987332166017536,-0.8894558795067614
283,1.0686796131671317,-0.4350613048034122
284,1.378172696429937,-0.6131351959753029
285,1.8687915803687147,-0.8255628868570987
286,1.253034178501638,-0.5439018841370693
287,-0.8558573646984069,-0.30666772011609467
288,0.28439143387375365,-0.03963248900966854
289,1.728337853406268,-0.7754318080881649
290,1.8568152639057862,-0.8216275434223621
291,-1.4566682006651468,-0.6538700939630047
292,-2.1401039146725096,-0.8987358047475403
293,2.4614467193937095,-0.9516534288180689
294,2.6517834307045636,-0.970281266715103
295,-2.0066844894245586,-0.8664649541748148
296,-1.3384859734288732,-0.5917078678146921
297,-0.7077490710074237,-0.2215530031838433
298,-2.2000100876776676,-0.9110803559509922
299,-0.022417158481447874,-0.00025123293291107185
300,1.522869628605302,-0.6863777218042899
301,-1.8810892859901553,-0.8295389494595371
302,2.356206843765955,-0.9377038308410444
303,-0.3791188205772422,-0.06934397664632552
304,1.0522967689879685,-0.4251604065469202
305,1.349434638559603,-0.597671726105078
306,2.4218782011858373,-0.9467494428048986
307,2.2396739289331276,-0.9185747334264525
308,2.6128783051337328,-0.9670764317904085
309,-1.9863030214500899,-0.8609191480862721
310,-0.2795841530079666,-0.03832973726887645
311,2.5160259666044524,-0.957794018754735
312,-0.960009956334066,-0.36922720848989543
313,0.933622060432163,-0.35326915512342394
314,2.623815748811854,-0.9680059247530253
315,1.1062551012772088,-0.45768061211162714
316,-0.5356615249255392,-0.13365029422756747
317,1.0337667470589924,-0.4139421907435301
318,0.15035172415251852,-0.011239183586884138
319,-2.3756884756249868,-0.9405100487119604
320,2.2838777451849275,-0.9263218339048258
321,-1.5559500136197502,-0.7019488677432894
322,-2.864465569890573,-0.9834700517949392
323,-2.5201394676906155,-0.9582289376848725
324,1.574161717380945,-0.7103240968310053
325,-1.2815867200444908,-0.5601107377706421
326,1.5040280577123148,-0.6773058147656263
327,2.9389968888080915,-0.9866848308517643
328,2.5999899624196265,-0.9659516566949562
329,-2.527763110844507,-0.9590250007343092
330,1.5364275849575675,-0.6928149247038848
331,0.6637255807980074,-0.1976945018836851
332,-1.5102016517384163,-0.6802943385553316
333,0.8001631338823585,-0.2739457340130449
334,-1.3698978760260383,-0.6087114827665773
335,0.8000150616112212,-0.2738597125355474
336,-2.463996505020762,-0.9519560656803008
337,-0.35463289793679476,-0.060945955591524825
338,-1.7968684457340318,-0.8009836119497975
339,2.262939226623388,-0.9227298048666378
340,1.324159779831275,-0.5838458611476802
341,2.283746588810966,-0.9262997612975488
342,0.5217246580810864,-0.12724317195075874
343,1.430800135878485,-0.6406988967864411
344,-0.259795895010126,-0.03318387690861713
345,1.4082331880679195,-0.6290026487870661
346,0.923725285048751,-0.34729773367691796
347,0.08325417462422013,-0.0034596304360675623
348,2.386657239860078,-0.9420437225792992
349,-0.10146935295660642,-0.005134786476147735
350,1.7639981125764166,-0.7889889275014759
351,-2.8025233763298156,-0.9802986602401718
352,0.676630961322493,-0.20460364507246365
353,0.6099848457518697,-0.16976024297863268
354,0.17410506721512675,-0.01504200876803874
355,-1.2575831462942157,-0.5464989458356139
356,2.9747173691633373,-0.9880194612102207
357,-2.851945604192727,-0.9828678226042131
358,2.751325167084044,-0.9772887546550654
359,1.4186126264599341,-0.6344056494172715
360,-1.8896274279943255,-0.8322609713607998
361,1.705517360388165,-0.7664583238676289
362,1.8812104435543056,-0.8295777957541337
363,-0.8136729488304741,-0.2818176938162319
364,-1.338196994457557,-0.5915499292537421
365,-2.16308644359599,-0.9036214373489833
366,-1.367063781040509,-0.6071909608666763
367,2.473426168584849,-0.953061568575324
368,-2.875161299121448,-0.9839697264556898
369,1.5827328425978004,-0.71421675082798
370,1.5943384563244622,-0.719437161702457
371,2.9189864174683278,-0.9858810985746671
372,1.9031617445131683,-0.836511448563112
373,-2.603693412081486,-0.9662781637681994
374,0.6900033191652843,-0.21183852312832252
375,2.8347206326989625,-0.9820078644909331
376,2.7758871356726154,-0.978779226499928
377,-1.2705249610288012,-0.5538574852913947
378,-1.7778833747313616,-0.7941144088152889
379,0.5110190861536279,-0.12240516306843163
380,2.588910769370006,-0.964958755110617
381,-1.6018298641972926,-0.7227760059851303
382,-2.764967533121734,-0.9781274473008772
383,2.5554002751148532,-0.9618044125960953
384,-1.76912646690319,-0.7908919610798513
385,-1.280219133947875,-0.5593394886212775
386,2.2945990325618,-0.9281081491056093
387,-0.11800405449469054,-0.00693829654011846
388,-0.7777027998256978,-0.2609656093872955
389,1.5802949885553481,-0.713112786685021
390,0.6921086350102517,-0.21298437849555663
391,2.410176041739758,-0.9452224190829309
392,2.817484414531953,-0.9811097471669261
393,0.3229350047036954,-0.050807360268506074
394,-1.8346413895415798,-0.8141758558594322
395,-0.4493615438194811,-0.09603342924941605
396,0.709052857233933,-0.22227164756999496
397,2.571287458779368,-0.9633286542207435
398,2.4456096130326657,-0.9497378610302273
399,-1.2462402749543522,-0.5400131659132525
400,-1.512564073027806,-0.6814338195068291
401,1.3058065460431427,-0.5736801393430746
402,-0.5414956158564848,-0.13636819359144925
403,0.4208543908948057,-0.08475108199503056
404,2.752193899404208,-0.9773429820087953
405,2.9137369868311547,-0.9856632859270501
406,-1.9206732362077046,-0.8418945146847239
407,1.5505843169816362,-0.6994544218206888
408,-0.7797783595637995,-0.26215916252702054
409,-0.6437535876102762,-0.18715053036709495
410,-1.141810060679846,-0.47892698720975335
411,-2.126999736782631,-0.895864666293186
412,0.9940934842103339,-0.3898868990907648
413,-2.534411464388998,-0.9597087411448404
414,-1.0105508146815751,-0.39986849604751495
415,-1.5186250741784921,-0.6843467752378869
416,-1.8795480820255512,-0.8290442446023165
417,-1.8319765123192697,-0.8132657826728021
418,0.6288101610511352,-0.17938490931160334
419,-1.6852422562909133,-0.7582909940712576
420,-0.06232780712874808,-0.0019404925758215175
421,-0.04544419380487508,-0.0010320544403934484
422,-2.7143798304286317,-0.9748759300930984
423,2.5724265152331878,-0.9634359253708552
424,1.6124210148870564,-0.7274547884305462
425,-1.6330745249881333,-0.7364378833796446
426,0.5353282115284559,-0.1334956477351671
427,-2.5183130713276505,-0.958036301782893
428,1.461231921192855,-0.6561670547227788
429,0.7766472188737366,-0.26035907814822634
430,2.5155965788264734,-0.9577484007448204
431,-0.9840037835866515,-0.3837679753998008
432,1.5410168833345343,-0.6949765186669824
433,-1.623046145074398,-0.7320994352900099
434,2.4453861409563693,-0.9497103852396622
435,2.392978423440087,-0.94291265796397
436,1.9301015745536123,-0.8447387417744702
437,1.0132424203956143,-0.4015008063348494
438,-1.9373367499048704,-0.8468958455670947
439,-1.9081145868304745,-0.8380472476157643
440,-2.7352429620180803,-0.9762643473652994
441,0.16852120870729426,-0.014099358662911454
442,1.4300970871503722,-0.6403373748654934
443,-0.11808298893107017,-0.006947549546907017
444,-2.2939741034742327,-0.9280049990556632
445,-1.0618130180091976,-0.43091384559855206
446,2.1389425125894936,-0.8984838658592931
447,0.39955831382332807,-0.07672063817339247
448,1.9335335495134451,-0.8457647112547264
449,-0.3279930446138053,-0.052368645254574964
450,-1.4389658233263383,-0.6448841910639604
451,-2.211008555131269,-0.9132113490624615
452,0.5419069639777248,-0.1365606133346564
453,-2.227050365103511,-0.9162464452460004
454,-1.0096933476341918,-0.39934846912957356
455,-0.39775288041713797,-0.07605587222073917
456,-2.1810451340567667,-0.9073085402416835
457,1.2825720434122472,-0.5606660826532468
458,0.6763576827396935,-0.2044565854339978
459,-2.125494832701242,-0.8955309205633445
460,1.700568955167606,-0.7644818705391145
461,-0.26441198227224216,-0.034352915216701474
462,-0.07570000332184712,-0.002861144353915712
463,-2.87465195372541,-0.9839462358035286
464,1.7195590138790493,-0.7720072847295536
465,-2.222301230971507,-0.9153568741630935
466,0.34455012748148484,-0.057630089493048486
467,1.2297111836768462,-0.53050367020619
468,1.5330229336855057,-0.6912056191118652
469,-0.6176858514852226,-0.17367564881776332
470,-0.7844057813625724,-0.26482463391667677
471,2.1748207810089433,-0.9060434384561595
472,2.405048363153224,-0.9445419729964706
473,-0.9776299656533727,-0.3799035043273722
474,0.14388956431799693,-0.010298704759285071
475,0.1934837033915633,-0.018543878422845328
476,1.821008204785528,-0.8094871134836445
477,2.0588405249667128,-0.879897790587219
478,1.349337325904969,-0.5976188919723697
479,-1.7535484672982968,-0.7850749924046522
480,0.2067126677511757,-0.021138447294341778
481,-1.9196928778577045,-0.8415966059342805
482,-0.6194196218608305,-0.17456134751922514
483,1.0217297398195342,-0.40664703071778174
484,-2.099678646601481,-0.8896750535815946
485,-0.5945498740573245,-0.16200636699148918
486,-0.8094877073486852,-0.27937412531601513
487,2.3132353791448343,-0.9311296108998017
488,1.4616900576761855,-0.6563971905371591
489,2.79094181153435,-0.9796500759174013
490,0.9511419026998591,-0.3638592655478138
491,2.3023763365955716,-0.9293818720531763
492,2.2740937303816864,-0.9246605326942884
493,-0.9751306987807302,-0.3783884753816753
494,1.2553643997466466,-0.5452329131261064
495,1.7896912442549278,-0.7984055705536813
496,1.053677428429694,-0.4259955106874239
497,-0.7459280390014031,-0.24285789332692975
498,0.8444178637101221,-0.29989206591594897
499,1.040640126550925,-0.4181053937076147
500,-2.5996421927290267,-0.9659208583992102
501,-2.354682416974099,-0.9374797417277605
502,-1.3281705056671875,-0.5860534608827239
503,2.066855966028859,-0.8818673096924377
504,-0.5204781840930677,-0.12667609788502776
505,0.042756539495562684,-0.0009136432084678736
506,0.3435323308995657,-0.05730004770685193
507,-0.9965212551263565,-0.39135938338293597
508,2.8728529238797718,-0.9838630234647843
509,2.8091620305237903,-0.9806622407555858
510,-2.578972524229942,-0.9640472477622261
511,-1.0218817271292422,-0.40673917217155753
512,2.873231293049483,-0.9838805559655974
513,-1.5388525390614105,-0.6939581949307845
514,-1.8196607262939382,-0.8090192381693697
515,0.10414697512576954,-0.00540861669213244
516,2.271000693837456,-0.9241291006372242
517,-0.7053804603776821,-0.22024912156987442
518,1.667486037465233,-0.7509881622718971
519,-2.6463036910398667,-0.9698467212141499
520,2.3646002269115955,-0.9389258828154513
521,-1.353609221200165,-0.5999352867597716
522,1.2774960138636091,-0.5578022207935375
523,2.8106970168983905,-0.9807454688282314
524,-2.3247938045807226,-0.9329511028061318
525,1.185734578818165,-0.5048939246340878
526,1.7318189905351469,-0.7767802368886437
527,-2.9146725134620075,-0.9857023191096117
528,-1.4974430707024942,-0.674101036966145
529,-1.1056330966431283,-0.45730742098294874
530,-1.7923751327731015,-0.7993722961975449
531,-2.297055819252293,-0.9285125034771311
532,2.3124875367450572,-0.9310103857479857
533,-2.828933737945907,-0.9817105894820461
534,2.4496432111929174,-0.9502316446204908
535,-2.508515111341216,-0.9569900602022214
536,-1.5291763927523667,-0.6893816280282419
537,-1.8321251315987515,-0.813316619384509
538,1.1114573968547443,-0.4608000286463594
539,-2.708457021140126,-0.9744692001313671
540,2.3187302257353473,-0.9320005002104658
541,2.9481268035247714,-0.9870379033789992
542,2.779354216429862,-0.9789826066685525
543,2.7744529120046995,-0.9786945949547663
544,1.8330251663484267,-0.8136242776717417
545,-2.208162050346979,-0.9126637633446318
546,-0.8017108559112249,-0.27484521346272317
547,2.662660238660213,-0.9711279065016121
548,-2.9019670009493694,-0.9851641130193978
549,0.9502631577868823,-0.3633275956127112
550,1.353106434175122,-0.599662969784559
551,2.196912682422492,-0.9104727890630089
552,1.9460698846723243,-0.849470168428608
553,-2.0643645780750526,-0.8812578039387119
554,-1.6393352253626035,-0.7391239765782083
555,1.0209879469237437,-0.4061973143726869
556,0.19033863788820327,-0.017951318999937405
557,-2.863555524180785,-0.9834269122654946
558,0.46943844863650064,-0.10433267904354881
559,2.9853513892180352,-0.9883931688104857
560,-2.9098843567599966,-0.9855015493191106
561,-2.56177656781058,-0.962422491722983
562,-1.9047926750805384,-0.8370183347319622
563,1.3535654913688617,-0.5999116053696889
564,-2.043012796060273,-0.8759351222365752
565,2.865128963002813,-0.983501436909942
566,-0.7702705838240993,-0.25670211015246747
567,1.00161852410921,-0.3944510239262201
568,-1.239582627165469,-0.5361910442251863
569,0.45151177086920224,-0.09690853415654344
570,1.769113933310237,-0.7908873243854653
571,-1.4304176552111827,-0.6405022405224452
572,-2.4147542211400523,-0.9458240921655109
573,-1.6032993419646258,-0.7234280818334224
574,1.5066509587791668,-0.6785774144658681
575,-1.2035919937724497,-0.5153444486383434
576,-1.4288148422113818,-0.6396775401557493
577,-0.007481945664906675,-2.7989363756808494e-05
578,1.6482150433136846,-0.7429041777877005
579,-1.2752729030696706,-0.5565456832115039
580,0.8506397650177795,-0.3035741866384797
581,-0.8412771125827558,-0.29803630307655027
582,-2.786450040235178,-0.9793935658250289
583,0.4286799687050027,-0.0877883630632812
584,-1.0966644021921463,-0.4519213089396644
585,-1.4776184199424691,-0.6643472372129542
586,0.178089181995309,-0.01573280422826362
587,-1.4972035810420778,-0.6739841507750008
588,-0.7939388324592729,-0.27033476691970915
589,-2.830881104885252,-0.981811102799822
590,-1.431107031539816,-0.6408566504626443
591,-2.8468416567769848,-0.9826168461169655
592,-0.7491811914644986,-0.24469695701052574
593,1.1168880766454086,-0.46405272370798545
594,1.6848331204512403,-0.7581243001788189
595,2.904694211425446,-0.9852811196380857
596,-1.321666182932428,-0.5824707801825709
597,-2.833193092906119,-0.9819298080317475
598,2.0024121915831,-0.8653164454530868
599,1.3452018665652918,-0.5953707369171847
600,0.7151935498869588,-0.22566517376613837
601,-2.327888487804883,-0.9334320737868089
602,1.0973914454657905,-0.45235827497189984
603,2.4924309693696296,-0.9552250330215976
604,0.44369147737530756,-0.09374183531635183
605,-0.12918026496769297,-0.008309057787939111
606,0.21581594093142087,-0.023019181487868745
607,-2.340880337797083,-0.9354206370327376
608,0.21475880891004184,-0.02279680787686078
609,2.921339155166928,-0.9859777682923647
610,-0.5521459557914223,-0.14138321854771685
611,1.7691371568836356,-0.790895915690442
612,-1.3431484951214425,-0.5942523806849103
613,0.09670354649791069,-0.004664873474036657
614,0.4197970769877326,-0.08434424011169395
615,-0.9676571633999904,-0.37385931263938565
616,-1.6230931076385275,-0.7321198548335275
617,2.9061253935414495,-0.9853421961815753
618,0.018325854586987766,-0.0001679043756539489
619,1.0037975366044654,-0.39577265160760267
620,-1.92934402902575,-0.8445116066786146
621,1.2539707982097639,-0.5444370542508776
622,2.5595238400267597,-0.9622051014263244
623,1.281854006126835,-0.560261411868922
624,1.3250515583147884,-0.5843371550074781
625,-1.4566583179161836,-0.6538651110973213
626,-1.769174220226052,-0.790909626367843
627,-0.31426541192239466,-0.04818193872906085
628,2.762559617498603,-0.97798140202226
629,0.5083010149598581,-0.12118859524005521
630,2.3257608257626954,-0.9331016990697176
631,0.9110021987917873,-0.3396349581184609
632,-0.7184077612567394,-0.22744714799604315
633,-2.400478025509758,-0.9439296078804322
634,-0.2799589309453001,-0.03843056522686128
635,-1.1916649800404204,-0.5083718851019203
636,0.34322181245394034,-0.05719952704607423
637,1.8015434023686403,-0.8026505601644919
638,0.47170098119434556,-0.1052857700423534
639,2.609181321633706,-0.9667570839125816
640,2.3607271912110326,-0.9383644482214664
641,0.7031841696026135,-0.21904206278328442
642,0.04159546477121179,-0.0008647172611291332
643,-1.2297140350813462,-0.5305053164490227
644,0.03724405826763144,-0.0006933194810211374
645,1.9944506098112393,-0.8631564008712114
646,1.7081284166771171,-0.7674968123973857
647,2.7253698953224053,-0.975615815502324
648,1.2272320525834424,-0.5290716197495472
649,-1.6464765174067586,-0.742166811968296
650,2.8714347386973387,-0.9837971597704437
651,2.0186138691195694,-0.8696329018726847
652,1.950968658419872,-0.8509001932121346
653,1.2232059872561978,-0.5267428797757225
654,1.2311300453757186,-0.5313226002909301
655,-0.6308673990024456,-0.18044751488729605
656,-0.7125829432089246,-0.22422071474704552
657,-2.804479819548936,-0.9804064241480778
658,-1.465266652638072,-0.6581910014380291
659,1.2801930034177822,-0.5593247471951686
660,-2.7884401604477302,-0.9795075604683968
661,-2.6868772592730394,-0.9729388106045938
662,-1.1288801078920747,-0.4712212354161941
663,1.1523535650138648,-0.4851910249705944
664,-2.954629894112376,-0.9872843136954976
665,-2.384315735269582,-0.9417190946173596
666,2.8280193963665026,-0.9816632283070182
667,-1.0726281175439996,-0.43744453159810104
668,-0.18077361327555153,-0.016206783284945514
669,-2.9099742454472555,-0.9855053411789271
670,0.7619558467683882,-0.2519521677637503
671,0.7028376777745322,-0.21885180798952053
672,-0.10329544901621412,-0.0053207691887592334
673,0.6443238967699165,-0.18744903612358232
674,2.9289004368991556,-0.9862845025484974
675,-1.080898392197158,-0.44243192034326206
676,-0.10532685470485603,-0.0055315176648588205
677,0.3948943601563162,-0.07500854360457121
678,1.4309081416393958,-0.6407544190646619
679,2.9384710052074805,-0.9866642372545166
680,-2.9686250539657717,-0.9878005859308686
681,-1.4156739992420013,-0.6328799732624152
682,2.782529229353276,-0.9791673634299061
683,-1.219696031360765,-0.5247095577574323
684,-2.3798627215396895,-0.9410975908442855
685,0.3434333637966622,-0.05726800148917777
686,0.9261774564569616,-0.3487764757114443
687,-1.6168606707684963,-0.7294015291815874
688,-1.148867659279138,-0.4831220207572945
689,0.30704754517081234,-0.046045304349763394
690,-2.6153140997715307,-0.9672854033594434
691,-0.9299363535554388,-0.35104429180006813
692,-1.707066016741793,-0.767074633634704
693,2.903314558402685,-0.9852220298796199
694,-1.4303064655900297,-0.6404450609430301
695,-0.7599191594235752,-0.2507919505649294
696,1.1424522432878383,-0.47930903161075045
697,-1.863975226504399,-0.8239877743632054
698,-0.26795464020556814,-0.03526308774777398
699,2.893554055118365,-0.9847979886609407
700,0.43661787440200683,-0.09091582208356963
701,-2.279915939738553,-0.9256527315733554
702,-1.929393799719774,-0.844526536894864
703,1.4918745823068935,-0.6713772638026081
704,-1.0169618686286894,-0.4037562512566194
705,-2.2378866851622954,-0.9182482782131189
706,2.72640302526114,-0.9756843895144195
707,1.1631771763109828,-0.4916019482250058
708,0.17865639454876625,-0.015832382704494385
709,1.865364089256861,-0.8244430158460283
710,0.9800564242621359,-0.3813745618021802
711,0.16119196717137463,-0.012907400835442062
712,-0.19235868868137107,-0.01833084086971526
713,-1.7591964838229786,-0.7871965127822722
714,-0.4675258204833259,-0.10352977269408004
715,-0.14453839616500375,-0.01039130739371652
716,1.5647481289734868,-0.7060125952545457
717,-0.5457268414430287,-0.13835238632012103
718,0.7150233006111666,-0.22557089532399444
719,2.553239282386671,-0.9615929950925954
720,-1.337844929468461,-0.5913574752157928
721,-0.2634442152161416,-0.03410623724872197
722,-1.3930661637789348,-0.6210369864853038
723,2.108817241581468,-0.891776319637988
724,0.3778680000703005,-0.06890327434790622
725,-0.8543948393788181,-0.3058000661045859
726,-1.8527486157784068,-0.8202770385232412
727,-0.05144453790868386,-0.0013223951043108695
728,-1.10496574395198,-0.456906969944446
729,-2.641837892280985,-0.969488564296578
730,2.4303187792464005,-0.9478288012464542
731,0.8469134456048826,-0.3013680352195842
732,1.8800041958178975,-0.8291907578505663
733,0.08125545342113583,-0.0032957813054387275
734,0.7283914472052428,-0.23300657512993384
735,-0.05435660460943037,-0.001476229531969242
736,-0.6901111055049638,-0.2118971434066672
737,1.5594043843050116,-0.7035483126213888
738,2.7157055121374123,-0.9749661961719254
739,-1.5027583696782059,-0.6766892548063395
740,2.941206346327088,-0.9867710462529411
741,1.0705024306736899,-0.4361616753718184
742,2.110450646558883,-0.8921486043724357
743,1.5238905877723221,-0.6868651221931836
744,1.401273575222591,-0.6253577904423293
745,-0.00018065207009687612,-1.631758506093206e-08
746,1.90011183376933,-0.8355604889554734
747,-1.5554114831532235,-0.701699061397878
748,-2.8231279503291358,-0.9814080337193903
749,0.7714472726128165,-0.25737602103786017
750,1.3277687266725637,-0.5858325406529354
751,1.758946717679656,-0.787102995638473
752,-2.4682618646022183,-0.9524587876705545
753,-0.9374811096563525,-0.3555998632595525
754,-2.6618359420955278,-0.971064477642131
755,-1.8347878686797368,-0.8142257889083149
756,-2.9807056726316947,-0.9882311980746372
757,-2.760973114530608,-0.9778847147570897
758,-2.807211089598366,-0.9805560060467544
759,-1.952727346536175,-0.8514111294641409
760,-0.26138354413888365,-0.033583790216240916
761,0.9508555818843387,-0.36368602673478734
762,-0.4963978532733102,-0.11591795924533743
763,2.5905764304942025,-0.9651095847134624
764,1.2086057686430856,-0.5182663697367034
765,1.833595020520188,-0.8138188863320336
766,-1.9106459733881052,-0.8388281380509941
767,-0.5657370428697193,-0.14788109398278282
768,-0.9595903755149187,-0.3689731364643253
769,-2.158274867463674,-0.9026142323560499
770,-0.5956509052939105,-0.1625552607866504
771,1.8677511494471846,-0.8252234849644821
772,0.9277500193309081,-0.34972507838613764
773,1.7025665211772063,-0.7652810362699088
774,2.2997776947246225,-0.9289583335438997
775,-2.0376972007667202,-0.874582228334778
776,1.7460899280436983,-0.7822516015798296
777,0.4371934807945803,-0.09114441501016923
778,0.68939596873195,-0.21150830149947186
779,-1.8244188966767996,-0.8106678038648744
780,1.8465288606265826,-0.8181975128362163
781,2.621071162644447,-0.9677748159839702
782,0.4484165513852787,-0.09564988822189935
783,-0.7606469280289527,-0.25120638030381803
784,-0.14007071804292215,-0.009761942884072283
785,-0.703887450730659,-0.21942837227451073
786,-1.133913769737396,-0.47422410838350093
787,2.202776118667587,-0.9116201533574242
788,0.3396766126629238,-0.05605757068839834
789,-1.1697572660710696,-0.49548919933375235
790,-1.7876631385405302,-0.7976729332087987
791,2.752234591252761,-0.9773455192869991
792,-2.3221348262989583,-0.9325355897532349
793,-0.034709832760301484,-0.0006022048469556118
794,2.9437815216547127,-0.9868709089971726
795,-0.20337916829060365,-0.020469146684112594
796,-2.411420170422332,-0.9453864696957188
797,0.5754120287359488,-0.1525720867074063
798,0.0800536772040874,-0.0031991673407143484
799,1.8284925351672312,-0.8120712684607355
800,-2.6912078410244815,-0.9732521135986598
801,2.820119747237457,-0.9812495531411805
802,2.854102895462039,-0.9829729439708407
803,-0.2853885229966169,-0.03990525293326985
804,0.6558532150820469,-0.19351640279300408
805,2.43924582764304,-0.9489505293584706
806,-2.3336687042179767,-0.9343228896387189
807,0.09890879306845424,-0.00487953089305837
808,-1.9077973905189411,-0.8379492046956798
809,-1.036005365082171,-0.4152983478921545
810,-1.276515091169177,-0.5572479574443749
811,-2.0714130747438277,-0.8829759796489012
812,-0.5078001130039267,-0.120964923760146
813,-0.17712059809617298,-0.015563470866343798
814,2.775243860530071,-0.9787413039769027
815,1.975108224890958,-0.8578007804487591
816,-2.784191880588981,-0.9792635490940234
817,-1.0260123597552169,-0.40924309897776223
818,-1.6456042841856808,-0.7417963669701888
819,1.8985252076539538,-0.835064201705863
820,-1.2160313083453023,-0.5225835324525328
821,0.7551260635559993,-0.24806672267544094
822,1.6396317471877095,-0.7392507687137659
823,0.027180680343577013,-0.00036932647415066633
824,-2.940639986930376,-0.9867489934893489
825,2.7867795173168,-0.9794124764394425
826,2.450505281070046,-0.9503366511828831
827,2.6898536064705763,-0.9731544769741398
828,2.4784216774659438,-0.9536385510027866
829,0.4663582335376186,-0.10304088797960098
830,1.2667792514964784,-0.5517323697629921
831,-2.052300015136864,-0.8782721758440176
832,-2.41064302237824,-0.9452840428379882
833,0.9203250820447275,-0.3452482536000204
834,2.694504386673758,-0.9734885070796794
835,-1.3634818833249989,-0.6052653149099883
836,2.004058576224475,-0.8657599130401312
837,0.2398480130677667,-0.02835380207344329
838,-2.7125722622253363,-0.9747523990308439
839,2.705516182008477,-0.9742651430779012
840,-2.2178777425710727,-0.9145215379393233
841,2.4712077098822194,-0.9528034165097059
842,-2.2824605156236117,-0.9260830418224144
843,2.3630676357024187,-0.9387042227755101
844,0.30400603688121386,-0.04515841823501565
845,-2.3904726963809115,-0.9425695056384441
846,0.7973244484340958,-0.27229762362356347
847,0.4039590549019767,-0.07835158706029755
848,1.1095060655449247,-0.4596303598158684
849,-2.6705263824980117,-0.9717272144912664
850,1.5433920950825328,-0.696091794747939
851,-0.6951700279705544,-0.21465383501269486
852,-2.6591470876220544,-0.9708567401761727
853,0.2943935802597233,-0.0424082978655701
854,-0.9302982485627656,-0.35126269665116716
855,1.9178947800229302,-0.8410491419846745
856,1.8175309440354441,-0.8082780945952075
857,-2.4784103864861216,-0.9536372536176483
858,-1.6783327627034699,-0.7554658803620964
859,2.946249342620481,-0.9869659823177229
860,2.6733712790672426,-0.9719413129966574
861,-1.8060616678813144,-0.804252433154225
862,0.11880933180894582,-0.007032980681692558
863,0.3782238402584843,-0.06902852071542409
864,-2.4192632669603134,-0.9464113173308503
865,2.1556909197897296,-0.9020699343459934
866,1.382207464990815,-0.6152835610000977
867,-2.050131376837639,-0.8777294823469799
868,-1.37114351221091,-0.6093789089833959
869,-0.4178905008013478,-0.08361274421947307
870,-1.3796715452007338,-0.6139339407932096
871,1.5490910251145795,-0.6987580456377928
872,-1.098718509062309,-0.4531557112043956
873,2.777769624415427,-0.9788898654452883
874,-0.27756590558547645,-0.037788902166521976
875,0.267190093782371,-0.03506570988600721
876,2.158477663345975,-0.9026568497350833
877,-2.8854364354453033,-0.9844371981894715
878,0.06519112954065909,-0.002122685595113416
879,-2.0641867049676974,-0.8812141962779021
880,0.8014641618592226,-0.2747018021938864
881,1.3411787919899307,-0.5931783012113245
882,-1.6549948145870879,-0.7457669513252201
883,0.0034918720140653114,-6.0965664971934785e-06
884,0.41639226240294036,-0.08303984403958775
885,-1.3672620697405486,-0.6072974341987651
886,-1.213599528873218,-0.5211710810154853
887,-2.882286983745618,-0.9842952038863761
888,-0.42630579230689847,-0.08686204978682421
889,-0.5627182333983693,-0.14642844668912913
890,0.6418294905439295,-0.18614458163016145
891,-1.582290875457943,-0.714016798893923
892,-2.828872435675438,-0.9817074174906888
893,-0.27769427918429823,-0.037823195118902087
894,1.7120292481868358,-0.7690426166917959
895,1.0673125930648846,-0.4342359076646396
896,0.19880874701950724,-0.0195684616105829
897,-2.8472071558132295,-0.9826349253524093
898,-0.10502209173567945,-0.005499641172558967
899,1.443614319751651,-0.6472554548297813
