,data,labels
0,0.5261067154547789,-0.1292445737192428
1,0.32821416665792746,-0.05243739430616501
2,0.7782678299130446,-0.2612904065082743
3,-2.2333312477575733,-0.917411450263181
4,0.8126088425471787,-0.28119600448173476
5,-2.8606041260505215,-0.9832863241746763
6,1.0342490699659432,-0.41423439996265454
7,-0.722742612773895,-0.22985651871296886
8,0.014232799782102568,-0.00010128116553509425
9,-2.423827583740558,-0.9470003557571074
10,0.6490095784089092,-0.18990739965255987
11,1.709563901026522,-0.7680664488612424
12,0.16853814790990906,-0.014102173166999465
13,1.0604653558973718,-0.43009943772959314
14,-0.9991273667786245,-0.3929400616182944
15,2.1626808866872835,-0.9035368596434169
16,0.7960674115105588,-0.27156848196428385
17,0.633574579036341,-0.18184900880519772
18,1.2800036102198051,-0.5592178960922143
19,2.356078093415648,-0.9376849301718133
20,-1.3810684741284425,-0.6146776665038836
21,-1.478581564842787,-0.6648247407259354
22,1.7149661785345796,-0.7702019724088885
23,2.6532068810082157,-0.9703932640219252
24,2.286173252759748,-0.9267072857112182
25,2.4900991874857894,-0.9549641744113649
26,-1.7766800112492769,-0.7936736068234865
27,2.490798966496225,-0.955042592874205
28,1.8605672194162377,-0.8228671368945695
29,0.17609823200253505,-0.015385705472621525
30,0.7720988952589325,-0.25774939632171645
31,0.8332247992764485,-0.2932878105773161
32,-2.5151260756203335,-0.9576983669855561
33,-0.8854561655810489,-0.3243069070773571
34,2.66219796520749,-0.9710923497099878
35,-0.9585699028219015,-0.3683552386256028
36,-2.517786970519857,-0.9579806736127875
37,0.9158086252602011,-0.34252774862352187
38,-2.9126106472967352,-0.985616166711324
39,1.1018380950404625,-0.4550294888918339
40,0.8090072994818378,-0.27909391394607985
41,-2.886772083674461,-0.9844970745094587
42,-2.864080658345901,-0.9834518176131042
43,2.1165383570419776,-0.89352736853581
44,-2.5967496372931476,-0.965663774303827
45,2.662877608597565,-0.971144613004704
46,-0.8917604075159149,-0.328081558208699
47,-1.9727794659957683,-0.8571456087837794
48,-1.3758664548459438,-0.6119046611220511
49,-1.002669131369677,-0.39508824645593277
50,-1.5867941637876797,-0.7160502119562797
51,0.554392553981204,-0.14244979363130006
52,0.3887333735469558,-0.07277295401417716
53,0.3234141115823257,-0.05095431727951982
54,-0.008022200030317173,-3.217732896187986e-05
55,2.1210571021504787,-0.8945419056883974
56,-2.2379031654562405,-0.9182512932563568
57,0.4830183337404703,-0.11010638344817725
58,-1.4532910011470257,-0.6521651104131887
59,-1.4417338831976334,-0.646297210077448
60,-0.4339605048110764,-0.08986365394759699
61,1.7294273708526324,-0.7758544173133471
62,0.8948355201992593,-0.329924779908251
63,0.4412627372426603,-0.0927673906821983
64,2.389789620770838,-0.9424756657163658
65,2.613677665785433,-0.9671451357460821
66,0.2629535136586352,-0.03398148199189599
67,0.9526146883465616,-0.36475045448623855
68,-1.978690769551603,-0.858804324442366
69,0.838789210545893,-0.2965677208818027
70,0.021697431156986635,-0.00023536155752801324
71,2.483856569212742,-0.9542595260315749
72,-2.322907262552711,-0.9326565123684525
73,-1.297479158297689,-0.5690340020718505
74,-1.2438000206538755,-0.5386135245647367
75,-0.5111507452189281,-0.12246421352757397
76,1.0241064163649893,-0.40808780598535244
77,-1.2763942259800032,-0.5571796448618597
78,2.3378307528158455,-0.9349582764602964
79,-1.1224744877202022,-0.4673946112266322
80,-2.596834681527562,-0.9656713563542391
81,-0.2254916123419699,-0.025102784574991044
82,-2.3739496658614905,-0.9402638854724303
83,1.1806969960539284,-0.5019340087794304
84,-0.38700243762957554,-0.07215022841235774
85,0.9242939567550983,-0.34764061129598556
86,2.499900958592865,-0.9560521863058679
87,2.334124845855169,-0.9343927714649239
88,1.3421165873629448,-0.5936898387361165
89,0.2335921448417393,-0.026913835351508708
90,-1.9280408780715732,-0.8441203141362101
91,-1.450882158170487,-0.6509463062925169
92,1.2427885522029527,-0.5380329416629823
93,1.499984616250229,-0.6753400410351498
94,0.10620861280803506,-0.005624259018538691
95,1.9253495232958526,-0.84330991312508
96,-1.2863518984481126,-0.5627939144137946
97,-1.4921853908009843,-0.6715296225323235
98,1.147153582441355,-0.48210391805494324
99,1.562930445195171,-0.7051757279965829
100,0.38232725570261294,-0.0704801023578212
101,2.789750568664048,-0.9795823206304302
102,1.59029136747633,-0.7176233092861746
103,-0.06358875021986687,-0.0020197221879013627
104,-0.03728074521217195,-0.0006946855759555337
105,2.68895024645108,-0.9730891765333639
106,0.5866632237278306,-0.1580939655749628
107,-2.12071244872374,-0.8944647907826037
108,-2.925398404295642,-0.986143182260784
109,-1.973642917584059,-0.8573887929198071
110,2.350324322421347,-0.9368354599394869
111,-0.8636845610655861,-0.31131790189025277
112,-1.3653336868690884,-0.6062613986642
113,-2.929173945509752,-0.9862954858651479
114,1.4945320554366361,-0.6726787034962906
115,0.919435098264969,-0.3447120030359433
116,-0.8410048240901329,-0.2978755118081432
117,-1.1663969318923295,-0.49350503765966625
118,-1.1392665308183156,-0.47741316320101057
119,-2.5169266721945878,-0.9578895746781757
120,-1.771431230614414,-0.7917433992997855
121,-1.6658761247361664,-0.750319113750124
122,-0.019738216194108205,-0.00019477961724945203
123,-0.47419827777267454,-0.10634188917393061
124,-1.713677085023981,-0.7696935753954117
125,-2.0376174542818086,-0.8745618467914691
126,-2.1419798336838656,-0.8991417087173817
127,2.7190441684314903,-0.9751922852347074
128,-1.6637943580253685,-0.7494522688006849
129,1.131285301223163,-0.4726565402186267
130,0.04663139546561368,-0.001086652686444256
131,0.35433450967786895,-0.06084662304683763
132,0.8335475294325532,-0.29347786151379984
133,-2.298881542232893,-0.9288117977200887
134,0.8381012489347972,-0.2961618513440284
135,-0.5497225520885647,-0.14023608265639365
136,2.321017141679702,-0.9323603064784285
137,2.2848717801536678,-0.9264889486726887
138,-1.08896761773569,-0.4472918841464256
139,-2.682749631874331,-0.97263725312149
140,-0.6132947027667344,-0.17143931355379227
141,1.8992004407027183,-0.8352755427351094
142,-2.3168408694925384,-0.9317020691082845
143,-1.4714436001021718,-0.6612771759255502
144,0.37872939764208446,-0.06920663729255361
145,-0.8400195921731743,-0.2972938420958545
146,2.75052629203383,-0.9772387884953062
147,-2.166957648803316,-0.904425834027196
148,2.993328634015877,-0.9886666792758497
149,2.405243218478926,-0.944567957614591
150,-1.59724843413662,-0.7207369975780153
151,-2.3104112381901185,-0.9306784909317378
152,1.0034034326272376,-0.3955336185603955
153,-1.296231344551973,-0.5683360337378383
154,-2.071110074063041,-0.8829025130636562
155,-1.5645212332417144,-0.7059082085722754
156,1.18868849054933,-0.5066271801122935
157,-1.8174831424094868,-0.8082614371123831
158,1.2138481689336853,-0.521315560382774
159,-0.2679781943241535,-0.03526917687084541
160,1.7080229629843267,-0.7674549294795966
161,-0.8768685174903119,-0.31917446731533383
162,2.0340972259513794,-0.8736596423056813
163,2.190883233297048,-0.909280656081798
164,-0.3362396584491165,-0.05496050050733736
165,0.6901496974600381,-0.21191813304996365
166,-2.124792012555689,-0.8953747696299064
167,-0.5891954775657839,-0.15934645121777757
168,2.3592421857244625,-0.9381480619188939
169,-1.1005037343499133,-0.4542281428789543
170,2.863110637646403,-0.9834057870472003
171,-1.6856953541813484,-0.7584755125096437
172,-1.5593331838661064,-0.7035153964327028
173,-2.2167207935585616,-0.9143019783547272
174,-0.6531532707628709,-0.19208998767982965
175,2.695709945007783,-0.9735745060217884
176,0.3476852856884638,-0.058652132278386615
177,-2.6084199607917764,-0.966690989930241
178,-1.6009483258730561,-0.7223843764290094
179,1.6983020017972628,-0.7635727772573465
180,1.3677357108055714,-0.6075517067209544
181,1.7470077741616317,-0.7826003863619717
182,0.22848535160536887,-0.02576504540758706
183,-0.41808931846379593,-0.08368889629709675
184,-1.1718742556201769,-0.49673813374367026
185,-0.7766261025522501,-0.2603469481525794
186,-1.2314071332691456,-0.5314824715079796
187,-0.32076342776660294,-0.050143718341173926
188,-2.9642001033957093,-0.98763939804757
189,2.000833845126233,-0.8648902729747583
190,-1.2301811178507116,-0.5307749577314544
191,-0.1542822286375909,-0.01183096028169972
192,-0.9798378537986627,-0.3812420457747836
193,-0.7506861478636049,-0.2455489243607598
194,-2.982628827964194,-0.9882984897311539
195,1.7689022966462673,-0.7908090206661691
196,0.005587559552429955,-1.561028903418471e-05
197,1.721791100156489,-0.7728812558501233
198,2.5174427031657,-0.9579442383052802
199,-2.1950808270515485,-0.910111918254409
200,-1.1091610279982207,-0.4594234874111147
201,1.5249762751003981,-0.6873829499605404
202,-1.1726600161641512,-0.4972014855148792
203,-0.6907825196652868,-0.21226240412327424
204,1.327934005018533,-0.5859234259730324
205,-0.9785406936553631,-0.3804556215544306
206,2.419067122290542,-0.9463858831263264
207,1.5739063429091793,-0.7102076329501739
208,-0.07308954817590152,-0.0026674769701495737
209,1.8439352532346254,-0.8173253558059562
210,1.3724727482836743,-0.6100905406761796
211,1.47669472772205,-0.6638889472336167
212,1.6366208363087225,-0.7379615108662614
213,-1.8174958930543847,-0.8082658804416929
214,-2.1328407007312995,-0.8971521664573889
215,-1.4462029707625592,-0.6485723834754245
216,-0.7557980330951031,-0.24844834283967565
217,0.9452862812227689,-0.3603173447236744
218,2.156229462491721,-0.9021835726721091
219,1.828831609130396,-0.8121877578710106
220,2.059287212024283,-0.8800082046718949
221,-2.899647226678975,-0.985063942449253
222,-0.9026287941452793,-0.3346016332970331
223,2.9349203864516227,-0.9865244566126011
224,2.2622117521942817,-0.9226025160393342
225,-1.1913418868424106,-0.5081825882369941
226,-0.8760607093388808,-0.31869226176506893
227,-1.5732455670022854,-0.709906155622114
228,2.0467673949384873,-0.8768840130359377
229,-0.4034318403828978,-0.07815540797257114
230,-0.8951502382517376,-0.33011349369540677
231,1.8227998772590661,-0.810107982298468
232,-2.592708937259805,-0.9653018815441371
233,0.04890311840480077,-0.0011950428617347741
234,0.27109792604107597,-0.03608006495352556
235,-0.40762885208507615,-0.07972306738818968
236,0.36083990145123,-0.06302878466256501
237,1.9654264911667134,-0.8550622075337388
238,1.332458800054587,-0.5884082121197918
239,2.4237829328534763,-0.946994619557305
240,-0.08166718003428919,-0.0033292099970596567
241,0.49955577693850417,-0.11730715000025127
242,-2.785102522019532,-0.9793160662844942
243,-1.9074659093080983,-0.8378467004340439
244,1.480564459144726,-0.6658066491838759
245,1.529424607887913,-0.689499514997983
246,2.189911555341351,-0.9090873669592147
247,-2.2414615496250514,-0.9189002125922605
248,1.7122006677205368,-0.7691103904162121
249,-1.0230353973965798,-0.40743855823226494
250,-0.09633954077520901,-0.00462990236295191
251,0.75382023573016,-0.24732554391370343
252,2.533780276725553,-0.9596442441097075
253,-1.3549809727482671,-0.6006778196034264
254,-0.903895995888075,-0.33536282298385245
255,-0.0764185412761682,-0.0029156379729926574
256,-2.757839199617637,-0.9776926381116371
257,-0.20393937467716583,-0.020580896183729602
258,2.433014724777891,-0.9481696982817905
259,-0.5275866206200188,-0.12992322241413734
260,-0.7220132384977962,-0.22945063561278434
261,-2.5919563564928394,-0.96523412153126
262,2.963031414199497,-0.9875965123121122
263,0.36482587979204606,-0.06438289427903332
264,-1.9719847905629029,-0.8569215227228558
265,0.08895312314606674,-0.003948513099808482
266,0.24006225656928404,-0.028403751982047587
267,-2.855208303144285,-0.9830265891528576
268,-1.1348446529466838,-0.47477902131119964
269,0.8178765332375963,-0.28427625094282183
270,1.7044497178830769,-0.766032817782999
271,1.7759178132329625,-0.7933940740862343
272,2.5106443105411476,-0.9572192663893692
273,-1.2763626430949233,-0.5571617936548043
274,1.1186468419128648,-0.46510530244591275
275,0.024048006188025717,-0.00028911150002297603
276,-2.034048948060266,-0.8736472349774674
277,-0.614364634820634,-0.17198329713589067
278,-2.1335938414609856,-0.8973172704398579
279,-2.2842642258590624,-0.9263868445556738
280,-2.083216971436408,-0.885810562244113
281,1.9094400583419358,-0.8384564750347498
282,-0.7838249618911157,-0.2644897371300017
283,-1.2636191243225416,-0.549936522779935
284,0.5637284890417256,-0.14691399039354935
285,1.7841722009125949,-0.796407579265714
286,2.6015156035169307,-0.9660864865665628
287,-0.2030551991442815,-0.02040465607244124
288,2.318212931236996,-0.9319188972693674
289,0.518602685548986,-0.1258247186839212
290,2.943219372725684,-0.9868491664954926
291,-1.3597152615977777,-0.6032356678358846
292,-1.5278898367306788,-0.6887701824730208
293,-1.9962143619959578,-0.8636371442926642
294,-1.1146424846576404,-0.4627081954036898
295,0.24857576290282468,-0.030422582966237566
296,1.5698079079664637,-0.7083347195238199
297,-2.185532620190372,-0.9082122485710848
298,0.07055823857225718,-0.002486136945016426
299,-1.0121048808190827,-0.40081096412706696
300,-0.43773516635068876,-0.09135975928034967
301,-2.7853523466411003,-0.9793304535399071
302,1.183895205712827,-0.503813755133524
303,2.7271619997129832,-0.9757346600501687
304,-1.6017346285953253,-0.7227337131549313
305,2.2035540090275045,-0.9117714908628699
306,2.5848037576920326,-0.9645844834016247
307,-0.20541903776766457,-0.02087747448461763
308,-2.5657612298887402,-0.9628044200905128
309,-0.6138490741868834,-0.17172109782621248
310,0.8829251840577439,-0.3227931003793858
311,2.3831516187195945,-0.9415571437805875
312,2.005168225738336,-0.8660581872779389
313,-0.03118239093517694,-0.00048605259036671455
314,-2.0782191991191477,-0.8846169158098798
315,-2.783874192880721,-0.9792452005632406
316,2.1395581548792313,-0.8986174759225987
317,-0.8642753173426723,-0.311669316627039
318,1.7543903699273793,-0.7853921318174641
319,-1.8533934226659197,-0.820491656383453
320,2.693019780183322,-0.9733822706480935
321,0.9260039050415063,-0.348671799823029
322,1.4532745580687756,-0.6521567982974479
323,-0.9781289526794046,-0.3802060060847644
324,2.098674782659197,-0.8894423220365637
325,0.3327908892131761,-0.05386961144215763
326,1.0063410992134028,-0.3973153599090232
327,0.24057785128483555,-0.028524132828684157
328,-2.554948352401958,-0.9617602810982165
329,1.7169077038919545,-0.7709662787362183
330,1.694370130719788,-0.7619905903952291
331,-2.91627594095831,-0.9857690012327678
332,0.658788916119371,-0.19507117208558422
333,0.19280280895598922,-0.01841479847554528
334,-0.03302111129020835,-0.0005450483025981612
335,1.2457484407804964,-0.5397311891910015
336,2.017221823684964,-0.8692661815257985
337,2.879504534856501,-0.984168809191592
338,-1.2439780570275691,-0.5387156907440873
339,2.8475737905584335,-0.982653044202438
340,0.8016621226391472,-0.2748168819777559
341,0.27335682296590447,-0.03667262947658456
342,1.0301678743271667,-0.41176157268912994
343,0.7008595032653551,-0.21776652503312632
344,2.5678338201956397,-0.9630017721736552
345,2.187971150234368,-0.9087004004178904
346,1.0278194751215874,-0.41033838276250023
347,0.1638906168535641,-0.013340286165493431
348,-1.0408459986166037,-0.4182300570461577
349,-0.5847383559893284,-0.15714426837018702
350,2.6934395638737127,-0.9734123469529847
351,2.101709615223154,-0.8901447461013943
352,1.5515795833808674,-0.699918028039907
353,2.501152931386228,-0.9561895538338243
354,2.063302518177794,-0.8809972456998937
355,1.86308199452297,-0.8236945468825382
356,-2.550566935757876,-0.961330180724895
357,-1.9251257967779183,-0.8432424079811457
358,1.7338617099762628,-0.7775689726033346
359,2.282176929166063,-0.9260351847178141
360,0.33706137531822744,-0.05522189195916671
361,-1.1152284887567234,-0.46305912398596416
362,0.5916535204601079,-0.1605655973705642
363,-1.519123309088739,-0.6845855573945745
364,-2.217844046104525,-0.9145151495467795
365,-2.082676827316691,-0.8856820163767181
366,-2.0844154211667423,-0.8860953773282135
367,0.04389723957200564,-0.0009630198195156314
368,2.8384279057681256,-0.9821960776304889
369,2.8566763968994833,-0.9830976061355665
370,0.2187443582359574,-0.023640623904245817
371,-1.917782408024407,-0.8410148825782681
372,0.5454315586227083,-0.13821356356559267
373,-2.8075228247231125,-0.9805730151092488
374,-1.8852370185404526,-0.830865210008454
375,1.1938338136568625,-0.5096420220246638
376,2.4871324708987377,-0.9546304436526027
377,0.17538976568941633,-0.0152631047916707
378,-2.1113700756251346,-0.8923577228516286
379,-0.2165342160280903,-0.023170868625080332
380,0.4726851952696216,-0.10570148210744035
381,1.2817247134562262,-0.5601885297260187
382,0.42152609398416896,-0.0850099828226083
383,-1.6308856497405215,-0.7354947029591339
384,2.4132025379276936,-0.9456207833248002
385,-2.025536252469601,-0.871445013418455
386,0.3220287245912541,-0.050529909729485234
387,2.2219184869852455,-0.9152848546315897
388,-0.3484315286456998,-0.05889660258503038
389,2.098590174999295,-0.8894226896300006
390,-0.1759699908956418,-0.01536347774179292
391,0.08987938622965519,-0.004031005631808027
392,0.3296173254333623,-0.05287461346146527
393,2.25313783727219,-0.9210006027960363
394,1.2876645622926866,-0.5635319108202212
395,0.6071103660161126,-0.16830666867245714
396,2.9645042142454763,-0.9876505360059263
397,-0.108546450967963,-0.005873847116577791
398,1.8364957277414726,-0.8148072823349797
399,-1.3453166938516254,-0.5954332361725923
400,-2.016362411892775,-0.8690393900036317
401,-2.746872046908747,-0.9770090132672743
402,0.5951562786313751,-0.16230859490433747
403,0.8215334716306044,-0.286418499689186
404,-1.9651557073915378,-0.8549850556147881
405,0.7270177138938392,-0.2322394498882061
406,-1.1703874283930296,-0.49586105595245455
407,1.2720747817761904,-0.5547356486502004
408,1.1354581987505572,-0.4751446932434785
409,-1.8383699811274836,-0.8154439548271838
410,-0.7312874450915952,-0.23462599076985524
411,-1.0061166119890648,-0.3971792067970574
412,1.910520768086334,-0.8387895786852343
413,2.624803981158352,-0.9680887915792561
414,1.9031482552661254,-0.8365072514102257
415,0.7120959862425558,-0.2239515667862787
416,0.49274123903188816,-0.11431769447490159
417,-2.2989136343002854,-0.9288170495339582
418,-0.5152194533919445,-0.1242945970218583
419,1.6475707586426385,-0.7426310710785398
420,-0.013425278282793052,-9.011498788569217e-05
421,2.789683692191211,-0.9795785110212769
422,1.7607862154183085,-0.7877910864369542
423,2.1834728233208054,-0.9077983068854907
424,-2.6960525890057077,-0.973598904707605
425,0.5187899877252562,-0.12590964326825316
426,-0.9091532554479942,-0.3385228382363775
427,1.745351328286823,-0.7819706581430801
428,1.0572067738269135,-0.4281297112929494
429,1.221604344052838,-0.5258154024077066
430,-2.2036530177442613,-0.9117907381024875
431,-2.3393574691933194,-0.9351900854060934
432,2.3724735039205687,-0.9400542482598125
433,1.3533830530992992,-0.599812801143011
434,0.5698598794561889,-0.14987352045865532
435,-1.8475780575982454,-0.8185494908752984
436,-0.1554113571138016,-0.012003718554001286
437,-0.6410138027659213,-0.18571866122887393
438,1.1466703924260422,-0.4818168327173047
439,-0.3148973777734394,-0.04837114582390356
440,1.2278133119868135,-0.5294075115900201
441,-1.463306868397674,-0.6572087081376808
442,1.795985398390859,-0.8006676557396624
443,2.7448884757699554,-0.9768834477910165
444,-0.23490290789760593,-0.027212568785808022
445,1.5184585385347962,-0.6842669391772864
446,-2.438788575419883,-0.9488935648798097
447,-0.3140678491852209,-0.04812285981441311
448,-2.4718146681910853,-0.9528741632282691
449,2.145745287055144,-0.8999526213264138
450,-2.333722669462176,-0.9343311603918854
451,-2.1758217675704055,-0.9062478032228549
452,0.09275820103011068,-0.0042928014025844785
453,-2.9565872047773034,-0.9873576621354361
454,-1.1768632456169306,-0.4996780808535545
455,1.6550318217764985,-0.7457825219594094
456,-1.9824728068822586,-0.8598580182626131
457,-0.3410153163661249,-0.05648755404393324
458,2.0110281429991215,-0.8676250821924965
459,2.1298940846467556,-0.8965042164658061
460,-1.1997858675288924,-0.5131226637752957
461,-2.91638283156065,-0.9857734367450918
462,-1.477593033512319,-0.6643346462608513
463,1.0036606602692748,-0.395689633066897
464,0.2663783921196603,-0.03485673149808244
465,0.39946694240969016,-0.07668693413738592
466,-1.7367106005029447,-0.77866587800498
467,2.370180647270619,-0.9397274287583008
468,0.6139247866829818,-0.17175959443362632
469,-0.665609747788499,-0.19869863616814798
470,0.3549918604902573,-0.061065549990489076
471,2.839194653971136,-0.9822347884541862
472,-2.0815134853592916,-0.885404781031152
473,-1.797370004575856,-0.8011629167464296
474,2.9425905536183707,-0.98682480762472
475,2.7763316196708008,-0.9788053954317316
476,2.662427549853856,-0.971110013422476
477,-1.9416216769903873,-0.8481629493356526
478,1.0054253716782577,-0.39675996230807276
479,2.7254130364287033,-0.9756186823384864
480,-0.14183324416798015,-0.010007918703214602
481,2.977206173840912,-0.9881078683183455
482,-2.983716250116464,-0.988336387551991
483,-2.9892729074992292,-0.9885283471676334
484,1.8018389901589842,-0.8027556321906488
485,-0.16276417464142146,-0.013158744923973509
486,-1.0529014127175376,-0.42552614533550026
487,2.388817689151745,-0.9423419251908763
488,-0.6905110344245426,-0.2121146891559288
489,2.370674105669888,-0.9397978888079475
490,-0.30186325529375635,-0.04453840760150174
491,0.7343633977910917,-0.23634930511022378
492,-0.4041737809657935,-0.07843154911770456
493,0.907377895908879,-0.3374553472343027
494,-0.18521843117487125,-0.01700665959450709
495,2.467183761136801,-0.9523321377534085
496,2.270701221622148,-0.9240774865704398
497,-2.3308519006295487,-0.9338900022277443
498,1.722402803923564,-0.7731203797612962
499,0.04244087156680898,-0.0009002083587974496
500,-1.7206208902550202,-0.7724233385599368
501,-2.849261643989773,-0.9827362432047021
502,-0.39430901701343757,-0.07479486681350878
503,-1.0537882215720569,-0.42606251971682074
504,-0.9362747412530066,-0.3548711376514787
505,0.8663316893419291,-0.31289303348108544
506,2.116076101331859,-0.8934231580465521
507,2.031037977788878,-0.8728715941481149
508,-2.8266027662044952,-0.9815896375996389
509,-2.3253963250256273,-0.93304496700368
510,-0.2922913087407055,-0.041817582856166546
511,1.4737669778081361,-0.6624341080907667
512,2.9404373748766153,-0.9867410963386966
513,-1.1476374505743232,-0.48239136800853766
514,0.04452404497949303,-0.0009907042188785908
515,-2.8009245638869107,-0.9802102114931133
516,-0.3881997566496782,-0.07258072704281504
517,0.3025574396206978,-0.04473883256529143
518,1.1814681174952453,-0.5023874199017844
519,1.9744830500681871,-0.8576251139410289
520,-0.9865452112533228,-0.3853090924855651
521,-2.5059372643467412,-0.9567111761253821
522,-0.15058781111861208,-0.011274307653731275
523,2.7303565252709703,-0.9759452639712458
524,-2.4652911801518784,-0.9521091253692666
525,2.2583974641871016,-0.9219323525472802
526,-0.43751320186109943,-0.09127149238032517
527,-1.385610051825262,-0.6170908820318566
528,-1.951833192296624,-0.8511515203096771
529,-2.3178954719473186,-0.9318687787751821
530,-1.9361327758481315,-0.846538424053479
531,1.065814228319213,-0.43333103665015604
532,1.8411417424957595,-0.8163826778419606
533,2.1722694023777738,-0.9055209515184351
534,1.842049481970828,-0.8166893724854677
535,-2.6944422249274105,-0.9734840662138932
536,-0.1578203702185692,-0.012376409032445301
537,-2.703595950609355,-0.9741311447038435
538,0.09375560868769384,-0.004385412950837164
539,0.02682819614500609,-0.0003598113065775843
540,-0.6427762964375114,-0.1866393660797634
541,-2.8075356531055964,-0.9805737147800813
542,-0.16535659688115212,-0.01357837287786512
543,-1.0002866703729623,-0.39364321465303675
544,0.907223093546663,-0.3373622848053265
545,2.4230821478055526,-0.9469045237559252
546,0.3163707151768955,-0.04881358409027303
547,-0.8305104700067933,-0.29169027792993807
548,-1.372165484815427,-0.609926095408827
549,0.8890871495887103,-0.3264802639047244
550,1.3453519067210484,-0.5954524012927247
551,-2.652195685919716,-0.970313740348069
552,-1.2281637248976207,-0.5296099654028673
553,2.6729785708471727,-0.971911842144662
554,1.3288925623981562,-0.5864503591077843
555,2.026618866404932,-0.8717266845834779
556,-0.7773428641275197,-0.2607587555922065
557,1.6467636502350356,-0.7422886863464198
558,2.404542756917273,-0.9444745017008679
559,-1.4610486764713047,-0.6560749824165579
560,-2.5687061061510463,-0.9630845652649093
561,-0.8644809188197655,-0.3117916341094158
562,2.7409646451985488,-0.9766333057490723
563,2.289145608009334,-0.9272039662947333
564,-2.53240445557804,-0.9595033556280445
565,1.3871672454427992,-0.6179166434876224
566,-2.7359470041233322,-0.976310017622375
567,2.354314813417531,-0.9374256056401142
568,2.044750763164357,-0.8763750436014603
569,-0.45056481136269966,-0.09652272786134286
570,-1.2508428952603652,-0.5426489286252258
571,2.8238244637081014,-0.9814445605464999
572,-2.4329762967583566,-0.9481648521708759
573,0.1353509323587776,-0.009118113018658613
574,-0.49053506950399406,-0.11335652941107788
575,2.9620087531938024,-0.9875588770567907
576,1.8391384317692765,-0.8157045468643201
577,-1.393864374502982,-0.6214582647243472
578,1.680881346187701,-0.756510400520337
579,2.20021636902619,-0.911120702292734
580,1.4936252364505815,-0.6722349287720135
581,0.33349026238185164,-0.05409002428617182
582,1.6491848822756916,-0.7433149386988289
583,-2.924759522394873,-0.9861172627053884
584,0.8636825360335916,-0.3113166973932874
585,-1.641502212804895,-0.7400496836846595
586,-0.45931402828966483,-0.10011174843241966
587,-0.4657776616908711,-0.10279815062577424
588,-0.9479363249290835,-0.3619200168525286
589,2.1334425435603874,-0.897284119430704
590,1.2547731997101002,-0.544895352220105
591,2.4220105863248893,-0.9467665137646438
592,-1.4598339721811746,-0.6554643164400984
593,-0.3314048519716053,-0.05343400736211379
594,0.781278455553343,-0.26302257084178415
595,-0.3740503194204754,-0.06756591913967114
596,-0.24008806266952742,-0.028409771394327987
597,-1.7796353923154442,-0.7947550355707244
598,-0.24131681349628842,-0.028697089654627805
599,-2.2654093887530564,-0.9231607613456562
600,-0.23029202671754367,-0.026168714761717227
601,1.3504558420846262,-0.5982259811989397
602,-0.1938344724644674,-0.018610546098605685
603,-1.7844098289187103,-0.7964938836487083
604,-0.4638914041817124,-0.10201114119858568
605,1.3003984467382823,-0.5706651207005474
606,0.26833063750656416,-0.035360348496681904
607,2.329856254886124,-0.9337364352556308
608,-1.9369714309406616,-0.8467874586058537
609,2.697985707278413,-0.9737361927654032
610,0.4183222214710165,-0.08377814191805288
611,0.4575298315407266,-0.09937541531996386
612,2.2210592653838095,-0.9151230000727846
613,2.3620327521448017,-0.9385541734275014
614,0.24289841988280436,-0.02906894874739885
615,-0.5109150261397026,-0.12235849902304974
616,2.483716786730634,-0.9542436426453913
617,2.6761768167386277,-0.9721510823585172
618,0.17006070797921025,-0.014356273868040503
619,-1.006826294122603,-0.397609632763959
620,-2.9636507208254708,-0.9876192545257475
621,-0.31630290261884575,-0.04879317939308192
622,1.1090744511481097,-0.459371576642859
623,0.7001372648566733,-0.21737067199651716
624,-2.2763809160560053,-0.9250515726637318
625,2.9280855091606197,-0.9862517312856152
626,2.6781877676502415,-0.9723006092162102
627,-0.807831716426735,-0.2784084648947346
628,-1.5379100420422036,-0.6935141370174965
629,2.5708781582304123,-0.9632900429785636
630,-2.10987158640616,-0.8920167391026985
631,2.4014268915930943,-0.9440572010629781
632,-2.198378461484122,-0.9107607157501945
633,2.947193405817586,-0.9870021911489677
634,0.0008556118090954357,-3.6603571695881243e-07
635,-1.7119497266324364,-0.7690111719981917
636,-2.4635176191258568,-0.9518993471824346
637,-1.763298024784639,-0.7887282294305522
638,0.7391668243907077,-0.2390470861940488
639,-1.6163319205108957,-0.729170129298766
640,-0.29462042153454515,-0.04247226892892175
641,-2.7347200692588074,-0.976230378676697
642,0.3390672711339926,-0.05586234942254964
643,-0.10607118124394743,-0.005609753981595356
644,-1.3628722560802449,-0.6049371422498093
645,-1.7819022745732493,-0.7955818970054154
646,-0.1690771182718489,-0.014191868349398895
647,2.7289558677523145,-0.9758531191378037
648,-0.24943145262600286,-0.030629148652670746
649,2.6872193422764825,-0.9729636736467013
650,-2.6091636883403995,-0.966755554427206
651,0.8767600299126221,-0.3191097017569846
652,-2.114114088282994,-0.8929799617980633
653,-2.0814676106627963,-0.8853938380694079
654,1.119732565568933,-0.4657548746964275
655,2.6897325745840863,-0.9731457359717248
656,1.430252918882438,-0.6404175227376483
657,-2.246823928080199,-0.9198703140051931
658,-0.5900754610631811,-0.1597825275464434
659,-1.1973718222649021,-0.5117118813968686
660,-2.4011860321982934,-0.9440248356635832
661,-1.936785943785624,-0.8467324046420547
662,0.4911296536857934,-0.1136152507137751
663,-2.0696101566177427,-0.8825383169388277
664,2.344753391418217,-0.9360039702871586
665,-2.4425638986631997,-0.9493623141130957
666,-1.6020219992905567,-0.7228613185718614
667,-0.021430746231335007,-0.00022961207712712817
668,-0.3600131970984557,-0.06274955731461085
669,-0.022643794447456678,-0.00025633785332612735
670,2.6698283585263898,-0.9716744691824809
671,-0.8716684569145645,-0.3160722183999741
672,-0.11501454486789608,-0.00659234727060698
673,-1.949375292637244,-0.850436169255563
674,0.5714873820248436,-0.1506627282552232
675,-2.6582643159079224,-0.9707882597341426
676,2.6080552458465016,-0.966659289218105
677,0.3811984089961973,-0.07007943783561088
678,1.5972046858212066,-0.7207174831226759
679,-0.2417875400425853,-0.028807525394672573
680,-0.1871241466189053,-0.017355353450613897
681,-2.206648612268834,-0.9123715050410539
682,-2.803166942743508,-0.9803341658194892
683,-0.6109192941346331,-0.1702337065295988
684,-2.979853121522086,-0.9882012574048618
685,2.89489541123174,-0.9848568912876747
686,0.7014046238023388,-0.21806543870415296
687,-0.3305886632980446,-0.053178252519524905
688,-0.3683089397164414,-0.06557670570570995
689,-0.07258668975515814,-0.002630946742056106
690,0.9521632346001958,-0.3644772641420103
691,-2.9103540168175144,-0.9855213517835926
692,-0.34392016372224354,-0.0574257090783985
693,-1.3325176561150764,-0.5884404899432369
694,2.888967156787978,-0.9845950380436219
695,-2.696282887737042,-0.9736152926931787
696,2.511947523615042,-0.9573590483316666
697,-2.413025342395636,-0.9455975261799979
698,1.839543391527993,-0.8158417698885396
699,1.0652878340671244,-0.4330131029075016
700,2.2949588922482684,-0.9281674927774494
701,0.5574574649590098,-0.14390969560767952
702,0.9760455919090765,-0.3789430527409753
703,0.7098763665784622,-0.2227259032209693
704,-1.6478547403752664,-0.7427514710595036
705,-2.7237085716744187,-0.9755051941910526
706,0.1698794312325349,-0.014325904118994925
707,-1.280237263100251,-0.5593497159916165
708,0.9317722921413027,-0.35215240435723405
709,-1.2491694436353111,-0.541691228965637
710,2.0251235348363252,-0.8713375107490473
711,1.068249390910431,-0.43480155566478884
712,-1.2830921403151916,-0.5609591071606037
713,-0.04832408890889894,-0.0011669273945256187
714,-1.7392298570788836,-0.779632847328791
715,1.3129407494404388,-0.5776439945465961
716,1.144271468466905,-0.4803909602260964
717,0.6245465679551856,-0.1771893747603409
718,-1.3294193080598278,-0.5867397950950853
719,2.217893461747474,-0.9145245179516361
720,1.9585406110908004,-0.8530908135921087
721,0.9243546866434036,-0.3476772298837212
722,-0.8781420566102272,-0.3199348902707314
723,1.7686265099443066,-0.7907069520579507
724,0.3502341837594001,-0.059489053923059365
725,-0.8204885497768899,-0.2858060609152415
726,1.8284541869853221,-0.8120580906937197
727,2.919731113771604,-0.9859117602282967
728,1.0522338662708304,-0.4251223564551381
729,1.7848663808854806,-0.7966596288375662
730,-1.3987155791429962,-0.6240137237782732
731,-0.40966834599644786,-0.08048974008633436
732,-1.137963659861834,-0.47663734676271174
733,0.03028941312655542,-0.00045861907588207185
734,-0.021843474841388044,-0.00023854024132452523
735,2.283434156117522,-0.9262471597516747
736,-0.764090172603952,-0.2531694019468961
737,-1.133767051323817,-0.47413663551946084
738,-1.0095553298985995,-0.3992647648704951
739,2.034012188681526,-0.8736377872659318
740,1.8546694009711526,-0.820915818046354
741,2.349978690373569,-0.9367841313179442
742,-0.15955545828547768,-0.01264830141642248
743,0.3299010432795777,-0.052963221008968775
744,-0.5200096996615646,-0.1264632200391418
745,-2.038452940154645,-0.8747752548168501
746,-2.3093139354536136,-0.9305025644907824
747,-2.9631406463456527,-0.9876005262279911
748,0.5906282732411552,-0.1600566908890586
749,1.6752965072658483,-0.7542177244360461
750,1.161442788481848,-0.4905760367619115
751,2.6258395536810113,-0.9681754311080514
752,0.07736960725602993,-0.002988553420339213
753,0.6562073300934106,-0.19370373537202878
754,1.2048346379267603,-0.5160691490324092
755,0.4301925200163845,-0.08838069258924419
756,-2.8581858092640022,-0.9831703498812858
757,-2.1666145650348794,-0.9043547588148672
758,-0.4568864874052956,-0.09911046466932638
759,1.2545583925696349,-0.5447726799031034
760,-2.4695216554860977,-0.9526064247850964
761,1.6789593875211795,-0.7557229659920232
762,-0.27023877690485953,-0.03585588462817435
763,0.9627462831088245,-0.3708843669310692
764,2.7179423951484267,-0.975117870692457
765,-2.036858695753312,-0.8743677980972536
766,2.4606608033054833,-0.9515598272706324
767,-1.0233992637006704,-0.40765913627088257
768,1.6954841937774825,-0.7624395889828735
769,-1.311279215991815,-0.576722205604659
770,0.24763119458594174,-0.030195335207280793
771,-0.36323868254389957,-0.0638421468987923
772,-0.8227104922627353,-0.2871086660887914
773,-2.9158305862459653,-0.985750507740916
774,-1.618323837351884,-0.7300412261997364
775,-1.5241523045120469,-0.6869899948679326
776,-0.2742728681693203,-0.03691422747418516
777,0.9806606104180453,-0.38174087693190695
778,-1.2587431280418577,-0.5471603235196811
779,1.2264100477765787,-0.5285964711634982
780,-1.921427350654343,-0.8421233949729887
781,1.7668362102559518,-0.7900435387069367
782,2.6241491446341225,-0.9680339017237807
783,-0.3632113215145618,-0.06383284311928283
784,-2.6849078740101984,-0.9727952896478278
785,-1.4073883539482053,-0.628561134429533
786,0.2750503581264434,-0.03711986925271682
787,0.06592522959119496,-0.00217070854552881
788,2.31764860030117,-0.9318297834666184
789,2.2197678594937083,-0.9148792698061701
790,-1.4045637577733927,-0.6270831009181973
791,-1.3729581756048854,-0.610350271698011
792,1.9441171179730183,-0.8488973216523685
793,-1.225495922815866,-0.5280678852483996
794,2.817886472547764,-0.9811311353073643
795,2.8101490856821414,-0.980715795577743
796,-0.6995130671557259,-0.21702872192509604
797,-1.676780708072054,-0.7548283671557905
798,-1.3394335195323228,-0.5922255502272895
799,-0.042148834052750495,-0.0008878677180006456
800,-2.108681926810478,-0.8917454341491801
801,2.3843511628252534,-0.9417240174619743
802,1.6395932885321773,-0.7392343260546719
803,2.186144601250355,-0.9083349502094732
804,-0.5858996355246484,-0.15771697873803336
805,-0.9408235965577361,-0.3576195309566742
806,-0.6674398547980998,-0.19967547705362654
807,1.901926139388281,-0.8361266687217683
808,-0.026878336266832115,-0.0003611572472511648
809,2.0834056393765774,-0.8858554360459086
810,-1.40810006020128,-0.6289330927970489
811,1.962363190445152,-0.8541876336234688
812,-0.10020979717029865,-0.005008417565801393
813,-2.9337276184366674,-0.9864772100118862
814,-2.5417925411457887,-0.9604565282305506
815,1.5146806530312595,-0.6824527777883729
816,2.608321615459065,-0.9666824443705602
817,0.6755971701947043,-0.20404749992234028
818,-0.5804742746405136,-0.1550477750632484
819,2.2397288404539184,-0.9185847469304071
820,2.5792193306156843,-0.9640701257495378
821,-2.187597248092497,-0.908625685220268
822,-1.5462825572668537,-0.6974458089092148
823,-0.9054714794420629,-0.33630946509840876
824,0.04331848597319965,-0.0009378055987142586
825,1.4748050607228826,-0.6629503343144117
826,-2.752499816614733,-0.9773620509684977
827,-0.35502190836606484,-0.061075565741238846
828,0.7113816013925214,-0.2235568804291328
829,2.0795521540597672,-0.8849362067752026
830,1.4682404002079616,-0.6596786417363389
831,-2.062777923564819,-0.8808683840861719
832,-2.5092223733499806,-0.9570663105538004
833,-1.3743123867214844,-0.6110744213332688
834,2.467429314861035,-0.9523610088817376
835,-1.254399009375374,-0.5446816513678995
836,2.678235581663156,-0.9723041560636124
837,0.22458456853045172,-0.02490376882241596
838,1.6448701544768065,-0.7414843156856978
839,-0.02266745100000822,-0.00025687366972682035
840,2.2301911194231128,-0.916830635539074
841,-1.1902219182559817,-0.5075262441226344
842,-1.8096015069856228,-0.805501106919434
843,0.5010629865822827,-0.11797251229395977
844,-2.9313247249284604,-0.9863815845025862
845,1.549891798564631,-0.6991315923247003
846,0.15995471879375334,-0.012711276547885841
847,-0.046064655118722264,-0.0010604135893266253
848,-1.4470907778550908,-0.6490234474770813
849,-0.5109644263894917,-0.12238065089776518
850,-0.639256369398324,-0.18480208351365546
851,2.3409078836838972,-0.9354248011052375
852,-0.3933649082314119,-0.07445078851042708
853,2.2948912536205857,-0.9281563416692222
854,-0.26701734726787274,-0.03502118559730294
855,-2.392195233744221,-0.9428055845968182
856,1.8217496002577054,-0.8097442012398749
857,-2.488400446213589,-0.954773333095954
858,2.0250389584382935,-0.8713154723126314
859,1.5964277146722807,-0.7203707678198401
860,-1.3472086190408552,-0.5964623679711714
861,-2.40095354656133,-0.9439935808071578
862,-2.347641446353503,-0.9364361381680671
863,1.669790572957531,-0.7519438826478881
864,-0.017941158231907117,-0.0001609296287889972
865,-0.4181358197315288,-0.08370671174492006
866,-0.9742267938325035,-0.3778405837818677
867,-0.4832372451149807,-0.11020049554991385
868,1.326438455586155,-0.5851007205087304
869,2.1578683627733835,-0.9025287616256583
870,1.276758920677322,-0.5573857566369834
871,2.1986935591263723,-0.9108225151695244
872,0.3641690041771768,-0.06415885314073821
873,1.8126020300079837,-0.8065551963374707
874,0.31959685711646335,-0.04978886863640408
875,0.06878098812784561,-0.0023626167810807397
876,1.6533243203006105,-0.7450634667579743
877,-1.2783279517918296,-0.5582720906511871
878,0.692513384409744,-0.2132048791882356
879,-1.0712653417039721,-0.4366221370318135
880,-2.7280880681041983,-0.9757958761585662
881,-2.0368109584851015,-0.8743555819162068
882,-2.514318446437616,-0.9576123666282782
883,2.9989323020477805,-0.988855369606523
884,2.6012349374601333,-0.966061716667428
885,-1.202336964486318,-0.5146121845498204
886,-0.12586300670411532,-0.007889461760624883
887,0.587879043863885,-0.1586948854540423
888,0.003959274617668207,-7.837897032625385e-06
889,-1.994587940736645,-0.8631938784559761
890,-1.5666823473286193,-0.7069015702644666
891,-1.343556263011389,-0.594474578615755
892,1.4252124353092306,-0.6378204671072625
893,0.9524300200034035,-0.364638703802423
894,2.7659577590738156,-0.9781872618819077
895,1.7442848054166875,-0.781564552134167
896,2.3425976198379335,-0.9356798166956983
897,-1.735804442054345,-0.7783173735420541
898,0.7413138962423691,-0.2402555455437596
899,0.24997637541172324,-0.030761041343200457
900,-1.3916365285461805,-0.6202818886555597
901,-1.007258980681757,-0.3978720574382061
902,-2.0050180561071405,-0.8660178507768657
903,2.0670577742679432,-0.8819165759787871
904,-2.1324403461234898,-0.8970643161971031
905,-1.3140350731698003,-0.5782506449413453
906,-2.642977046239472,-0.969580268951868
907,2.7328261942181555,-0.9761069941206177
908,0.09817783035966032,-0.004807848305185214
909,-0.920088134294728,-0.3451054753843785
910,-2.8544191686616567,-0.9829883078058924
911,-2.0644590819884967,-0.881280967687445
912,2.0260026065542727,-0.8715664052871285
913,-0.44588837099503253,-0.09462695853011971
914,2.434744416231041,-0.948387437983115
915,-0.763271139612689,-0.2527021284844295
916,2.388253211016422,-0.9422641337598939
917,1.9829373160628405,-0.8599870274672321
918,-2.8949956229583655,-0.9848612837797369
919,2.069077406936814,-0.8824087508114382
920,-2.83016958030053,-0.9817744336592004
921,-1.9333525591130574,-0.845710729541152
922,-1.9160216440197306,-0.8404773674847111
923,1.3139666715602782,-0.5782127365008065
924,-0.5007064691214742,-0.11781499091968739
925,-2.567702412496591,-0.9629892859586763
926,-1.315450396843484,-0.5790347007485975
927,-2.047620218094014,-0.8770987730049543
928,1.9142995204815811,-0.8399503704339745
929,-0.9292349532273247,-0.35062102712526577
930,1.9077966544240343,-0.8379489771244004
931,-2.9204374808314615,-0.9859407894063875
932,-1.4267062646558921,-0.6385911390790097
933,-0.1535955812232479,-0.011726503563348922
934,-2.4211658613686633,-0.9466575091718844
935,0.2808631447123391,-0.03867434171318063
936,-2.3494277355988524,-0.936702240309945
937,-2.5120219397866643,-0.9573670185573084
938,-1.3616460621566375,-0.6042766801984847
939,-1.0021812877660525,-0.3947923560979657
940,-1.53318635808825,-0.691282976837136
941,1.2308752876796891,-0.5311755965391738
942,1.1934601736241603,-0.5094232763846462
943,-0.6840886520497182,-0.208629195711737
944,1.2900887713587146,-0.5648935299006439
945,-1.4569405420858133,-0.6540073931321474
946,-0.5055843666334985,-0.11997747556808536
947,-0.9885776743398429,-0.38654165172092725
948,-2.3111807097566692,-0.9308016414195598
949,-1.7945119025781366,-0.8001396655737439
950,2.838287502699594,-0.9821889811018931
951,-1.771695664564512,-0.7918409366555283
952,2.2170793157181423,-0.9143700647489781
953,-1.9942266683638747,-0.8630952708062628
954,2.689579734019608,-0.9731346942214515
955,-0.049028786645427314,-0.001201188954274679
956,-1.3920104252289667,-0.6204794418623854
957,-1.2541306682348494,-0.5445283786888149
958,-2.439936906116139,-0.9490365236549985
959,1.1373395963981112,-0.4762656447139627
960,2.177182591976564,-0.9065250711609888
961,-1.8099786423238915,-0.8056338140816199
962,-0.6446592407745877,-0.18762463084892533
963,-2.996287702603769,-0.9887666696782708
964,-2.5236441397727543,-0.9585965004737894
965,2.7031660810142153,-0.9741010649989555
966,-1.7243981330250246,-0.7738992224163175
967,-1.6742815194038174,-0.7537995661648844
968,-2.958711743878167,-0.9874368529959774
969,-2.767428164590877,-0.978275819348458
970,1.452360154253575,-0.6516943948401656
971,-2.3828592225894116,-0.941516407685441
972,0.8184009292931642,-0.2845832511286598
973,-2.0265328592868195,-0.8717043246024506
974,-1.5807699394484505,-0.7133280650193047
975,1.0253211523070487,-0.40882413426360864
976,0.6030268533978256,-0.16624917559354346
977,-1.0684362035182402,-0.43491434666025763
978,1.0594355085873826,-0.4294770019671381
979,0.9449421624357415,-0.36010926590097225
980,-2.8924943484509957,-0.9847513114738263
981,2.7665430760981566,-0.9782225510394771
982,-1.8710877642245096,-0.8263102662316753
983,-2.076548255125358,-0.8842157030466866
984,2.866727071027963,-0.9835768285800286
985,-2.1778007333563147,-0.9066508035635394
986,-1.2977422820802167,-0.569181122641012
987,-2.428512393737307,-0.9475993468620356
988,-2.281380689560312,-0.9259006801362698
989,-0.9753120849760011,-0.37849842357490127
990,2.4894122435680686,-0.9548870827164708
991,1.0541550368785924,-0.4262843684779972
992,-2.9563311547510915,-0.9873480882440676
993,0.0739910662900396,-0.002733595849270798
994,-1.2334982687517106,-0.5326883922317691
995,-0.5799640038679663,-0.1547975739775822
996,-1.412787492117298,-0.6313782575596938
997,0.8872623501075978,-0.3253877778943751
998,2.4734083282266823,-0.9530594972939084
999,-1.178168899815232,-0.5004466991838994
