,data,labels
0,1.6835120560185706,-0.7575855517035539
1,1.7901684147137447,-0.7985776791764893
2,-0.10528696637774981,-0.005527340374822387
3,0.9862974951306893,-0.38515887288973005
4,1.3242267439164017,-0.5838827613100093
5,-1.4866030638535457,-0.6687872413534219
6,-1.8642867207480185,-0.8240899490225724
7,-2.803574578379064,-0.9803566261908736
8,-1.588045976679725,-0.7166139033476185
9,-1.6016655335379657,-0.7227030265192408
10,-0.6466918251123572,-0.18869008484128158
11,2.6243630571428893,-0.9680518412155277
12,-0.3849267252954762,-0.0714065823828739
13,-0.781491101041464,-0.26314501532599055
14,1.109514687584893,-0.4596355290983293
15,-1.2518803377441472,-0.5432422837333181
16,2.399300949575684,-0.9437709933863565
17,-1.899815567400745,-0.8354679006636909
18,2.719459821481917,-0.9752203086960692
19,-2.22467016498296,-0.9158015420035289
20,-2.74167561114105,-0.9766788027405918
21,-0.33405894053020546,-0.05426955072502648
22,-1.770895081049398,-0.7915455431636058
23,-1.0339072796832423,-0.4140273316249168
24,1.7190540655580113,-0.7718092644128232
25,-2.2885028163498045,-0.9270967872446493
26,1.5854250832480075,-0.715432941673144
27,-0.6745485237666378,-0.20348383552626081
28,-2.7288980457663534,-0.9758493086531298
29,-1.2456180670796304,-0.5396564334702744
30,-0.41370810102013955,-0.0820177246309014
31,0.9568183338779725,-0.36729478602006105
32,-0.7488371630553092,-0.2445023051153914
33,2.646850856571808,-0.9698903550543931
34,-1.0543376629774879,-0.42639481697842896
35,1.572931422174582,-0.7097627623102717
36,1.0926219550858338,-0.44949066649526803
37,0.30833086747164096,-0.0464219127580312
38,2.6131726775575084,-0.9671017469487414
39,-1.5725350656618515,-0.7095817827343632
40,0.44637716043128073,-0.09482436716231979
41,0.5202443273057975,-0.12656981662280276
42,2.746413423939874,-0.9769800338833472
43,2.6214334516037976,-0.9678054041284756
44,0.7004821774268191,-0.21755968985819474
45,-0.37585738221218046,-0.06819748999042541
46,-2.1247384269458793,-0.8953628566536178
47,0.7183270059140319,-0.22740232935671123
48,-1.1742258810681145,-0.4981245059560063
49,-0.14593373793690478,-0.010591835185797538
50,-2.508561245949832,-0.9569950374729062
51,-0.4532626456542932,-0.09762356562863606
52,-0.5525405780492836,-0.1415703482315206
53,-0.539299341469512,-0.13534257404654482
54,-1.286470553672833,-0.5628606442011796
55,-1.9261334358084397,-0.8435462760392805
56,-2.858815660551305,-0.983200623233727
57,0.12335254369951709,-0.0075790580094288185
58,1.0160700122596138,-0.4032154597927766
59,-0.7910576980564823,-0.268666823180861
60,-0.3639555747265546,-0.06408613394761442
61,-0.5529863223350904,-0.1417818316451448
62,-1.9010373584772549,-0.8358494885289053
63,1.3298668623993875,-0.5869856479316172
64,1.3823284713574253,-0.6153479045309039
65,1.3512744691966816,-0.598670039365484
66,1.444299343430254,-0.647604197692057
67,-1.1175117722284076,-0.46442603775893776
68,-1.6305686207261743,-0.7353579215890987
69,-0.6631021478337518,-0.19736260445509102
70,0.9703065154226338,-0.37546466324109296
71,1.3951343930736275,-0.6221280840089163
72,2.081308249319232,-0.8853558177281078
73,-1.9895748255206929,-0.8618208148797901
74,0.3045611340908301,-0.045319684012851136
75,0.8886843731746668,-0.32623908570295357
76,-0.695636739117822,-0.21490867972502203
77,0.48963895590607454,-0.11296705345651759
78,-2.3727673242082004,-0.9400960233199075
79,-1.6926581242403262,-0.7612995266910964
80,-0.6432911959802179,-0.18690862340380177
81,2.252385210289015,-0.9208665465650977
82,0.6147752232647736,-0.1721922086291232
83,-2.617645515556161,-0.9674843583067165
84,-0.6108332622927888,-0.1701900971726471
85,1.4279543474915393,-0.6392343892636583
86,-0.67439324571518,-0.2034004116019461
87,0.4527283744407349,-0.09740514383291665
88,2.5277700421892773,-0.9590257186436738
89,2.9125161411048914,-0.9856122069403893
90,-2.5625197423215145,-0.9624939758494795
91,-0.5675329221581724,-0.14874777597731992
92,-1.413376917566539,-0.631685157219696
93,-2.870388825663272,-0.9837484339939455
94,-2.7499720358546673,-0.9772040661534845
95,1.4525779656739992,-0.6518045688877311
96,1.4942727383178749,-0.6725518340167485
97,-1.9835992559744788,-0.8601707165181091
98,1.5483472554976325,-0.6984108480417877
99,1.2762477067692766,-0.5570968272585124
100,-2.9491412239409964,-0.9870766170849974
101,0.5304827626578406,-0.13125529817335857
102,1.4402082849137532,-0.6455187947220677
103,-1.2031446280571485,-0.5150834661509813
104,-2.768870322516327,-0.9783623717536387
105,1.835039544239521,-0.8143115601778649
106,-2.5748998443837317,-0.9636679353639162
107,2.5608888263034553,-0.9623369507192109
108,1.550899821493629,-0.6996014326229071
109,2.881651069351295,-0.9842663955426217
110,2.4229283760650695,-0.9468847372405338
111,-0.1368510324254597,-0.009320395860779929
112,-1.1322574541015435,-0.4732364333192146
113,-1.0601934925891663,-0.42993513185424004
114,2.973981508117369,-0.9879932105934705
115,0.22727907399844582,-0.025497201918297963
116,-1.0506989601389223,-0.4241938110463367
117,-0.46930014181431856,-0.10427453314257396
118,-0.6008657268541957,-0.16516385828380775
119,0.3296083133841141,-0.0528718000336752
120,-0.2202918196852126,-0.02397223273789828
121,-2.7128545030535705,-0.9747717221672562
122,-1.8018725180210355,-0.8027675478306764
123,-2.286539655690601,-0.9267686593378284
124,-2.64132330876168,-0.9694470614784018
125,0.7713700263515788,-0.2573317679193853
126,0.920499185609212,-0.3453531672186525
127,-1.5181736347570438,-0.6841303317234508
128,-0.9029506167475523,-0.33479492881451933
129,1.788013485021109,-0.7977996236878381
130,-2.006085367691634,-0.8663043393447782
131,-0.35570699794672134,-0.06130412515966133
132,-2.03383666176334,-0.8735926668299427
133,2.8175458317100777,-0.9811130157257816
134,-1.9350262521175465,-0.8462093932452313
135,2.5844480682248685,-0.9645519100892483
136,1.886493409156138,-0.8312654807802593
137,-0.9729736983295818,-0.3770810773177631
138,-1.0211263821396457,-0.406281242610266
139,-1.334849574723829,-0.5897184688433699
140,-0.033080441996716115,-0.0005470081578060615
141,-1.8936508651526298,-0.8335327689674412
142,0.20338460917076073,-0.020470230609319295
143,2.303639046928307,-0.9295869334943097
144,0.7549756850854754,-0.24798134077064882
145,1.956882769408586,-0.8526132340652656
146,-2.2654481485173346,-0.9231675081097439
147,-2.59512147479092,-0.9655183415160373
148,2.3943220708409285,-0.9430959685836954
149,-1.3346681333488637,-0.5896190946317506
150,0.9654692924944648,-0.3725338021372151
151,-1.181259583427138,-0.502264815647415
152,-2.0686914593702017,-0.8823148189470653
153,-2.1105440481502207,-0.8921698623552411
154,-2.3150652181271876,-0.9314206275139894
155,2.5361504376976267,-0.9598859856752339
156,-2.919802050092603,-0.9859146778471352
157,-2.79330941723536,-0.9797841585193344
158,-2.791065908757319,-0.979657123011742
159,1.8169309028768987,-0.8080689244500906
160,-1.3880056179379212,-0.6183608680831284
161,1.2482225065101975,-0.5411489873913513
162,1.9829251141890873,-0.859983639745683
163,-0.5347781254010551,-0.13324057602454042
164,2.4387422132001877,-0.9488877861234422
165,2.151019249029037,-0.9010798089375962
166,-0.9353944914600483,-0.3543394820417328
167,-2.0559401600078404,-0.8791789762267873
168,-2.0263512674285717,-0.8716571049820657
169,1.4907759230866553,-0.6708383878305456
170,-1.6762470611972224,-0.7546089221844582
171,2.0230229027248594,-0.8707892946699703
172,-2.2356323543039007,-0.9178350126087373
173,1.2809075850748037,-0.5597278060617983
174,-2.791588439828439,-0.9796867725922823
175,2.006063413180282,-0.8662984509396204
176,0.6705484375261319,-0.20133812142105745
177,-1.142368548548353,-0.47925924401948194
178,-0.06507587140784565,-0.0021151943366984893
179,-2.6050652520336897,-0.9663984298912163
180,-2.4300923275033464,-0.9478000822672277
181,-1.266639826450408,-0.5516531937610152
182,-2.5394755184608906,-0.9602230609084711
183,2.2720561659809517,-0.92431078588708
184,-0.5219572741815783,-0.1273491082596626
185,1.187319748019175,-0.5058242678811793
186,-0.14147057447132294,-0.00995705867718577
187,-2.1869161303284392,-0.9084894561993405
188,0.42656267917134727,-0.08696207432785685
189,-2.8323578981326456,-0.981887004801499
190,0.6326390446647272,-0.18136428001352123
191,-1.9499133813531273,-0.8505929916469462
192,1.0891575652457721,-0.4474062081350333
193,-1.5878227787433998,-0.7165134468044432
194,-2.6071829420341706,-0.9665833649171948
195,2.704736615807713,-0.9742108155018929
196,2.9271930121799796,-0.9862157613351572
197,0.21738905036285372,-0.02335202066495634
198,-0.6855862633724419,-0.20944042561983622
199,-1.640685774314523,-0.7397011552185732
200,0.6642866713270821,-0.19799335920060568
201,0.20599645479475548,-0.0209937669244451
202,1.775566592294286,-0.79326517835742
203,1.892544250645157,-0.833183666355752
204,1.113963614927851,-0.46230159832434814
205,-0.20575864160796442,-0.020945833218340093
206,-2.111555011388334,-0.8923997473339365
207,-0.940684943335758,-0.3575357342757617
208,1.046706074024553,-0.42177765404629597
209,-0.5457937051767106,-0.13838382862026632
210,-2.708812854168672,-0.9744937954175248
211,-0.43221403881500553,-0.089174991713451
212,-0.2752820576576145,-0.0371812565671773
213,-1.4010373460895371,-0.6252337656917459
214,-1.4876026172234433,-0.6692792030750743
215,1.4105678928196559,-0.6302214219296471
216,-0.6449683305872504,-0.18778652549048325
217,-2.1881415403712237,-0.9087344326841988
218,-0.8950928971164451,-0.33007910935607676
219,-0.7044487621864945,-0.21973683819644974
220,-2.5415732504488195,-0.9604344818445643
221,0.05247461198870562,-0.0013758451077703349
222,0.9773963294628336,-0.37976186899880005
223,2.583605705843034,-0.9644746666543365
224,-2.2203232341497867,-0.9149841553360724
225,-1.2508028415106989,-0.5426260146957643
226,0.43888230980038756,-0.09181651147952152
227,-2.376662995822196,-0.9406476461280977
228,0.9100368004772132,-0.3390542328124775
229,0.3357719669034447,-0.054811978641923
230,1.1743449996658857,-0.498194703006529
231,-0.09598732811890232,-0.00459618862802158
232,0.31472642560910646,-0.04831992989728884
233,-0.5297357618957719,-0.1309112140787161
234,0.263882541278575,-0.03421785965293389
235,-0.9868816569536785,-0.385513120934157
236,-0.5094734697048668,-0.12171277926644064
237,-1.8102675263015475,-0.8057354246147426
238,2.431876102973513,-0.9480259482684033
239,-1.367472750338043,-0.6074105467898822
240,0.03902482402598384,-0.0007611786016066269
241,-2.0488659528582303,-0.8774119640618635
242,-1.2975177481055968,-0.5690555800922729
243,0.7646270221379758,-0.25347579769614215
244,-1.4718639112727552,-0.6614866289939669
245,-1.6681920600316846,-0.7512812091107246
246,-1.2428548451642831,-0.538071001713831
247,-1.4200750527449497,-0.6351637213651127
248,0.9235721826581416,-0.347205426676245
249,-0.2436086443265184,-0.029236676777334547
250,0.9109382029920075,-0.3395964588589989
251,1.8707387182826887,-0.8261968037695158
252,1.2910387936047378,-0.5654266715120189
253,0.20947706768296737,-0.021701382751500242
254,0.39439188349310594,-0.07482510057399183
255,2.579129637028787,-0.964061812935835
256,0.4510768787159303,-0.09673127209283072
257,-0.3110456243632118,-0.04722327593053477
258,-2.2976410258522346,-0.9286085483675306
259,0.6131387768438685,-0.17136008578763795
260,0.9760209170458252,-0.3789280953438958
261,0.22479275122815157,-0.024949379141076755
262,1.0049861324458025,-0.39649355745805204
263,-0.46189634942563274,-0.10118146667462102
264,0.48577413818420556,-0.11129351106802643
265,2.883247694205699,-0.9843386382200404
266,-1.9619426425124629,-0.8540672626123683
267,-0.30496788510712003,-0.04543802197552016
268,-2.523730480683586,-0.9586055212083803
269,0.2497972207676984,-0.030717649113548573
270,-2.0249226382411725,-0.8712851575954413
271,2.205747895290582,-0.9121972000527208
272,2.875690806946116,-0.9839941149473151
273,1.0320811087333635,-0.4129208954507223
274,-1.1405078719383948,-0.4781520948377138
275,2.173033644513077,-0.9056776973697901
276,-1.77962375879577,-0.7947507862672369
277,-2.0648957389802454,-0.88138795128971
278,0.8674902985172768,-0.31358282482325994
279,1.2441131748197565,-0.5387932227512511
280,0.2745840044238719,-0.03699645669152185
281,0.5546374136381651,-0.14256622247782424
282,2.393489124509249,-0.9429823890351736
283,-1.42373406942451,-0.6370569522293228
284,-1.3944897044113886,-0.6217881413897361
285,-2.3605313508189587,-0.9383359471138112
286,-0.1441646623679822,-0.010337917509535832
287,0.1366108946838862,-0.009287867090308266
288,0.7230215412536962,-0.2300117889362543
289,0.9332060233986983,-0.35301795825322146
290,0.14324036860995815,-0.010206458557954323
291,-1.741904548331588,-0.7806563778110602
292,1.0481367098363643,-0.42264345897371025
293,-0.548468611073881,-0.1396439025778724
294,-2.046849225664798,-0.8769046322286931
295,-2.155408902846801,-0.9020103844043361
296,2.920374603475045,-0.9859382075128913
297,-2.4771145214994306,-0.9534881507519413
298,-2.5722588565480002,-0.9634201527769799
299,-0.651632227741104,-0.1912878865820683
300,0.13458379728915215,-0.009015513581456913
301,1.011574581066946,-0.40048936598416873
302,2.3324577486278555,-0.9341370739420346
303,1.9723690855367506,-0.8570299204871372
304,-2.833698381962538,-0.981955660779221
305,2.995778374744452,-0.9887495149453609
306,1.0372508286234803,-0.41605275885503035
307,2.558451827821748,-0.962101277615832
308,2.004473298926861,-0.8658714489968502
309,-2.274149082857946,-0.9246700156978125
310,1.4993284173881705,-0.6750203947160327
311,1.447867494868972,-0.6494178222468387
312,2.6110720506389935,-0.9669207349628589
313,-1.2307548441209883,-0.5311060911013428
314,0.8452053859489972,-0.30035769837324044
315,0.9512182331116916,-0.3639054502116513
316,-2.4492692673712693,-0.9501860379623916
317,1.4779447228618956,-0.6645090514489048
318,2.8251862600043314,-0.9815157951200739
319,2.7913251883451355,-0.979671839826534
320,-2.8965326597651617,-0.9849285149018938
321,2.7000879342065307,-0.9738847913175954
322,2.6544708776519848,-0.9704924117574001
323,2.640652662419961,-0.9693928991117483
324,-2.2522661868472937,-0.9208453296602128
325,-0.15589553427479697,-0.012078174945375775
326,-0.17314059723875097,-0.014877059793514502
327,2.1400321696762,-0.8987202555329907
328,0.8856867065631531,-0.3244448428418656
329,0.42554909985844347,-0.08656770157201776
330,-1.4812730801629312,-0.6661571711309606
331,-0.41061619623431156,-0.08084713339804006
332,-0.843276129386815,-0.2992172225348336
333,1.2624134884544311,-0.5492506720754715
334,-2.8303748205893315,-0.9817850175590955
335,-1.4891429708902726,-0.6700365518624826
336,2.4905651778493976,-0.9550164068589064
337,-0.9477522598934569,-0.3618086845209326
338,-1.3778014789195776,-0.6129372512629638
339,2.151713714185888,-0.9012274902071742
340,1.0429130865024163,-0.4194816414870747
341,-2.328287275953887,-0.9334938476916341
342,-0.1823032194916565,-0.01647992731302428
343,-0.22702535535508872,-0.025441037022009616
344,-0.14626728468967265,-0.010640049207707558
345,-2.883943539878676,-0.9843700318235107
346,-0.4784007218854067,-0.10812886591228554
347,1.1132971860443703,-0.4619023943999786
348,1.6930496392281054,-0.7614576796179613
349,-0.36973706373520265,-0.06606902695747041
350,-1.5888704030791374,-0.7169847734974754
351,1.952889200012315,-0.8514580863500295
352,-0.21724790024391982,-0.0233220619890655
353,-1.6974587292570804,-0.7632340240088794
354,1.3130924715114967,-0.5777281252264362
355,2.140541967755299,-0.8988307030376528
356,0.010678784229439131,-5.70165908018172e-05
357,-1.6840386290895262,-0.7578003885538146
358,0.2887736048588332,-0.04083781299317013
359,2.6222325285233925,-0.9678727826899176
360,2.962604594224894,-0.9875808170648576
361,1.4034643358573318,-0.6265070204650403
362,1.7368378863292593,-0.7787148022108628
363,-2.4871280962306503,-0.954629950012381
364,0.7512101219099327,-0.24584572536168225
365,2.5876382358360273,-0.9648431506735343
366,0.8754310204337532,-0.31831645273692055
367,-2.4623443796756472,-0.951760154150525
368,0.2617130410866473,-0.03366707176203754
369,0.48397677696120933,-0.11051866902380436
370,2.7283133772131016,-0.9758107495827788
371,-2.3280241617207498,-0.9334530954770849
372,2.352875663439428,-0.937213295757252
373,-2.9900582997331364,-0.9885552516993793
374,-1.1934775216240971,-0.5094334333259286
375,-0.18500688035286927,-0.016968164099547156
376,-1.7987553769900766,-0.8016576008452535
377,-0.7067662384428095,-0.2210117042234132
378,1.6937573040135208,-0.7617433684576261
379,2.2483173312465725,-0.9201388207501666
380,1.4391683518793652,-0.6449876752577586
381,2.185094417437366,-0.9081243095667799
382,1.6156845212672089,-0.7288866381422443
383,-1.9296078894795263,-0.8445907476005243
384,-0.6063005131169712,-0.16789792226633782
385,-0.4177665192221909,-0.083565271345583
386,-0.9952681067373357,-0.39059932339117265
387,-0.40325963262530884,-0.07809137510112152
388,-1.1580529786158926,-0.4885693838748214
389,1.9488763531631221,-0.8502906483085895
390,0.8634506028698072,-0.31117874738837703
391,-1.6852598128055347,-0.7582981454423138
392,1.6639308491545934,-0.7495091623526335
393,-2.6744779165775174,-0.9720242177618004
394,2.708352180336693,-0.974461949597837
395,-1.2395603493613476,-0.5361782359961151
396,-1.3552181285618057,-0.600806129048773
397,1.8409100721426785,-0.8163043463084244
398,-1.3411744965887487,-0.5931759575488083
399,-2.3152935604543723,-0.9314568726544222
400,2.2530664601108024,-0.9209878970885197
401,2.1518009772927993,-0.9012460348845454
402,-0.9694873928417929,-0.37496829494201667
403,-0.6464724094097205,-0.1885749759198384
404,2.6451876103139966,-0.969757551041708
405,0.7641247705536331,-0.2531891453117523
406,2.876707309693714,-0.9840408424401252
407,-0.5853099237764368,-0.15742605615814265
408,0.11375023354236191,-0.006448675284156824
409,-1.6864557011952517,-0.7587849491130236
410,-1.8639304891562156,-0.8239730963895454
411,-2.99761897339843,-0.9888113986422278
412,0.6264174390589909,-0.17815166149055917
413,1.5650473437268353,-0.70615021983784
414,2.6919287800430904,-0.9733039663864866
415,-2.3861748494484294,-0.9419769658100928
416,0.584304645384095,-0.1569305662515701
417,0.030915651913468345,-0.00047777459596842764
418,-2.16823756535612,-0.9046906221700324
419,1.6602511015971473,-0.7479724470078777
420,1.0287247109357587,-0.4108870013594581
421,-0.2085033045142124,-0.02150227192824017
422,-0.4208697699818402,-0.0847570059012015
423,-1.7570486282028621,-0.7863914064938012
424,-0.13993632070557904,-0.009743310290249552
425,-0.6466527793469714,-0.1886695991573919
426,-2.397177608957357,-0.94348392931905
427,0.07015833828307017,-0.0024580702009768807
428,-0.9023922316234372,-0.33445955547105743
429,-0.10427943199248135,-0.005422345692573161
430,2.766950034085914,-0.9782470575505188
431,2.7728121492748254,-0.9785974158074376
432,-2.931997709240582,-0.9864084266310088
433,-0.9023519035543535,-0.33443533539924064
434,1.9878018561256887,-0.8613327512398661
435,1.961108241338902,-0.8538282190601186
436,2.5966818528490165,-0.9656577300147442
437,2.0702017265586674,-0.8826820600566291
438,2.539180136460912,-0.9601932141586597
439,2.069944929016536,-0.882619678463893
440,2.576916143766163,-0.9638561477110039
441,-1.191226117856808,-0.508114755180639
442,-2.8899037278251947,-0.9846366700025245
443,2.881860641326414,-0.9842758947524787
444,2.3158489475118547,-0.9315449650844817
445,2.341859095728143,-0.9355684598656044
446,2.461528413256775,-0.9516631497766569
447,-0.9620405001296652,-0.3704569007181221
448,1.617756932014351,-0.7297934859626324
449,-0.769196648032088,-0.2560874130214966
450,-2.822149004028229,-0.9813565891410378
451,-2.758021739359509,-0.9777038655232178
452,-1.276814610165492,-0.557417226984907
453,1.153655814192744,-0.4859634303148077
454,0.03066007232274348,-0.00046990957531356514
455,2.36180480631654,-0.9385210827306207
456,0.8953449662199535,-0.3302302646617018
457,-1.0711781879414985,-0.4365695370517103
458,2.6269625929883773,-0.9682691610189317
459,-0.7549196518074242,-0.24794952805960313
460,0.011721925348266993,-6.869940702280974e-05
461,-0.10098345931512842,-0.005085852561496962
462,2.0503255426607465,-0.8777781466330893
463,-1.421444096364671,-0.635872668078665
464,-2.512977491735455,-0.9574692500732928
465,1.433539366836059,-0.6421056894639513
466,-1.1712386801683445,-0.49636325910060763
467,-0.4644957435223489,-0.10226301907542068
468,-2.683350011552694,-0.972681294881863
469,-1.1934347040553546,-0.5094083642976637
470,2.835907843012201,-0.9820683262579388
471,-0.011979960335864348,-7.175715015694806e-05
472,-2.397176352767922,-0.9434837591314756
473,-1.5884739995463422,-0.7168064870337028
474,1.11582606572662,-0.46341693669975714
475,1.1650719183830667,-0.4927220940028971
476,2.1865344788425913,-0.9084130526453368
477,0.9893269837140704,-0.38699607513629797
478,2.4009139220065085,-0.9439882523309
479,0.3202663873278473,-0.04999238575602771
480,-0.503649439542635,-0.11911780466725086
481,2.2438476073705154,-0.9193330268847336
482,0.3638268678644403,-0.06404229911700254
483,0.8125025489058126,-0.28113391905627094
484,1.1977297736245625,-0.511921148536221
485,-2.3454372127737666,-0.9361065137575222
486,0.046420323129437335,-0.0010768429877416885
487,-1.082426087168494,-0.4433525128705319
488,-2.6335472902473622,-0.9688139894642812
489,-1.7098465444147686,-0.7681785006302245
490,-1.575623854520897,-0.7109903687983236
491,0.21332669498564272,-0.022497216344000925
492,2.2865482026523543,-0.9267700904841915
493,2.8169407951633234,-0.9810807947438146
494,0.6958153257770601,-0.21500621921117458
495,-1.41407512648233,-0.6320485326339917
496,-2.6591103689073625,-0.9708538944955063
497,1.4955505548528496,-0.6731767359349139
498,-1.214908697087732,-0.5219316528915938
499,-1.5038534062563802,-0.6772210430231506
500,-1.0483453727984895,-0.422769729829109
501,-1.4495922919884785,-0.6502927511975864
502,-2.5411657983521136,-0.960393491071901
503,1.7616911890480775,-0.7881290514217494
504,-1.8124549614869299,-0.8065036236786876
505,1.506045560421315,-0.6782841624141356
506,1.6764007125365037,-0.7546721192804919
507,-2.6088529446749247,-0.9667285911359766
508,2.378470334120781,-0.9409021400063092
509,-2.3731322865400113,-0.9401478799396612
510,-0.6530385512574544,-0.1920294544996919
511,-0.3150904076194134,-0.04842900616588153
512,1.2201662188272273,-0.5249821044350356
513,-1.3564584052737472,-0.601476855191915
514,-0.29126664923808576,-0.0415310682989426
515,0.7277242393862071,-0.2326339053817349
516,-1.5565454257068851,-0.7022249166019481
517,-2.8994046593041825,-0.9850534337708758
518,1.4132476532645235,-0.6316178633300011
519,0.46123209873930504,-0.1009058517394309
520,-2.5340708553836744,-0.9596739473054257
521,-1.4355949634998655,-0.6431595263575807
522,0.6484273878722169,-0.1896013879090821
523,-2.1795661414092624,-0.907009159728967
524,1.946628399956361,-0.8496337153427381
525,-0.23400268331059593,-0.027007230435524443
526,-2.0160455128892627,-0.8689556882076532
527,0.3279583006424307,-0.052357846765670235
528,-2.550266841997833,-0.9613005729008999
529,-0.8994121849553602,-0.332670357976094
530,1.738119312502679,-0.7792069347042356
531,0.2575085493601188,-0.032611713114956586
532,-0.050351942290634,-0.001266855905896147
533,-2.688000723727095,-0.97302039167057
534,-0.7942419402174936,-0.2705103725269442
535,-1.5090590313947394,-0.6797423913818459
536,0.7251369452708909,-0.23119029258737323
537,2.4281013061723,-0.9475470119631153
538,-2.638908993771264,-0.9692516928630952
539,-2.4670994812640945,-0.9523222251260803
540,1.4536951543521965,-0.6523693804106547
541,-2.193799029274997,-0.9098587225903566
542,-2.8152960599232335,-0.9809929620980313
543,0.0097304429352425,-4.733963930192431e-05
544,2.8784165991975073,-0.9841191462063916
545,1.7722495707799073,-0.7920451459269451
546,1.5014188810183375,-0.676038088804598
547,-2.412298491240115,-0.9455020397936437
548,2.704885788372554,-0.9742212189165803
549,-0.4261130706470424,-0.08678704174766216
550,-2.7858255563436325,-0.9793576815193552
551,-1.6262440381406056,-0.7334876875269021
552,2.573559951643041,-0.9635424027303091
553,2.3544852029925067,-0.9374507032761029
554,1.881711601034084,-0.8297384125235865
555,2.247171767613887,-0.919932918472918
556,-1.4592307565464449,-0.6551608492657826
557,-2.786326399136251,-0.9793864654360717
558,-2.4733203935820667,-0.9530492868863687
559,2.286172759056681,-0.926707202986372
560,-1.7567549760488024,-0.786281173542605
561,0.3854651720362341,-0.0715991596533525
562,-2.0044783509439026,-0.865872807262331
563,0.203160438370396,-0.020425594610644304
564,-0.4846681329270872,-0.11081645240009952
565,2.2022194859271327,-0.9115117347759711
566,0.9899009323576591,-0.3873441548957126
567,0.23225312532003528,-0.026610294164209458
568,-2.8834627749274,-0.9843483476671597
569,2.9857991382284945,-0.9884086743213298
570,2.157166412751451,-0.902381032582618
571,-2.7461592137986504,-0.9769639572550014
572,0.4719550188051196,-0.10539300590422962
573,-0.3953335785775369,-0.07516905392770257
574,-1.4204092104813564,-0.6353368260727219
575,0.4358190240520883,-0.0905989753526435
576,2.953321243351267,-0.9872350632494769
577,-0.616835809627382,-0.1732419646942822
578,-0.03059390768706116,-0.0004678841018614932
579,-0.880784444865947,-0.3215134473647142
580,2.1502285806141046,-0.9009114589441984
581,-0.8104510775569356,-0.27993621063530005
582,2.096850990930963,-0.8890185311699466
583,-2.0945774720046266,-0.8884884820162795
584,-2.869908124684133,-0.9837259965068885
585,2.790549022573762,-0.9796277566292135
586,-2.0080143722314734,-0.8668209558619814
587,-2.9609564173197844,-0.9875200441365994
588,-2.490138039283922,-0.9549685312179345
589,0.7082453229080965,-0.22182645856724825
590,-2.1859451835467625,-0.9082949813982353
591,1.9180870685059999,-0.8411077534547912
592,-1.6622056786651809,-0.7487894530725634
593,1.5188467047983387,-0.684453005721394
594,-2.70694861255297,-0.9743647108805527
595,-2.771119843573186,-0.9784967801312096
596,0.889295768192738,-0.3266051914950615
597,1.3562254848089657,-0.6013509339517505
598,2.288924493469743,-0.927167112062133
599,-2.813310749695231,-0.9808864675043201
600,-0.347473472181683,-0.058582825807741434
601,-2.692602354951629,-0.9733523342398978
602,2.9849469104689312,-0.988379145917213
603,-2.269217567853278,-0.9238213611107778
604,0.5696535081429044,-0.14977355548853266
605,1.9713979768532948,-0.8567558828964632
606,1.4000849194118228,-0.6247335195263037
607,-2.984480797227104,-0.9883629675635915
608,0.760555207487136,-0.25115414058551333
609,1.3478384774611811,-0.5968047248462997
610,-0.1635693294536713,-0.013288382180405511
611,2.219662968728647,-0.9148594490394409
612,-1.0547548701383094,-0.4266471272469481
613,1.630899033884205,-0.7355004765435165
614,0.2978987190114166,-0.043401794253124515
615,-2.207829044129851,-0.912599523470392
616,-0.03629988178436472,-0.0006586237208957568
617,-2.074555397601303,-0.8837357950496498
618,-1.8764876790264857,-0.8280588487775955
619,0.4971986575950025,-0.11626961088934329
620,-2.5365972852143948,-0.9599314240362267
621,-0.3248315745527899,-0.05139023921109653
622,-2.9683783685983167,-0.9877916491998033
623,0.07725147739943417,-0.0029794479889940773
624,2.9333263181143368,-0.9864612812671218
625,0.2345651625075753,-0.027135442811947463
626,1.9878919729266213,-0.8613575896447679
627,-2.2813943129138052,-0.9259029831183376
628,2.605790663099029,-0.9664618770927247
629,-1.5672344031099388,-0.7071550049685316
630,-2.274096791831098,-0.9246610572079133
631,1.9746644812196195,-0.8576761104936225
632,2.6574773683936055,-0.9707270963739572
633,-0.28482727131173036,-0.03975160888343088
634,0.9496682026362668,-0.3629676549555195
635,0.21842637957125532,-0.023572759215061856
636,-1.566500857186092,-0.7068182243974861
637,-1.4614073596415458,-0.6562551924440545
638,-2.35747260537304,-0.9378893956749119
639,-1.6813960402955623,-0.7567209941733102
640,-0.9610991094828876,-0.36988677222873645
641,-2.9170727886430576,-0.9858020377347688
642,-2.6530025597223252,-0.9703772102808533
643,2.794128875798604,-0.9798303864589389
644,-2.2496089443811913,-0.9203704641306344
645,1.9082490698782788,-0.838088802292604
646,-0.33122659298933677,-0.05337810152039324
647,-0.7181938840549291,-0.22732845299794124
648,2.944899113133931,-0.9869140401835623
649,-2.254398402517973,-0.9212247232864923
650,2.209920492569326,-0.9130023604007688
651,1.3306660636095717,-0.5874245110441192
652,1.5270412837615748,-0.6883665249367674
653,-1.142281842105287,-0.4792076636791164
654,0.3908683941680513,-0.07354430187587868
655,0.23149051060942982,-0.026438155553730303
656,2.9030658343183724,-0.9852113549523829
657,2.228722606334159,-0.9165578939230264
658,1.8239591700407072,-0.8105089579323482
659,0.6780539197272075,-0.20536990270516753
660,-2.202044304359174,-0.9114775918143739
661,2.6988829410195514,-0.973799703845266
662,-1.120535269599251,-0.46623501783748855
663,2.8277982300336504,-0.9816517562019634
664,-0.24850065313676994,-0.030404483068666055
665,0.21820293130145796,-0.023525125948313907
666,1.0850914025387315,-0.4449581018548874
667,-0.7973638111921351,-0.27232046268746957
668,-1.2697824461639187,-0.5534365262404082
669,-0.7340856594759608,-0.23619356383769918
670,-1.7160454752596421,-0.770627058953941
671,-0.5999447608061033,-0.16470210561245613
672,-2.2008701267565627,-0.9112484740902149
673,0.5476248154265058,-0.13924594798569634
674,-2.586073435744279,-0.9647005504105431
675,-1.8915059258179485,-0.8328556274422979
676,-2.093990561120065,-0.8883513324604392
677,2.529301323860242,-0.9591840602385718
678,0.16874988379133793,-0.014137376967561899
679,-0.3350322390866194,-0.054577442478093485
680,0.7636635904874742,-0.25292600289918776
681,-1.976888213378438,-0.8583000526857214
682,1.57652027454903,-0.7113983998210336
683,0.791699878786031,-0.26903839827712794
684,-1.8519497435606338,-0.8200108893547432
685,2.6519732673082963,-0.970296224060929
686,-2.423197028855518,-0.9469193020363516
687,-2.150456514431614,-0.9009600138839048
688,-0.7298055023531811,-0.23379692670196595
689,1.9312739748861585,-0.8450897842369303
690,-2.1158848682256464,-0.8933800234783194
691,-1.9672874534164844,-0.8555916115114847
692,-2.890923960403843,-0.9846819081058749
693,0.5010539072870346,-0.11796849971460177
694,-2.855016345766555,-0.9830172841578173
695,2.3833070496627426,-0.9415787886173996
696,2.9599228799326154,-0.9874818004251201
697,-0.4373703082593767,-0.09121468814155598
698,2.676374752999603,-0.9721658309152392
699,0.7637088159952974,-0.2529518049673074
700,0.4261807922953422,-0.08681339612041594
701,1.4647161473284402,-0.6579152262323815
702,-0.0391388333364624,-0.0007656308924500754
703,1.503245670169945,-0.6769259653051303
704,2.6767044121430192,-0.97219037944419
705,0.7870821437397155,-0.2663690358930526
706,-0.2551062656077425,-0.03201588636678343
707,0.08550848050933935,-0.003649175635574875
708,-1.628497153241936,-0.7344631064132469
709,-2.7598880336947937,-0.9778183737517121
710,-1.6214863186325044,-0.7314206668637294
711,0.10675789533964686,-0.005682417749572677
712,1.1844772593234119,-0.5041556385644689
713,0.5406522700798444,-0.13597401774103068
714,-1.36086108244261,-0.603853601495211
715,-0.07544524380516915,-0.0028419464092246383
716,1.8015223978453632,-0.8026430922533487
717,-0.10461835649220408,-0.00545755340600973
718,-0.21213858505233762,-0.022250121522086164
719,1.4543109960692622,-0.6526805219709606
720,2.9770112896604672,-0.9881009666039082
721,0.39074336525330455,-0.07349903225914156
722,-2.679577834305542,-0.9724035651043796
723,-1.4273880258879874,-0.6389425847292319
724,-2.422576239457533,-0.9468394031616219
725,1.706968676601785,-0.76703592723561
726,2.521160449153088,-0.958336298846087
727,1.2336335520715735,-0.5327663711027699
728,0.39970466682666395,-0.07677463668251094
729,-2.9979437364269224,-0.9888222862118882
730,0.5677101539123557,-0.14883340812112933
731,1.544876342142988,-0.6967875173151772
732,-1.2155539348685034,-0.5223063656449208
733,-1.1913259852252456,-0.5081732710927243
734,1.2282898321031883,-0.5296828176485331
735,0.0076528506284523345,-2.9282632626026484e-05
736,-2.6461953266020988,-0.9698380732399355
737,2.9893172121197384,-0.9885298663679499
738,-0.6823380720098542,-0.20768213442087968
739,1.8986987895864216,-0.8351185497732043
740,0.6029445676080547,-0.16620780622300957
741,-1.8474518888551597,-0.8185071900780927
742,1.3922566149417799,-0.6206094922580605
743,2.7554202319209633,-0.9775433911493397
744,0.38144805771378376,-0.07016795913609652
745,-1.5088601647161228,-0.6796462734866008
746,-1.1577111949086278,-0.48836694759293964
747,-0.17037735093426631,-0.01440939730900681
748,2.8966472205681875,-0.9849335153285371
749,0.5648357340914436,-0.14744683084011834
750,1.5164317296458432,-0.6832943848278044
751,-1.3754896797458604,-0.6117034509229328
752,0.5462071537108564,-0.13857831055385494
753,1.0086247912619362,-0.39870041119133504
754,0.26977031286470776,-0.03573392481352666
755,0.5508436941922739,-0.14076634661477072
756,-1.2284757111382487,-0.5297901931959514
757,1.4965145129580293,-0.6736477122282537
758,0.18807209265569913,-0.01753008445498261
759,-1.1128722920967995,-0.4616478447319079
760,-1.533743143293426,-0.6915464501745159
761,2.1464321459301914,-0.9000999885328393
762,-1.5534439675784075,-0.7007853529999584
763,-2.386447115962665,-0.9420146518610617
764,0.5538799241178065,-0.14220615749877785
765,0.6194258533466828,-0.17456453364356272
766,2.4207802345390608,-0.9466076857868552
767,-0.7827005187253668,-0.26384166256505603
768,0.06836275356956323,-0.0023340050024719394
769,-1.9108002556959658,-0.8388756430262114
770,-0.20487871529739898,-0.020768936117409043
771,-1.6617913226795007,-0.748616395079623
772,-2.420756459916039,-0.9466046128183154
773,2.5294813001069,-0.9592026366647078
774,-0.11811934832318993,-0.006951813791071237
775,-0.014588058805728998,-0.00010640006897078003
776,-1.3746740707635512,-0.6112677207361281
777,1.4511454817645868,-0.6510796494070206
778,-0.24971085406599647,-0.030696741048578113
779,1.536629476321993,-0.6929102023728883
780,-1.619428887010597,-0.7305237341995863
781,2.757485322671304,-0.9776708583318163
782,-1.0556664744083681,-0.4271983900054047
783,-2.5933406818322142,-0.9653586750201237
784,1.6457478645254096,-0.7418573698549003
785,-1.168691057304495,-0.4948598652828011
786,-1.047262291461317,-0.4221142842978701
787,2.605204808711761,-0.9664106439917028
788,2.1303086688037176,-0.8965955738974641
789,-1.4729062980290886,-0.6620057790366577
790,1.728307130093964,-0.7754198832473569
791,1.988958178168497,-0.8616512097966273
792,1.4799331730905925,-0.6654942127631431
793,1.8317994920897744,-0.8132052184508831
794,0.7810766027576515,-0.2629063529644189
795,-0.6005071269305842,-0.16498401011120445
796,-2.3854801489481217,-0.9418807166287076
797,-2.6676247738784413,-0.9715074026372748
798,-1.9987365796646916,-0.8643224219350798
799,-0.7598287119416254,-0.25074045671205614
