,data,labels
0,-1.0923899910188464,-0.4493511375689806
1,1.82526027603795,-0.8109582781284227
2,-2.2486657470731783,-0.9202013602994021
3,1.6340303889723575,-0.736849102357038
4,-1.6123091615957164,-0.7274056309209257
5,-1.3767364072989945,-0.6123690561242093
6,-2.1529216008367693,-0.9014839411098289
7,-1.4150501657987578,-0.6325556814151707
8,-1.1438291303186479,-0.4801279418414528
9,-2.436036081364274,-0.9485495409688843
10,2.5768298514054404,-0.9638481097093656
11,2.1013774751335887,-0.8900680396127076
12,-2.257552900949584,-0.9217833352796081
13,-1.2529846268600668,-0.5438735647312375
14,-2.975754376044226,-0.9880563682819237
15,0.05258978286029059,-0.00138188694434771
16,2.9635262693971356,-0.9876146873820913
17,0.1863783778860606,-0.017218487804284366
18,1.2152211447463523,-0.5221131143142441
19,-1.0844338335255104,-0.4445620457430166
20,-0.41173749672365645,-0.08127081372304168
21,-0.8093661012408928,-0.27930318971543233
22,2.790563736261185,-0.9796285930836073
23,-0.06794573560359751,-0.0023056493910961207
24,2.1151580344007224,-0.8932159550259644
25,1.1041127106678852,-0.45639502181019587
26,1.9295093378806474,-0.8445611919981609
27,1.6809261893164145,-0.7565287533402854
28,-1.0126105532814065,-0.40111762332947565
29,-2.1435792647316374,-0.8994867814321461
30,0.26027732396744785,-0.03330490422510801
31,-1.0404410830172601,-0.41798486335922735
32,0.014931512605167008,-0.00011146882122836654
33,0.6232007815444955,-0.17649825227947802
34,-2.271515220436496,-0.9242177132998808
35,-0.5839219694322058,-0.15674209715249232
36,-1.852694113287571,-0.8202588895544559
37,-2.208343024908316,-0.9126986592095923
38,-2.1520390248672054,-0.9012966095704159
39,0.6760897538205208,-0.20431243590758674
40,-2.7697132211638946,-0.9784128201021649
41,-1.0570657730434705,-0.42804446364564885
42,2.383472757311732,-0.9416018572817634
43,-2.4372574092929202,-0.9487024270877462
44,-2.6444467048903633,-0.9696982310657551
45,-2.690737943994761,-0.9732182700339872
46,-1.231672214209603,-0.5316353976970394
47,-0.7910601391572416,-0.2686682354237392
48,1.262686260173333,-0.5494058779626299
49,-2.5425360248863793,-0.9605311970917556
50,0.22009359765606273,-0.023929631079803504
51,-2.8720065080686648,-0.9838237423869047
52,-2.623927405762071,-0.9680152967962211
53,-1.1788790490190386,-0.5008646143531376
54,-0.7770293037583231,-0.2605785844254649
55,1.9851311503681615,-0.8605951294776023
56,-1.3977987839580768,-0.6235314320987668
57,1.8266156203224906,-0.8114255353562383
58,-1.91456598915339,-0.8400319967463263
59,0.5460499464916602,-0.13850434971769843
60,-0.8080624165063557,-0.2785429522981281
61,-0.3442511783607829,-0.057533059720215496
62,-0.8132749717459191,-0.28158514896676623
63,-0.7401046407750593,-0.23957473246191097
64,-2.664507600619061,-0.9712696256711574
65,-1.0991687872085087,-0.4534262393943155
66,-0.2808371956324951,-0.03866733573516401
67,-0.9902001490543064,-0.3875256209701978
68,1.8087240869391668,-0.8051921150305462
69,1.166151767140434,-0.4933601951720873
70,-0.04714815209656553,-0.0011108566644816298
71,2.4399907318717,-0.949043216396444
72,1.4118694596624763,-0.6309000061335643
73,-0.08051138454719631,-0.003235795015361198
74,-1.3663563563547723,-0.6068109919750718
75,-0.7633237356011504,-0.2527321291889456
76,-2.570291396978524,-0.9632346308539053
77,0.2856182398739433,-0.03996821862986699
78,-2.7629985869391414,-0.9780080894543597
79,1.1323549982486538,-0.4732946110606383
80,-1.965482030904601,-0.8550780281977005
81,0.9137013792967261,-0.3412591737794012
82,2.6897140188684068,-0.9731443956489219
83,-2.027277041707863,-0.8718976982578257
84,2.5731508136662162,-0.9635039978648179
85,-1.3724785009622746,-0.6100936191595214
86,-1.008317633992645,-0.3985141242227971
87,0.607283524075878,-0.16839410918147513
88,1.207077062222103,-0.5173760582379527
89,-2.362148519946002,-0.9385709737398065
90,-1.1640340390015798,-0.49210859400274265
91,0.37837663618313133,-0.06908233185761747
92,-0.3806734355031911,-0.06989345255212853
93,0.9606952333952905,-0.36964218829469186
94,-0.6290987005316913,-0.1795338195362559
95,-2.9544928914119994,-0.9872791655613886
96,0.7242805720929804,-0.23071300493613123
97,0.513187056879997,-0.12337894966844509
98,2.54454323336543,-0.9607321881749873
99,-0.5823829758968264,-0.1559849605633652
100,1.2378180093531022,-0.5351761266523594
101,-1.6629921870657038,-0.7491177333643986
102,-1.550293531600194,-0.6993188918080911
103,-1.2666472040208798,-0.5516573834310625
104,-2.954788173546867,-0.9872902590460401
105,-1.1736713876296636,-0.497797705348352
106,-0.7526990109164897,-0.24668958658516726
107,-1.523148794355016,-0.6865110368752453
108,-1.3876707778436697,-0.6181834776866331
109,-2.395379431787487,-0.9432398799198346
110,-0.9499257140252397,-0.36312344352529524
111,2.1347578924138446,-0.8975720474607864
112,-0.7504098864995035,-0.24539247465826586
113,-1.8531383201930398,-0.8204067696734865
114,2.362527798606769,-0.9386259885424344
115,-2.6040166955324633,-0.9663065383007404
116,0.502932603784263,-0.11879994529568405
117,-1.3874863482526132,-0.6180857543078883
118,-2.882504630585095,-0.9843050531115396
119,1.4216621070981432,-0.6359854986915157
120,-2.7386149297922717,-0.9764823921184516
121,2.8961175795663285,-0.9849103849581045
122,2.983828010806212,-0.9883402763501062
123,-2.5343464904989403,-0.9597021058989583
124,-1.893793479388727,-0.8335777209919331
125,1.6636794541490731,-0.7494043670575612
126,0.7197239907540158,-0.22817798915015752
127,0.7184313700748866,-0.22746025118233482
128,-1.9474034764233559,-0.8498604599014782
129,1.0281725333522127,-0.41055235716218985
130,0.04757177972096116,-0.001130897166188083
131,2.666088687784397,-0.9713904426975826
132,-2.2669568172427024,-0.9234297459222844
133,0.4148792127037071,-0.08246300704281073
134,-2.3791201621863154,-0.9409934233745587
135,1.1106829726960203,-0.46033587998508685
136,-0.6864443283419197,-0.20990564817000845
137,-1.5262778051508705,-0.6880030819443106
138,-0.3394158656315396,-0.05597399440963324
139,0.8973485730866351,-0.3314320424315189
140,2.547844577653459,-0.9610608845860766
141,1.8259150398478994,-0.8111841101311735
142,-0.893347755965344,-0.32903285439775776
143,2.6383634294059615,-0.969207397388896
144,-2.661603537862354,-0.9710465727371853
145,2.9780253878072713,-0.9881368414963204
146,-1.660538208406455,-0.7480925625843422
147,2.7730992958273797,-0.9786144507182776
148,-1.626370315667378,-0.733542414487555
149,1.0281887455348429,-0.41056218261388777
150,-2.524213972627169,-0.958656004919155
151,-0.5407800908175142,-0.13603373260944673
152,-2.74826145752663,-0.9770966140085433
153,2.8783928165337853,-0.9841180590273687
154,-0.8965531806997102,-0.3309548972141445
155,-2.2956153605116776,-0.9282756472860747
156,-2.594092797534402,-0.9654261865825264
157,0.8557462315514552,-0.30660177557049584
158,0.21596903578022975,-0.023051472151465746
159,-1.5564994747908516,-0.7022036178846688
160,-1.1645252989046069,-0.49239900650021073
161,0.28474032057187726,-0.03972783076304709
162,0.02519902159274512,-0.00031744494830254766
163,-2.439030124806835,-0.9489236636858
164,1.836625193222761,-0.8148513105921816
165,-1.0826199299329047,-0.44346930710870947
166,2.5937942242641814,-0.9653993994078025
167,1.3704123471337848,-0.6089872068930291
168,2.3110975290118736,-0.9307883372910323
169,0.9274476882508829,-0.3495426884367352
170,-2.236902688181403,-0.9180680962006361
171,-2.3842985752518775,-0.9417167100197291
172,2.8018082266124162,-0.9802591397985136
173,0.8126502305534844,-0.28122017969362645
174,-0.4578172698989462,-0.09949388733368725
175,0.671695853891578,-0.20195289948116424
176,-1.042544505433172,-0.4192584879318928
177,0.36852894598714725,-0.06565244182833818
178,-1.643021965317603,-0.7406976670208711
179,-2.2862814965789573,-0.9267254212138601
180,-0.49664501859630317,-0.11602644968322928
181,-1.4905868489203125,-0.6707456007719186
182,2.4556247969648464,-0.9509564486094155
183,0.8030416081435785,-0.2756190943760275
184,-0.024005846224481875,-0.00028809881803970594
185,1.2331725116897383,-0.5325006037946506
186,0.3400591579194656,-0.05618028924148066
187,0.18877088351886684,-0.017659435016095015
188,0.07804224379402225,-0.003040663697961854
189,-0.392658980101674,-0.0741939701915234
190,-0.29369523240652695,-0.042211640738843204
191,0.3548273838768403,-0.06101073871872631
192,1.3953679288204137,-0.622251190122542
193,-2.9729927590500873,-0.9879578582978484
194,-0.054738758440953106,-0.0014970441476189755
195,0.06078946130108864,-0.0018459733940546785
196,-1.4592827669187884,-0.6551870203529243
197,-0.2945719762934971,-0.042458603202579104
198,1.405783578516612,-0.6277217553514787
199,0.8951070397528453,-0.33008758988012254
200,2.9272963362207047,-0.9862199298131683
201,2.5266348480421614,-0.9589080001661102
202,1.1005365559472242,-0.4542478562548644
203,-1.0925732989361103,-0.44946139976381105
204,2.620300169681018,-0.9677096382015434
205,-0.7055640152389486,-0.2203500872029207
206,-1.336556647144623,-0.5906529032446337
207,-2.621668850510316,-0.9678252656153721
208,1.9672629849319172,-0.8555846600668492
209,-2.0785462286028307,-0.8846953141718658
210,2.7937051945990605,-0.9798064969432834
211,2.9840659271715086,-0.9883485509980273
212,2.862910589735609,-0.9833962801672028
213,2.6317434280276286,-0.9686655370828687
214,1.2870205552041076,-0.5631699035338291
215,0.8708131095869645,-0.3155623562462765
216,2.4076197117394145,-0.9448840614172463
217,0.784514498237483,-0.2648873299794271
218,1.2785665529212293,-0.5584068143234737
219,0.37465885904010854,-0.06777831238051313
220,-1.3829125933689732,-0.6156584314942648
221,-0.746110462143895,-0.24296092667553926
222,-2.149378219689204,-0.9007301486325573
223,-0.1333940713114945,-0.008857528037753304
224,-1.58818517826362,-0.7166765440787932
225,-0.28104204106580877,-0.03872265806697173
226,0.02959994263204546,-0.00043798235962144716
227,1.2783313320562524,-0.5582739993940908
228,0.9452280098789103,-0.36028210913439906
229,-0.33296124377449754,-0.053923262095541546
230,0.92143891981164,-0.3459194967669502
231,1.811249547468928,-0.8060805595557426
232,-0.8713520357002045,-0.3158835895058306
233,2.6564787470194258,-0.970649323004356
234,2.2536146643132815,-0.921085439750456
235,-0.18760571270672566,-0.017444012097775685
236,2.9085119696921797,-0.9854435478790934
237,1.1107691897067493,-0.46038755762612327
238,-0.20841018031551828,-0.02148327678676687
239,1.5793757014452003,-0.7126958312929732
240,2.0332302667374744,-0.8734366946938423
241,-2.7375654613809823,-0.9764147161628908
242,0.7617219809507665,-0.25181887764369937
243,-0.8987714650386263,-0.33228582128370976
244,-1.2295006488923697,-0.5303821136966509
245,2.324896423922204,-0.9329670970267585
246,-0.5312169437269283,-0.13159381668627057
247,-0.3549481640606498,-0.061050986138378005
248,-0.013196670771093988,-8.70722687102976e-05
249,-2.2388347542306413,-0.9184215812728826
250,-2.3677669570331217,-0.9393818048764335
251,-1.542460259101769,-0.6956545352109348
252,1.1832193672960845,-0.5034167002104302
253,0.24158089350703982,-0.028759019717503387
254,-0.9997777367387752,-0.3933345308071261
255,1.245434869136968,-0.5395513812633654
256,0.42418389057045225,-0.08603772821062827
257,-1.5023883983342303,-0.6765094734563868
258,-0.9519051305337678,-0.36432108183261724
259,1.1188584732237299,-0.4652319307770595
260,0.15108972798124753,-0.011349159781031126
261,-1.5686152840915122,-0.7077883629258395
262,-2.5297248334347087,-0.959227761840763
263,-1.6199820514770422,-0.7307650669721873
264,-0.036924108074604334,-0.0006814625773879923
265,1.1525400273019457,-0.48530163928763226
266,0.21856453368124118,-0.02360223324717492
267,-2.295172973065969,-0.9282027775449473
268,-0.8640614198665535,-0.3115420714606403
269,1.0449282856645414,-0.4207015989882341
270,0.7154049805862801,-0.22578227238627158
271,1.452322192273952,-0.6516751909180043
272,-0.6471671718815726,-0.1889395371398046
273,1.8864100201961262,-0.8312389351922871
274,2.1527569402408986,-0.9014490121785596
275,-1.6465878807428,-0.7422140847831132
276,-2.692129417830075,-0.9733183816285167
277,2.121537592043566,-0.8946493403483902
278,-2.5399294752760846,-0.9602688939225598
279,-0.3407461942692276,-0.05640099361581008
280,-1.968513323831174,-0.8559395611247924
281,0.19035580984050338,-0.01795452895185834
282,2.184801699585276,-0.9080655295329529
283,0.13032602965536677,-0.008456478124576394
284,-1.2945342794434311,-0.5673860418769366
285,0.8614586938743036,-0.3099943828492713
286,1.9975085555497412,-0.8639890952869966
287,0.3462436183606692,-0.058181145403847334
288,-0.22656604067464148,-0.025339511348473454
289,2.638074678737092,-0.9691839310315726
290,-2.27941839265345,-0.925568355955115
291,1.7666747619731833,-0.7899836422596331
292,1.2197881374933939,-0.524762951607981
293,-1.4401975132910605,-0.6455132954982503
294,0.11896192019692187,-0.007050993502085601
295,-2.5779049159504357,-0.9639481420284756
296,1.5815933632621615,-0.7137010640260721
297,-1.646565653392589,-0.7422046498938373
298,-1.6752229546601034,-0.7541874373472909
299,1.0511091595247581,-0.42444197619999835
