,data,labels
0,-1.615078866700451,-0.7286212609823892
1,2.339156908519188,-0.9351596718583151
2,-0.7659210694290328,-0.25421471527955253
3,-1.8116086307428054,-0.8062066541958625
4,-0.2994614565207945,-0.04384819048214095
5,1.927500775936828,-0.8439579287541819
6,-1.6521381191096254,-0.7445631806506031
7,1.0167057388411624,-0.40360094446110917
8,-2.298951994071526,-0.9288233266350605
9,1.7110924052744148,-0.7686719878621364
10,-2.1523783716948515,-0.9013686707992775
11,2.974982979516815,-0.9880289239060305
12,-1.0459331927875932,-0.421309867610287
13,0.7792865954649968,-0.2618762599083273
14,0.9441062570059291,-0.3596038516097261
15,-2.540031559135623,-0.9602791945058737
16,0.5757620772093821,-0.15274281213880336
17,-0.8765549550880101,-0.3189872800352114
18,0.6393494509139139,-0.18485059228409673
19,-2.1090978807479095,-0.8918403535312176
20,0.37066623908480345,-0.06639022738707834
21,-1.0092954672886385,-0.39910716418900904
22,-1.7878057913808385,-0.7977245251708547
23,1.385774459793673,-0.6171781060102279
24,2.1735547479570485,-0.9057844579584069
25,2.7482326773021004,-0.977094802389744
26,-1.5827549885103687,-0.7142267677292204
27,2.7574919341867936,-0.9776712654146792
28,1.5013846223776843,-0.6760214250766589
29,2.5563147206861165,-0.9618935787992896
30,-0.246579078891207,-0.02994316951631737
31,-1.26361946665177,-0.5499367174655696
32,1.4433812234029872,-0.6471367454703847
33,-2.7694344152644987,-0.9783961446161349
34,0.36697446670683176,-0.06511815775298557
35,0.36229739167987685,-0.06352242226774873
36,-2.771753978654033,-0.9785345381065802
37,1.1986947921976618,-0.5124851865398123
38,1.6597878565413513,-0.7477785643361313
39,1.9778786049682147,-0.8585772840296141
40,-1.166744499074865,-0.49371036033846827
41,2.818196962069668,-0.9811476378229952
42,1.2512247891932171,-0.5428673815064482
43,-2.977944659090122,-0.9881339891444562
44,1.6195050207998447,-0.7305569575390316
45,1.7615346541186812,-0.7880706191137771
46,-2.8753256939764213,-0.9839773017785718
47,-2.590968674078126,-0.9651450228294357
48,-1.4593835247017415,-0.6552377176407362
49,1.4608754555240715,-0.6559879345620656
50,-0.4106611340535835,-0.08086409455884913
51,-0.7697706665466404,-0.2564159250667276
52,0.7568079303229349,-0.24902215002920824
53,-1.37150896755418,-0.609574623018142
54,-0.7377119946434654,-0.23822915244855192
55,2.3389030123677106,-0.9351211536506341
56,1.6670443577415046,-0.7508047231101381
57,0.2227422342707488,-0.02450188519581753
58,-0.7181187635184489,-0.22728676756612864
59,-1.6214702028417658,-0.7314136484168781
60,-2.2529564680483585,-0.9209683144060974
61,2.552319428963056,-0.9615027024527941
62,-2.7826761974437515,-0.9791758812741272
63,-0.22365455691588298,-0.024700504630283504
64,-0.331769697427303,-0.05354851420066631
65,-2.639233857223287,-0.9692780432535247
66,2.186212876746505,-0.9083486313372269
67,0.687785624478126,-0.21063348316388408
68,-1.7448941746038142,-0.7817966472657814
69,-2.8701098985943565,-0.9837354179392218
70,-1.219560617496512,-0.5246310548796154
71,2.963290078670532,-0.987606015501555
72,-1.7320267100617415,-0.7768605266915696
73,2.0288770151699422,-0.8723126998228837
74,2.002238427490582,-0.8652695765490881
75,1.6515845065376835,-0.7443294790870127
76,1.1021326359841765,-0.4552063466127464
77,0.08561886409341923,-0.0036585859501264695
78,2.0853515944902234,-0.8863174809515405
79,2.878437719838997,-0.9841201116412926
80,-1.7760109038459724,-0.7934282285137565
81,-1.8282087569805232,-0.8119737370845681
82,2.2102534524921325,-0.9130663558384942
83,0.2449391972976631,-0.029552142412558657
84,-2.7808728618488407,-0.9790711551860631
85,-0.18943463438219066,-0.017782727836348267
86,0.5222428238542012,-0.12747919815500264
87,-0.5529377417464665,-0.14175877683115745
88,2.415987718518176,-0.9459852611512064
89,-1.1578959555491748,-0.4884763826548377
90,1.1707446292801817,-0.4960718061063658
91,1.392587091591917,-0.6207840335362036
92,-1.898811375802263,-0.8351537933153612
93,-1.5433155956061444,-0.6960559114761451
94,-2.2942446040131443,-0.9280496622567663
95,-2.821927862155732,-0.9813449507002991
96,-1.1586846085898153,-0.48894344057208483
97,2.5977623472376,-0.9657539690740448
98,-2.273499785483554,-0.9245587172556122
99,-2.222727405488241,-0.9154370083947406
100,0.8983496895616234,-0.3320327157828914
101,-1.6670468535248908,-0.7508057599060443
102,-1.3132392246994138,-0.5778094939370124
103,0.6400468194890112,-0.1852141537185833
104,-2.5915742783040345,-0.9651996773253118
105,-2.948557063883474,-0.9870543360819503
106,-0.7155722054477529,-0.22587490004556843
107,-0.7724425141199998,-0.25794633884219653
108,0.4162628731382556,-0.08299044760800045
109,-1.3093019677813549,-0.5756241685419946
110,-1.620910172049193,-0.7311696837235699
111,-0.971427807053252,-0.3761441782252468
112,-1.6898191910518587,-0.7601506951297479
113,1.421499261933418,-0.6359012204749454
114,-0.6915687139034032,-0.21269034310264323
115,0.9502541618346112,-0.36332215300714665
116,1.596936851650149,-0.7205979944372134
117,-2.274923652236514,-0.9248026141867718
118,1.0376725353036198,-0.416308182534868
119,2.205189669612958,-0.9120890351266148
120,1.8017038641629988,-0.8027076040157259
121,2.387594648500645,-0.9421732670692194
122,-2.962269810278382,-0.9875684939021924
123,1.3157482729660508,-0.5791996386790562
124,-1.1318702962022285,-0.4730055088453855
125,1.687771816871388,-0.7593199577083534
126,-0.10061189402319926,-0.005048589425557082
127,0.1323827132521771,-0.008724311771254878
128,-0.36582782968944016,-0.06472530414870159
129,0.2254692403152374,-0.02509786673830683
130,1.96321220685177,-0.8544304186820573
131,-2.3122316049716796,-0.9309695451769651
132,-1.8289893906151318,-0.8122419466953492
133,-0.5485636119886745,-0.13968873416369798
134,0.19681175052240274,-0.019181088788925216
135,-0.21861163106658754,-0.02361228513930891
136,2.1468626940826177,-0.9001922769733125
137,1.0702743876559868,-0.436024028681122
138,-2.6629102310590604,-0.9711471195677522
139,-0.5323969779806239,-0.13213861439826513
140,-2.141857585055069,-0.8991152958562761
141,0.9270377344110461,-0.3492953852386166
142,2.5141920496003074,-0.957598893955815
143,-2.3281090635275294,-0.933466247642847
144,-1.9402255204521957,-0.8477509382704472
145,-0.7182744508228618,-0.22737316296578558
146,-2.6264156555415896,-0.9682235426357672
147,2.5219353158436766,-0.9584176245539626
148,2.986171707343752,-0.9884215623380581
149,-2.7952196660631774,-0.9798917779586245
150,-1.1503445883767114,-0.4839988764104374
151,1.5835489426324099,-0.7145857447464281
152,1.573384400503012,-0.7099695135603921
153,-0.0008503595071607251,-3.6155558036377045e-07
154,-2.722695729016105,-0.975437539964349
155,1.237443711465854,-0.5349607505433325
156,0.484537527798921,-0.11076017275654959
157,1.9130005043799896,-0.8395520141888554
158,0.5039886218290657,-0.11926832267328458
159,-2.9563418453623624,-0.9873484881019805
160,1.6575949005482693,-0.7468594541141342
161,2.138956577503267,-0.8984869198390394
162,2.2712035446842362,-0.9241640459301182
163,-1.9672728867958207,-0.8555874731953018
164,-2.852376319401026,-0.9828888560327032
165,-0.4427522855848376,-0.09336450838117538
166,1.3937141454822974,-0.621378994481762
167,1.9351980321599527,-0.8462605068456183
168,0.022941855663425326,-0.00026312974593512006
169,2.9672054796180927,-0.9877490792204399
170,2.437683657480802,-0.9487556959165121
171,-2.6440519161935354,-0.9696665819343236
172,2.378827408543817,-0.9409523137392155
173,-1.4221705584803317,-0.6362485770827658
174,-2.9777440602775815,-0.9881268988411428
175,-1.2074570781037144,-0.5175974259849869
176,-2.9104920168504895,-0.9855271657980991
177,-0.6840655903698987,-0.20861671097313628
178,2.477354297153978,-0.9535157696801404
179,-0.39209123565614856,-0.07398770653058373
180,1.2878977631379405,-0.5636629675947966
181,-0.18346859324237785,-0.016689523037202725
182,-1.1960389555435265,-0.5109324165480441
183,-2.76098430995584,-0.9778853983373061
184,0.08751900339475327,-0.0038224636927647326
185,0.09829432444399622,-0.004819237141263755
186,-0.04073969016583856,-0.0008295169378476075
187,-2.0788785806814967,-0.884774946562388
188,-2.324043817926792,-0.9328341156564471
189,-2.1080955948730793,-0.8916115254058685
190,-2.064782786196538,-0.8813602842533059
191,-0.5017276147942695,-0.11826639145457896
192,-0.42301802219164664,-0.08558624462116682
193,2.12631120232692,-0.8957120717755124
194,-0.9063250475348563,-0.3368224626900266
195,1.2586497681838598,-0.5471071064229076
196,-0.2615853374814696,-0.03363478261403907
197,2.5021303997186077,-0.9562965515719977
198,-0.6523281269428316,-0.19165472613852363
199,2.2408225891259264,-0.9187839944024547
200,-0.9941331292155113,-0.38991094416701166
201,-2.6801300687142167,-0.9724443750721344
202,-0.05135221517115163,-0.0013176561293208877
203,-2.1404745096854088,-0.8988160936873723
204,-2.6434084312266073,-0.969614934785976
205,-2.165019988755472,-0.9040238711123861
206,0.8092352917033576,-0.2792268896496015
207,0.9966512266833458,-0.39143821419730107
208,0.326526874308505,-0.05191384478004757
209,2.177703960266215,-0.9066311283503302
210,-1.025777855021861,-0.409100959204897
211,0.041947646810254646,-0.000879415623684654
212,-1.4843946082026231,-0.6676988611424529
213,0.3101253600347973,-0.04695091365171511
214,-0.9997348237591384,-0.39330850277082685
215,0.23041970602160422,-0.026197356351442602
216,1.9467367683969545,-0.8496654331114724
217,-1.8614667154180529,-0.8231634052478648
218,-1.2160692092601628,-0.522605535792279
219,2.6631205225947063,-0.971163272934139
220,2.604141968044406,-0.9663175279743429
221,2.6748836968696716,-0.9720545643236892
222,-2.006985832195677,-0.8665456844488754
223,-1.6772062021308853,-0.7550032471584387
224,-1.668012957166739,-0.7512068903014006
225,2.7328614142161305,-0.9761092937297597
226,-0.7990763474424907,-0.27331450708463556
227,0.7560897009376051,-0.24861403007720728
228,-1.742254838309578,-0.7807901877084925
229,1.4001652712239965,-0.6247757356020479
230,-0.9553683585347477,-0.3664170510634518
231,-0.3476096459282907,-0.058627378296750354
232,0.12447978723233266,-0.007717673353348498
233,-1.3067570009135019,-0.5742091133831018
234,2.7924406016759526,-0.9797350453538767
235,-1.4225985722773498,-0.6364699616322524
236,-2.126438302940863,-0.8957402531914359
237,1.3017679617109792,-0.5714294511482578
238,2.825434312997774,-0.9815287448056284
239,-1.3484876101449181,-0.597157421475341
240,0.031363630979082124,-0.000491717741282649
241,0.9345054920793432,-0.3538026053254838
242,-2.329163344426525,-0.9336293901024125
243,-1.3999818158817792,-0.6246793465070849
244,-2.6124011180058693,-0.9670353597866927
245,2.080452103075922,-0.8851513927487334
246,-0.03170322407338855,-0.0005024209526260925
247,-1.2070338635388347,-0.5173508920219159
248,2.0422155471285546,-0.8757329214666878
249,-1.7150746057637185,-0.7702447005073334
250,2.4814823703201174,-0.9539891194655379
251,-2.8432878983032026,-0.9824401992266146
252,2.964604839432451,-0.987654219410949
253,-0.3098183693376537,-0.04686021863527179
254,-0.37000926271831514,-0.06616304955314678
255,-2.9316181743854255,-0.9863932945532565
256,-1.1265601085498334,-0.46983597494942486
257,-0.9897066525030254,-0.38722633049961785
258,-1.7949099468467211,-0.8002823896944049
259,0.7387460614141412,-0.23881044973310916
260,2.2920792102524903,-0.9276914972527538
261,-1.3912239054657063,-0.620063816137858
262,-2.3017623989123077,-0.9292819949739042
263,-2.1131651226271426,-0.8927650886456346
264,-0.057570973996825536,-0.0016558361116553177
265,1.7565327336100403,-0.786197721249856
266,-2.7243072760240006,-0.9755451096097015
267,-0.7997978844691209,-0.2737335554691591
268,2.1491565217402915,-0.9006828364520143
269,0.940135713779811,-0.35720381503454923
270,-2.923453876278187,-0.9860641592107969
271,-0.8637618220427985,-0.3113638575580149
272,1.5512484449720114,-0.699763826491983
273,2.243077026214319,-0.9191934516469221
274,-2.0958256256326004,-0.8887797185359041
275,-1.6785731546060239,-0.7555645266756127
276,0.84562207200762,-0.3006041194401381
277,-0.498740077055257,-0.11694768410189571
278,0.5197475086039836,-0.12634414229072355
279,0.0275000126799112,-0.00037805386831779586
280,0.15330782997159087,-0.011682864474096832
281,0.7524532234273016,-0.24655023101157314
282,-0.9652275142449991,-0.37238733427944026
283,-0.2788869755662624,-0.038142504216321815
284,-0.7266868047520063,-0.2320547643315396
285,-2.5162817625711402,-0.9578211747131997
286,1.8274453580658978,-0.8117111894024256
287,0.2552154706696834,-0.03204285873126056
288,-1.1474037670893793,-0.4822525492181745
289,1.3408927285591288,-0.5930222058074217
290,0.6744708650083284,-0.20344211165405002
291,-1.345347355255478,-0.5954499241137621
292,-0.36959278986247623,-0.06601921629739982
293,1.5362731722582108,-0.6927420419265791
294,0.9682661163925399,-0.3742282782177302
295,-0.9213887735411705,-0.34588927397298475
296,2.133941694427139,-0.8973934571291097
297,-0.6102556199274125,-0.1698973912450702
298,-2.635031435110592,-0.9689356783448334
299,0.5586583784629995,-0.1444832373942595
300,0.2729487898371712,-0.036565255461146084
301,2.6531649236606993,-0.9703899679975867
302,-1.9219391049179992,-0.8422785791783096
303,-1.2172722767505857,-0.5233038045758647
304,-0.5835927613253702,-0.15658002625168133
305,1.341974777804091,-0.593612504497188
306,-0.8735465167551322,-0.3171921275476022
307,-0.3176114678000985,-0.049187619308208363
308,0.923366366377147,-0.34708134147627856
309,2.0424081782662356,-0.8757818001177852
310,2.0351268226465233,-0.8739240268369755
311,-1.0138696590983232,-0.4018811762338712
312,-2.2223795348775814,-0.9153716023033438
313,2.7855334946576225,-0.9793408802963893
314,0.8034942345243321,-0.27588241709587347
315,2.063065386981812,-0.8809390099196301
316,1.5504657699712387,-0.6993991734279184
317,-0.20607923552608387,-0.021010464676627816
318,1.0628622211559602,-0.4315478001927384
319,-1.240251795908886,-0.5365757133313058
320,1.5402074036863311,-0.6945958883683019
321,2.2997689509602797,-0.9289569049756848
322,-2.3437169935448363,-0.9358482990398744
323,1.6930357252200894,-0.7614520602080774
324,2.8469106914068414,-0.9826202621454015
325,-2.7653579989972688,-0.9781510503887795
326,-2.084923848618585,-0.886216041252957
327,-2.5896677111372,-0.9650273666300048
328,0.9632325288060826,-0.371178881025068
329,0.4513142145841469,-0.09682799334352377
330,0.45384400067528663,-0.0978614688217001
331,0.7734826896515794,-0.25854272265794
332,-0.6275475883628507,-0.1787338036788947
333,-2.7868268171864363,-0.9794151900137922
334,-0.6596029030092625,-0.19550296238834253
335,-2.0730379353068464,-0.8833693459757842
336,0.9711690764619396,-0.37598738067376125
337,1.7337373316908415,-0.7775210008446776
338,-2.3535555268075496,-0.9373136657022907
339,-1.1018087592087542,-0.45501187357619954
340,-1.8114541389414422,-0.8061524102924289
341,-1.1468888097416443,-0.4819466091811765
342,-1.365862768899463,-0.6065457773663818
343,-1.7175521799429925,-0.7712196132536842
344,-0.8085734185069846,-0.27884089009110724
345,0.20486861052197458,-0.020766908908857018
346,1.4985028966290823,-0.6746180206103989
347,-0.9066407496612099,-0.3370122227410811
348,-0.1920858557495566,-0.018279356306591166
349,0.6078308368330161,-0.16867059195759615
350,2.913084101853448,-0.98563598979606
351,0.7836660444094643,-0.2643981229878418
352,0.5650566370234147,-0.14755322136087112
353,2.835368508694449,-0.9820408813463368
354,2.838369513225338,-0.982193126540376
355,2.3099967343532857,-0.9306120776644494
356,1.9633408551216291,-0.8544671808583775
357,-0.24885351577520654,-0.030489560229550516
358,0.9047626023245079,-0.33588349348778335
359,-1.7564444680693878,-0.7861645713273503
360,-0.543604594787161,-0.13735581905719707
361,-1.1895929506032032,-0.5071575322634847
362,-2.805084138717147,-0.980439606806127
363,-1.1700640515279972,-0.49567024160931306
364,-1.232193404557225,-0.5319360247323622
365,2.45379580431021,-0.9507357653463979
366,-0.7190149482787023,-0.22778421048919906
367,-0.8691968029742592,-0.31459922660017203
368,0.28590622860144865,-0.04004722244456971
369,2.4331168067351054,-0.9481825698849302
370,-1.5601145592444867,-0.7038765109680712
371,2.6974265959936083,-0.9736965487030417
372,-1.9950295317466749,-0.8633143364833958
373,-2.2461056671510766,-0.9197409165527883
374,2.789092404535796,-0.9795448014406916
375,-0.6251039933402995,-0.17747590442927197
376,2.5567037567655824,-0.9619314596269035
377,-2.101399026045619,-0.8900730179703473
378,1.8852653648778839,-0.8308742483244463
379,0.14420669676599251,-0.010343915593982955
380,0.6433140361452123,-0.18692057017974906
381,-1.909988615001652,-0.8386256172424821
382,-1.6178947851337309,-0.7298537413326087
383,1.2230847879448374,-0.5266727168674834
384,-2.016537961050208,-0.8690857400391904
385,1.8398222477876143,-0.8159362201336885
386,1.5381025002910045,-0.6936048440185587
387,-0.6216084012624083,-0.17568167115357314
388,-2.4169336334178046,-0.9461085852146076
389,-0.07255469823505223,-0.002628631200681242
390,1.2055217946575034,-0.5164697486867977
391,0.4784345591677721,-0.10814330371998582
392,1.9941375555294893,-0.8630709396855512
393,-2.633021571726437,-0.9687707867019365
394,-0.04806667239203799,-0.0011545355078774744
395,-0.5542843905438533,-0.1423983741043654
396,-1.2615492953633236,-0.5487588186839153
397,2.436988098316138,-0.9486687471866102
398,-2.7964421136904014,-0.9799603856629857
399,-0.2093227499635959,-0.021669769385365356
