,data,labels
0,0.8773373619163594,-0.31945438211752253
1,-0.0380815988423695,-0.0007248412607572252
2,0.7128122519961142,-0.22434748830633933
3,-0.1675897734392917,-0.01394502078463844
4,1.113196494632751,-0.46184207329321303
5,1.212576665877645,-0.5205765703506189
6,-2.9804851657098412,-0.9882234605822262
7,-2.11901682678089,-0.894084763040825
8,0.29212545128598233,-0.041771143479244155
9,0.13094008097423693,-0.008536011994742743
10,0.4222892480824534,-0.08530454440418167
11,1.6117832778874366,-0.7271744413781821
12,2.3695414333852884,-0.9396360557786626
13,-1.584006207372919,-0.7147923685322628
14,2.394984430530317,-0.9431861537662349
15,1.9828535157329688,-0.859963759957932
16,1.3384027303646349,-0.5916623749188163
17,-0.3727006575242928,-0.06709591859489805
18,1.446741185160457,-0.6488458676574564
19,-1.6371335227304404,-0.73818132255256
20,-0.6445161053904318,-0.1875496749553235
21,2.5536011271768277,-0.9616284645413958
22,-2.50542653577476,-0.9566557429451648
23,-2.076784508505688,-0.884272495142276
24,0.38469919222087734,-0.07132527334203842
25,-1.3622534812932359,-0.6046039165766124
26,-2.4995966448894777,-0.9560187421415154
27,1.7209749482954546,-0.7725619502193322
28,-2.7867154880890377,-0.9794088026121123
29,-2.8911380828252,-0.98469138759982
30,-1.7792345132587548,-0.7946085742641366
31,1.4234142310631732,-0.6368916616884724
32,2.3489290897255284,-0.9366280493547319
33,0.5753050395446193,-0.1525199198594659
34,0.8430046203176649,-0.29905678079689546
35,-2.7250855124460314,-0.9755969102370716
36,-1.7784410800902442,-0.7943184824157383
37,1.641691120183423,-0.7401302843070472
38,-2.9744357481484727,-0.988009420868883
39,-2.3651620300760876,-0.9390069718678797
40,2.5198030813080488,-0.9581935140108794
41,-1.8312746752975257,-0.8130255809843877
42,0.030907765567537382,-0.00047753093198232843
43,0.6736411959232163,-0.2029965172861059
44,1.2433346017802354,-0.5383464061462522
45,-2.9085356578355155,-0.9854445507481274
46,1.9596470031623605,-0.8534088981992403
47,-1.4446798019646085,-0.6477978100777693
48,-1.8264679754295445,-0.8113746738181873
49,2.446557057497184,-0.9498542100772782
50,-2.87456628639875,-0.9839422819154747
51,0.5650953523704905,-0.14757187023160212
52,0.1225769643059813,-0.007484407373447688
53,1.0499858495153607,-0.4237623647055988
54,-2.0177881109350686,-0.869415457968856
55,1.2923923506527224,-0.5661858203313608
56,-0.10226700699801317,-0.005215621527425385
57,1.9408420170384888,-0.8479329698557094
58,2.904011274850795,-0.985251895932141
59,1.2606220933618264,-0.548230882270113
60,-0.4550539622588565,-0.09835738759833301
61,-0.8733162539830892,-0.31705478828381917
62,1.6511451622825604,-0.7441439183050385
63,-1.746767386311501,-0.7825090744516947
64,-2.06148412332867,-0.880550118274287
65,-2.801879239044012,-0.9802630671625827
66,0.21547617579642164,-0.022947596445973772
67,-1.6552488627244868,-0.7458738289236682
68,0.1609718125961761,-0.012872395033761475
69,2.441170281763082,-0.9491896991482788
70,2.406927705571797,-0.9447921701099798
71,-1.0752718913313728,-0.43903951919784023
72,-2.461303725367717,-0.9516364096696072
73,-2.1720275264615,-0.9054713000913015
74,-1.8259387816251993,-0.8111922952642094
75,-0.6810569967214501,-0.20698989635779008
76,-1.338251560746052,-0.5915797539780918
77,-2.908779209256314,-0.9854548582883335
78,-2.4645862343113016,-0.9520258355296423
79,0.9560026612735708,-0.36680100881710564
80,2.118556044264868,-0.893981307528447
81,-1.2835299835043879,-0.5612057301185335
82,2.7601775537911237,-0.9778360916756363
83,-2.6631221846323263,-0.9711634005712049
84,-2.402560305820874,-0.9442092956149108
85,1.7588596323161276,-0.7870703827012538
86,-0.5716730177790623,-0.1507528430183125
87,0.4058023981201213,-0.07903918811522692
88,-0.7367906170086513,-0.23771151572609928
89,0.3025167554774688,-0.04472707469656989
90,0.9918792675388115,-0.3885439755613075
91,-2.920107146913649,-0.9859272204343734
92,-0.8302452097859039,-0.29153424404863015
93,-1.3756589600439262,-0.6117938582110091
94,-2.4421368417922107,-0.9493094703131693
95,2.0211584218153513,-0.8703012315446566
96,0.6606095452839584,-0.19603736572069397
97,1.0709817776785844,-0.4364509950964047
98,-0.09898195883993477,-0.00488673495679981
99,0.16753402404542417,-0.013935809534378119
100,-1.3152435238761249,-0.5789201364088568
101,2.0192500387401306,-0.8698002356967247
102,-2.7761816234781698,-0.9787965675686155
103,1.4022223430634817,-0.6258557084518446
104,0.5448203192998822,-0.13792636640351608
105,2.429772020118289,-0.9477594379395494
106,0.8020258615196303,-0.27502835937595294
107,0.3363224978885051,-0.05498682642351427
108,2.855403688473661,-0.9830360557216391
109,-2.353015328300071,-0.93723392557298
110,0.8920022174480167,-0.32822645238492865
111,1.1137266575288578,-0.4621596627870391
112,-0.014721721339207683,-0.00010835866837000108
113,0.7518672720281199,-0.24621809039827514
114,2.223097353648349,-0.915506521228523
115,-1.630313929102026,-0.7352480035686966
116,-2.2438768548977266,-0.9193383206764817
117,-0.4150105373133437,-0.08251300454104071
118,-2.4407935252290844,-0.9491429496628344
119,-2.1680606045797246,-0.90465404710489
120,1.742438010273947,-0.7808601371418946
121,1.562517529818594,-0.7049854245315373
122,-1.3395726395823062,-0.592301532623703
123,-0.7626340111238727,-0.25233877956527784
124,2.9966999622985915,-0.9887805380212478
125,-2.4404536577550755,-0.9491007468196508
126,0.32655942153735573,-0.05192392105685362
127,0.6726868157781496,-0.20248431440659054
128,0.33800443269077185,-0.055522579153700624
129,0.3894423579061703,-0.07302870100474756
130,0.37392536800395426,-0.06752234518713651
131,1.4435413019112593,-0.6472182711490502
132,2.0300961958127735,-0.872628247344425
133,1.1807508340114916,-0.5019656687145461
134,0.40491388640377135,-0.07870743010165127
135,0.6112930958062304,-0.1704232304851656
136,-1.7531074424598239,-0.7849087349681514
137,2.4361077228123342,-0.9485585195108133
138,0.6513688910642634,-0.19114912880071178
139,2.957260637438905,-0.9873828116373349
140,2.1721662777049637,-0.9054997849666003
141,-2.6029317149481583,-0.9662112291931525
142,-2.1895034838150176,-0.9090060950080672
143,-2.0861198408876307,-0.8864994952884213
144,-0.6592215577508505,-0.1953006351266695
145,0.9492820798580004,-0.3627340671768189
146,2.692061768998748,-0.9733135220065061
147,0.029927683835306418,-0.0004477328675843717
148,-1.5161078562321304,-0.6831388190064445
149,-1.0214507236014092,-0.4064778771366334
150,2.0765994796519713,-0.8842280185425534
151,-0.4067007539357128,-0.0793752392342224
152,1.6746311738191597,-0.7539436696655495
153,-0.6997359155050704,-0.21715078558899714
154,2.889409255270218,-0.9846147023283321
155,-2.4739590842935373,-0.953123405317611
156,0.2301577797928549,-0.02613861610742263
157,-2.245505267159775,-0.9196326236891601
158,-2.3169026608704435,-0.9317118461245247
159,1.1490325250736824,-0.4832199198399749
160,-0.04747244541472906,-0.0011261819174622767
161,2.4191796681590567,-0.9464004782444936
162,-0.18496867134306427,-0.016961215809623176
163,0.8989568004990338,-0.3323970474572143
164,-0.6119902089616769,-0.17077687288481036
165,-0.8883072304123822,-0.32601327748833575
166,0.0810165879590321,-0.0032764643993737907
167,-1.090573464564674,-0.44825828002860635
168,1.3362914081797284,-0.5905077755525008
169,0.3791977174032426,-0.06937181623155275
170,1.9001204587450733,-0.8355631838430282
171,0.403731954666422,-0.07826705566593195
172,0.44039391775874837,-0.09241985382599882
173,1.7021697094785093,-0.7651224254469279
174,1.1792630204072063,-0.5010905365429674
175,-2.676372520279442,-0.9721656645890657
176,2.7249844440972133,-0.9755901883397211
177,0.4296213610447168,-0.08815682135442271
178,0.6012401072223024,-0.1653516939919043
179,-1.951691497969683,-0.8511103500264139
180,2.8844916879937896,-0.984394722943144
181,2.455573616520283,-0.9509502844943
182,-2.527801911814058,-0.9590290193820507
183,2.471233255157826,-0.95280639584198
184,-1.005080146906548,-0.39655057866881527
185,-0.26767371304869325,-0.03519050180542416
186,0.8460171193751909,-0.3008377757047065
187,2.7020468502216906,-0.9740226062518883
188,1.175378556283298,-0.4988036684323054
189,-1.144528505499506,-0.480543782398155
190,0.0976349407212802,-0.004754950085618548
191,-0.5844404517381498,-0.15699747085598548
192,-1.3307646687418009,-0.5874786437357463
193,-1.7658394698276256,-0.7896735679038295
194,-1.3125415402530067,-0.5774225973580578
195,1.3651962279892116,-0.6061874996763346
196,-0.2351613064064786,-0.027271646265611293
197,1.7153030037282138,-0.7703346885149209
198,0.8366464117296148,-0.29530388322516277
199,-1.0493307629176223,-0.42336599760169213
200,1.4545150594988572,-0.6527835884953466
201,-2.7782037664212496,-0.9789153097805473
202,1.3861122379265263,-0.6173572788286481
203,1.295285515671722,-0.56780667685285
204,-0.7933407654652491,-0.2699883492784281
205,-2.987319530874854,-0.9884611882342129
206,-1.2730521781132884,-0.5552891236763406
207,1.4002172499336805,-0.6248030434809319
208,1.0760643410069433,-0.4395174853786402
209,-2.3030779269900523,-0.9294958685599486
210,-2.475214091216277,-0.9532687605361088
211,-0.03753048485324895,-0.0007040207077052552
212,-0.30328159198773186,-0.04494835556323207
213,1.103985786813955,-0.4563188410062301
214,0.35443988193781983,-0.060881692801884046
215,0.007115967820383595,-2.531817849982243e-05
216,-1.2405415552342203,-0.5367422457391837
217,-1.0499730229892876,-0.423754604121924
218,1.7588859736634124,-0.7870802477317147
219,-2.4264308261329988,-0.9473338990956914
220,-1.4413128347720316,-0.6460824646021983
221,0.6167660004837163,-0.17320636509680054
222,2.950297695582168,-0.9871206270858237
223,0.5012851916880079,-0.11807073244128741
224,-1.7014628181561646,-0.7648396978981906
225,-2.9589714767451305,-0.9874465041711808
226,0.01863487538300035,-0.0001736142175771116
227,1.9648417326077814,-0.8548955595828122
228,-0.8028877382266102,-0.275529590059329
229,1.835095079752202,-0.8143304829832281
230,-2.7184890979195653,-0.9751548194712489
231,1.1237969922420916,-0.4681851305114799
232,-2.73048182552354,-0.9759534922231381
233,2.137205606368047,-0.898106171202394
234,0.7641769940181575,-0.2532189474040004
235,-2.4196701371705345,-0.9464640445515546
236,-0.625964399324193,-0.17791847878068168
237,1.4223494788838416,-0.6363411296170041
238,1.5661478114952718,-0.7066560547153811
239,-1.806207939751833,-0.8043041402306448
240,-2.707234714772421,-0.9743845578516599
241,-2.10546954254888,-0.8910102019822146
242,-2.129079828614053,-0.8963246045263893
243,2.7073692639466174,-0.9743938869677807
244,1.939000532913628,-0.8473887641348461
245,-0.2771606049126829,-0.03768072863134253
246,-0.41178123247918297,-0.08128735860683467
247,0.20537138026704937,-0.020867890177121318
248,2.1496685582629453,-0.9007920825817445
249,2.3115041109034227,-0.9308533472277927
250,-2.620894667747427,-0.9677599054841018
251,-0.9533008034955559,-0.36516566949574225
252,-2.658808379529373,-0.9708304814301131
253,-1.6850169405954467,-0.7581992030852184
254,0.5008940911405109,-0.11789787815205244
255,-2.493190537365103,-0.9553097323850511
256,-0.03366371875871277,-0.0005664624798478179
257,-1.7817439645444426,-0.7955242265174949
258,1.4318310433804626,-0.6412286740054001
259,-0.20389955444089125,-0.020572943149552714
260,1.2343012566499008,-0.5331511783426467
261,-2.2645215465873845,-0.9230060874063727
262,-1.3133663283719987,-0.5778799624614681
263,1.6437932775112323,-0.7410261453293188
264,1.8048570735812257,-0.8038262490539196
265,-1.900056803311669,-0.8355432938485479
266,-0.8380868928000016,-0.29615338285926185
267,-2.449506306732017,-0.9502149516198033
268,1.365236261114541,-0.6062090224665636
269,-2.560439273764894,-0.9622935698218996
270,-1.0544759979459988,-0.4264784776950027
271,-2.5641435462352304,-0.9626497645241875
272,-2.646048515786194,-0.969826353678935
273,-0.9380781027471885,-0.35596052838403525
274,-1.1785781298051763,-0.5006875385906918
275,-1.9718870545097382,-0.856893944660041
276,-2.945691666257625,-0.9869445511548407
277,-2.9681010929679905,-0.987781597340431
278,1.7535503196444342,-0.7850756905187254
279,-0.4118250229763767,-0.08130392566104949
280,1.327995759277953,-0.5859573819602971
281,-0.8136051576781353,-0.28177807956234346
282,-0.8533553030349275,-0.3051835969636223
283,-1.914253548663946,-0.8399362850031856
284,0.4343635045230627,-0.0900228839914392
285,-2.1552084191386927,-0.9019680335234398
286,-0.49928764977998963,-0.11718894198841134
287,-0.15817670677606,-0.012432011322565883
288,0.5113518280665872,-0.12255442296071861
289,0.6000299694713513,-0.16474480839279337
290,0.6977357149932972,-0.21605590140673114
291,-1.2621751339950358,-0.5491150331533512
292,0.7212701698432706,-0.22903733364084167
293,0.9752255922219235,-0.3784459954137228
294,2.856227224394419,-0.9830759057764104
295,-0.4477026741589216,-0.09536057693181688
296,2.709749487012382,-0.9745584379531347
297,1.6806395252582726,-0.7564114157502343
298,0.14679758740359627,-0.01071692596776841
299,1.4550271716655683,-0.6530421704665549
300,0.18831804091333115,-0.01757555824948942
301,-0.028508077079277605,-0.000406272678274866
302,2.2969550792672315,-0.9284959593352865
303,1.568358845668211,-0.7076708058185892
304,-0.9818978353219627,-0.3824910270577284
305,-0.0121424700873769,-7.371707267445071e-05
306,2.6711319770339683,-0.9717729070505179
307,2.4396447719103698,-0.9490001866748048
308,-2.649711001770566,-0.970117558038926
309,2.3394151108582637,-0.9351988241824514
310,-1.2852259079847626,-0.5621604751135669
311,-2.834583512043527,-0.9820008697801786
312,2.6226887980273377,-0.9679112014845054
313,1.4034252083960732,-0.6264865101956595
314,-2.624989064564229,-0.9681042910700155
315,-1.6973954319471942,-0.7632085838977695
316,-1.995052491644805,-0.8633205973550846
317,-1.0787277440767837,-0.4411235069592523
318,-1.4796361381044398,-0.6653471491569884
319,-1.813698086236589,-0.8069392502398917
320,-1.7071713230153929,-0.7671165029354836
321,-1.1396348015174036,-0.4776324083745823
322,-0.06375571524778234,-0.0020303316958826256
323,-1.5768334776340092,-0.7115408818978644
324,-2.7980715587778926,-0.9800515179053252
325,-1.6350804927692637,-0.7373004010445139
326,1.0138067058222306,-0.4018430004196114
327,2.835495085148434,-0.9820473256978046
328,-0.9972783737130069,-0.39181859457863266
329,1.470746729521835,-0.6609297517862105
330,-2.67105945047315,-0.9717674382163392
331,-0.8034763233383648,-0.2758719959737479
332,1.1464359318247848,-0.48167751519338553
333,-1.8953253068625247,-0.8340600012728865
334,0.4474707632417321,-0.09526667026306557
335,-0.6686635902827804,-0.20032948986570687
336,1.5427681544805827,-0.6957990539617066
337,-1.2705972643329904,-0.5538984686330187
338,-1.790363009538764,-0.7986478377466502
339,2.6185871364153197,-0.9675644195115388
340,2.8192143310346562,-0.9812016226145486
341,2.8562319620697405,-0.9830761347898161
342,-2.8765729642386493,-0.9840346736158506
343,-0.6172757556417015,-0.17346637525495978
344,-0.21453450213749736,-0.022749757636711387
345,-1.7975196737846073,-0.8012164011308762
346,1.3309328228400563,-0.5875709506002503
347,-2.0581745401735443,-0.8797330253838265
348,0.48898924187948767,-0.1126850082265447
349,-2.7191123333473586,-0.9751968828128795
350,-2.2493240888341415,-0.9203194233217996
351,-0.19647112843256398,-0.019115390927996967
352,1.50664276654095,-0.678573447183479
353,0.8242912594635108,-0.28803607800830033
354,1.682132387905444,-0.7570220754448236
355,-1.7839245391454803,-0.7963176039981963
356,-1.5119710633693237,-0.6811480046343545
357,-0.8861661141156727,-0.3247317035792411
358,0.7844783922857532,-0.2648665076249279
359,-0.879906180308065,-0.32098865493470485
360,-0.6107362694778349,-0.17014093633912852
361,0.5016386835722795,-0.1182270517715045
362,0.910149700837799,-0.3391221414061306
363,0.6134415147842596,-0.17151392192650972
364,-0.15620011428169267,-0.012125128812775943
365,-1.6989620669418188,-0.76383771275183
366,2.2361786272052093,-0.9179353088581408
367,-2.077994731117914,-0.884563080678512
368,-1.749363181970155,-0.7834937299992327
369,-1.1725460766467788,-0.4971343042166473
370,1.0556349596849914,-0.42717933341495073
371,-2.552650409206363,-0.9615352120854039
372,-2.2752243021659053,-0.9248540316743207
373,0.27993481044014024,-0.03842407224585265
374,2.8968410449448108,-0.9849419721770708
375,-0.8832053515594955,-0.32296062483409127
376,-0.6852752416712766,-0.20927187312936923
377,2.085033435954185,-0.8862420364673614
378,2.307355880618055,-0.930187735809377
379,0.6777361373794397,-0.20519870260757922
380,-0.24457631074880215,-0.029465944088417628
381,-1.2995184888707552,-0.5701737197996795
382,-0.6452021761446414,-0.1879090389127127
383,1.004691642377498,-0.3963149443794518
384,-2.0880379667296447,-0.8869529613052944
385,1.7933616720256484,-0.7997268398106987
386,2.065692766077393,-0.8815830374380388
387,0.8567389131849965,-0.30719089720552273
388,-2.1165855016027613,-0.8935379923115446
389,-1.5668667684487119,-0.7069862477426017
390,2.684693072210428,-0.9727795961673047
391,1.90870975791655,-0.8382310942639679
392,2.6118453901240937,-0.9669874725863212
393,-1.2852393379614167,-0.5621680324405659
394,-0.7308374682368015,-0.23437417101168934
395,0.5345824148157603,-0.13314987132901046
396,1.8583029358383918,-0.8221197842906902
397,1.0696994881157238,-0.4356770005991336
398,2.0451892158904563,-0.8764858388613437
399,1.3877630963771832,-0.6182323898289184
400,-1.746071659029759,-0.7822446554749157
401,0.7167106784737767,-0.22650579299065154
402,0.4128918995590438,-0.0817080038661534
403,-1.2527019083556867,-0.5437119752311177
404,-1.7507671612290818,-0.7840250448540893
405,1.0194817241471856,-0.40528411574662704
406,2.452272849402334,-0.9505513768193833
407,1.341647035165062,-0.5934337487151884
408,-1.7460959745633056,-0.7822539005085264
409,-1.3897867865680442,-0.6193038223861711
410,2.2807686158652585,-0.9257971514629115
411,-0.12499548173767927,-0.007781501362110643
412,-0.3578145012654268,-0.06200964135416631
413,2.6463599713923776,-0.9698512118031891
414,-0.6413228631921326,-0.1858800030358687
415,-2.547056682047719,-0.9609826504213184
416,2.0784217319629787,-0.88466547357816
417,-2.7850976780137717,-0.9793157872348155
418,-2.1676492842882156,-0.9045689908495766
419,-0.23934761174276087,-0.028237299507625657
420,0.7987153250069028,-0.2731048867206689
421,0.5299427890554744,-0.13100654017297586
422,1.6383019167343678,-0.7386818334612459
423,-2.840948404556713,-0.9823230530176322
424,1.3137921804820625,-0.5781160263670506
425,1.1178881138211985,-0.46465127259690686
426,1.5966230211878507,-0.7204579459236253
427,1.313479443239375,-0.5779426711874409
428,-1.5087500002219978,-0.6795930209061511
429,-1.7793418827802818,-0.7946478087659103
430,2.2606340734979113,-0.9223258842026483
431,-2.075568966655348,-0.8839800671439051
432,0.11560791758103495,-0.006660316418264256
433,-2.4958326947977567,-0.9556033125900253
434,0.33908320505103795,-0.0558674503925678
435,-1.6691903562805996,-0.7516951919422851
436,-1.2102665619532138,-0.5192330200802115
437,-2.1857701501213294,-0.9082598885145117
438,-0.8629675493914863,-0.31089146546597624
439,-1.8965591048444383,-0.8344477160722203
440,1.1342551618738312,-0.4744276323293667
441,0.8534489114807755,-0.305239100603095
442,-1.2564692207612178,-0.5458634936524953
443,-1.541719355465194,-0.6953066096384022
444,1.3947508323315239,-0.6219258513481021
445,-1.6124578628109816,-0.727470981235715
446,1.0810901123458168,-0.44254746345033635
447,-2.1381147717590254,-0.898304008190513
448,2.2417939037388406,-0.918960610583742
449,0.5463311379900784,-0.13863665162367456
450,-0.49241108509488285,-0.11417364782789197
451,1.46421071482518,-0.6576619256535968
452,-2.8581882180691327,-0.9831704657499236
453,0.3470150724875345,-0.05843296223146022
454,-1.1217707791116314,-0.4669738746941764
455,-1.4834592251727012,-0.6672372935882057
456,-2.553101149243359,-0.9615794474200748
457,-2.6469502446782487,-0.969898274969953
458,2.5996625473600004,-0.9659226616480735
459,0.6930341422982904,-0.21348867802430704
460,0.6848466429852027,-0.209039668438034
461,1.059278328105429,-0.4293819961414511
462,2.251990689106586,-0.9207962024075268
463,-2.918739213521631,-0.9858709073427875
464,2.514118975731689,-0.9575911033484421
465,0.23875137019452897,-0.02809878309507652
466,-2.4723730185366892,-0.9529391658875765
467,-0.03939994908713551,-0.0007758768458151488
468,-1.8850806190562484,-0.8308153353156411
469,-1.4585293394015348,-0.6548078004565632
470,-0.046163582954179994,-0.0010649707113372653
471,-0.6204937323271693,-0.1751108257624704
472,-1.3264673648599148,-0.5851166302593553
473,-1.2823676989992812,-0.5605509332795722
474,-0.631849787626813,-0.18095567610374053
475,2.5908310879724903,-0.9651325957973113
476,2.3182048242945346,-0.931917617769286
477,-0.8316106562083587,-0.29233760466386705
478,-2.409925808959971,-0.9451893741989539
479,2.3913221891994,-0.9426860314809521
480,0.03842756148645776,-0.0007380662359207646
481,0.9530212392118171,-0.3649964827919142
482,0.5378656913672781,-0.1346746806102619
483,0.4487152431497097,-0.09577104759122279
484,2.1083461218814907,-0.8916687574262918
485,-1.4337300009625942,-0.6422034885052934
486,-1.7467426625913898,-0.7824996816243611
487,-2.3016674102341126,-0.9292665317212399
488,1.9712424610125145,-0.8567119615974006
489,0.021179370122919927,-0.00022425770988154792
490,1.4471847164402778,-0.6490711567141236
491,0.3675139749093814,-0.06530336873054077
492,-1.064616109343392,-0.43260736113279996
493,0.4441953872456019,-0.09394454936907048
494,0.7419490283679853,-0.24061332671794944
495,2.522479028891212,-0.9584746097509997
496,2.377887082388349,-0.9408201098548215
497,2.7341859831424404,-0.9761956393668293
498,1.956637429303008,-0.852542460858909
499,-0.1312960715641731,-0.008582289282282884
500,-0.6083484858103487,-0.16893223414581626
501,0.6123169897615979,-0.17094273412471273
502,2.7472447652959406,-0.9770325412129442
503,2.0634208630573356,-0.8810263012314034
504,-1.8396031945697027,-0.8158620284038224
505,2.896874523253021,-0.9849434324623735
506,1.8382466685743148,-0.8154021137223052
507,0.9291171879384299,-0.35054996514561765
508,-2.2743069093219472,-0.9246970492904901
509,1.2860468572258288,-0.5626223456487658
510,2.039449399496161,-0.8750294196464931
511,-1.1419002903558755,-0.47898067019165247
512,-0.2565425077897272,-0.03237148334851958
513,-1.0260180647450328,-0.40924655690782996
514,-2.796204612506087,-0.9799470723312996
515,-2.6794020727124876,-0.9723905654632418
516,-0.6768156406188748,-0.20470304493869973
517,2.729907275145667,-0.9759157424459329
518,-2.677047428477778,-0.972215902856391
519,-0.43647108200328066,-0.0908575648200507
520,-2.895194961487254,-0.9848700178734929
521,1.2324140048885033,-0.5320632490416626
522,-2.685998919010791,-0.9728748814456442
523,-2.6791596988397366,-0.9723726304137085
524,0.7808308183412302,-0.2627648570221244
525,1.7534650610317737,-0.7850435565815153
526,-1.919413152868975,-0.8415115288767772
527,-0.9989392745216579,-0.3928259780045683
528,1.0607600804984418,-0.43027755434276793
529,0.4291217845663997,-0.08796120642221683
530,-0.7170422683085897,-0.2266896376358838
531,-1.0623700858525478,-0.43125044984705974
532,-1.8229806755470173,-0.8101705557320628
533,0.3666314798459904,-0.06500053417804508
534,-0.7651525532156143,-0.25377582022930545
535,0.5814739115150545,-0.15553834969160873
536,-1.353297776592694,-0.5997666136164512
537,-2.053983194131754,-0.8786921174097864
538,-2.0593276018332,-0.8800181845783459
539,-1.4974593696567564,-0.6741089910488762
540,-2.4632753245590613,-0.9518706288924877
541,-2.700881335986561,-0.9739406850629164
542,2.182954322162421,-0.9076938755857193
543,-0.3020392060284367,-0.044589168533326395
544,1.3417200636115423,-0.5934735825580831
545,2.50151408143328,-0.9562291124240422
546,1.8803413408925849,-0.8292989979800566
547,-0.5009508248919987,-0.11792294644150114
548,-1.9295168727330214,-0.8445634518438282
549,2.483968754431219,-0.9542722702178708
550,2.8696968531610487,-0.9837161264639809
551,-2.746065688031761,-0.9769580400959577
552,-1.7886349948279783,-0.7980242366835848
553,-2.228981001180583,-0.9166059363837414
554,-2.7863293111160274,-0.9793866326880545
555,0.5680123210852885,-0.14897944643688787
556,-2.39938630008306,-0.9437825070755258
557,-0.4079493279335522,-0.07984332735145772
558,1.0392756692377088,-0.41727911187102185
559,2.366583122109491,-0.9392116935678907
560,-0.7300509426342172,-0.23393418258965115
561,2.0629009081403904,-0.8808986036374913
562,-0.9844906282772374,-0.3840631879696249
563,1.8959758934744677,-0.8342645264230404
564,-0.8592684351846871,-0.3086928974238837
565,0.22108054547520073,-0.024142106208986602
566,2.3069879292792796,-0.9301284451308202
567,1.1218349326558759,-0.4670122339403604
568,1.5902414902578244,-0.7176009108248504
569,-1.8993974205814839,-0.8353371585274284
570,-0.9453201600929422,-0.36033783074766745
571,-1.0753052060135038,-0.4390596140669848
572,-1.7120971648729888,-0.7690694703144962
573,-0.2020778790055422,-0.020210704074313246
574,0.2244991928890192,-0.024885075651531086
575,-0.9605869224981829,-0.36957659747782334
576,1.077408989228398,-0.44032838275887964
577,2.8963652176955224,-0.9849212036486585
578,-2.872222468924567,-0.9838337728309765
579,1.379110008630156,-0.6136347865315113
580,-2.995152360356353,-0.9887283981931433
581,-2.398209051470407,-0.9436235255556211
582,2.6009077643843197,-0.9660328228782868
583,-2.5638398909861944,-0.9626206734451462
584,-0.3856165027834413,-0.07165332486175513
585,-0.7714344174527197,-0.2573686564026345
586,-1.9320456069428074,-0.845320510661327
587,-2.3787369335789776,-0.9409396041147683
588,1.0291865355899361,-0.41116687962925
589,-2.14880122928568,-0.9006069772544283
590,-1.050454779940147,-0.4240460804971258
591,-1.9934935554101112,-0.8628950074560541
592,1.1011301847760384,-0.4546043813670232
593,2.793753897292274,-0.9798092443278741
594,-1.9296561983675522,-0.8446052339238059
595,1.9385022065747268,-0.8472412504611608
596,-2.4385400243844337,-0.948862578216577
597,-1.9253523247935644,-0.8433107582881654
598,0.10237525629601318,-0.005226639887857432
599,1.995080405196969,-0.8633282087358933
