,data,labels
0,2.7292103806113026,-0.9758698854177726
1,-0.500739713456197,-0.11782967583089854
2,1.2706495083514522,-0.5539280809723985
3,-2.0457862032477347,-0.8766365736940795
4,-0.15976874796239304,-0.012681924393529442
5,1.7642447737960794,-0.7890807269584712
6,0.9981246258445222,-0.392331869697768
7,-1.8903323074211553,-0.832484285840543
8,0.08294387733573672,-0.0034339339102972266
9,0.2014339690153122,-0.020083408777025746
10,-2.9466159676482357,-0.9869800545302245
11,2.9480932311771753,-0.9870366203923291
12,2.5050593911464363,-0.9566158571424177
13,-0.33120566153658615,-0.05337153872448119
14,2.790776767342985,-0.9796407002756716
15,2.5748671343400344,-0.9636648751831995
16,-1.5572776187262873,-0.7025641748040101
17,-1.0239929602735833,-0.4080190308642071
18,1.3258051523993597,-0.5847521263135789
19,-1.2042056926856315,-0.515702395136189
20,1.7209149343021641,-0.7725384590274941
21,-2.4175983649677026,-0.9461951101827063
22,2.8615249073585787,-0.9833302969816949
23,1.3192715826753938,-0.581148465349679
24,1.9027682658814689,-0.8363889864060184
25,1.390115426983578,-0.6194776824453905
26,-2.2667900089860487,-0.9234007866920465
27,-2.0814462796238473,-0.8853887494842069
28,-0.6920046230457606,-0.21292772536468807
29,2.6441250721512084,-0.9696724487850013
30,-1.2162623006406064,-0.5227176297090399
31,-0.27075191588080294,-0.035989700188168716
32,-0.7887284456820352,-0.2673200337207746
33,-2.086940756359499,-0.8866937399260408
34,-0.8236283941458904,-0.28764711533480936
35,-0.7468143807184471,-0.24335860743107218
36,-0.23405297534065372,-0.02701868223482362
37,2.756989929336962,-0.9776403377349072
38,-2.0742986773240952,-0.883673862350224
39,0.23700931025984762,-0.02769594200841785
40,1.5087217230465217,-0.6795793511593092
41,-2.9329090300550913,-0.9864447003397978
42,1.07710741420573,-0.4401465303706855
43,-1.5189079142223667,-0.6844823406372518
44,-1.360121528901778,-0.6034548157684347
45,2.5402015040207626,-0.9602963374753267
46,-1.9858480864840424,-0.8607934268506472
47,-0.6487753536563092,-0.18978426701288786
48,-1.7158440171054554,-0.7705477530716507
49,-1.1626856756973638,-0.49131127423513143
50,-1.5469913426537363,-0.6977772972726198
51,-2.678264960147972,-0.9723063351681681
52,1.1345746461818997,-0.474618079831839
53,2.271716251982138,-0.9242523126248648
54,-1.1950308308174646,-0.5103426133227489
55,1.8225959141336032,-0.8100373743180783
56,-0.09816211034212197,-0.00480631248997776
57,-0.9939064066469734,-0.3897734349062406
58,-1.0310415895845106,-0.41229101656244416
59,2.884868474662195,-0.9844116752447084
60,-1.2013521622596592,-0.5140373495122049
61,0.11792461922171604,-0.00692899098273092
62,-2.3108077789510775,-0.9307419777341795
63,-1.4596752394786379,-0.6553844745536729
64,2.652229502545479,-0.9703164027560748
65,2.0071286556282244,-0.8665839342871502
66,-0.6372980000290389,-0.1837824632731102
67,-2.527312908752714,-0.9589783486261034
68,-2.460918980126287,-0.9515905924545287
69,0.21271063875619323,-0.022368928792710685
70,-0.27088339498884073,-0.03602402496049184
71,-0.0007958463161159557,-3.1668562927578137e-07
72,2.1179938662891447,-0.8938549802274187
73,1.726940511227463,-0.7748890224134053
74,1.9923655549442003,-0.8625864452432844
75,0.6935919183197461,-0.21379277367620342
76,-1.667635265324291,-0.7510501202882951
77,-2.0177083236468043,-0.8693944333850885
78,-2.4292082864371247,-0.9476878410091645
79,1.6283833161326164,-0.7344138774365561
80,1.194013595955873,-0.5097472642787539
81,2.951056797350523,-0.9871494428498738
82,-2.331975160722906,-0.9340629035232466
83,-0.36291935883075377,-0.06373360270754957
84,-0.9374221272611241,-0.3555642313662818
85,1.2840691960542578,-0.5615093763267546
86,-2.8640471382540396,-0.9834502288503533
87,0.40218634892005234,-0.07769280685128177
88,0.3766312428564178,-0.06846875473717418
89,-1.849397182833678,-0.8191586171801041
90,2.625727679021958,-0.9681660809924865
91,-0.14695295226737226,-0.010739500414211123
92,1.4084519132094053,-0.6291169131829063
93,-2.0670984448294707,-0.8819265027437441
94,2.8416871868877465,-0.9823601200513898
95,0.2783566484244253,-0.038000368969843046
96,-1.0091919226954422,-0.39904436656825104
97,-0.791554494795494,-0.2689542671240459
98,0.13480375170835046,-0.009044872539461402
99,-0.7800560168058555,-0.26231892440737725
