,data,labels
0,-0.41015050757083227,-0.08067145650340812
1,-0.7058582040228636,-0.2205119353077516
2,-2.635903247069657,-0.969006970789377
3,-2.485520815449613,-0.9544482784844984
4,0.8537698836558847,-0.3054294284996729
5,-1.7047446405694158,-0.7661504092289178
6,0.9599868112666972,-0.3692131930501814
7,2.2095672944631506,-0.9129344342088548
8,1.2343700826144648,-0.5331908374929657
9,-0.822415366565294,-0.28693558396698127
10,-0.10457738002786066,-0.005453290737406857
11,1.228200361150055,-0.5296311305907421
12,2.0446663133333463,-0.8763536947830448
13,-1.837767273179817,-0.8152393869220057
14,-2.8169382049534812,-0.981080656700003
15,1.5039888548681164,-0.6772867877008033
16,-1.8316303111863124,-0.8131473234251322
17,-1.1972287121362892,-0.5116282081125585
18,2.8356632732355305,-0.9820558854778718
19,2.635488052380186,-0.9689730357211158
20,-2.2769334525118525,-0.9251457937210416
21,2.7862136073783725,-0.9793799862377306
22,-2.170353281013104,-0.9051270529718247
23,2.739925987821895,-0.9765667004232322
24,1.1399240254565148,-0.47780457925061814
25,1.982938762528355,-0.8599874290590733
26,1.5598277803969296,-0.7037440055327805
27,-1.1431477347727632,-0.47972271635993646
28,1.5565796512207077,-0.7022407798946486
29,-1.6544823199680052,-0.7455512589127035
30,1.4943741937459825,-0.6726014737622048
31,0.10295198035721453,-0.005285537261204065
32,-2.3778590856343977,-0.9408161699569685
33,1.5420204225828673,-0.6954480174131497
34,-1.681537546837671,-0.7567788727415536
35,-1.1851229699193233,-0.5045348332694548
36,2.6158356740602793,-0.9673300027270968
37,-1.0474523802852338,-0.4222293246469646
38,-2.753945982758739,-0.9774520074231091
39,1.026958628782002,-0.4098166411281675
40,-2.58937299237928,-0.9650006660205241
41,0.6501119844317573,-0.19048728288699168
42,-0.8306328873398963,-0.2917622926300517
43,0.21055110283626544,-0.021922025358101727
44,0.5867575449526168,-0.15814055472766553
45,1.8546965148787695,-0.8209248235519621
46,2.8737037016388616,-0.9839024224719113
47,2.372486731668035,-0.940056129481916
48,1.4999722548742707,-0.675334021200167
49,0.20900924041431734,-0.021605612751720793
50,-1.2654103943238049,-0.5509548021896478
51,-0.749155201558469,-0.24468225050453374
52,-1.1236211287957805,-0.46808002321842157
53,0.5746336343688156,-0.15219269770637234
54,-0.6552561746049075,-0.19320068923026668
55,0.6744491852508232,-0.2034304641960648
56,-1.788992371623389,-0.7981533145879989
57,0.9411688365888726,-0.3578281869241805
58,0.10242708897547281,-0.005231919859424061
59,-2.7139307934936276,-0.9748452913157928
60,0.2115390432144011,-0.022125933308038137
61,-2.7570709967833995,-0.9776453346821561
62,-2.8013010243386756,-0.9802310689879985
63,-0.3331619073028267,-0.05398648942343043
64,2.792981028685002,-0.9797656072967149
65,1.9950458219948963,-0.863318778648661
66,1.4264804886542928,-0.6384747139520568
67,2.218038282306063,-0.9145519688706789
68,-2.1560109923576625,-0.9021374855981064
69,0.0641586369423841,-0.002056048777186903
70,2.0847236608776907,-0.8861685429059606
71,-1.3953677493813939,-0.6222510955404847
72,1.9843948895427976,-0.8603912677703449
73,0.8171214409218983,-0.2838343074424772
74,0.1233108864294934,-0.007573959272416664
75,-2.007952965413808,-0.8668045333557101
76,2.8573321716988476,-0.9831292439926155
77,0.725055279788676,-0.2311447659237742
78,-2.1732125917974945,-0.9057143697753003
79,-0.22664710456681147,-0.025357415317835974
80,-0.17473571670699473,-0.015150346348166033
81,0.5869184194142179,-0.1582200286065777
82,-2.508388441656108,-0.9569763918462376
83,2.637942147292626,-0.9691731552627404
84,-0.36597014166738084,-0.06477400432548097
85,2.6630714561587556,-0.9711595046323603
86,-1.8588892217058992,-0.8223135092117175
87,0.0026811651845437545,-3.5943169138796804e-06
88,-1.549788462020508,-0.6990834028490673
89,-1.0003398900557383,-0.39367549401916535
90,1.1040509319031058,-0.4563579418963327
91,0.5447835311615075,-0.13790908833628435
92,-0.3526088201942774,-0.06027358132221183
93,-0.6533256420364211,-0.1921809529971743
94,-1.6469767250290286,-0.7423791030633595
95,-1.6868252714980263,-0.7589352593783759
96,2.2405393767217827,-0.9187324392908449
97,-2.0655463587504457,-0.8815472201468041
98,-1.8922554949994432,-0.8330924861369766
99,0.2935349218041594,-0.042166556953400214
100,-2.437125104241246,-0.9486858833789407
101,1.0590145946443492,-0.42922258180285033
102,2.465444430824383,-0.95212721604704
103,-0.10868767067730101,-0.00588909577121155
104,-1.8639707943177413,-0.823986320236367
105,2.3219712479385572,-0.9325099593642485
106,-0.2941595129552921,-0.042342336181362294
107,1.6192421709460216,-0.7304422441264145
108,-1.2154610935102068,-0.5222524551780581
109,-1.9735440235361177,-0.8573609558260555
110,2.7737794053525295,-0.9786547510306112
111,-0.3949782829079762,-0.07503920114545992
112,-2.3400301456845987,-0.9352920067193853
113,2.6224978929678064,-0.9678951316807686
114,-0.8313326002846675,-0.2921739773093259
115,-2.671189144428155,-0.9717772170913549
116,1.4504216902061886,-0.6507130679560953
117,1.4267349577100585,-0.6386059337605223
118,2.250951324405664,-0.9206106406093528
119,1.9327130262502656,-0.8455198733351306
120,-1.8895173462731383,-0.8322260767757744
121,-1.8400826252165046,-0.8160243806733103
122,2.505082453373414,-0.9566183634810277
123,-2.01070482983076,-0.8675389920321346
124,-1.157951519407735,-0.488509292366212
125,2.179963075923852,-0.9070895828207854
126,1.8597307245857637,-0.8225913027300755
127,2.8009336261295976,-0.9802107138049873
128,0.34116790784378814,-0.05653666039334848
129,0.13104344284360936,-0.008549435883459022
130,0.44736799112180003,-0.09522506764338567
131,-0.3732619187417594,-0.0672911922317424
132,-1.0126462777281227,-0.4011392878608503
133,-2.4598480367426863,-0.9514628687869643
134,2.432713499749152,-0.9481317010649427
135,2.0946353296324274,-0.8885019951620576
136,2.458661390390594,-0.9513210176659819
137,0.07860820167299076,-0.0030848567064688526
138,-0.7777657164638772,-0.2610017712473761
139,-1.6895785472939981,-0.7600531488576254
140,2.250805150321799,-0.9205845156196392
141,-1.8943868716148975,-0.8337646643035026
142,-0.703287185601015,-0.21909863686116848
143,-0.555037484311681,-0.14275652952529228
144,-0.8422228673601619,-0.29859490632782015
145,-1.5450792385120629,-0.6968825505527146
146,1.3591718432721525,-0.6029424512656533
147,-1.2410931167363735,-0.5370591848911066
148,-0.15048817499407896,-0.011259477623881575
149,-2.513136620139786,-0.9574862546671361
150,-0.3516133610946812,-0.059944138024331406
151,-0.31006026717593294,-0.04693167632591866
152,2.412333522127235,-0.9455066449802353
153,-1.2715007355236572,-0.5544104580422292
154,1.9470716547985871,-0.8497634180620234
155,-1.5970684968278517,-0.7206567290981372
156,-0.2608962315843111,-0.03346079940870361
157,-0.43970592341330805,-0.09214504065330054
158,-2.199018257028448,-0.9108861619509588
159,-2.9069637126121903,-0.9853778680813441
160,2.2316620252656314,-0.9171031070889386
161,-0.6373129742151513,-0.18379025250680003
162,1.127794111614695,-0.4705728886827193
163,1.2970396114747285,-0.5687881924956772
164,0.07915188287052777,-0.0031276090896577013
165,-2.1515855508599797,-0.9012002486898
166,0.22832444701367827,-0.02572924025399692
167,0.36541174582759517,-0.06458301139532319
168,-0.8963906891069211,-0.3308574308822284
169,2.3769213702122816,-0.9406840833517693
170,-2.140318582975853,-0.8987823184296616
171,1.74058882380581,-0.780153285287116
172,-2.6149901618360776,-0.9672576775453654
173,-1.76706753772647,-0.790129339720771
174,-1.9018640215911229,-0.8361073073315523
175,0.49581698931332596,-0.1156631557974307
176,-1.455810174983981,-0.6534373375855235
177,-0.2280714470127836,-0.025672990003471563
178,2.325462821211846,-0.9330553196071513
179,2.71082648022011,-0.9746325926196235
180,2.4549482196545167,-0.9508749101895796
181,1.6589528797543993,-0.7474288603152734
182,0.8091354139209601,-0.2791686346732781
183,-0.7029949803498883,-0.21893817519889902
184,-1.0952763614036056,-0.4510869088525007
185,-1.9906439690508102,-0.8621145079131582
186,0.9424079234590823,-0.3585771371307941
187,-2.229765239113971,-0.9167516117592517
188,-1.1972244290342189,-0.5116257038119687
189,-1.9615910475554128,-0.8539665711746176
190,-2.2255760792045476,-0.9159710958383137
191,0.37969971721731754,-0.069549068370239
192,1.882371915653004,-0.8299498719337064
193,1.490838702460068,-0.6708691932657634
194,1.4748959736444007,-0.6629955239047501
195,2.463569325216344,-0.9519054738630748
196,-2.602514838282369,-0.966174547987236
197,-2.023629219786345,-0.8709477102157295
198,-2.7609816873066455,-0.977885238202909
199,0.49624451925301605,-0.1158506754577856
200,1.070700389903167,-0.43628116002778117
201,0.45824420487576534,-0.09966996349536039
202,-0.20928547968766908,-0.02166213757550217
203,0.24552658554039342,-0.029691922367021784
204,0.1506858517423213,-0.01128890956987516
205,1.4339586122084764,-0.6423207524531347
206,2.605989457171634,-0.9664792465315394
207,-0.9549262340672904,-0.3661494362900485
208,-0.8040181596000338,-0.27618728462649833
209,0.8707980351602922,-0.3155533716463965
210,0.8583121012084933,-0.3081249003846839
211,-1.8472442913646203,-0.8184375733609819
212,0.44230211204609304,-0.09318387587487409
213,-0.4610152279240123,-0.10081593399412836
214,2.889324460724078,-0.9846109324293506
215,-0.6429420372760477,-0.1867260234260527
216,-0.28430428509136085,-0.03960869026072411
217,0.3545901497152171,-0.06093172035210637
218,2.31409709096953,-0.931266781942641
219,-2.973413623064107,-0.9879729173773286
220,0.41355127769573485,-0.08195817614254763
221,1.5358791614450569,-0.6925560237159671
222,-0.11921451918983861,-0.007080862512278019
223,-0.5952322601882134,-0.16234647762558352
224,2.490304393521636,-0.954987182039104
225,-0.4708243556705476,-0.10491606854869284
226,1.7589023064624847,-0.7870863643310819
227,-1.4764419750481272,-0.6637634849604954
228,2.4597976347500197,-0.9514568507817216
229,0.4820888089699755,-0.10970713613947414
230,2.3002282686882145,-0.9290319174125273
231,1.3469916222114051,-0.5963443900384605
232,-2.949509917936585,-0.9870906623160952
233,-0.332937423536519,-0.05391575879516952
234,0.6001040820796062,-0.16478195348039693
235,-0.40263086972872086,-0.07785777348511036
236,-0.7320124876657501,-0.2350318966936944
237,0.027158035615929776,-0.00036871145847505726
238,2.093828289542788,-0.8883133898087966
239,0.10034124130079025,-0.005021532093716918
240,-2.2155918330016204,-0.9140872974779954
241,2.6093514736811416,-0.9667718395613933
242,-2.716178177425897,-0.9749983122342414
243,1.8831117271960824,-0.8301865654778299
244,1.2167831807680711,-0.5230199698577387
245,-2.443788728275606,-0.9495136196049918
246,2.678930499701586,-0.9723556610372205
247,2.9516404672202823,-0.987171560334765
248,0.666944370467029,-0.19941085944501857
249,-1.4909356710272543,-0.6709167720020313
250,2.476538533473734,-0.9534217485507633
251,-2.140971053180902,-0.8989235911890394
252,0.7847132301522137,-0.2650019455561403
253,-0.7347006491395485,-0.23653845469384127
254,1.3465763420688504,-0.5961185652798855
255,1.1073504988461629,-0.4583377158111538
256,1.1582610049205346,-0.4886925865378041
257,-1.7113096225275715,-0.7687579570572295
258,-2.3855633374816305,-0.9418922491431377
259,1.627645517742466,-0.73409467795303
260,-0.32802859392750294,-0.05237969510195717
261,1.4193457053769176,-0.6347857515991278
262,1.4688105100493338,-0.6599634466220943
263,-1.4867809633957771,-0.6688748295262547
264,-1.3113086797435907,-0.5767385588969709
265,2.6112272837386534,-0.9669341404911039
266,-2.3337797850794644,-0.9343399130473292
267,-0.5806125898126515,-0.15511562028327897
268,2.400554722556664,-0.9439399301911886
269,0.39691182690242854,-0.07574705903377654
270,0.9459008513408547,-0.36068897778113307
271,0.5446712222927674,-0.13785634597048468
272,2.060688679427538,-0.8803541221266632
273,0.691856585822487,-0.21284710025329245
274,-1.9663812457320093,-0.8553339942029285
275,-1.928301100525032,-0.844198507677749
276,2.339342607769499,-0.9351878321807436
277,2.908879022125971,-0.9854590806911512
278,2.6057282706374156,-0.9664564240299037
279,0.8679746990810759,-0.3138712860024302
280,-0.5953572199850998,-0.16240878660271085
281,-0.8005779913867084,-0.27418677285906423
282,2.733528465944098,-0.9761528111629744
283,-2.27958972098392,-0.9255974190835677
284,2.193261490008296,-0.9097523735444699
285,1.9437506341542266,-0.8487896346807229
286,-0.6670456461161498,-0.19946493769708773
287,-1.226084187750224,-0.5284080677839628
288,-1.6399315559780552,-0.7393789269942179
289,-1.8322248248929307,-0.8133507150277948
290,-1.7705456444512602,-0.791416521118063
291,1.5297697707043127,-0.6896634035898408
292,-1.8048675392639646,-0.8038299545677166
293,-1.4065331403841619,-0.6281139309079189
294,2.197505931340376,-0.9105894110457314
295,1.2407612840480766,-0.536868515771368
296,0.06758040736082993,-0.002280950399658921
297,-1.8555779734074682,-0.8212174127441711
298,-2.6868637243924067,-0.9729378264667293
299,-2.364373408723302,-0.9388931194553238
