,data,labels
0,2.8238126039446936,-0.9814439391177721
1,-1.6147438485173464,-0.7284743986654796
2,-1.795968815423571,-0.8006617190098779
3,-2.59399445475215,-0.9654173654885853
4,1.3062393336488718,-0.5739210402599308
5,0.25786700153263276,-0.032701065428206166
6,1.3854178680723184,-0.616988909992303
7,-0.6614931382163887,-0.19650682341283987
8,0.7195740857758128,-0.22809472129263875
9,-0.2725533261619839,-0.036461330763732924
10,-1.4574025169299212,-0.654240228876888
11,-2.1342606416935355,-0.8974632741231887
12,0.284145336947244,-0.03956530167647121
13,-0.7519606916837649,-0.24627103685236307
14,-1.0028276416103068,-0.39518438705100334
15,-0.40017343660189075,-0.07694770613974067
16,-0.4223914272156941,-0.0853440166582683
17,-0.630630871420593,-0.18032523708526937
18,0.7289359673321698,-0.2333108363216464
19,2.3735756066068667,-0.940210820555334
20,1.5495712839917353,-0.6989821103920398
21,2.6930714831433793,-0.9733859766009464
22,-0.13822650597970654,-0.009507795832443988
23,-1.071325627980952,-0.43665852128732396
24,2.7666333397653817,-0.9782279886772615
25,1.4490692706951265,-0.650027561812945
26,0.8913943004703713,-0.3278621996629383
27,1.6208637556289913,-0.731149457306749
28,2.8413572078399225,-0.9823435723884701
29,-1.1742294673184779,-0.49812661938661296
30,-2.3618546207026605,-0.9385283154901695
31,0.284253346454201,-0.03959478294913055
32,-2.0638605509268877,-0.8811342039827039
33,1.0202447277122992,-0.405746719416312
34,-0.8078730110124717,-0.2784325367353738
35,-0.20637025642748563,-0.02106921766703862
36,1.8112524370423149,-0.8060815744775356
37,2.195921671226511,-0.9102777052695934
38,0.46875917622469876,-0.10404723286464945
39,1.6563928234073018,-0.7463547375665792
40,1.1731002191104754,-0.49746101604017223
41,-0.1868827602532157,-0.017310995787583328
42,1.8742012923675269,-0.8273200231151494
43,2.972927708792584,-0.9879555292208374
44,-2.1888278005295505,-0.9088713988084653
45,-1.2287771289819738,-0.5299642937197336
46,2.114578340984636,-0.8930849601570625
47,0.7563326134703536,-0.24875204186972955
48,0.9669659929506347,-0.37344054929329307
49,0.6832221920353652,-0.20816028036376466
50,-0.31289684762793213,-0.047773372693525884
51,-1.3216101898019512,-0.5824398807666167
52,1.5109575281573004,-0.6806591738270813
53,1.681329534946407,-0.756693789286516
54,2.033198907390929,-0.8734286247246833
55,0.8057306214100262,-0.2771842405293248
56,1.2066846518303196,-0.5171474369830129
57,1.1868999394423145,-0.5055779296325122
58,-0.90969750198615,-0.3388501564152554
59,2.857722225749235,-0.983148037494061
60,-0.3701117265841747,-0.06619845795153023
61,2.771433905993737,-0.9785154874008325
62,1.4970899785206937,-0.6739286973981631
63,-2.895647306139719,-0.9848898210675235
64,-2.756868666465974,-0.9776328613558629
65,2.197520420972195,-0.910592257936993
66,-1.0557918025003359,-0.4272741738153727
67,2.5834533812618847,-0.9644606834390406
68,2.075594419699293,-0.8839861963002102
69,-0.5963311125398603,-0.16289468990241474
70,-2.5114659455457433,-0.9573074393601749
71,1.131047476645037,-0.4725146556351921
72,0.9140039524852739,-0.34144129525640743
73,-2.0451152560426893,-0.876467154801528
74,1.7224019182338175,-0.7731200336529701
75,-1.7166321197793377,-0.7708578939215933
76,-1.4856394815130558,-0.6683126048534231
77,-0.5648325736825464,-0.14744530894022745
78,2.754756305158967,-0.9775022764491142
79,2.2714083744879066,-0.9241993189728326
80,-0.008675872514514182,-3.763467374195972e-05
81,-1.524727416681884,-0.6872642979637713
82,2.9038986423742115,-0.9852470713386183
83,1.7210916509324177,-0.7726076263653177
84,-2.335472909687434,-0.9345989428281173
85,1.0755297160872725,-0.4391950323171746
86,0.8385100245809305,-0.29640300052579116
87,0.3859438314563741,-0.07177054621010637
88,-0.18613651367756834,-0.01717421347315884
89,-0.25341315103106776,-0.03159908838607606
90,-2.508281904113182,-0.9569648930307854
91,-0.6845610896822123,-0.20888500518921516
92,-1.8450731394375224,-0.8177083578330673
93,-1.5092462462035583,-0.6798328628154557
94,2.3873006514141846,-0.9421326640839469
95,1.6089113153879424,-0.725909739893228
96,1.6805158739707062,-0.7563607914193775
97,-0.250999668220806,-0.03100944734745703
98,-1.524012660507537,-0.6869233701778974
99,1.971704931834351,-0.8568425447932123
100,0.382689452009922,-0.07060887201801691
101,-0.9281089363615584,-0.3499416161881179
102,-0.9639500881846574,-0.3716135190353378
103,-1.1999277655734635,-0.513205551157244
104,2.4606816569304586,-0.9515623128617662
105,-1.793404747099176,-0.7997423103375196
106,0.6053293965811744,-0.1674082385041037
107,-0.19402790984958695,-0.01864736080307461
108,-2.9703165434959873,-0.9878617078677732
109,-2.019417392220225,-0.8698442282998918
110,-2.491927628397521,-0.9551688313460462
111,0.5145540062878133,-0.12399450277411384
112,-0.19103068378925858,-0.01808090408587415
113,-1.5203845525651805,-0.6851895583517182
114,1.0660529265032919,-0.4334751995255195
115,-2.0844849106544365,-0.8861118749188663
116,2.3272691000904473,-0.933336035346288
117,0.9297953105111603,-0.35095917495861406
118,-2.6450241883909866,-0.9697444753640349
119,-0.08719271212387536,-0.0037940687876607537
120,-2.306819419118031,-0.9301012782124018
121,0.39944200619478476,-0.07667773707851355
122,-1.2007874558745686,-0.5137076326717014
123,0.3947447615556472,-0.0749539078759115
124,2.7985622205099174,-0.9800788889152182
125,-2.4447510046262684,-0.9496322272157497
126,-0.819707999748708,-0.28534873921264403
127,0.23986359815830127,-0.028357434249641766
128,-0.4764672139357953,-0.10730517959199581
129,1.3674776337544436,-0.6074131684741737
130,-0.653150385965779,-0.1920884654058712
131,1.9240561083127599,-0.8429193567082508
132,1.354189866199322,-0.6002496680436227
133,1.7740576104155377,-0.7927107675034701
134,0.5045891949224304,-0.11953502274974881
135,-1.3849777235479364,-0.6167553218230619
136,2.462036066033221,-0.9517235200857868
137,-1.8570314300159718,-0.8216991284533023
138,1.5635714417937328,-0.7054710053145814
139,0.7696174452719191,-0.25632822641975794
140,2.90757458926719,-0.985403813690624
141,2.5242520402518984,-0.9586599775370541
142,-2.5749439416673643,-0.9636720605288729
143,1.6497065232078159,-0.7435357002597299
144,-1.2002342016423193,-0.5133845359776925
145,-1.2569442356481126,-0.5461345115394305
146,2.6812374047459224,-0.972526050393457
147,0.1984175247561648,-0.019492277276503267
148,-1.5815681366188794,-0.7136896410508649
149,-2.539920641698803,-0.9602680024806595
150,1.6426825537959067,-0.7405530389471213
151,-1.6033161586373035,-0.7234355387483766
152,2.5260256795577307,-0.9588447125039535
153,2.1708031079204764,-0.9052196402367962
154,1.9760490934495056,-0.8580648491519207
155,-2.5820067804229927,-0.964327653816478
156,-2.6158680303547275,-0.9673327677748896
157,1.5930660474253209,-0.7188676476493256
158,1.5462355686933895,-0.6974238255797316
159,1.7986445937477349,-0.8016180740471243
160,2.250191927986747,-0.9204748421460128
161,1.7384176408359089,-0.7793214027274025
162,-2.232566996945647,-0.9172703898348711
163,0.11142494500683409,-0.006188530856690688
164,2.3313301051341906,-0.9339636565086252
165,-0.4018279453328457,-0.0775599105160395
166,0.9869715235233891,-0.38556761840775355
167,-1.4225805243166871,-0.6364606279367868
168,-1.0906052206004997,-0.44827738805518047
169,-1.556178193363059,-0.7020546756808063
170,-2.9046854677198706,-0.9852807458068543
171,-1.5480962956472815,-0.698293645371185
172,-2.338822867949708,-0.9351089911780334
173,-2.5030961738781614,-0.9564020534773975
174,0.6295220034585727,-0.17975235352216679
175,-2.1735703143477494,-0.9057876456424577
176,-2.091844309232359,-0.8878486866056762
177,-2.404751598021986,-0.9445023790045125
178,1.5087760891169513,-0.6796056325048221
179,2.4368324392983123,-0.9486492721599784
180,1.7731598133954867,-0.7923804295037392
181,-0.27883798892739264,-0.03812936463790406
182,1.3757311033837851,-0.6118323846850324
183,0.05170790903138922,-0.001335960737052888
184,2.6688174487389933,-0.9715979310849496
185,-2.6300556120811036,-0.9685260878285841
186,-0.29970558408156744,-0.04391811761174513
187,-2.0808247527891535,-0.8852404060248724
188,-1.3285549944262758,-0.5862648261828636
189,0.24835848133241,-0.030370236660660854
190,-2.4903101317026115,-0.9549878252601939
191,1.0163714938225166,-0.4033982697536933
192,0.500334222310598,-0.11765060945188788
193,-0.9832687779079707,-0.3833222919574588
194,1.2124155883899341,-0.5204829270155145
195,2.8678337665786326,-0.9836288600970003
196,-0.42111795862884227,-0.08485263089112349
197,-2.5849855616739257,-0.964601122806081
198,0.9226451543465313,-0.34664656001994765
199,0.48259338983757516,-0.10992378933157121
200,0.9611064639587124,-0.3698912261098779
201,0.6266226460877333,-0.1782573167120708
202,-1.757160357397581,-0.7864333379889854
203,2.8002676439933945,-0.9801737693752262
204,-2.797738237816219,-0.9800329052661865
205,2.763321806880045,-0.9780277218478282
206,-2.897956063896655,-0.9849905409626736
207,-0.719037382464454,-0.2277966668213639
208,-1.7927894267783835,-0.7995212382708805
209,0.08276165202489949,-0.0034188877710080723
210,-0.8778692742660907,-0.3197719921483919
211,2.301310709239475,-0.9292084397028294
212,-1.7023064921839635,-0.7651771072077769
213,2.663309373047225,-0.9711777727005869
214,0.7693426354455681,-0.25617095245554933
215,0.37083208529046807,-0.0664476308054669
216,2.0244771355865785,-0.8711690032484461
217,1.5552012996231621,-0.7016015309439136
218,0.26717311592017445,-0.03506133276771872
219,-2.2526805009442157,-0.9209191648307151
220,0.24655739354012507,-0.029937982687377684
221,0.5065806301063578,-0.12042106361514637
222,1.1680336235651758,-0.4944717075701933
223,0.13935092730220244,-0.00966235700624618
224,2.595082548486814,-0.9655148580812262
225,-2.2265387925855498,-0.9161509816036688
226,-2.029220915494983,-0.8724017677415288
227,-0.851726398781337,-0.3042180299804561
228,2.800537333278342,-0.9801887372559189
229,-2.000508744032002,-0.8648023662633446
230,0.9663497974330975,-0.37306722781883617
231,1.6610587429414139,-0.7483102432038595
232,-0.4048345070163717,-0.07867782051192351
233,2.388681389174817,-0.9423231494432953
234,-1.235836880086194,-0.5340357651685437
235,1.0676196429861777,-0.43442131516487004
236,-0.16683829914058634,-0.013821108239087332
237,-2.048419463569841,-0.8772997818515506
238,1.6510705106102517,-0.7441123800624303
239,-2.194192014186318,-0.9099364095470095
240,-2.7780022293788513,-0.9789035013539837
241,2.6207156039762802,-0.9677447719390695
242,-0.18453284273374093,-0.01688205866872483
243,1.846969750396962,-0.8183454785164267
244,2.2222223774521686,-0.9153420405806995
245,1.9681369964976447,-0.8558328110472718
246,-2.1086657797618553,-0.8917417481419536
247,0.20687262169712106,-0.021170824855621384
248,-0.8802644751598283,-0.32120273385615805
249,-2.6286943214045437,-0.968413230023683
250,-0.15339924025980167,-0.011696718696379227
251,-1.2782364742023642,-0.5582204345421881
252,0.2612047231077015,-0.033538633473644164
253,-2.4134508531216605,-0.9456533611610479
254,-2.961866782774579,-0.9875536443705896
255,-0.7575238881612112,-0.2494291439458306
256,-1.4780814373718119,-0.6645768358585017
257,-0.4166204905490858,-0.08312700473380041
258,-1.0086500878670641,-0.3987157532165654
259,0.048847265356693814,-0.0011923162918318075
260,-2.544796980917998,-0.9607575353664932
261,-1.8603164049133767,-0.8227844628452816
262,1.5093708938611918,-0.6798930907626266
263,-0.5615230141643117,-0.14585477564949878
264,0.6587229917186277,-0.19503621480373756
265,-2.669770257330505,-0.9716700750269078
266,-1.914060904886833,-0.8398772505479225
267,2.5937188838466634,-0.9653926372810704
268,-0.3433303478600749,-0.05723465288289309
269,-2.9727422594480073,-0.9879488871492937
270,0.6927913020478784,-0.21335632291066098
271,-2.9252785397152268,-0.9861383225923344
272,-2.019455018512086,-0.8698541176667989
273,-0.5991736766484794,-0.1643158492507666
274,-2.7687863688292134,-0.9783573414298619
275,1.1136449759532043,-0.4621107345103568
276,-2.4509132485533778,-0.9503862802663716
277,1.4756285311313047,-0.663359532767432
278,1.000783504162432,-0.39394455948667073
279,2.0357288406295115,-0.87407842120166
280,-2.152030133581359,-0.9012947209266747
281,2.735159394351867,-0.9762589213831396
282,-0.300071187636644,-0.0440229369315942
283,2.6571285176069575,-0.9706999477457755
284,0.4711423027802568,-0.1050500953523652
285,-2.386628297176598,-0.9420397190621206
286,2.747028060520406,-0.9770188642102906
287,2.561790041847612,-0.9624237887846109
288,0.055285540183400705,-0.0015270783042177216
289,-1.2179494433035865,-0.5236966906782208
290,-1.7806074590144712,-0.7951098836892323
291,1.7467098371067724,-0.7824872104215754
292,-1.8041663089336797,-0.8035815674043645
293,0.7459294623146766,-0.24285869717692732
294,-0.6598843357051605,-0.19565232224253082
295,-1.7606737638815888,-0.7877490655927457
296,-0.08607682825860685,-0.0036977565791528333
297,-1.6727743660457877,-0.7531778000570876
298,-2.540927023884604,-0.960369453045703
299,2.211334509737961,-0.913273878712451
300,-2.101439336407388,-0.8900823293771017
301,1.9629386278780254,-0.8543522186449573
302,2.7670668790039867,-0.9782540893766125
303,1.687241950961246,-0.7591046568363579
304,-0.7639689209618243,-0.25310021247708914
305,-0.6109619479901447,-0.1702553291052853
306,-0.773816160013773,-0.25873398592059715
307,-2.0606588183968864,-0.8803467596296016
308,-1.0659094862513823,-0.43338856864731456
309,-2.394642737833493,-0.9431396445198384
310,-0.5385185612306786,-0.13497867605535063
311,1.6715339288571096,-0.7526653095888147
312,1.79375359708028,-0.7998675703923663
313,1.912937429140043,-0.8395326532101619
314,0.8626524215792197,-0.31070407453518434
315,-2.7918082034239777,-0.9796992312126347
316,-2.7309122826990415,-0.9759817410402412
317,2.142333817044271,-0.8992181593469516
318,-1.1439415408090245,-0.4801947851424654
319,1.322863010247568,-0.5831310069705515
320,1.7165685289917718,-0.7708328794116888
321,1.8965797358404988,-0.8344541936945001
322,-1.9733696689424463,-0.8573118679584526
323,2.5318854687177623,-0.9594501019803386
324,-2.891281880730193,-0.9846977508316322
325,-0.6593090918642455,-0.19534707154324948
326,2.9660992318489496,-0.9877088074579878
327,2.1147596458789684,-0.8931259435090537
328,1.7919153141030204,-0.7992068984245158
329,-2.665438766829813,-0.9713408326548376
330,-0.23479779991574734,-0.027188555575339834
331,1.1196812812120047,-0.4657241956176056
332,2.6670944939375643,-0.9714670728441498
333,-1.4108241950094371,-0.6303550965633982
334,-0.14259001503622137,-0.010114457520172149
335,1.2349263122030187,-0.5335113076321245
336,-1.3552739153034152,-0.600836308864554
337,2.8788594392393634,-0.9841393778423967
338,2.931496788621182,-0.986388451754429
339,-2.3450660799331176,-0.9360508766633835
340,2.596088473874678,-0.965604780149495
341,-1.1940499872337973,-0.5097685664458567
342,1.6758095769879207,-0.7544289266492561
343,-2.620080161161797,-0.9676910185990547
344,-2.3471678516739973,-0.9363654337619071
345,-1.0096280615117683,-0.39930887477835064
346,0.27691915354630936,-0.03761635534735819
347,-2.0015967660236047,-0.8650963969225749
348,-1.7444727590249807,-0.7816361571405919
349,-1.3572536263361215,-0.6019066299521176
350,-2.377460426971438,-0.9407600445084803
351,-2.116695782914409,-0.8935628404019705
352,1.4872107771752727,-0.6690863943758607
353,2.9381666421193113,-0.986652305536739
354,2.368751625447981,-0.9395229987913964
355,-1.374179320882175,-0.6110032938849468
356,2.913772538271397,-0.9856647709642266
357,-1.35744716445651,-0.6020111949647793
358,-1.1206617727402575,-0.4663106785888891
359,1.6089942265257573,-0.7259463011239965
360,-2.63267828874975,-0.9687425485876217
361,-1.64449691303804,-0.7413255734830548
362,1.3771791925191348,-0.6126053213458653
363,-1.841434282504046,-0.8164815567549296
364,-2.2085016824206605,-0.9127292427392619
365,0.5227507364858597,-0.12771071937176082
366,0.7926257461951725,-0.26957431654025
367,1.7447244390552044,-0.781732015427578
368,-1.4238435594990408,-0.6371135272809778
369,-2.5021186735247705,-0.9562952692766451
370,1.349017417966273,-0.5974451817504015
371,1.6230198350747465,-0.7320879951565347
372,1.569754478600129,-0.7083102558266372
373,-0.39228926281449006,-0.0740596218535462
374,-2.478263283630203,-0.9536203480499845
375,-0.9272471447924788,-0.34942170939209205
376,1.3346232877063517,-0.5895945313501085
377,2.5111276132746747,-0.9572711500944803
378,-0.6313126947649375,-0.18067779458095246
379,1.0133633919757692,-0.4015741663806093
380,1.9397521311609225,-0.8476110530861309
381,-0.2559605485755574,-0.03222717214296056
382,0.211293608910057,-0.022075191261209826
383,-2.6770297686678033,-0.972214589304561
384,2.7884199377590386,-0.9795064048763141
385,-0.7470309536063473,-0.2434809942641698
386,-2.084515231578843,-0.8861190728729307
387,-1.0035492915032158,-0.3956220853726108
388,-2.183744184787165,-0.9078529245577261
389,-1.2005374094849035,-0.5135616154241944
390,-2.0819702879532076,-0.885513702994779
391,1.168185926026191,-0.4945616360836208
392,1.8472400895550862,-0.8184361641115598
393,2.4740693350493874,-0.9531361897247287
394,1.70357322697018,-0.7656831148799124
395,-1.2133738091499342,-0.5210399080398963
396,2.2336389718701897,-0.9174681936420876
397,-0.5803855995688698,-0.15500428453501602
398,-1.963015004809406,-0.8543740534185889
399,1.9157494057939468,-0.8403941424022975
400,2.7175363705438667,-0.9750903988783027
401,1.8405861410714142,-0.8161947804270715
402,2.2287330621011225,-0.9165598383566799
403,-2.2994062164139226,-0.9288976203760336
404,-0.5309259124170307,-0.13145958683151526
405,-2.3323287157456933,-0.9341172491543499
406,-2.8075046236787338,-0.9805720223711367
407,-2.994450525497542,-0.9887046819934288
408,-0.6031063162351762,-0.1662891291279215
409,-0.26982014673734245,-0.035746889226977774
410,0.5495458463124683,-0.14015257528792113
411,1.5507145466287797,-0.6995151080258304
412,-1.928465252753167,-0.8442478185850485
413,2.4358422420484898,-0.9485252413145238
414,-1.8852786564451987,-0.830878486261614
415,2.705347504440816,-0.9742533964074952
416,-2.450520225333569,-0.9503384698764598
417,-2.1024233893061357,-0.8903094493978008
418,-1.8395807492311516,-0.815854425141282
419,0.5838991817110886,-0.1567308766954787
420,0.05494313277362872,-0.0015082353875713883
421,-1.525205405264328,-0.6874921731263859
422,2.6077856561896606,-0.9666358401764317
423,-1.3937410620956967,-0.6213931979654508
424,2.8797542291923426,-0.9841801881561545
425,0.06396205202813343,-0.002043481293160121
426,-1.812306755079119,-0.8064516423217291
427,0.03162393940419861,-0.0004999117741689707
428,-0.8683966724502379,-0.31412260406868153
429,-2.36890972705874,-0.939545644151898
430,0.9643349927989688,-0.37184667182420295
431,1.5648591387011894,-0.7060636589084603
432,1.443240994250469,-0.6470653207335071
433,-1.0604325440618065,-0.4300796075369139
434,-0.3676286296542255,-0.06534275956265934
435,0.1214459304707467,-0.007347431688420447
436,1.3705493565627282,-0.6090606200029798
437,1.7112557640234947,-0.7687366431605361
438,-0.8349829200293044,-0.29432341289924535
439,-0.874488730415913,-0.3177541961101371
440,2.3614815982987007,-0.9384741378347009
441,1.1088003994441236,-0.45920725134948903
442,1.5322437039699413,-0.6908366138862436
443,0.10951378820554059,-0.005978690974128509
444,-1.835582137301562,-0.8144963816862323
445,-1.704978802724629,-0.7662437466496361
446,-1.3445778581898438,-0.5950310203910546
447,-2.71803865224804,-0.9751243796500546
448,-1.2173306121116447,-0.5233376543903943
449,2.864975240647828,-0.9834941689702467
450,1.4398180170712926,-0.6453195235478297
451,-1.6357043111103424,-0.7375682673037416
452,2.487935596837648,-0.9547209926136007
453,-1.4391006411376177,-0.6449530794444083
454,0.022092861629058547,-0.00024401749036839782
455,-1.1512938003993456,-0.48456223353442385
456,0.7093695398854032,-0.22244630176421532
457,2.3498564240191273,-0.9367659657872159
458,2.6905914003688505,-0.9732077079221827
459,2.1457185669227252,-0.8999468850214293
460,1.4314928638732214,-0.6410549296778834
461,0.8276319532384964,-0.28999788140221405
462,2.4163677416970115,-0.9460348349128327
463,-2.605080215763004,-0.9663997397087607
464,-0.9704085107734244,-0.3755264716656008
465,-0.5651279644219427,-0.14758757986884685
466,0.7457795178334932,-0.24277401620817596
467,-0.03565156103736822,-0.000635315004106296
468,1.7377719917098462,-0.779073618332394
469,1.9401786498711449,-0.8477370923549578
470,-0.9167336422740502,-0.3430847639177874
471,-1.0535750202830063,-0.4259335723137848
472,-2.7152036863528632,-0.9749320597262533
473,1.148989219769069,-0.48319420511961386
474,-1.6750677677565757,-0.7541235274540474
475,-1.2611333929014616,-0.5485220377281979
476,-1.2121274112037699,-0.5203153789458632
477,1.0767100365114803,-0.4399068956824298
478,0.6154848330021583,-0.17255346974763286
479,2.5697658969423056,-0.9631849438343448
480,-1.411194939273121,-0.6305484160046869
481,-0.38803005774628785,-0.0725196427178818
482,-0.28829552073468756,-0.040705493396158254
483,2.8583780871049935,-0.9831795966512892
484,-1.6408776811760748,-0.7397831045060259
485,-0.19092991372313417,-0.018062006775459327
486,1.4751318869503853,-0.6631127727753459
487,1.1942910464282885,-0.5099096669912815
488,-2.061246441043252,-0.8804915794640051
489,-0.29890357888399954,-0.0436885885074777
490,0.2747627468641358,-0.03704373495012114
491,1.0205217498030272,-0.4059146724788475
492,0.7463749466490697,-0.24311032845499103
493,0.8104001396093743,-0.27990648476807634
494,-1.4866374794873825,-0.6688041867513197
495,-1.1655824744227654,-0.4930238167541221
496,0.0453846811422256,-0.0010293544920167985
497,-2.681412264030798,-0.9725389286602929
498,0.9629756067133819,-0.37102326456937806
499,1.6852091699535396,-0.7582775164977001
