,data,labels
0,1.4781966769678192,-0.6646339670238504
1,-0.5760706955752664,-0.1528933888717514
2,-2.73085179738555,-0.9759777734184334
3,-1.853745515388348,-0.8206087703921577
4,-2.3764722429934535,-0.9406207334104776
5,0.5826311714776828,-0.1561069757924638
6,2.360480936916532,-0.9383286085114149
7,0.05151976569010852,-0.0013262628633958773
8,-2.8386262883534084,-0.9822061004522907
9,-1.943934370122603,-0.8488436303919923
10,1.5082328152734927,-0.6793429517619065
11,0.02578406133278488,-0.00033235366768602503
12,2.4720949001544987,-0.9529067969685756
13,-2.308702133934407,-0.9304043192402243
14,0.23793167420897188,-0.02790888654843038
15,1.5596337423777573,-0.7036543309556713
16,2.1390528367455897,-0.8985078191262883
17,0.7694801034934766,-0.25624962270584384
18,1.9658285530476194,-0.8551767071854737
19,1.0463501933511559,-0.42156226130695296
20,-2.783669014938406,-0.9792333426888649
21,-2.042750043324375,-0.8758685097230895
22,-0.9759970637273545,-0.37891363596747996
23,-0.6763326313093394,-0.2044431060986981
24,1.3742838847073982,-0.611059186716986
25,-1.8383015596447487,-0.8154207396016171
26,2.265315557960114,-0.9231444266029057
27,-2.8465478432108995,-0.9826023008079066
28,1.7880055080142805,-0.7977967396905903
29,-0.403713605131339,-0.07826022732748217
30,-0.8093084620758804,-0.2792695687672766
31,-0.28072386008047845,-0.03863674332033218
32,0.1695759691987031,-0.014275134767212982
33,1.1103310879062667,-0.4601249539401764
34,1.0946870017273476,-0.4507325600239004
35,-0.7698077647135877,-0.25643715986563864
36,-0.4295186487130733,-0.08811658799736521
37,0.42288602651684615,-0.08553519345326699
38,0.5675271111917892,-0.14874496862981268
39,2.1486138197471547,-0.9005669447887372
40,2.16704436246663,-0.9044437915472608
41,1.4387154485175202,-0.644756237743238
42,-2.3903687531536475,-0.9425552342228848
43,-1.0474228731382746,-0.42221146727284353
44,2.6726639709866946,-0.9718882137450626
45,-1.9835426204572635,-0.8601550071348726
46,-1.109380247358909,-0.4595549253660003
47,1.3981713536787543,-0.6237274635321762
48,0.6581174817301072,-0.19471522783642692
49,1.103038564101361,-0.455750249309937
50,2.5877116260254507,-0.9648498266752101
51,2.5488228341248558,-0.9611578359426691
52,-2.9534239988867528,-0.9872389365058252
53,-2.177560618027753,-0.9066019790171905
54,0.5670518301779044,-0.14851542067408818
55,-0.5735986927266037,-0.15168880065283497
56,0.27579348033120477,-0.037316923826875126
57,-0.40265790255743994,-0.07786781059518699
58,0.9956523866989508,-0.3908323961561003
59,-0.6065240623162804,-0.1680107168592414
60,1.1153931085908981,-0.46315769850481403
61,-0.7582133809728697,-0.24982124852052023
62,-2.7906314026130277,-0.9796324394441857
63,-1.5338310356186746,-0.6915880294130684
64,2.4074959976486374,-0.9448676427543523
65,-1.901140268875394,-0.835881600090258
66,0.5635208349548817,-0.14681414024728223
67,-0.1260892565920022,-0.007917738577195688
68,-2.2602289742556283,-0.9222547255099061
69,2.6411233818310818,-0.9694309236875762
70,0.5340334553171946,-0.13289557526411078
71,-2.1859821793412317,-0.9083023974173848
72,0.2235922763457836,-0.024686921155474106
73,0.2748745683471938,-0.037073326747989355
74,0.8228074586932914,-0.28716553829150415
75,0.14172316047566902,-0.009992467312906483
76,-0.7892910779430435,-0.26764521454759493
77,1.7467676496593754,-0.7825091744991314
78,-0.010094324723239012,-5.094639799729794e-05
79,-1.0703443424988615,-0.43606625385565756
80,-0.07313152959628333,-0.0026705380624740815
81,-2.0757598471265064,-0.8840260255771191
82,-2.3983439055448033,-0.9436417557377131
83,2.4126786497041772,-0.9455519984833836
84,0.4619061718154178,-0.10118554458188811
85,-2.496020676912252,-0.9556241381670145
86,2.539117022193193,-0.9601868343511674
87,2.2461487756814673,-0.9197486874423882
88,-2.3033899971194307,-0.9295465266432537
89,0.45457994042743444,-0.09816297865864776
90,2.275694049903347,-0.9249343116706773
91,-2.6902483926231895,-0.973182971648986
92,-2.1089466150112846,-0.8918058426329448
93,-0.2522364041382419,-0.03131093582166644
94,2.84109342774852,-0.982330334665701
95,0.6737106506965991,-0.20303380821347772
96,-1.0626293294065456,-0.4314070881758808
97,-0.26719462281814943,-0.03506687757520277
98,-1.7894332190120532,-0.7983124623816399
99,-1.5492278275144267,-0.6988218806972993
100,2.2715527227868515,-0.9242241687559594
101,1.7067853451009167,-0.766963015703277
102,-0.9314967381689643,-0.3519860704292266
103,-2.0641886449918294,-0.8812146719634791
104,1.9767209274109243,-0.8582531859454001
105,2.4687887883793387,-0.9525205854994804
106,-0.20034918773850663,-0.01986983872920578
107,-0.8539210593162494,-0.30551907833644354
108,2.4462241013041925,-0.9498133476409264
109,1.3433180734804333,-0.5943447926896648
110,-0.9528934682270545,-0.3649191598661259
111,-1.3659437873934006,-0.6065893159497047
112,2.426276643233386,-0.9473141929027822
113,1.4322980454115486,-0.6414685318200979
114,-2.9607462779205473,-0.987512276797713
115,0.6743649341170017,-0.20338520218010891
116,2.9572020187659467,-0.9873806242710678
117,-2.612795343530273,-0.9670692943352346
118,0.017238802053010094,-0.00014857710943927405
119,1.1367970844856945,-0.47594246739875623
120,2.0837181547261476,-0.8859297365237003
121,-1.3529356681983025,-0.5995704612425194
122,-0.10457582592034242,-0.005453129100395526
123,-1.019276256097211,-0.4051595395699392
124,2.2706218339684785,-0.9240637993554397
125,-2.2326916740766194,-0.9172934150640374
126,-0.009175112818748499,-4.2090461790045275e-05
127,0.8736120819267637,-0.31723123518853236
128,-1.2049260783580582,-0.5161224630702763
129,-1.649231597160826,-0.7433347136147608
130,0.01301047372101971,-8.463263167945989e-05
131,2.5309114726082313,-0.9593499999228328
132,-0.0487748300506361,-0.0011887848580144356
133,-1.3380110458582732,-0.5914482866471802
134,-0.6464251679092654,-0.1885501952616364
135,-0.1555283369494238,-0.012021686918082364
136,0.040649521678982836,-0.0008258506038872904
137,2.966417217806465,-0.9877203953947287
138,-0.2121828375951873,-0.02225930123133746
139,-1.1570709192430866,-0.48798766174517016
140,1.1678709865423507,-0.4943756721947816
141,-1.9947146906498274,-0.8632284616650898
142,-1.703247239064469,-0.7655529646586707
143,-1.4762988889334332,-0.6636924481295952
144,-0.3721401385588079,-0.06690115575665467
145,-1.8951057685231916,-0.83399094384199
146,0.6222638116023762,-0.17601761408258498
147,1.2732305384722373,-0.5553900962455709
148,-0.7664644195524453,-0.2545251292204146
149,-0.16463482156539033,-0.01346089309867593
150,-0.6813755887807682,-0.2071619847462569
151,1.8781438347076378,-0.8285926054913864
152,-0.7488573764020305,-0.2445137407779806
153,0.4482114454967494,-0.09556672774090047
154,1.695236173688973,-0.762339677773594
155,1.1348171088498074,-0.47476260375413004
156,-2.7192797291940556,-0.9752081701792942
157,-0.9234389884440146,-0.34712512434889675
158,-1.8769837841160462,-0.8282188614853239
159,-1.987457101000411,-0.8612376975747784
160,-1.5913121801040153,-0.7180814916458743
161,2.1601754713145676,-0.9030130682163334
162,-2.135804653929915,-0.8978007316126182
163,-0.7348084063118736,-0.23659889942244294
164,1.9581205893995524,-0.8529699250033087
165,-0.9581081079869862,-0.36807563858004755
166,2.6509921208983815,-0.970218849302583
167,-0.8021457326165433,-0.2750980598041197
168,0.623510720044925,-0.1766573390517634
169,-1.3933579662300284,-0.6211910198176138
170,1.8832956007110848,-0.8302453568132173
171,1.9270057831734775,-0.8438089972693996
172,-1.455734382125798,-0.6533990967422251
173,-2.742370022006405,-0.9767231661598853
174,0.46366979421147736,-0.10191884259309414
175,1.3831726177301222,-0.6157966253919571
176,-2.6094507948068486,-0.9667804501432997
177,0.6519581151744918,-0.19145964837989482
178,2.026467648648003,-0.8716873692886953
179,0.7759892565562581,-0.25998118182820096
180,1.0286694308424664,-0.41085349963021234
181,-1.326674958315086,-0.5852308682190166
182,-0.5404489097577656,-0.1358790331319768
183,2.893676215553386,-0.9848033613985842
184,1.2601893521677665,-0.5479844068649274
185,0.617606925589091,-0.17363536593291473
186,-2.847512381196211,-0.9826500105478181
187,-1.2742530495412048,-0.5559687859615308
188,1.0255676749878528,-0.4089735618593161
189,-1.749882581532285,-0.7836903914273692
190,-2.6870559292469585,-0.9729517990292071
191,-1.380153572320156,-0.6141906492843122
192,1.9859164242630705,-0.8608123174017976
193,2.1270119415377815,-0.8958673695681937
194,2.7515718622398477,-0.9773041651141485
195,-2.6374827232140667,-0.9691357757662866
196,-2.4089091281677257,-0.945054945044074
197,-2.738196865546872,-0.9764554530475597
198,0.3533858583557814,-0.06053130579269983
199,-2.9042846833986413,-0.9852636015573816
200,2.0831126145160077,-0.8857857355997447
201,0.7797141103592473,-0.2621221971952111
202,2.015204346843362,-0.8687333173611941
203,-1.5807409338357807,-0.7133149205861654
204,0.33751823678694004,-0.0553674660571859
205,1.2775847420911877,-0.557852342792647
206,1.4972650277599566,-0.6740141428971225
207,1.513522878665099,-0.6818956330596037
208,-2.0314346420137683,-0.8729739826380247
209,-1.274871257774759,-0.5563185202517155
210,1.790567946279622,-0.7987217067771082
211,-2.500422808304406,-0.9561094880141269
212,-1.6402654443406572,-0.7395216065786574
213,-1.7089146312263948,-0.7678089160049782
214,-0.8459588564131133,-0.30080331331292054
215,-0.7216618330972295,-0.2292551551123413
216,1.6443901667681242,-0.7412801622506371
217,0.2831938835070553,-0.039306046877953915
218,-0.4432226004434696,-0.0935533803863875
219,1.610622490815798,-0.7266637082461544
220,-0.5196679373308086,-0.12630801254953006
221,0.4295961250975955,-0.08814693547685226
222,-0.21357553892659498,-0.022549136019720528
223,2.9293864408609753,-0.9863040137010239
224,-1.3490588538772583,-0.5974676833819619
225,-0.09735564734397784,-0.0047278494029977525
226,-1.6713565656035063,-0.752591975616434
227,-1.3788269133257987,-0.6134839280300266
228,-0.23542417640366775,-0.027331809017724806
229,1.1067303774476756,-0.4579657372760939
230,-2.5938752014644537,-0.965406666205727
231,-1.8930436229329426,-0.8333412681336918
232,0.18592831375301833,-0.017136145991961893
233,-2.751601403252674,-0.9773060098623042
234,1.8821820132691753,-0.8298890768405253
235,-0.2570404040571459,-0.03249519207491025
236,-2.4339326910672847,-0.9482853500147606
237,1.7851976578869966,-0.7967798365984968
238,-1.0530664556276788,-0.4256259730547186
239,2.0375871499522065,-0.8745541009756967
240,-1.429005200029979,-0.6397755360479818
241,2.1801833570132025,-0.9071341903767275
242,1.7884337688377032,-0.7979515326044284
243,2.1055294785051117,-0.8910239550957575
244,2.434643356806312,-0.9483747372136062
245,-1.9580472496366241,-0.8529488091729027
246,2.4099718303811173,-0.9451954528683295
247,2.478294384444766,-0.953623922693023
248,0.7526151621336599,-0.24664204413141055
249,-0.16579386256974615,-0.013649787580271133
250,-2.6203805017167383,-0.9677164345193324
251,0.9381566131320556,-0.3560079614033137
252,-2.352721763608592,-0.937190556868662
253,-2.275549271788239,-0.9249095764384658
254,-0.32973351923820937,-0.05291089358054679
255,-0.014292275349739647,-0.00010212935177900118
256,1.8207229995062733,-0.8093881505449714
257,0.04218986970697536,-0.0008895966270393574
258,1.0151913830549883,-0.4026826737903626
259,-1.6622031875532015,-0.7487884128735091
260,-1.4016382945149326,-0.6255492353867744
261,1.467587087918531,-0.6593521149360388
262,0.800862318154512,-0.27435199717047143
263,-1.9123382505442539,-0.8393486503458978
264,-2.2139340755430386,-0.9137712858010736
265,-1.2842248063316852,-0.5615969896066817
266,-0.4886078226462862,-0.11251956431627397
267,-1.3673505368658547,-0.6073449332794096
268,1.208908047409774,-0.5184423541632671
269,-0.13547704702006902,-0.009135034847306711
270,1.2611432593574516,-0.5485276554180878
271,-2.8030746577450025,-0.9803290778854705
272,-2.8021349454668507,-0.9802772034366168
273,-1.035800061491892,-0.4151739835095193
274,-0.6901675228351558,-0.21192782823834144
275,0.8060335411131154,-0.2773606710136547
276,0.46614958299967224,-0.10295362384919826
277,2.1884307510470666,-0.9087921741718614
278,0.1276302073607658,-0.008111656428144709
279,-0.6608976773906301,-0.196190413038819
280,-0.6399473157876443,-0.18516226481132614
281,-2.6811850773177275,-0.9725221955034954
282,1.5308556422482225,-0.6901786688238122
283,1.431047079870627,-0.6408258362725615
284,0.4458309530071376,-0.094603780353407
285,2.3963151380367718,-0.9433669827601889
286,-0.21813576405583346,-0.023510816742602803
287,1.9300904708955429,-0.8447354143151837
288,0.4606645017685551,-0.10067058839203535
289,0.7459320397129612,-0.24286015282559426
290,1.0345050963714373,-0.4143895064659162
291,-1.6812142013325166,-0.7566466058956174
292,-1.641788658651564,-0.7401718946389928
293,0.8280621752720929,-0.2902507093444625
294,1.6721294561708806,-0.7529114387626097
295,-0.8502681828868406,-0.3033540719019916
296,-1.0367437861415516,-0.41574563767430617
297,-1.1911031429267036,-0.5080426968863385
298,-0.42520150310916494,-0.08643263233465992
299,0.9404811705274092,-0.35741258439961665
300,0.49199220036650626,-0.11399099308526128
301,2.2609592483229157,-0.9223829656674819
302,-0.23743265287419169,-0.027793581470329176
303,-0.883078394908611,-0.3228847104263646
304,-2.0505362634714404,-0.8778309434345788
305,0.15843387943412734,-0.012472216167697003
306,-0.40040780582799496,-0.0770342989700511
307,1.5053928505118028,-0.6779678253595935
308,2.9744200416051614,-0.9880088606801549
309,-0.33135312423462615,-0.053417781676153964
310,-0.8933676040648697,-0.32904475151411405
311,-2.810548911262525,-0.9807374520934014
312,2.8740778196072565,-0.9839197208704513
313,1.789808308346764,-0.7984478032733335
314,0.8465981545649046,-0.3011814933885051
315,-1.0112345095250468,-0.4002831288940496
316,2.609713401745527,-0.9668032075150196
317,1.6455497815474702,-0.7417732080894311
318,-1.5818862471518513,-0.713833665902123
319,-1.4135771403402804,-0.6317893793619973
320,-0.750312486479654,-0.2453373220051398
321,-0.44731712109045585,-0.09520447805231336
322,-0.8399358465279074,-0.2972444088606555
323,-2.0262927125669865,-0.8716418760653151
324,-2.6453976222311053,-0.9697743473557638
325,2.158353503361348,-0.9026307593608036
326,2.255214321801568,-0.9213695160820287
327,2.342698927484209,-0.9356950798766469
328,2.8128293768181907,-0.9808605676569635
329,1.0738724896455363,-0.43819533574667635
330,1.3236226867534757,-0.5835498483469801
331,-0.732397888240047,-0.2352477343468531
332,1.2939520586005875,-0.5670599291138281
333,0.3632839917374464,-0.06385755506733204
334,-0.040657468679390796,-0.0008261734103676144
335,-2.234693523441617,-0.9176624132854446
336,0.9026687357276222,-0.33462562261826767
337,1.9184216906428784,-0.8412097121325888
338,0.47648533855662567,-0.10731288882818579
339,-1.8596624050349133,-0.8225687608783978
340,-2.075271835546553,-0.8839084988391167
341,2.0295547353533534,-0.8724881798851606
342,-2.233130263277425,-0.9173743725080421
343,2.441045781539308,-0.9491742546112312
344,-2.6493740429294705,-0.9700908674771384
345,-2.574985233040991,-0.9636759228490144
346,2.052152428956953,-0.8782353013088297
347,-0.6634305161181193,-0.19753739633517198
348,2.789956257401073,-0.9795940337795885
349,2.6089285885817652,-0.9667351564905443
350,-0.3177922143113161,-0.0492422167147577
351,-2.2930241641718294,-0.9278479736370417
352,0.3120868655785052,-0.047532321445657
353,0.8071538465046135,-0.27801337555733696
354,2.4971206908780896,-0.9557458387501822
355,-1.1327324138452457,-0.47351969772329816
356,1.289544840410553,-0.5645881645930326
357,-0.9415911085960547,-0.3580834113110557
358,-0.11680114968207889,-0.006798042336712107
359,0.08245779289942101,-0.0033938715589678647
360,-1.2063154304764456,-0.516932294870984
361,2.241432008955588,-0.918894842486255
362,2.8009250099619276,-0.9802102362189062
363,-0.22789320818101233,-0.02563339712505386
364,2.3265053871133743,-0.9332174632245109
365,-1.0532093383147008,-0.425712395583131
366,0.9309588857018518,-0.3516614228190795
367,-2.8221774387785192,-0.9813580851682445
368,-1.6450898531062934,-0.7415777263355291
369,-1.205140354847668,-0.516247389098923
370,-0.15983535839344398,-0.012692433828703775
371,0.9818346989441165,-0.3824527455762564
372,-2.403705162844167,-0.9443625784656048
373,2.524739011297882,-0.9587107679249471
374,-2.6034404146331527,-0.9662559440195654
375,-2.38532197819188,-0.9418587840456507
376,-0.7321176259947051,-0.23509077256687805
377,1.9808017862844327,-0.8593931889837867
378,-2.6130288734969076,-0.967089382301061
379,-2.345630484786292,-0.9361354717748874
380,-1.2764898041598378,-0.5572336656518283
381,1.2797687319704032,-0.5590853693929811
382,1.0511173721266438,-0.424446944611128
383,1.3005242423151602,-0.57073535082979
384,-0.818904511378113,-0.28487812722353756
385,-0.5373734713184146,-0.13444566174779915
386,1.7613834978495317,-0.7880141842203678
387,-0.301135472484515,-0.04432873143113292
388,-2.387976509276241,-0.9422259695491443
389,2.691085959841727,-0.973243338848467
390,-1.5289286468383543,-0.6892639383693735
391,2.035550295511227,-0.8740326462441496
392,2.0721418280537645,-0.8831525309187863
393,-2.7939114132120837,-0.9798181277818996
394,1.6425202251764075,-0.7404838504701137
395,1.7404269682550844,-0.7800913433547068
396,1.9016660628345523,-0.8360455948628459
397,-2.073451683068191,-0.8834693488998797
398,-0.6071883035130385,-0.16834602321976833
399,-1.0761433872986172,-0.43956515912582084
400,0.4523211052034717,-0.09723878080756787
401,-2.104195601484638,-0.8907175610064462
402,0.4754172712192104,-0.10685897771961705
403,2.5733974179769206,-0.9635271501689435
404,-1.012621345521055,-0.40112416811628426
405,-0.5115338692583418,-0.1226361125575205
406,2.3676703522031257,-0.939367937905429
407,0.05506169261608296,-0.0015147466084053374
408,1.0904000649692627,-0.4481539413423551
409,-0.008255243907568044,-3.407394545662523e-05
410,2.451897087203939,-0.9505057938196477
411,-2.8213979446871855,-0.9813170359019301
412,0.7086077961902095,-0.22202625675118726
413,-2.3568467192690665,-0.9377976954365896
414,0.7905819943232726,-0.26839164684248573
415,1.6628084634560052,-0.7490410735972421
416,-2.436989225349898,-0.9486688881712183
417,2.116365514797222,-0.8934884124123518
418,2.7014299423606705,-0.973979273012995
419,0.6893326065778744,-0.2114738597403868
420,-2.2964505735518816,-0.9284130596059782
421,0.6054048163441736,-0.1674462509817357
422,1.5537334019184144,-0.700919868185863
423,0.9358281966445299,-0.35460142468872335
424,-1.504500914704192,-0.677535266164206
425,1.401408100735349,-0.6254284098719554
426,1.9092415296332046,-0.8383952289065874
427,-2.358681404387309,-0.93806618621268
428,-1.4428380757395936,-0.6468600551938289
429,-2.9756118767024233,-0.9880513027153784
430,-2.2019433805768385,-0.9114579169794674
431,1.5022458726895938,-0.6764402006634613
432,-0.7311944456438071,-0.23457393973735952
433,0.6359376966782113,-0.18307531813229905
434,2.994563925435566,-0.9887085169717115
435,2.610317224667523,-0.9668554840264636
436,-0.1716732665103864,-0.014627813847719717
437,-2.0301448016430403,-0.8726408152202262
438,0.35577839563684854,-0.06132796698755438
439,2.1480580995736283,-0.9004481633950636
440,-2.5117985684773614,-0.9573430909618037
441,2.7739508763377723,-0.9786649012149956
442,-1.8110104323057756,-0.8059965609395433
443,-0.15135497591257563,-0.011388815170863875
444,-1.8002465760244848,-0.8021891221745951
445,-0.9578247343442565,-0.3679040715686078
446,-2.024994044599732,-0.871303767759887
447,-1.429190779892932,-0.639871059162268
448,-1.2609921386083633,-0.5484416085564747
449,0.031862436196899324,-0.0005074786093502981
450,-0.5660504888258338,-0.14803222696967222
451,-2.1468227743606265,-0.9001837229486601
452,2.826612651433744,-0.9815901520086345
453,1.9998212687140242,-0.8646163329798057
454,-1.3724590048795644,-0.6100831859968909
455,-0.3651150411415136,-0.06448162974842742
456,-0.7843211063962094,-0.2647758049261315
457,1.551584635634673,-0.6999203803692493
458,-1.611845309378155,-0.7272017179987891
459,-2.499691458722727,-0.9560291645012191
460,-2.561792624685184,-0.9624240374139634
461,-0.41704072071061304,-0.08328759453672863
462,-2.0136440659789336,-0.8683200882483127
463,2.0028800805600024,-0.8654425869980422
464,-0.3999319127525305,-0.07685851443034075
465,1.7230379433662648,-0.7733684883430852
466,-0.35873946570293924,-0.06232043373241314
467,0.691057185193535,-0.21241188037331282
468,1.2175783311699497,-0.5234813877273017
469,-0.23095675804925309,-0.026317994829068936
470,-1.6495627439670149,-0.7434748640181469
471,-2.4212016638187652,-0.9466621329285343
472,-1.5875887455353315,-0.7164080904682368
473,2.0018372134783906,-0.8651613114497798
474,-0.3986567632659743,-0.07638836805945326
475,2.5063757218006755,-0.9567587176211599
476,-0.6338798490256368,-0.1820072712686538
477,-2.8659238429555827,-0.9835389737376627
478,-1.5545310138524229,-0.7012903765537339
479,1.9798079827544193,-0.8591161975263228
480,-0.04941522092401707,-0.0012201869952173094
481,0.9331606018187117,-0.3529905342638825
482,0.8614509730299127,-0.3099897934971325
483,-2.455566607145052,-0.9509494402427268
484,-0.1138682260922721,-0.006462017238857087
485,-0.06529693626908184,-0.0021295741755616993
486,-0.07181651058821803,-0.002575483333818296
487,1.4300090698253403,-0.6402921014806888
488,-1.7938817389436459,-0.7999135681739554
489,0.7714262777492529,-0.2573639932466605
490,0.7100004048055917,-0.2227943465747214
491,0.9504735180036823,-0.36345486623979684
492,-2.8708640241921763,-0.9837705879250743
493,2.064067904329736,-0.8811850640940561
494,1.9159579413919525,-0.8404578959873303
495,-1.7967226618285583,-0.8009314739979774
496,-2.3536395468746796,-0.9373260606631422
497,0.7839944556617957,-0.26458745627762814
498,-2.781384930425805,-0.9791009393416901
499,-1.3497537083234072,-0.5978449372753757
500,-0.26982684613890484,-0.035748632263278846
501,-2.689957412343586,-0.9731619719491152
502,1.2958598161013128,-0.5681281298009762
503,-0.8122678126930802,-0.28099682093987166
504,2.5649076200028738,-0.9627228801568095
505,0.9684073167045315,-0.374313833789762
506,2.811995781291981,-0.9808156442544561
507,-2.440484055077148,-0.9491045225754353
508,0.23357303158893838,-0.02690949097619111
509,-0.5737785239920128,-0.15177631398589242
510,2.5390241616432068,-0.9601774461164778
511,0.5213701588203912,-0.12708179461942315
512,2.6930576437896576,-0.9733849846705417
513,-2.8078239629977686,-0.9805894336427012
514,1.3875307916492234,-0.6181093045504542
515,-1.8465115497918807,-0.8181917014620963
516,1.078283562638366,-0.44085571181114724
517,0.23695094121575178,-0.027682492710664697
518,0.11656904531784118,-0.00677114296428194
519,-1.8713576775981546,-0.8263979692147825
520,-2.4043099612242216,-0.9444434131529194
521,0.7686679747126064,-0.25578494066650836
522,-2.215877846444159,-0.9141417256823924
523,1.2718407144587944,-0.5546030631471974
524,-2.1048805754603706,-0.8908749840298628
525,-1.6970645611161788,-0.7630755730432526
526,-1.0329686940315006,-0.4134586799338723
527,-1.2397971176379277,-0.536314355404383
528,2.279897017720036,-0.9256495241308476
529,-0.6637135970510046,-0.1976881204426184
530,-0.8157340655638392,-0.28302265288297024
531,1.825514900824599,-0.8110461222111002
532,1.4734207520617568,-0.6622618393354647
533,-1.0492589105308212,-0.4233225210236148
534,0.1898919420578027,-0.017867916243786475
535,-0.4351037316097397,-0.09031566897108967
536,2.144465387182634,-0.899677561824658
537,-2.688576669266273,-0.9730621320889725
538,1.4886345591834846,-0.6697866853746715
539,-1.4453551932530446,-0.6481413749115639
540,-2.580976035232408,-0.9642326083073389
541,2.9066269253602632,-0.9853635464202501
542,1.9525165896279129,-0.8513499683149633
543,-2.771115424099455,-0.9784965167822095
544,2.968443609693587,-0.9877940132692027
545,-1.663547304246729,-0.7493492684670457
546,-1.3099548210716352,-0.575986852774846
547,-0.44522383343166005,-0.09435884805274741
548,-1.121300682595791,-0.4666927732130347
549,-0.041672649729529,-0.0008679280001548939
550,1.1291125033839524,-0.47135995483268434
551,0.23301973216494787,-0.026783873666335944
552,-2.7788863166889692,-0.9789552589314781
553,-0.8737907077022813,-0.3173377835836281
554,1.071797298175384,-0.43694317542605265
555,-1.29326727817914,-0.5666762441824803
556,1.747387073214444,-0.7827444116024287
557,0.6170144250694976,-0.1733330620880028
558,2.3271260169950008,-0.9333138337078104
559,-1.9875098658224886,-0.8612522487051463
560,-0.7030946446108688,-0.2189929010665118
561,-1.3196866104269855,-0.5813777742196725
562,2.8585285984891247,-0.9831868317330527
563,1.4196628854653355,-0.6349501481021563
564,1.6485254225619217,-0.7430356794877647
565,-0.6178988575282953,-0.17378438058094436
566,-1.0673486835023585,-0.4342577007208237
567,0.6206632166023462,-0.17519758163518007
568,0.254360993561475,-0.03183210115180002
569,2.7767199053896103,-0.9788282327109082
570,-1.4485947989780572,-0.6497868976111999
571,1.5192766660183832,-0.6846590340430934
572,-0.8094164154637458,-0.27933253869699937
573,1.0836760009222823,-0.4441055481126637
574,-2.941879816298372,-0.9867972274103001
575,0.701734918470879,-0.21824661130690803
576,-1.0580032383421172,-0.4286112204634829
577,-2.423550358495673,-0.9469647329181196
578,0.605411108627703,-0.16744942250473993
579,2.0579633296420248,-0.8796807356697298
580,0.9411505011266517,-0.3578171051280261
581,-0.2887427354228782,-0.04082926317339741
582,1.9565888028977465,-0.8525284306296435
583,0.5967881076223716,-0.1631228744712495
584,-2.740271182861274,-0.9765888547625283
585,0.5698512339656858,-0.14986933214653064
586,-0.15198603688935686,-0.011483433919056929
587,-0.0531434325862743,-0.001411115652214856
588,-2.1799573450466396,-0.9070884220758613
589,-1.2310963838661033,-0.5313031773677523
590,1.1601276040047477,-0.4897977324174242
591,-1.055167241145919,-0.42689650176932903
592,0.6310763969897208,-0.18055558366940583
593,1.9823991087117179,-0.8598375417565567
594,2.2457940293125773,-0.919684721714115
595,0.5633960373648517,-0.14675414359710126
596,1.8760984411590256,-0.8279332301094645
597,-0.3931734777225704,-0.07438110709824297
598,-1.3814369323216433,-0.6148737201989266
599,-0.7367311350257331,-0.23767810846519488
600,-0.9093214146028155,-0.33862396810194084
601,-0.3391621206437687,-0.05589271699202847
602,0.44196046166801084,-0.09304688703456765
603,-0.49767240295572623,-0.11647784428942631
604,1.925012503044199,-0.8432082156927526
605,0.6806697639489618,-0.20678078960611757
606,-0.470393355083055,-0.10473449785067002
607,1.0436879346757575,-0.41995074259876497
608,1.8373333432217214,-0.8150920059471466
609,1.8180275528488057,-0.8084510886949358
610,-1.2376551490201682,-0.5350824188522567
611,0.06642623285433125,-0.002203790286179008
612,-2.3700990568847677,-0.9397157720837495
613,1.9952936570636473,-0.8633863471194975
614,-2.9237275185003897,-0.986075303673777
615,-1.7962978492172734,-0.800779490850043
616,-2.451584767622264,-0.9504678802705833
617,-1.7469614019026052,-0.782582773753282
618,1.3932812254499014,-0.6211505137167794
619,2.412388878120243,-0.9455139214634269
620,-1.9197108468779143,-0.8416020699907084
621,1.0021679637951557,-0.3947842747392969
622,-2.86467208294854,-0.9834798275389407
623,-0.03504124111919449,-0.0006137558643541929
624,-0.8074923024608816,-0.27821062661746676
625,2.248144136342762,-0.920107718181029
626,-2.3556147741055686,-0.9376168755689115
627,-0.5850828861602384,-0.15731410300157578
628,2.9189850245481557,-0.9858810411683101
629,-1.8889287907870302,-0.8320394230842791
630,-1.2529187132932595,-0.5438358932836271
631,0.5792431650465226,-0.15444437397916588
632,1.7828084145828642,-0.7959117787583739
633,0.6643413201864252,-0.19802247472288037
634,0.7762760480890067,-0.26014588300795194
635,-0.4024645726205547,-0.07779604089264447
636,2.151195413527601,-0.9011172875181134
637,2.4056844503707184,-0.9446267601639095
638,-0.25256912105494944,-0.0313922816241885
639,-0.9200089115879084,-0.3450577392116251
640,1.6578313735398353,-0.7469586668708721
641,1.7708464673437314,-0.7915275968407387
642,0.4641485673318009,-0.10211829077540935
643,0.8020549084389446,-0.27504524870023894
644,-1.1996359876516025,-0.5130351092598564
645,-2.2399433627233023,-0.9186238571330491
646,-1.8397506018307908,-0.8159119564879453
647,2.8377672375474576,-0.9821626632314586
648,0.20515691456501006,-0.020824785757629916
649,-0.8512515024763379,-0.30393662045855374
650,2.9048503089451145,-0.9852877920739692
651,-0.814392191558376,-0.2822380571540757
652,2.4665004160680404,-0.9522517160648412
653,-2.118972276470265,-0.8940747639729145
654,-1.8051641459044612,-0.803934951915637
655,-1.2269132695679672,-0.5288873706972623
656,0.6367669291162183,-0.1835062824831768
657,-2.8635153362530605,-0.9834250049321893
658,-2.5002756189791975,-0.9560933322483478
659,-0.18616131091030308,-0.01717875016479975
660,2.1832285526244553,-0.9077491199710084
661,-2.0668394494960802,-0.8818632769093003
662,2.457500105689279,-0.9511818634586967
663,-2.629427630743825,-0.968474067966255
664,0.19225736971139273,-0.018311713398313723
665,-2.4131228277643935,-0.9456103222810912
666,-0.8513061258306589,-0.30396898644736026
667,0.4025245050201227,-0.07781828645570021
668,-2.692748680815546,-0.9733628315671397
669,-1.5198854423690298,-0.6849506163533177
670,1.363802727197717,-0.6054379799856492
671,1.537022711168265,-0.6930957309812045
672,2.679795521622303,-0.9724196583433663
673,-0.2853679580060504,-0.03989961831189315
674,0.03105661568953444,-0.0004821404219775838
675,2.9407522858281014,-0.9867533687386458
676,0.19558954727570743,-0.018945863085639725
677,1.9826112132818041,-0.8598964674567205
678,-0.7992521953285339,-0.27341662200098527
679,-1.0950103798579964,-0.45092699380688495
680,-1.1439345973577932,-0.480190656376562
681,-1.1406692437877006,-0.47824813674226063
682,-0.33416926782578704,-0.0543044115089828
683,1.8815590516355645,-0.8296895332246922
684,2.136673596127803,-0.8979902649101544
685,0.015313624671626336,-0.00011724667636281438
686,-1.9135438419387811,-0.8397187216491808
687,-0.5492709590625724,-0.1400227067103812
688,-0.5614204461315628,-0.14580558482036554
689,-1.2079945103539977,-0.5179104378110305
690,-1.9225517103894665,-0.8424641991496993
691,-1.5953578007501124,-0.7198929020335085
692,-0.15894905822874383,-0.012552947687656246
693,1.7022384196395626,-0.7651498948199063
694,1.548883233314866,-0.6986610702411495
695,-2.0001736291474246,-0.8647117069433676
696,2.9059211779135694,-0.9853334948475165
697,-2.898561499474827,-0.9850168551016693
698,1.5891754962964875,-0.7171219460610992
699,0.45360775496455785,-0.09776476269470424
700,-2.1258038021225403,-0.8955995092171322
701,-2.485232978711649,-0.9544156799085479
702,1.3068171867794653,-0.5742426005674919
703,1.4195381883633615,-0.6348855212307982
704,1.0826161880586627,-0.4434670525868254
705,2.1428107189441796,-0.899321085314081
706,-1.4764854794816242,-0.663785081652144
707,-2.6825356214296345,-0.9726215392876438
708,-0.2057394890723181,-0.020941975133922264
709,-1.7885442904623852,-0.7979914669139304
710,1.4218950333154066,-0.6361060292342937
711,-1.439768421857118,-0.6452941960268865
712,-0.8826568356515248,-0.3226326540675536
713,0.989121598634247,-0.38687151730514446
714,-2.0355458642243933,-0.8740315100012243
715,-1.2451709544545686,-0.5394000282408122
716,-1.5761611446899275,-0.7112349730211736
717,2.551672991072058,-0.9614391407750493
718,0.6185114753555485,-0.17409722861173804
719,0.8972798936069206,-0.3313908392744628
720,0.3493457247946212,-0.05919672213265559
721,-1.7808375420588447,-0.7951938128547792
722,0.8682466859540838,-0.3140332719622123
723,2.4041326611695997,-0.9444197260779321
724,2.244413024944649,-0.9194353179341592
725,0.6994702571372309,-0.2170052753025975
726,1.395450190240851,-0.6222945487895069
727,-1.3958965417250044,-0.6225297712343341
728,1.915439515603123,-0.8402993684181163
729,2.1979813519063747,-0.910682783136926
730,-2.336224943393059,-0.9347137279057136
731,2.0853803576620047,-0.8863242996223175
732,2.2927040152118314,-0.9277949904169964
733,-0.32348106554416933,-0.05097486968281639
734,0.6416123131868101,-0.18603114893481487
735,-1.0665624794943747,-0.4337829316597377
736,1.0706723372860942,-0.43626422816552723
737,2.1938628265511433,-0.9098713379201379
738,-0.0720492919000324,-0.002592184703574252
739,0.7642724423387941,-0.2532734185889687
740,1.839215880251678,-0.815730796311799
741,-0.5647939088639622,-0.1474266903052769
742,-1.8241423903290572,-0.8105722758467961
743,-1.9855322261145267,-0.8607060889865847
744,-2.5651846539039935,-0.962749360045303
745,-1.6116811198081704,-0.7271295165516998
746,2.985039731481022,-0.9883823652624162
747,-2.742798297862766,-0.9767504906728354
748,1.4093357376414817,-0.6295784548672572
749,-0.19200813945326445,-0.018264703838586582
750,-0.5756545201906773,-0.15269034710540497
751,1.6779830164593053,-0.7553223139657832
752,1.676131678975409,-0.7545614583582302
753,1.3790893399098216,-0.613623773333388
754,1.6995337216818367,-0.7640670054261034
755,0.32854769975588916,-0.052541171279564036
756,-2.527964844711006,-0.9590458908448144
757,-1.548633336438906,-0.698544420506245
758,-1.9462460143168243,-0.849521757616104
759,-0.9458960087300063,-0.36068604933485093
760,2.1433347866699712,-0.8994340958660872
761,-2.62978133419891,-0.9685033766095594
762,0.4618908689151988,-0.10117919139105103
763,-1.9178498652862614,-0.841035449251935
764,-1.4496229325831453,-0.6503082837432937
765,1.0387553136280774,-0.41696397424636367
766,0.21407505411832783,-0.022653530978143266
767,2.063870007672632,-0.8811365239171992
768,1.7694664386375774,-0.7910177039985667
769,2.1554288620334745,-0.9020145998668865
770,-0.8744414670937468,-0.31772599822260683
771,-0.813953027458858,-0.281981371622289
772,-2.5888731420449815,-0.9649553414687938
773,-1.9296618567638557,-0.8446069306351089
774,2.616875869294299,-0.9674187939259966
775,-0.6713410622852893,-0.20176274281638518
776,2.955461101823923,-0.9873155083572508
777,2.5803437115377186,-0.9641741949877372
778,2.9533529616360097,-0.9872362589462058
779,-2.503399258186316,-0.9564351184811738
780,-0.6287606741970198,-0.17935937415275305
781,-1.232134578851557,-0.5319020968608341
782,-1.054738724352932,-0.4266373631275524
783,-1.109620795642647,-0.45969914466616624
784,2.765722360136987,-0.9781730555115706
785,2.5288643642088617,-0.9591389293187292
786,1.5057472991762868,-0.6781396311149331
787,-0.7498892585660126,-0.24509770602132963
788,2.998285198237575,-0.9888337234470396
789,0.8225991232645851,-0.28704334924614805
790,-0.7602314704990789,-0.2509697764190819
791,1.6102351329076114,-0.726493144501171
792,2.0520139419632617,-0.878200692467506
793,2.3434889197633195,-0.9358139998667677
794,0.2185698467818158,-0.02360336710742783
795,0.8799660765684463,-0.32102444120545603
796,-2.903560829327187,-0.9852325928284895
797,0.3470885032850646,-0.05845695709275178
798,-0.7202587343294464,-0.2284750917281405
799,1.1213861874602822,-0.4667439044284982
