,data,labels
0,2.479833125689794,-0.9538004936323399
1,-0.44635438843185904,-0.09481516633006626
2,-2.1711460428482194,-0.9052901782387119
3,-0.5090635779101911,-0.12152942207325634
4,0.29350267135737296,-0.042157489951520466
5,1.8142291041396454,-0.8071251259193397
6,-0.2155858477366026,-0.022970691448748304
7,1.297973526134589,-0.5693104014306007
8,0.5291945524901109,-0.13066213967883122
9,2.8864938275229655,-0.9844846171949594
10,-0.4158593751918076,-0.08283648729626036
11,-1.129903567076754,-0.4718320905172091
12,1.229387355829365,-0.530316697250458
13,-1.2744587413739799,-0.5560851622125791
14,2.2408647488713704,-0.9187916667921054
15,2.866420119388609,-0.9835623714808286
16,-2.393563760841391,-0.9429925739814706
17,-0.19238803988841902,-0.018336383741427542
18,-1.816946557842846,-0.8080743836818327
19,-0.4748424132164799,-0.10661499883658909
20,0.5633875330481288,-0.14675005546270525
21,1.5010964492470817,-0.6758812360556743
22,-1.7110553875897867,-0.7686573350832162
23,0.37855949772139796,-0.06914675588278218
24,-1.2009543116585242,-0.5138050624073995
25,0.9083511808923692,-0.3380405203552229
26,2.593674958904219,-0.9653886943092631
27,-1.7023983772498534,-0.7652138355118456
28,0.3729416678902191,-0.06717973977297476
29,2.9790004851646783,-0.9881712461575939
30,-1.5541348524339416,-0.7011063844605294
31,-2.3158605170919913,-0.9315467992076232
32,0.7795741096648632,-0.2620416529084899
33,-1.1474808864023036,-0.4822983626443381
34,-1.2493641522687695,-0.5418026958229445
35,1.9341728479039286,-0.8459552759442145
36,-2.459673424951685,-0.9514420174549595
37,2.136618253876967,-0.897978201872755
38,2.8644493487815677,-0.983469283718396
39,2.2799372599557266,-0.9256563453969695
40,2.663724471625512,-0.9712096215820483
41,-2.128236642484825,-0.8961383551189288
42,-2.2302019984784716,-0.9168326534056299
43,-2.8938473980797434,-0.9848108873634294
44,-2.866075158133032,-0.9835461108304511
45,-0.2624372012178444,-0.03385044923104752
46,1.8444384530256244,-0.817494798226953
47,-0.10166187435987384,-0.005154239437098029
48,2.146797018885401,-0.900178203743596
49,-0.40072962376154386,-0.07715327099099067
50,-2.6467306523553096,-0.9698807739839405
51,1.638976971399865,-0.7389707362741298
52,-2.622496160379421,-0.9678949858052937
53,0.376004548879846,-0.06824904007934784
54,-2.277450047949507,-0.9252337994518428
55,-2.14059768583307,-0.8988427686219451
56,0.24262417440155204,-0.029004305706633815
57,-1.8957725287532903,-0.8342006141397833
58,-1.7363208101674266,-0.7785160113048203
59,-2.662779448832106,-0.9711370697221408
60,-0.5195644226957414,-0.12626101724653072
61,2.5891144604436143,-0.9649772295462838
62,0.09503221795082739,-0.004505381406036402
63,2.7422160621003453,-0.9767133365317335
64,-0.02538096608006768,-0.00032204485199938127
65,-1.6282622355644105,-0.7343615097800364
66,-2.4278595279727426,-0.9475162113025386
67,-0.7184789144668251,-0.22748663954059478
68,-1.3871636587100598,-0.6179147424685165
69,-2.0403801684950555,-0.8752664748495658
70,-0.679384599619735,-0.2060872553012556
71,1.9278882370474104,-0.8440744341008283
72,-1.4524148350439918,-0.6517220553705182
73,0.2571460045085616,-0.03252145865966116
74,2.593173911903804,-0.9653436901921932
75,0.03962490049451439,-0.0007847582856251867
76,-0.6213053368652881,-0.1755264032219015
77,1.8117537188408637,-0.8062575867368531
78,2.9323587040386414,-0.9864228057146127
79,0.44026965965309994,-0.09237019440679373
80,-2.3020749068398034,-0.9293328489379973
81,0.9470329310475716,-0.36137361731988304
82,-0.6096501924703963,-0.16959079248960007
83,0.6479248921229672,-0.18933739342726064
84,-2.1996520021256343,-0.9110102838878178
85,2.915701496274604,-0.9857451432773039
86,-0.9077674181624253,-0.3376895284557946
87,0.5270180515812406,-0.1296623275177411
88,1.7843988981482939,-0.7964899142406121
89,2.982715525188601,-0.9883015152264646
90,1.0752856907103325,-0.43904784276840714
91,-0.592889075773877,-0.1611796572861368
92,-0.11207665607605932,-0.006260906748865924
93,-2.8790164257893154,-0.9841465445028614
94,-1.8051176077487348,-0.803918480205477
95,1.16982237731189,-0.4955276246755165
96,0.21480549629029078,-0.022806606846123567
97,-0.7212896434247265,-0.22904816243163062
98,0.08106619908097112,-0.0032804717725702925
99,-1.467688887595164,-0.6594030056562663
100,-0.25288251419690155,-0.031468994775869064
101,-1.492633211731068,-0.6717490764942655
102,-1.5479645460407103,-0.6982321053609901
103,-0.3348040223092239,-0.05450517734866689
104,-2.2171161270481465,-0.9143770530923836
105,-2.24078743995719,-0.9187775973802904
106,1.754758983106031,-0.7855308865872052
107,2.2028860555249636,-0.9116415539191332
108,1.1947716366808576,-0.5101909373644549
109,2.8887014318564104,-0.9845832081111475
110,-1.5788888100350986,-0.7124748479635061
111,1.3968434252269812,-0.6230285324539413
112,0.5142987863394972,-0.1238794828165719
113,2.385251862690712,-0.9418490593706278
114,0.9029377176383155,-0.3347871810092269
115,-1.0637224787376827,-0.4320675287004495
116,-1.563797498780628,-0.7055750975552784
117,2.604964577194889,-0.9663896164060392
118,0.6510216224236145,-0.19096619483060695
119,-1.2247900359440766,-0.5276595759994701
120,-1.4681687374157395,-0.6596428327233783
121,-0.6217184306262995,-0.17573805361301476
122,-0.5972605342365798,-0.1633588825292961
123,0.00012094617942226549,-7.313989081048078e-09
124,-1.719030807051391,-0.7718001406263164
125,-0.9661140233594896,-0.3729243884686523
126,-2.466999609351041,-0.9523104764015057
127,2.350733003480028,-0.9368961077072762
128,-2.0643115501086315,-0.8812448047981277
129,1.2411136675293406,-0.5370709923510312
130,1.8610958452338018,-0.8230412939135339
131,1.4399903124325428,-0.6454075048904911
132,0.3508549138449508,-0.05969368077298176
133,-2.7834319517829202,-0.979219634721627
134,-2.675028296402954,-0.972065371455014
135,-0.579901564944636,-0.15476696832357173
136,-1.1830242622884573,-0.5033020591712506
137,0.42306066637445205,-0.08560274064934514
138,-1.2902303858836504,-0.5649730189126254
139,-0.14063561657204726,-0.00984045109097953
140,2.4093802101714363,-0.945117267073603
141,-2.7092848966150704,-0.9745263915501694
142,2.872632905150313,-0.9838528207478239
143,-0.2437211682448739,-0.0292632929274661
144,-0.910805755532377,-0.33951678119994455
145,2.044677848679984,-0.8763566110705581
146,-1.6680345682698194,-0.7512158585923445
147,-2.9545221441390948,-0.9872802649425529
148,1.9617826105007108,-0.8540214382569001
149,1.2268378644390285,-0.528843784774964
150,-2.3432834140973005,-0.9357830817841918
151,1.406705803865215,-0.6282042405850528
152,2.021979324706745,-0.8705162896775883
153,-1.6647527940121045,-0.749851598838029
154,-0.05026735129782001,-0.0012626055452945595
155,-2.0134028702426283,-0.8682561219363911
156,-0.4426030201060076,-0.09330459910925482
157,2.7986106818632024,-0.9800815904985755
158,0.45446376411617617,-0.0981153561930399
159,-2.8619080215398336,-0.9833485630316955
160,1.29278757439904,-0.5664073830193337
161,2.102336505738009,-0.890289411242625
162,-1.3139147504515674,-0.5781839606613222
163,2.813487392512421,-0.9808959639343119
164,1.3937144342451786,-0.6213791468588735
165,-1.8311679451276923,-0.8129890339057295
166,0.8074757045032852,-0.27820095270903034
167,0.15431197553727083,-0.011835495829251363
168,2.5452202608717727,-0.9607997865942415
169,0.34597518077539036,-0.058093638106091916
170,1.6568349044999477,-0.7465404286148071
171,1.561868623526224,-0.7046862116325545
172,0.7564077763050454,-0.2487947497992461
173,1.6994185045633898,-0.7640208031603083
174,-0.29276126526884516,-0.04194929958325999
175,2.361132862253645,-0.9384234520855043
176,-0.04205297420380116,-0.0008838355067980475
177,-0.07581402127944781,-0.002869757262942807
178,1.132583676265015,-0.47343099473804495
179,-1.459488984395262,-0.6552907765064557
180,1.2556299229656664,-0.5453844906744391
181,0.1921243832935966,-0.01828662232645195
182,2.1328559789317296,-0.8971555178109715
183,0.5444704413103887,-0.13776207448953148
184,-1.5736379600637356,-0.7100852064958494
185,-0.6231698040451006,-0.17648235465369755
186,-1.7586331913621396,-0.7869855661213829
187,1.8203732804487371,-0.8092667530786911
188,-1.1433690962302947,-0.4798543680151497
189,-1.4148825422725717,-0.6324685200293845
190,-0.8682391418927908,-0.3140287788120878
191,-1.1764785801251152,-0.4994515715393091
192,-2.459316705925737,-0.9513993964788778
193,0.030923471833946614,-0.0004780162689338452
194,-0.969627026694468,-0.37505290788700407
195,-2.0355600714469744,-0.8740351529011086
196,-1.4033859672914322,-0.6264659397985529
197,-1.2798495916141241,-0.5591309950442813
198,-2.202400302690207,-0.9115469650752925
199,-1.8823353697955836,-0.8299381734041725
