,data,labels
0,1.133658166012605,-0.47407171649349844
1,-2.810656499246347,-0.9807432759584099
2,-1.1077477380249376,-0.4585759741639458
3,-2.277436276545023,-0.9252314544785368
4,1.107972630295449,-0.4587108527194945
5,2.6428512981729497,-0.9695701575373443
6,0.594015816198243,-0.16174036116855672
7,1.258066151582466,-0.546774380355955
8,-2.8037851600875654,-0.9803682202884554
9,-2.7463552129245796,-0.9769763533913258
10,-2.8546195939392343,-0.9829980377148815
11,2.05067090714559,-0.8778646697528019
12,-1.0217351795877216,-0.4066503285571401
13,-1.6164864319965704,-0.7292377616375314
14,-2.2821038806309115,-0.9260228532365041
15,2.16625585686638,-0.9042804022875316
16,-1.0098653298348819,-0.3994527716637466
17,1.388295652672661,-0.6185144896126329
18,0.22007849185359518,-0.023926386053976234
19,-0.33315031823890173,-0.053982836888971764
20,1.5987013900818443,-0.7213846346994857
21,2.205773796384676,-0.9122022162255612
22,0.319239204549735,-0.04968030967114956
23,-2.870999592606564,-0.9837769033077061
24,0.9087980966412719,-0.33830925861715844
25,2.0364324075172817,-0.8742586771033858
26,-0.26770609165158543,-0.03519886418319362
27,-0.6749095450697742,-0.20367783650810267
28,2.1601736381866488,-0.9030126841593218
29,-1.4620681713592938,-0.6565870667397324
30,-2.370429906785721,-0.9397630285502029
31,-0.876182533930622,-0.3187649760115545
32,0.1712426923174073,-0.014555065685238566
33,-2.528655923480539,-0.9591173859098199
34,-0.16446369701632246,-0.01343311332721664
35,-2.6178020655425156,-0.967497680637062
36,2.4922927715293053,-0.9552096081191849
37,-0.31228246817669714,-0.047590481281906905
38,0.42924984677109945,-0.08801133296023977
39,-2.855818795314197,-0.9830561525920941
40,-0.1169390598622031,-0.0068140502169357076
41,-0.27014386509805144,-0.035831159465413376
42,0.16535644864392207,-0.01357834869870489
43,0.7735183552182399,-0.258563177205682
44,0.1822031884655777,-0.016461996619720476
45,-2.0599608337350457,-0.88017456675093
46,0.7958127244707516,-0.27142080254968126
47,0.20887298537223398,-0.021577758171334338
48,-2.6630738465699335,-0.9711596882257155
49,1.6330495985568074,-0.7364271544938747
50,2.2772007165640433,-0.9251913344984068
51,-0.8485324319000371,-0.302326216252052
52,-1.7071412267379074,-0.767104537295497
53,-0.5998701775652524,-0.1646647310065098
54,1.5821419738154745,-0.7139494148517352
55,0.07057809313628782,-0.002487534560877913
56,2.433291330203085,-0.9482045695480261
57,-0.21852220875429484,-0.023593201689880994
58,1.6493713189508448,-0.7433938536092265
59,-2.4855429576494976,-0.954450785361061
60,-2.8202650846657686,-0.9812572369903751
61,-1.5043241406755967,-0.6774494981459354
62,-2.781813862240502,-0.9791258594860381
63,0.7639329206686858,-0.2530796706152556
64,-0.21964223947531059,-0.023832761846596884
65,0.6279254706868924,-0.17892859357168844
66,2.518899692423611,-0.9580982560099441
67,-0.742509070728747,-0.2409289227514423
68,0.06460984794841274,-0.0020850395048641612
69,-0.4764464960816057,-0.10729636761184214
70,-2.708327941167328,-0.9744602730230839
71,-2.560247723648119,-0.9622750727674735
72,0.550779281745839,-0.14073586122397708
73,1.020213540631346,-0.4057278111832817
74,2.655683590693111,-0.9705872688759514
75,0.8223644257872591,-0.28690571080448557
76,-2.520157885253149,-0.9582308764435621
77,1.4918949580538188,-0.671387253212296
78,-2.1714765801904807,-0.9053581270412798
79,2.0958234822636097,-0.8887792189193351
80,-0.9622976723515544,-0.37061265758178086
81,-1.002022082738484,-0.39469579379399466
82,-0.9720477769087497,-0.37651990581419514
83,-2.0571292980696816,-0.8794740835000547
84,-2.7251470760624867,-0.9756010039515781
85,-1.7441028803641516,-0.7814952288257778
86,-2.275561274406617,-0.9249116273267782
87,-2.369417078594479,-0.9396182665537234
88,1.3349288703843936,-0.5897618952236008
89,2.895882965653141,-0.9849001289567526
90,-1.6989188589236268,-0.7638203759496497
91,0.2381888234397751,-0.027968393238287703
92,2.100543075083256,-0.8898751553217672
93,2.179890251135845,-0.9070748318706201
94,-2.85544103594724,-0.983037864707887
95,-1.4881436100130594,-0.6695453026019115
96,-1.9355508616145047,-0.8463654531159441
97,0.18599502712246085,-0.017148339452698558
98,0.08383437671415939,-0.0035079341315463752
99,-1.7891590791185188,-0.7982135068560973
100,-0.6243217551518869,-0.1770738598433349
101,-2.774769044009021,-0.9787132746551032
102,0.31795084476269864,-0.04929015661562919
103,0.3358339126005516,-0.05483163981066397
104,-2.061277230353945,-0.880499163805055
105,1.7690522896919871,-0.7908645188434555
106,2.60603775714514,-0.9664834655362612
107,-2.093380344693864,-0.8882085988237876
108,-1.752439937906223,-0.7846569342665405
109,2.013342169405324,-0.8682400200855082
110,-1.603820531277446,-0.7236591325452495
111,2.80593300106798,-0.9804861342742949
112,-2.5553879119658065,-0.9618032058746099
113,-0.07623530769062636,-0.0029016929965415272
114,0.10502957186675665,-0.0055004224586838735
115,1.9763974958192971,-0.8581625408315162
116,-2.9578194069834423,-0.9874036453725217
117,0.14182117444599385,-0.010006224018482945
118,-1.9590812012717906,-0.8532462954423697
119,1.849529535073196,-0.8192028782281094
120,0.9899529034549817,-0.38737567375054394
121,-0.6497261306798006,-0.1902842529259744
122,-1.0578748813233594,-0.4285336240821135
123,0.07288149924544918,-0.0026523327994890655
124,1.951442655687245,-0.851038026827686
125,-1.9472225980530362,-0.849807567415884
126,-0.7374438656398592,-0.2380784851501332
127,-1.8007256832199223,-0.8023596853765032
128,-1.1339816876743884,-0.47426459965980616
129,2.8880671337102397,-0.9845549371664776
130,-1.468816671994669,-0.6599665241936814
131,-2.614301751484292,-0.9671986899521667
132,2.7724865396988454,-0.9785780848045161
133,1.0745843324349922,-0.4386247733072667
134,2.389924133957866,-0.9424941549347869
135,-1.669776979730566,-0.7519382522682883
136,-1.9482981224151263,-0.8501218707674785
137,0.24480707236911403,-0.029520744184639347
138,-2.5009599425613516,-0.956168402481206
139,-2.430711511554425,-0.9478785770772715
140,-2.6669248424565652,-0.9714541598537676
141,1.5564470841546383,-0.7021793332001262
142,2.433087811219991,-0.9481789140852597
143,-1.7502766910162386,-0.7838395336963627
144,-2.7295000777969625,-0.9758889572333981
145,2.4915813712251715,-0.955130134866629
146,1.6043833527556934,-0.7239085068561122
147,0.19269963173083893,-0.018395276970337937
148,-0.2403988771020087,-0.028482318433506015
149,-1.8178696458989336,-0.808396093484294
150,-0.4866419963245665,-0.11166843022251693
151,2.488424039360437,-0.9547759882519027
152,1.8880212625044726,-0.8317513179605505
153,-1.400350613843889,-0.6248731039727387
154,-0.8436618470871995,-0.2994451787635599
155,-2.540044498114857,-0.9602804999285273
156,1.327156973918946,-0.5854960673313767
157,1.9428378456767472,-0.8485211771992798
158,1.3878711590125077,-0.6182896396734177
159,1.0599794014813826,-0.42980573805272815
160,-1.1960582064410106,-0.5109436772037294
161,-0.9774137009583157,-0.37977239992444034
162,-0.6402012124991181,-0.1852946755735888
163,-1.8816789025398177,-0.8297279362439445
164,-0.5827486521688021,-0.1561647423548692
165,-0.14119244296880673,-0.00991814056688578
166,-1.2609921042714374,-0.5484415890046312
167,-2.2607465039551453,-0.9223456241582937
168,-1.0595980829662115,-0.42957526625284115
169,-0.9420673595257325,-0.35837127653680423
170,1.8090727578924852,-0.8053149436386953
171,2.5030232939710046,-0.9563940994941464
172,-2.489478608151991,-0.9548945352514567
173,-2.9014493031468973,-0.9851418096843423
174,1.0659966221705517,-0.43344119465903697
175,2.590141202736552,-0.9650702272151868
176,-1.2203567565715434,-0.5250925360462504
177,-2.1681941133327114,-0.9046816423297884
178,0.5642783407263652,-0.1471785068972089
179,1.334887535672431,-0.589739258462036
180,1.1358467997428088,-0.4753762690215414
181,2.46642046272874,-0.9522422990912757
182,-2.4652548869339057,-0.9521048402521142
183,2.9371232957949562,-0.9866113323467888
184,-2.0093153551526663,-0.8671685301466812
185,2.2583132742243874,-0.9219175080676225
186,-1.006866846266627,-0.39763422773231205
187,1.3992016678587742,-0.6242693143012019
188,-1.3053773678318,-0.5734411919059137
189,-2.75303534861479,-0.9773953991358029
190,0.20211210987364892,-0.020217482122598995
191,-0.9221786387876616,-0.34636534879239644
192,-0.6357576248744028,-0.18298177634283208
193,1.9524745684480678,-0.8513377716491712
194,-2.4029855423780595,-0.9442662704814779
195,-2.2668588750937273,-0.9234127434609543
196,-2.0916086921030255,-0.8877933995900307
197,-2.052870053832326,-0.8784145205454654
198,1.046659911837522,-0.4217497153004368
199,-0.007063977729033777,-2.494957943222076e-05
200,1.5130339230336451,-0.6816601722680089
201,1.7418979933658436,-0.7806538733086561
202,1.9216648954172086,-0.8421954418131642
203,0.2823021175260867,-0.03906378211333805
204,-0.5595491378830584,-0.1449092017094743
205,-1.5606461158629963,-0.704122022988749
206,2.360606818839017,-0.9383469314306906
207,1.7317566874457269,-0.7767561511294225
208,0.07688170680787376,-0.0029510355300181867
209,-2.5238542705371794,-0.9586184516468679
210,-0.22519771832114932,-0.025038217480597313
211,-1.5851145280322145,-0.7152928108901024
212,-1.368044621546026,-0.6077175030562958
213,2.7951831858114264,-0.979889727425682
214,-2.3296441269470916,-0.9337036793701656
215,-1.1449682304489346,-0.4808051975691042
216,2.373068317977104,-0.9401387934697792
217,-0.5550802540989395,-0.14277688002919886
218,2.5870870737502454,-0.964792979265547
219,-0.5376708865458983,-0.1345840245063874
220,-1.5924761565785952,-0.7186033825016072
221,2.7167578047346472,-0.9750376473919717
222,0.2674687021941069,-0.035137575726914894
223,1.3041332900987328,-0.57274823211507
224,0.7920084668460552,-0.26921699185223047
225,-1.1011165799510187,-0.4545962109571602
226,-2.640353127117252,-0.9693686816503483
227,-0.40957300106429617,-0.0804538276770792
228,-2.9405288113298904,-0.9867446607457231
229,-1.6461638125634799,-0.7420340421016922
230,0.09848387641583756,-0.004837796938148675
231,1.7720831948465285,-0.7919838222640676
232,-2.9811107598257527,-0.9882454006527589
233,2.670249914350962,-0.9717063336295709
234,1.0199150621400417,-0.40554684721459255
235,-1.1856156942370726,-0.504824130309429
236,-1.628428386382571,-0.7344333687929463
237,1.4363111999941953,-0.6435263416982329
238,2.8001078911502297,-0.9801648983656964
239,2.8523167927693267,-0.9828859504749333
240,0.5299608970655698,-0.13101487931861988
241,2.570049117146011,-0.9632117299136456
242,0.9167613619225836,-0.34310145718215745
243,2.563291638697576,-0.9625681005830263
244,-0.6022859039336987,-0.1658767910982154
245,0.7134748889718141,-0.224713940419493
246,2.998918149867449,-0.9888548966035426
247,-1.1837354651099363,-0.503719915767407
248,0.599461865393891,-0.1644601733425437
249,-1.8159132214597122,-0.8077138042501208
250,-0.720194867510207,-0.2284396018501893
251,-0.8914471311680221,-0.3278938528294396
252,-1.6983526463859702,-0.7635931117456929
253,1.0090884330618488,-0.3989816021604381
254,-0.8506386459977913,-0.30357352372277746
255,-1.3248494228056467,-0.5842258174661878
256,1.9916216047527096,-0.8623826550840766
257,-1.6889258318370992,-0.7597884373072807
258,0.9836459033516407,-0.3835509671616134
259,-0.6132723846032784,-0.17142797266581578
260,1.6356844228897778,-0.7375597299849694
261,1.4312974312147935,-0.6409545038501507
262,-2.992354665706427,-0.9886335952106639
263,2.051203664051915,-0.8779980481626434
264,-2.461772425838311,-0.9516921757316201
265,1.1282249607846877,-0.47083012878840713
266,2.0869289011585614,-0.8866909365775856
267,2.4875174099770856,-0.9546738627873004
268,-0.7224661273293567,-0.2297026366907312
269,-1.7202225672544362,-0.772267330569816
270,-2.253544405753554,-0.9210729439622496
271,1.5621178056795442,-0.7048011315451039
272,-2.319670337002183,-0.9321485984408223
273,-0.034680997090700494,-0.0006012049834192013
274,1.6935805002771493,-0.7616720125433215
275,-2.4168060072330073,-0.946091959527128
276,0.05439183208429732,-0.001478142168879537
277,-2.0130702961458855,-0.8681678832414522
278,1.8614061695975614,-0.8231434742520661
279,1.1746230037796455,-0.4983585214028198
280,2.975063141731339,-0.9880317784809712
281,0.5803525432453656,-0.1549880732484381
282,-0.16960264037110573,-0.014279593334202367
283,2.3497894831407464,-0.9367560183410856
284,2.542177072374476,-0.9604951620035808
285,0.5754669050578496,-0.15259884636474508
286,0.6917425517981624,-0.21278500034364312
287,-2.657766380166609,-0.9707495717905456
288,2.6047359885804866,-0.966369597509488
289,-2.475784118374448,-0.953334656564549
290,0.11680960630875425,-0.006799023400736237
291,-0.2318610819892717,-0.026521734605835956
292,0.06962948096975508,-0.0024211964740944447
293,2.4268855207378888,-0.9473919782116129
294,-1.5496675353788298,-0.6990270047704925
295,-1.492967621312092,-0.6719129006803872
296,-1.8896459370699803,-0.8322668380025773
297,2.273758765007604,-0.9246031257746267
298,1.4765856561989352,-0.6638348090312466
299,-2.3460153998854913,-0.9361931117558413
300,2.4311994021163397,-0.9479403585364906
301,1.0891960741471731,-0.44742938509191055
302,-1.6149936174051154,-0.7285838947949659
303,0.6267268464209486,-0.17831097452510725
304,-0.7787698813281563,-0.2615790795309091
305,2.7888882733787703,-0.9795331525749805
306,0.25776078959641957,-0.032674577602950894
307,-0.26795973029860054,-0.035264403577600745
308,-1.199365143893113,-0.5128768797482319
309,1.6025013182771355,-0.7230740778273697
310,0.9256455196304927,-0.348455651920746
311,-1.893023140709468,-0.8333348060606123
312,-1.4951182751122973,-0.6729654081766924
313,-1.0177357651118846,-0.40422550272737956
314,2.106685855829671,-0.8912890384351608
315,-1.4109414358603347,-0.6304162356166999
316,-2.3070398140976867,-0.930136808185238
317,1.6457090676215609,-0.7418408871362683
318,0.6168385992800882,-0.17324338734651856
319,-1.5579731632223701,-0.7028862416183108
320,-1.8465890109236542,-0.8182177047113428
321,-1.9813638278915557,-0.8595496606452346
322,-2.782727809586312,-0.9791788718445483
323,0.3895185338729754,-0.07305620295413828
324,0.26709503405571233,-0.03504120555190415
325,1.4055201683126173,-0.6275838889525455
326,1.7978275926521574,-0.8013264048845335
327,-1.551706083168069,-0.6999769230958107
328,1.9972209281890532,-0.8639109350151444
329,2.883678613458933,-0.984358086000379
330,-0.08980483726606714,-0.004024334971361565
331,1.6809030279036001,-0.7565192742462328
332,-2.8540538789732923,-0.9829705617718392
333,0.3511347079753788,-0.0597860202318532
334,0.4982750773596969,-0.1167429636633257
335,-1.021818430168273,-0.4067007988175364
336,2.366941712095307,-0.9392632625532025
337,1.2167350156383643,-0.5229920154523301
338,-1.38470917674994,-0.616612768432538
339,2.631871717285872,-0.9686761148345507
340,-2.271622496028836,-0.9242361779727983
341,0.6544562719924834,-0.19277795993647362
342,2.220106150545668,-0.9149431701857031
343,2.1571218883942898,-0.90237165627405
344,2.237079184394757,-0.9181004382050268
345,-2.87268247020015,-0.9838551196747842
346,0.9667931963993932,-0.3733358590930943
347,0.07404402286572997,-0.0027375048423929904
348,1.0608254219685218,-0.43031704257783376
349,-1.2718135619764777,-0.5545876818716642
350,-2.5807448194303952,-0.9642112582577991
351,1.4608059104695812,-0.6559529831406392
352,2.123523406822497,-0.8950924538605542
353,-2.7488457971956386,-0.9771333693588615
354,-1.5889731359164552,-0.7170309675596203
355,2.5226978289882016,-0.9584975230585688
356,1.3543693517359312,-0.6003468249882231
357,1.9387040861384452,-0.8473010230938108
358,0.1172976827896024,-0.006855764474886117
359,-0.06495148705292575,-0.0021071247244276448
360,0.7457627102090729,-0.24276452459298692
361,0.5604410811641811,-0.14533619912718443
362,1.4399670362129413,-0.6453956197225155
363,1.8082661481845763,-0.8050307122099489
364,2.7650550104789815,-0.9781327371040196
365,-0.15552180873464128,-0.012020683822125178
366,2.577087490288953,-0.9638721038782202
367,-1.47416481842708,-0.6626319998851296
368,0.1520050181208581,-0.011486285846815436
369,2.5499759020140846,-0.9612718498931385
370,0.30735437825388967,-0.046135219326637555
371,1.1659859083344317,-0.493262200146819
372,0.28468062963583307,-0.03971151114958771
373,2.6065191897405287,-0.9665254939480298
374,-0.23186532480914712,-0.026522692268315273
375,-1.767602912988032,-0.7903278228125066
376,0.5998270607288498,-0.164643125970925
377,1.170264686616843,-0.49578863225069836
378,-1.1841695079589194,-0.503974881692186
379,1.2123535289659504,-0.5204468468476398
380,-1.137490064056506,-0.47635527111326037
381,-2.3354995036353596,-0.93460300474846
382,0.6312594053884757,-0.1806502314301287
383,0.5460244132903278,-0.13849233859506271
384,-2.8998766644350606,-0.9850738763255558
385,2.252571201361378,-0.9208996918568696
386,-2.6372482141098184,-0.9691166807647147
387,-0.7579257372536241,-0.24965765124661443
388,2.8720127986893242,-0.9838240346362345
389,2.7641334691716954,-0.978076955117971
390,2.081369656633788,-0.8853704694000288
391,-0.40697059458725837,-0.07947630061270161
392,-0.5163128928264653,-0.12478831979604887
393,0.727386049210756,-0.23244507018727734
394,-2.601874885920623,-0.9661181721854756
395,-0.20797378656618903,-0.02139437090264007
396,2.0274695792664392,-0.8719476926576347
397,-1.6269073107477499,-0.7337750627762598
398,2.45065908179512,-0.9503553658374165
399,-1.74143230752588,-0.7804758963431953
400,-1.9481531595116426,-0.8500795361416411
401,-2.252405190401894,-0.9208701077365026
402,-0.9614503490026536,-0.3700994862813234
403,-1.0157494992068041,-0.40302110774384603
404,-0.6658961814730748,-0.1988514250218334
405,2.4383963524962677,-0.9488446596279396
406,1.480221216547224,-0.6656367910671803
407,0.39643899148108463,-0.07557368787494856
408,-1.8279812277312497,-0.8118955122178734
409,-1.9502583126412574,-0.850693455825003
410,1.6659002465855313,-0.7503291468011415
411,0.9259014681835414,-0.3486100173164681
412,-2.3186366789981006,-0.9319857491607576
413,-2.4534879241310072,-0.9506985357187008
414,1.7544738663937594,-0.7854235671817
415,-2.5014722652485153,-0.9562245336227607
416,0.30599643976233226,-0.045737903102969435
417,2.502991450578336,-0.9563906237801862
418,-0.3382531966578677,-0.055602019836979655
419,0.3638183258387988,-0.0640393903600327
420,0.022669213636613783,-0.000256913615494736
421,-0.9861045413240062,-0.38504186287622977
422,-1.6950273826073634,-0.7622555481495624
423,0.2939440663015973,-0.04228166427719238
424,-0.8604183848187259,-0.3093761078935299
425,1.6373221259324806,-0.73826215612128
426,-2.0548735645446974,-0.8789138112376538
427,2.9779473414852697,-0.9881340839301034
428,-2.2069413400971163,-0.9124280939189738
429,-2.1962745920863807,-0.9103472174889723
430,-1.87110392528178,-0.8263155183365168
431,-0.3212576315153033,-0.05029439596538665
432,1.4620617370025553,-0.6565838360853993
433,2.318211625295314,-0.931918691156918
434,-2.001554921192316,-0.8650850975166987
435,-0.18328306893534618,-0.01665606958298449
436,-2.1639775726879495,-0.9038070748879016
437,2.252570299554769,-0.9208995311736702
438,-1.7715413673704672,-0.7917840273974497
439,-2.7811753801552968,-0.9790887554426162
440,-0.24179930566827057,-0.02881028828853438
441,0.6072857248636887,-0.16839522062583023
442,0.5508172359986983,-0.14075382407023618
443,1.6192428421199043,-0.7304425370798129
444,1.801664895729953,-0.8026937518637093
445,2.1712061059520398,-0.9053025283115099
446,1.058195243180596,-0.4287272921162828
447,0.838379887875063,-0.296326225134555
448,1.8282325459867215,-0.8119819144608114
449,-0.23846624720910903,-0.028032659630394252
450,-2.2100950491589755,-0.9130359151310531
451,-2.0587954779347717,-0.8798866513545747
452,-0.25557264068905816,-0.0321311508833203
453,-1.2187037416157915,-0.5241342036355304
454,0.14387262499144438,-0.010296292608004687
455,1.9052848364044994,-0.8371710725105307
456,-0.47751987922529926,-0.10775330213601642
457,-0.9876579373781356,-0.38598388216443824
458,0.9285470531441633,-0.35020595162364454
459,1.795422693552693,-0.8004661383077574
460,-0.3315197990032863,-0.05347007141720883
461,2.683565600043498,-0.9726970947999359
462,2.6790802444270767,-0.972366748807477
463,2.654853098608517,-0.970522336961919
464,0.6001186390273188,-0.16478924973773335
465,2.4877310137789914,-0.9546979411572648
466,1.9568442383492188,-0.8526021206806307
467,-1.6436762280968262,-0.7409763144348236
468,2.7953942402992134,-0.9799015881474363
469,-2.344845737436886,-0.9360178260331727
470,1.900191738883791,-0.8355854542146787
471,0.7023539030889907,-0.21858625210796734
472,2.3265021700470108,-0.9332169633876053
473,0.32902206811249,-0.05268893031030164
474,0.9441166206346638,-0.35961011748423366
475,-1.0017307119322376,-0.39451906908974554
476,1.2569298106664633,-0.5461262822964494
477,-2.4458512222466506,-0.9497675527077869
478,-0.6265037921389949,-0.17819611965623106
479,1.3699768470615643,-0.6087538121706394
480,2.369177937184344,-0.9395840447417428
481,-1.2536058265122245,-0.5442285421966524
482,-1.2243356250261954,-0.5273966667994322
483,1.3627953195808296,-0.6048957170812954
484,1.6707064650563375,-0.7523230607138705
485,-0.5871045193499729,-0.15831198198217866
486,-0.33111363590281906,-0.05334268961540656
487,-2.622174733324591,-0.9678679134161084
488,-0.3065849019288631,-0.04590988425404363
489,1.7406122796509367,-0.7801622608422064
490,-2.7000010435412145,-0.9738786637446653
491,-1.1427994329741011,-0.4795155528676106
492,-2.7748779936267933,-0.9787197089992971
493,-2.253109574500041,-0.9209955719920123
494,-1.5001507685484878,-0.6754209491010131
495,2.3853023658940087,-0.9418560640514766
496,2.0477769460346824,-0.8771382095615916
497,0.09867304121105569,-0.00485635412592289
498,1.7208723565654944,-0.7725217919102503
499,-1.064947390372419,-0.4328074690481839
500,1.6632565927008827,-0.7492280319439288
501,0.007521071017462688,-2.8282854657391e-05
502,2.908433909083614,-0.9854402426482419
503,-2.57250866291644,-0.963443651357108
504,2.4767438858597917,-0.9534454314897723
505,-0.5214052476605984,-0.12709776441571607
506,1.0413045649448343,-0.4185077289349848
507,1.0645414718923014,-0.43256227577087236
508,2.0115999959166633,-0.8677772490958411
509,0.07991541741672581,-0.0031881440117202953
510,-2.6291984558062373,-0.968455065577179
511,2.2171864925975227,-0.9143904101779906
512,2.090301994110149,-0.8874864042232189
513,-1.6900385118491015,-0.7602395755747541
514,-2.3011777468285675,-0.9291867756591693
515,-2.8065987691573593,-0.9805225584277093
516,2.008325438974679,-0.8669041234853099
517,1.9595724462050335,-0.8533874793024885
518,-1.4498809391592278,-0.6504390599080918
519,-1.12812825069544,-0.470772389998799
520,1.0235763227769121,-0.40776646925534477
521,2.469854797661963,-0.95264540215887
522,-2.464334774180842,-0.9519960960753748
523,1.2423838549321138,-0.5378005732922492
524,1.9085783410198687,-0.8381905129910376
525,-1.6327584644757007,-0.7363018237522885
526,0.7692698370930144,-0.2561292937184899
527,-0.08277046549456823,-0.003419614732962706
528,-0.7442194292557431,-0.24189340717059782
529,1.8277038835417319,-0.8118001300698506
530,0.895958706796903,-0.3305983344890101
531,1.4482776935420736,-0.6496260053325547
532,0.8597287758071035,-0.30896636735533334
533,2.8639020119554823,-0.9834433487063624
534,-0.9188508074089028,-0.3443599881834124
535,0.619231787774642,-0.1744653182609166
536,2.871854440681889,-0.9838166762361801
537,-0.2998268487626765,-0.04395287156481853
538,-2.501484702249664,-0.9562258954953291
539,-1.2026090394648588,-0.5147709594204433
540,-0.8035427166089515,-0.2759106254525385
541,0.2435575694591492,-0.02922459946009137
542,0.26795446740209083,-0.03526304307709793
543,-1.9637087452390158,-0.8545722701840763
544,-1.3414413076741727,-0.5933215239865721
545,2.1679121409520663,-0.904623353438098
546,-1.9711911186038475,-0.8566974591084553
547,-2.5621052194125182,-0.9624541181416998
548,-2.9284488513272566,-0.9862663511551618
549,2.745660416438527,-0.976932384262845
550,2.313878183457464,-0.9312319563610628
551,0.1534116819775071,-0.011698604997342543
552,1.124658042482448,-0.468699686923406
553,0.32559617291353327,-0.05162608928779333
554,1.9628262790554194,-0.8543200957572517
555,2.2205163222194315,-0.9150205969251256
556,2.3992148675850853,-0.94375937904741
557,1.6861203620478467,-0.7586485086407769
558,1.1588899718333234,-0.48906504341574175
559,1.0730115449598383,-0.43767589037838794
560,0.6857998923145412,-0.20955622137774432
561,2.9275366487925467,-0.986229620614339
562,1.8043764485695677,-0.8036560251268533
563,-1.7054053943611338,-0.7664137239542436
564,-1.3237963108359219,-0.5836455491910006
565,-0.13868111084091606,-0.009570137207301377
566,-0.8335830904878465,-0.29349880425909847
567,-0.801512999505599,-0.2747301918520705
568,2.3497680099552545,-0.9367528271441388
569,-1.443783100649815,-0.6473413971862993
570,-2.0679536571005146,-0.8821350927242966
571,2.821877702639628,-0.9813423099792724
572,0.3725255284233091,-0.06703503958332735
573,0.1461239027646668,-0.0106193102193326
574,2.975938374214916,-0.9880629062308347
575,2.832966007320035,-0.9819181788056571
576,0.14281239151587366,-0.010145869446955169
577,2.6937915471601794,-0.973437542964233
578,-1.352895355570284,-0.5995486213881849
579,1.7509985190056279,-0.7841125143495778
580,-2.650189219274866,-0.970155402654648
581,-0.5467520850609779,-0.13883479846615943
582,2.9523124582898586,-0.9871969829101429
583,1.1723972365203554,-0.4970465410493131
584,1.7754436775026452,-0.7932200564857682
585,0.18530424468486206,-0.017022287025348026
586,2.946340543309775,-0.9869694841416019
587,-0.11448202139924213,-0.006531642095125578
588,-0.31797733637749914,-0.04929816477428073
589,-1.6844159989275465,-0.7579542760478117
590,-2.1705394381031935,-0.9051653780717588
591,1.0375332589585966,-0.41622382506933253
592,0.9367288481293641,-0.3551454345020343
593,2.6496104643737084,-0.9701095965950539
594,-2.066104896389694,-0.881683817043756
595,2.0874787916728756,-0.8868209105944322
596,2.115164751684741,-0.893217472217828
597,2.054006971511872,-0.878698041774921
598,1.0734334152231693,-0.4379304309806008
599,-0.4952230479453603,-0.11540284846069837
600,2.015252097870701,-0.8687459484436567
601,1.6229495460726024,-0.7320574305543652
602,-0.32806625732490113,-0.05239140323911817
603,-2.158585378392589,-0.9026794800021164
604,0.9754659895299995,-0.3785917144094818
605,1.2503312779357927,-0.5423562117057892
606,0.9581669784496345,-0.36811128190060416
607,2.1920385527128357,-0.9095100521829073
608,1.7488037480319027,-0.7832817756576871
609,0.2446942726258179,-0.029493951004947117
610,-2.536599497733356,-0.9599316489113442
611,2.9598275701610497,-0.9874782684798676
612,1.712825414350064,-0.7693572840526468
613,1.1339139619513006,-0.47422422297845324
614,1.960362062476504,-0.8536142045824386
615,0.8997453119708867,-0.33287030934675643
616,-2.4818499519102666,-0.9540310721336022
617,-1.1844945617479627,-0.5041658005317422
618,0.6457485579450095,-0.18819539340078872
619,0.9270764759952819,-0.34931875530524936
620,1.295833469703087,-0.5681133850585324
621,-2.803160630301244,-0.9803338178332198
622,-2.7576831538373634,-0.9776830363627182
623,0.06057648113370728,-0.0018330728991804435
624,-1.7309394244290326,-0.7764400449223019
625,2.298703203497938,-0.9287826071564712
626,1.32444929448907,-0.5840053863811445
627,2.4839683435807807,-0.9542722235508895
628,-1.966663948429956,-0.8554143976502552
629,1.2063764489399755,-0.5169678518745118
630,-2.2451018551527815,-0.9195597953545513
631,1.2508473748638353,-0.542651491288826
632,-1.6489898945746497,-0.7432323878944722
633,-2.2448081208140165,-0.9195067339521634
634,-1.2778735996284876,-0.5580155012910808
635,-1.3670294232297913,-0.6071725106923176
636,1.3670823743734477,-0.6072009453346926
637,2.3252338992061077,-0.9330196738998786
638,-1.0418800639961474,-0.4188561915297543
639,0.5226155065297942,-0.12764906167930934
640,-1.3356281868671664,-0.5901447895003604
641,-1.1315914091694503,-0.47283914992566567
642,-1.7374157174504183,-0.7789368093124482
643,0.7788854597521437,-0.26164554599673495
644,-0.709685794662315,-0.22262075864182362
645,2.320001911820632,-0.9322007696198675
646,0.6486749141968104,-0.18973147357884557
647,1.9907003971534198,-0.8621299957004953
648,1.4462581498776892,-0.6486004268856186
649,2.1483157423663632,-0.900503246595414
650,0.7082692642702018,-0.22183965366734437
651,1.5671452652762339,-0.7071140928638314
652,-2.4409530006698663,-0.9491627423921554
653,2.6553142133291754,-0.9705584043273792
654,-1.678215051203725,-0.7554175673517964
655,-0.6422353033734205,-0.18635659995546672
656,2.0305211210959406,-0.8727380873226588
657,0.011376153915431786,-6.470634540789444e-05
658,-1.6790875701649344,-0.75577553404575
659,0.6268030628239054,-0.17835022548363355
660,0.48623685930723504,-0.11149334536512412
661,-0.13267234077201895,-0.00876235978934048
662,2.475688418292881,-0.9533235989205796
663,0.9472800084270068,-0.36152305177920363
664,1.1875362608644604,-0.5059513008777885
665,0.30744725915568694,-0.04616245336576297
666,-1.0049513493352404,-0.39647246095504374
667,-0.7142546960326328,-0.22514540408256645
668,2.969337770617612,-0.9878263731163985
669,0.04956649373998001,-0.0012276644535018644
670,-1.1327802110395102,-0.47354820195011804
671,-1.6584990997915068,-0.7472386793072844
672,1.9216929959755555,-0.8422039630688914
673,0.055926051197896065,-0.0015626394069381266
674,0.879108022374778,-0.32051183142635664
675,-1.8959131538334515,-0.834244810870242
676,-0.07395439384273761,-0.0027308905001485195
677,-1.1513634808397226,-0.4846035829152745
678,0.1549191139476762,-0.011928253477594408
679,-0.540008169536347,-0.13567326104797106
680,-1.6145069444288433,-0.72837051717237
681,-1.155239869307153,-0.48690259462940566
682,-2.1410134855180742,-0.8989327732913746
683,-1.0501377032144248,-0.42385424179318854
684,2.1491989731252072,-0.900691897296879
685,2.2362403641846544,-0.9179466376663794
686,-1.3302653892201939,-0.5872045152080398
687,-0.3067691175245679,-0.04596378375495869
688,-2.847891288181514,-0.9826687213349535
689,-0.24059600691802174,-0.028528376233809327
690,2.4828138452192494,-0.954140930648349
691,2.082923292343237,-0.8857406850103183
692,1.202575321236437,-0.5147512833343402
693,-1.640520579871157,-0.7396305998481835
694,0.5367827384707602,-0.13417100403335736
695,2.512466884431083,-0.9574146474923596
696,-0.3834629380205268,-0.07088421360471431
697,-0.16151994913553747,-0.012959638213810631
698,0.6040505782875032,-0.16676415577272885
699,0.7773977749307184,-0.26079031019165333
