,data,labels
0,-0.12337821755851319,-0.007582201264950239
1,-0.7082243163206181,-0.22181488112901926
2,0.4671216340494424,-0.1033604261056078
3,-1.4671672654319887,-0.6591421982646818
4,-2.738168366841566,-0.9764536156851683
5,2.7566780144037857,-0.9776211024441022
6,-0.04002630254370487,-0.0008007316908015261
7,2.2373768535160483,-0.9181549613641474
8,-0.8754936654575092,-0.3183538375274493
9,-0.6310008278885997,-0.18051650587480528
10,2.9628645448257505,-0.9875903781980108
11,-2.2208432398430817,-0.9150822678289097
12,-1.7246747846525878,-0.7740070684232935
13,-1.8474784436243645,-0.8185160937174663
14,-0.9832363845958811,-0.38330264996154517
15,2.0661654935955776,-0.8816986295415398
16,2.478384491501238,-0.9536342780508517
17,-0.4465864861097959,-0.09490896102394053
18,-0.27935991040774244,-0.03826946795210551
19,0.8974341794405976,-0.33148340145633537
20,2.6770171072605446,-0.9722136475053278
21,-0.6710746564634844,-0.20161999431150224
22,0.4205639957323619,-0.08463925745167267
23,1.7122037544929896,-0.7691116107058152
24,0.7264502801398982,-0.23192278057122295
25,-0.9603537027056461,-0.36943536638519014
26,-1.7218655722889622,-0.7729103770171025
27,-1.898580016729158,-0.8350813636878607
28,-1.5893083975442401,-0.7171816870586385
29,2.01973483327094,-0.86992764395019
30,2.785359930737375,-0.979330890167251
31,0.5739814021541356,-0.15187506498029046
32,0.5053326061213301,-0.11986548162711463
33,-1.2126727050225414,-0.5206324004827021
34,0.4508870861114973,-0.09665395526311649
35,2.6598512630089166,-0.9709112672546846
36,0.6902027340456236,-0.21194697993557177
37,2.9162050495209746,-0.985766058862034
38,-1.5065585634413117,-0.6785326682811015
39,-0.22500962090515175,-0.02499693534169245
40,1.4781742123283612,-0.6646228303715958
41,0.9515618377597566,-0.3641133568321271
42,1.7720578983613624,-0.7919744972813516
43,2.3073917444061802,-0.9301935126165854
44,0.03255440388440345,-0.0005297542367823649
45,-2.3203605762325967,-0.9322571663951457
46,-0.8170069947745788,-0.28376733576346225
47,-0.9071693081559333,-0.3373299513366712
48,-2.376112082581558,-0.940569892128002
49,1.9971702692081532,-0.8638971653858079
50,-0.542930360158385,-0.13703978346250578
51,-2.6022763614359867,-0.9661535490209783
52,0.28344123692276035,-0.039373369534487224
53,2.4869782689996462,-0.9546130406979105
54,2.010269565178703,-0.8674230254640146
55,0.03958822781919613,-0.0007833069457480191
56,0.05529421468179274,-0.0015275571836508295
57,0.854783818722336,-0.3060307920270847
58,-0.9934084267931911,-0.38947140703942607
59,-0.9685320293871538,-0.3743893998835335
60,-1.1971126011594226,-0.5115603174419487
61,-1.7509715114461604,-0.7841023048252652
62,-0.8311554008082762,-0.2920697096874063
63,-1.4425223780389362,-0.6466991806802806
64,-2.7979806489670143,-0.9800464430039353
65,2.396510234452151,-0.9433934542924761
66,-0.8049808014412783,-0.27674762066170955
67,-2.737360404741098,-0.9764014732022265
68,0.14021728131074296,-0.009782282127804742
69,2.938249895372752,-0.9866555701890196
70,2.4004217006689004,-0.9439220263729863
71,2.2618289364403363,-0.9225354656659325
72,0.36532059388949456,-0.06455185790398466
73,-0.7652705973404998,-0.25384322266808945
74,2.6559687007714414,-0.9706095318484709
75,-1.633587792366366,-0.7366587442945213
76,0.37106388608945906,-0.06652789982527196
77,-2.084422408750504,-0.886097036342857
78,1.4096195944585954,-0.6297266271224087
79,2.416097438024557,-0.9459995778585637
80,0.1497069384326979,-0.011143529432271815
81,-1.9515640015491613,-0.8510732978674589
82,-0.9958846127147245,-0.39097324582842585
83,-2.5384740293415256,-0.9601217891733603
84,-0.5171676621722874,-0.12517480996278119
85,1.0931082110368786,-0.44978313612612086
86,-0.9867866693061624,-0.38545551804366096
87,1.436433900357521,-0.643589162303801
88,2.0206634485592616,-0.870171429363531
89,1.9632066059054125,-0.8544288180148041
90,-2.6391479395004067,-0.9692710761594272
91,-1.8517139378889989,-0.8199322759057376
92,-0.9997299621826565,-0.39330555407584733
93,-2.4470546037553564,-0.9499152203715986
94,0.5206337742184899,-0.1267468284666441
95,1.100934237148934,-0.45448670248682055
96,-1.2111088231970089,-0.5197230156653874
97,-0.9027640064133973,-0.3346828439561441
98,-0.03962007038222248,-0.0007845670547407257
99,0.285220605587269,-0.03985925599319362
100,0.3610337187636903,-0.06309432894322808
101,1.546526269436165,-0.697559813314619
102,-2.869517147295161,-0.9837077269456574
103,1.4264856128828782,-0.638477356556749
104,-2.5868505019793124,-0.9647714258407951
105,0.24984523383082724,-0.030729275277735724
106,0.5211025773435551,-0.12696003743573203
107,2.0895229649725584,-0.8873030713303894
108,-2.3356914365753996,-0.9346323141935501
109,1.1413475419115127,-0.4786517871676319
110,0.9210363567255646,-0.3456768819285835
111,2.296923096457566,-0.9284907062720548
112,0.30070671780144487,-0.04420542149955353
113,2.3961305241377024,-0.943341924128035
114,-0.7223311146387461,-0.2296275036283203
115,-1.7990008670143793,-0.8017451708273359
116,-0.7551969878861997,-0.2481069946360448
117,0.8604932236647382,-0.30942057954589264
118,1.6297511207172501,-0.7350050097097138
119,0.41657550800854626,-0.08310982270626022
120,-1.8675571974684657,-0.825160163286691
121,-1.9839082968286694,-0.8602564141214835
122,-0.5136602019781766,-0.12359187598614052
123,-1.3830403204572226,-0.6157263169596869
124,0.01979560955090065,-0.00019591388511375207
125,-0.20150632232182275,-0.020097692947640966
126,-1.5032111955540641,-0.6769092221336093
127,-0.860408751413047,-0.3093703834866055
128,-2.1123584256785977,-0.8925821660769869
129,2.595754789644336,-0.9655749734794289
130,2.2867971549063455,-0.9268117663809008
131,2.3700708619879833,-0.9397117434977673
132,0.2537972155242487,-0.0316934067640573
133,-2.1414771640292853,-0.8990330680342234
134,-2.3368195894233397,-0.9348043739065665
135,-1.7810581965665042,-0.7952742805853572
136,-2.176210426549088,-0.9063270585799386
137,-0.5396716799341545,-0.13551624138415508
138,-1.1990356805238414,-0.5126843829795974
139,-2.686906923765835,-0.9729409674386151
140,-1.0917437455138417,-0.4489623836569345
141,1.8266343519449437,-0.8114319874436628
142,-2.369806097130496,-0.9396739021671507
143,-1.252622871833966,-0.5436667977068662
144,2.767997015415925,-0.9783099953265069
145,0.8554407964434709,-0.3064205473141237
146,0.6182158205653971,-0.17394622146777872
147,-0.22235929160943257,-0.024418745624788185
148,-0.29710670618180224,-0.04317636832050764
149,-2.1948155890325043,-0.9100595716408851
150,-0.2698536281145061,-0.035755600742576554
151,-2.5647944323103165,-0.962712056681196
152,1.7354984427496944,-0.7781996048246734
153,-1.1330185753330329,-0.47369034725498793
154,-0.6693577450099184,-0.20070076816866855
155,-0.9629791925837763,-0.3710254364928339
156,1.8243032158944512,-0.8106278423161717
157,1.0338253784800226,-0.41397771234925185
158,1.7485485182299296,-0.7831850296351144
159,0.07835888536850089,-0.003065349650677618
160,-2.789701335765571,-0.9795795161452363
161,2.229698509163426,-0.9167392243185424
162,-0.30105644446070157,-0.04430599094499044
163,1.9046049770198383,-0.8369600570210529
164,0.7425184623592065,-0.2409342160505512
165,-1.835859267721325,-0.814590729691998
166,2.1749329287277543,-0.9060663523695732
167,2.0935753799941335,-0.8882542341686669
168,-0.62491763526742,-0.1773800946886196
169,0.9372984402784938,-0.3554895116254463
170,-2.7287573080537744,-0.9758400318238432
171,-2.7672312485555715,-0.9782639779299743
172,1.2129241349418267,-0.5207785535860163
173,2.874794203493524,-0.9839527993062185
174,-0.8616471276140798,-0.3101063931582735
175,-2.5524862791152523,-0.9615190937603623
176,0.8217934546249142,-0.2865709176382758
177,1.6621215040145696,-0.7487543032336984
178,1.0323806189791211,-0.4131023709561835
179,-1.6603438710660043,-0.7480112625411883
180,-1.478585641095333,-0.6648267608480085
181,0.5120713782084536,-0.12287744084292207
182,-1.7185368349455443,-0.7716063095386866
183,-2.5971310978621682,-0.9656977719687777
184,1.295142523256243,-0.5677266247379764
185,-0.9116769166170062,-0.3400408898150553
186,1.3970399768293777,-0.6231320237271765
187,-0.6557273329591964,-0.19344982299173508
188,-1.1562679263534366,-0.4875118851406596
189,-2.9272959552068416,-0.9862199144436905
190,-0.9236900090687801,-0.347276465227793
191,-1.4219044672926584,-0.6361109105371032
192,0.2550703236942722,-0.03200701149790297
193,-2.4795107609137297,-0.9537635488820881
194,-2.101971480570861,-0.8902051937092204
195,0.39936054637999074,-0.0766476961578122
196,2.070605279629837,-0.8827800403332411
197,-1.501923039707126,-0.6762832612187828
198,-1.9728881730550305,-0.8571762421891268
199,-1.698646212390194,-0.7637109599647176
200,-0.200680557581415,-0.019934960904402277
201,-1.767354198858739,-0.7902356313134149
202,0.028628512698090525,-0.0004097119147934425
203,1.4887100754378153,-0.6698238055246544
204,-1.825243998616002,-0.8109526615399651
205,-0.4913799112466899,-0.11372421635481489
206,2.3898681546918024,-0.9424864610218076
207,-1.0123072485785605,-0.40093368816527086
208,2.007934167800456,-0.8667995058583063
209,-2.7166069785779516,-0.9750274170529853
210,1.5687411819256782,-0.7078460670365241
211,-0.7382789137815373,-0.23854779832717954
212,1.9642371064606614,-0.8547231003974681
213,-1.5718472974287796,-0.7092675827588333
214,-1.961806498282204,-0.8540282790782181
215,-1.8888895582121947,-0.8320269756071293
216,-2.06115599408895,-0.8804692975072352
217,-0.5753354896114589,-0.15253476634353702
218,0.3106790558754997,-0.047114698609124095
219,2.5439198362056494,-0.9606698573884483
220,-1.4047652885569686,-0.6271886524650632
221,-1.572823232919247,-0.7097133688936543
222,0.9000996799515417,-0.33308302556545444
223,0.9528844856818921,-0.3649137239520699
224,0.580926789763601,-0.15526977886725257
225,1.1001969459462266,-0.4540438729940507
226,0.6671973484629699,-0.19954595086538673
227,-2.3844652239411728,-0.9417398645244601
228,-2.510147378800155,-0.9571658643194444
229,1.3936890874850576,-0.6213657715289262
230,-2.863906360288221,-0.9834435548885064
231,-2.451758658010932,-0.9504889924096073
232,-1.0725710576796694,-0.4374101008070307
233,-1.959446742551594,-0.8533513616227018
234,-1.1512235340240453,-0.48452053562646347
235,-2.588460906198109,-0.9649179239034608
236,-2.8809082549394858,-0.984232685539224
237,-0.7249641103462592,-0.23109394388990256
238,-0.25845961709829446,-0.032849042715682786
239,-1.622693776790173,-0.7319461931022568
240,-2.522718366510988,-0.9584996732534623
241,-0.9167299715261246,-0.3430825533342706
242,-0.9821976372426278,-0.38267280716336616
243,-2.246989424353309,-0.9199001050646969
244,2.1642417257387088,-0.9038620484521835
245,2.5518069243346275,-0.9614523171927625
246,2.341000102243485,-0.9354387400561512
247,2.231145684034475,-0.917007541079507
248,-2.7098470099530996,-0.9745651604426719
249,2.764362505927994,-0.978090830520395
250,-2.8188995750897634,-0.9811849351311095
251,0.036969890526028504,-0.0006831529474485842
252,-1.9293610032482456,-0.8445166987248797
253,1.199014633023915,-0.5126720846926673
254,0.37478654471315265,-0.06782291506389126
255,-1.406555603214553,-0.6281256804506314
256,-1.5768831040220528,-0.711563454031455
257,-0.09126219287818271,-0.004155734860176619
258,-0.8795576893926196,-0.32078045268221334
259,1.4048104167667175,-0.6272122863003899
260,-0.5042100432495684,-0.11936662303921464
261,-2.3143507117771924,-0.9313071120602623
262,2.087837790880177,-0.8869057028845432
263,2.465647657156701,-0.9521511973613117
264,2.060194454506404,-0.880232222092168
265,-2.7339849375638217,-0.9761825510891874
266,-2.0320049729312277,-0.8731210891222095
267,-0.7388282476902854,-0.2388566663627829
268,2.0090573040995396,-0.8670996428061726
269,2.3464934700249476,-0.9362646421707952
270,2.711233046562021,-0.9746605375138757
271,-0.4572305195378785,-0.09925211193606176
272,2.8413027105849675,-0.9823408381728463
273,0.3240812513658171,-0.05115927473689963
274,-0.41815893283781946,-0.08371556738789898
275,-1.6739838946512142,-0.7536768629494783
276,-2.746393106770002,-0.9769787493531589
277,-1.863580890508678,-0.8238583657883505
278,-2.08574642099437,-0.8864110520210225
279,1.1040899861234612,-0.45638138248138993
280,0.4731748772541806,-0.10590856453518172
281,1.3429051287892655,-0.5941197414109293
282,0.011778566324823991,-6.936490647779792e-05
283,2.6218103022835955,-0.9678371953941431
284,1.1624025700207126,-0.4911438256026842
285,0.7601563950847949,-0.2509270266403161
286,-2.1096553893157246,-0.891967474032584
287,0.2705231702950095,-0.035930019217045306
288,-1.3662955034673798,-0.6067782989638772
289,1.3515641361310466,-0.5988271138421188
290,-2.7858548394253955,-0.9793593654094441
291,2.9964165731063783,-0.9887710064948692
292,0.40414995392408803,-0.07842267438768202
293,1.0272785681944203,-0.41001055279514087
294,1.114120076994733,-0.46239531383229215
295,-0.6381777965285829,-0.18424029780526552
296,-0.41627737228791073,-0.08299598226004534
297,-1.9095303820463443,-0.8384843343312819
298,-2.5444411225096717,-0.9607219842758364
299,2.330301485973016,-0.9338051429923984
300,2.38280537242687,-0.9415089028287901
301,-0.13444272327904727,-0.00899670815930409
302,-0.7022588976237119,-0.2185341121409552
303,1.8073553434715688,-0.8047094186403669
304,-2.0243348153467133,-0.8711318798942398
305,-2.002520635587154,-0.865345689549094
306,1.915192419843927,-0.8402237695788562
307,-1.7083457112436407,-0.7675830993871594
308,1.0544572535569277,-0.42646714173927713
309,0.8883953444445689,-0.32606603255245514
310,1.6226773283623732,-0.7319390384828277
311,-0.253028693139842,-0.031504807274321256
312,-2.727498498596735,-0.9757569191945767
313,2.083213842799256,-0.8858098179977398
314,2.8318426418533997,-0.9818605539837753
315,-1.3160297631018647,-0.5793554783835877
316,0.8713948455030822,-0.315909108846802
317,-1.7380617088643049,-0.7791848277214174
318,1.0879077661281622,-0.4466539218706288
319,-2.1977958650111904,-0.9106463629121964
320,1.8306227343880224,-0.8128022619034354
321,0.32055672978852634,-0.05008075997994843
322,-0.6048857100122942,-0.16718467584529706
323,-1.7895946029794596,-0.7983707011014658
324,2.4235146474526426,-0.946960142682936
325,2.0295394202751638,-0.8724842164154588
326,-1.7920123274955635,-0.799241802164769
327,-1.1780569079048127,-0.5003807842153121
328,0.46895389890896766,-0.10412902693376158
329,-0.11823630472211644,-0.006965539263681597
330,-0.40100722617455364,-0.07725596154559966
331,1.207209765109842,-0.5174533642589718
332,-1.9808274286146925,-0.8594003306023141
333,-2.58827399454382,-0.9649009472276049
334,2.9892879008450253,-0.9885288613077309
335,2.0963383395449746,-0.8888991816995508
336,2.399633806375636,-0.9438158843858502
337,-1.7682261707443774,-0.7905587263144372
338,-1.675201934284893,-0.7541787812510699
339,1.3201265745053288,-0.5816208023836336
340,-0.6534860699368257,-0.19226562781069223
341,-2.4780924675017597,-0.9536007107959029
342,2.138187523294408,-0.8983198261560301
343,0.648886124657893,-0.1898424964463984
344,1.583332492630701,-0.7144879063133176
345,0.31308646363755965,-0.047829883980322174
346,-1.3649855695742485,-0.6060742355637427
347,0.5929936413467631,-0.16123166358605312
348,-2.531830169400492,-0.9594444241912949
349,-0.5489749079886121,-0.13988289018378908
350,-1.0398893278663626,-0.417650739392846
351,1.1365248801747843,-0.4757802968049317
352,-1.992087144504946,-0.8625102067652727
353,2.99903972320954,-0.9888589593217887
354,-1.9304841948978861,-0.8448533706417448
355,-1.028164780744578,-0.41054765866327003
356,2.6561905121009497,-0.9706268421004748
357,-1.0834216917343573,-0.4439523467167633
358,-1.9035623890452589,-0.8366360727666434
359,0.6337640413086394,-0.18194722719427459
360,-1.2999370172845683,-0.5704074701059091
361,0.6905419892723796,-0.21213153013720598
362,1.5944560734928475,-0.7194897702953571
363,-2.3945672737307406,-0.9431293685431624
364,1.079953366966513,-0.44186233603344316
365,1.1609549816715434,-0.4902873965421505
366,-1.7875801258065067,-0.7976429065832186
367,-0.8043559217914535,-0.2763838628160957
368,-1.0998052413726447,-0.4538085832103954
369,-2.8767861801878505,-0.9840444630096108
370,0.49454071974648617,-0.11510409445366943
371,0.012501398707126743,-7.813943177281679e-05
372,-2.0189594533520983,-0.8697238221722833
373,2.0308715139899345,-0.8728286072543078
374,-2.3621317734202205,-0.9385685437043839
375,-1.7997703166667116,-0.8020194719642288
376,0.043046295359461695,-0.0009260627111025155
377,0.02639290881862344,-0.0003482321710517322
378,0.05768915584444745,-0.0016626356384368268
379,-0.33637634110611714,-0.0550039405846825
380,1.707379355866368,-0.7671992013303832
381,-0.19621448477025227,-0.019065962772873757
382,2.8704921336716716,-0.9837532525105519
383,0.9134243846362189,-0.3410924569761453
384,2.9814106678612067,-0.9882559057905264
385,-0.20768090248815696,-0.02133480203032123
386,-1.839291624743407,-0.8157564656820582
387,-0.9119739323610991,-0.3402196000347636
388,2.9662805192532087,-0.9877154150594227
389,-0.6719077385677505,-0.20206648901687418
390,-0.8707329998822755,-0.3155146100094617
391,0.7654683152631963,-0.25395612798494227
392,2.4072631067128594,-0.9448367237524694
393,0.13641590484130894,-0.009261495244180185
394,-1.611850007844637,-0.7272037839502429
395,0.21482285149148472,-0.022810249956243367
396,-0.33998503321476736,-0.05615650087438828
397,-2.5181952243555186,-0.958023846425727
398,-1.284679053661211,-0.5618527051199588
399,1.0662525415681152,-0.43359575458817323
400,-0.6769146114708491,-0.20475632003219413
401,1.181491720366484,-0.5024012962911502
402,0.9645495319914099,-0.37197663000118153
403,0.8791233631361806,-0.32052099514862953
404,0.047865894204306425,-0.001144915996974527
405,1.9634353311038666,-0.8544941736767399
406,1.4201161164541718,-0.6351849959506236
407,-1.1154187395274155,-0.4631730460154596
408,-2.739195142057041,-0.9765197353580632
409,0.0887606018323992,-0.003931473660749973
410,2.4466039216129634,-0.9498599593050546
411,1.8523750866564743,-0.8201526297460866
412,0.5288905792634515,-0.13052232606399183
413,0.05355136876130118,-0.001432847041158647
414,0.04983265023733274,-0.0012408759907434064
415,1.5939406102595628,-0.719259166100276
416,1.5776545420691104,-0.7119142001462797
417,1.607365652200361,-0.7252276026316269
418,0.43018998095150796,-0.08837969684197777
419,1.3757170957311784,-0.6118249043647741
420,0.7477687598886993,-0.2438980513121709
421,-0.4282441332066105,-0.0876180016943322
422,-0.5493727763462721,-0.14007080429129604
423,-2.600290568972323,-0.9659782591360291
424,-2.5537297896870177,-0.9616410698608456
425,-2.188592009412831,-0.9088243571725406
426,2.386152249124545,-0.9419738366555244
427,0.19095749250787453,-0.018067177642687726
428,-2.361759895222437,-0.9385145613019037
429,-2.5380794473644563,-0.960081828814188
430,2.2314142092529305,-0.9170572515272288
431,-2.567494477826338,-0.9629695209315613
432,-2.8153440761483077,-0.9809955313155625
433,0.437689939949653,-0.09134177151156775
434,-0.8193209420251191,-0.28512201630126155
435,0.9369997629943256,-0.3553090845714111
436,-0.3353429497601681,-0.05467589967210529
437,2.727868295741372,-0.9757813606074314
438,-0.6645721423881099,-0.19814546567925806
439,-2.1300108895917926,-0.8965299618738363
440,-0.024513729894195535,-0.00030041634263378025
441,-0.95226239567734,-0.3645372689218127
442,-2.9260873954684103,-0.9861710868522078
443,-1.2820296517990222,-0.5603604155758988
444,-2.701646194212162,-0.9739944702101706
445,-2.8955025011041204,-0.9848834841343467
446,-1.369632153395326,-0.6085690366035486
447,0.9310930957597572,-0.3517424296419799
448,-2.6630594047738168,-0.9711585790214174
449,-2.930211258366165,-0.9863370707700868
450,-2.8248847456930797,-0.9815000437769953
451,-2.9366089004222466,-0.9865910906624338
452,-2.850782024402635,-0.9828108872516932
453,1.4595926908688108,-0.6553429490672686
454,-0.9641176586653044,-0.37171502266308387
455,2.497449748719559,-0.9557821897262336
456,-1.9233278631601805,-0.8426991451801241
457,-2.0941495117229327,-0.888388488947762
458,2.151928012505585,-0.9012730268321919
459,1.152763179090412,-0.485434011053652
460,-0.21399578962309862,-0.022636949754247904
461,1.510386046635091,-0.6803833611413461
462,0.08245656656708977,-0.003393770782245231
463,1.2288188487772,-0.5299883895767996
464,0.3582884065908827,-0.06216878839195661
465,2.5023314850957235,-0.9563185359575
466,-0.64024853820891,-0.1853193600349966
467,0.07664152310744932,-0.0029326528797418705
468,-2.5352445898774754,-0.9597937396447399
469,-0.44471714515439587,-0.09415463797366197
470,2.115567766665527,-0.8933084681231339
471,1.1158088647240705,-0.46340663786610714
472,0.5270630552147226,-0.12968297058580103
473,-2.3449666513512963,-0.9360359644417574
474,-1.1444863144731188,-0.4805186983206494
475,1.0423336065206668,-0.4191307983026
476,-2.8803732140835896,-0.9842083652633793
477,2.443831418274665,-0.9495188863849843
478,-1.5759596814034995,-0.711143270279819
479,-1.9551944634126666,-0.8521257006591011
480,0.6187458867757991,-0.17421698708525934
481,-0.25107828005881405,-0.031028569833807418
482,-0.8698938075423586,-0.3150145064204408
483,2.4139097221298673,-0.9457135201706337
484,-0.2767212955856171,-0.03756364310730742
485,0.7665125558718677,-0.25455263370514614
486,-0.9255131698705217,-0.3483758327162837
487,1.9837297669006944,-0.8602069122207514
488,-1.2126710195300905,-0.520631420678646
489,-2.688814715419384,-0.9730793677150591
490,-2.775531421913059,-0.978758263652593
491,2.6845893318130933,-0.9727720140726767
492,-1.8287556915440328,-0.8121616806598767
493,2.753450020255822,-0.977421191893645
494,1.752060668290671,-0.7845137750195039
495,0.7525357952134719,-0.24659704501971702
496,2.2033861837338895,-0.9117388581018522
497,2.7146826781638165,-0.9748965758432536
498,-1.7218420993545307,-0.7729011985589155
499,-0.736083127613691,-0.23731424372181797
500,-0.27555420100035466,-0.03725342021851652
501,-2.982063030999141,-0.9882787279077139
502,0.39508397124867045,-0.07507781762319443
503,1.0252711036496063,-0.4087937974761977
504,1.0248557485731329,-0.4085420287979731
505,2.1431115479492835,-0.8993859685568802
506,1.5359326194713638,-0.6925812658277515
507,2.1615010146696667,-0.9032904689413721
508,1.2046242124831785,-0.5159464542405575
509,1.105400053862736,-0.45716758764012755
510,-0.3399369681901723,-0.056141078124879784
511,0.37651632752225206,-0.06842844268648463
512,-1.4271212887408842,-0.6388051033404759
513,-2.4828012000800586,-0.9541394908597799
514,-1.5276882116417274,-0.6886742962862844
515,2.9109364551569135,-0.9855458762278358
516,-0.6087342477675688,-0.16912730615864568
517,-2.4729320935158885,-0.9530041777523351
518,-0.20502580268661408,-0.020798455467032628
519,-1.8005150797893215,-0.8022847226303303
520,-2.225751840059848,-0.9160039602232342
521,-2.337654769360545,-0.9349315125268799
522,1.591886864141121,-0.7183392352639784
523,1.705077607778609,-0.7662831231743766
524,-1.17324260722362,-0.4975449559872942
525,0.02915283806622382,-0.00042485370775091624
526,-2.045484158475772,-0.8765603271600588
527,0.5317151516986334,-0.13182372337658133
528,-1.5034210173381182,-0.6770111180912317
529,-0.5830690493998802,-0.1563223243217522
530,2.217036660803572,-0.9143619664784607
531,1.6744048484681446,-0.7538504001186875
532,0.4516195464498316,-0.09695248451769112
533,-2.784483640180901,-0.9792803876598385
534,1.2593974894821347,-0.5475332586203856
535,-1.5311046260923957,-0.6902967468996235
536,1.815209510973709,-0.8074679767154365
537,0.5708479846691406,-0.15035249099884807
538,2.5002659487351817,-0.9560922706500647
539,-0.0703608064125758,-0.0024722604573937934
540,-0.2062311127348666,-0.021041116625815093
541,-1.0277460719507545,-0.4102938955292954
542,1.1394683888949118,-0.4775333394012091
543,0.8956853264440774,-0.3304343778524158
544,1.074614746189706,-0.43864312021325635
545,-2.9388980179248687,-0.9866809612165888
546,1.7976290988800843,-0.8012554979695542
547,-2.2876958797834837,-0.9269620579821092
548,0.07811718837633563,-0.0030464975396973237
549,-1.6631145718837004,-0.7491687908595052
550,-0.31150310158107875,-0.0473589425619545
551,0.9916127659828033,-0.3883823452401436
552,2.9774321877817265,-0.9881158680278936
553,2.515731578046707,-0.9577627474877504
554,2.5022241576202218,-0.9563068031499854
555,-0.07116444543590594,-0.002528985860507982
556,0.5432216077353154,-0.13717626671002936
557,-2.212454715388115,-0.91348850068494
558,-0.9109588452336439,-0.33960887698334374
559,1.3890441017619493,-0.6189107801061219
560,2.6311160892319165,-0.9686137674961051
561,-0.35838773304517524,-0.06220216750835683
562,1.3102096281276046,-0.5761283724559572
563,2.3034986489826315,-0.9295641570755421
564,0.3089930796020459,-0.0466168039173922
565,-1.1132815425979286,-0.46189302298129664
566,2.870078352800874,-0.9837339452871111
567,-0.38371166754203934,-0.07097285583586599
568,-2.6266710177864985,-0.9682448485953741
569,-2.892833865927951,-0.984766280012031
570,-0.03475219843301325,-0.0006036753626276203
571,-1.2302484496494048,-0.5308138232398828
572,-0.48675491814133887,-0.11171725058377202
573,1.6920561785258776,-0.7610562369164313
574,-1.6808087720490779,-0.7564806964150037
575,-0.48219920041729036,-0.10975452033731359
576,-2.766662858068544,-0.9782297666542249
577,2.7977930139771514,-0.9800359650061699
578,1.6450687043819308,-0.7415687353249828
579,-0.2877843559325486,-0.04056424042863782
580,-2.2194478583555313,-0.9148187890292754
581,-0.3566677827532345,-0.06162531016862294
582,-2.427415582002613,-0.947459616937334
583,-0.9830770298623275,-0.38320602400233916
584,1.5719438901974332,-0.7093117224002172
585,2.87012185013662,-0.983735975842408
586,-2.501972210653604,-0.9562792504477361
587,1.1052914413872177,-0.45710241434215193
588,0.31990717345183484,-0.049883147968213915
589,-2.270115432886422,-0.923976443997218
590,-1.7458267862005146,-0.7821515374249668
591,1.050925084245673,-0.4243306143639133
592,-1.043089606381364,-0.4195885111575116
593,-1.928045162784457,-0.8441216018702429
594,-0.9556935825305102,-0.3666139137243313
595,-2.1872599632156566,-0.908558245601385
596,-0.4435266787969394,-0.09367557985336528
597,-0.3442034572330268,-0.05751757776797406
598,-1.3966244538111934,-0.6229132200547964
599,1.5298258106686244,-0.6896900075480099
600,2.895499902824655,-0.9848833704075128
601,0.20339395059390508,-0.020472091660558744
602,-2.275813020081732,-0.9249546327148309
603,-0.7498050478685045,-0.24505003609633802
604,1.1272716736915616,-0.47026092932900443
605,-0.09865485919509176,-0.004854568926663916
606,-1.1455940746548452,-0.48117720622999793
607,-2.54153470757284,-0.9604306058640518
608,2.9955540112541774,-0.9887419507487338
609,2.025768046379481,-0.8715053601653697
610,-2.229216920200714,-0.916649780694963
611,2.0382047387273214,-0.8747118855703142
612,0.4351312816769273,-0.0903265737616955
613,-0.06959416828213882,-0.0024187442422013428
614,2.2625321280340964,-0.9226585941308852
615,2.5071057569716597,-0.956837777191024
616,1.4796436062794287,-0.6653508471206637
617,2.1805847426416642,-0.9072154286411193
618,-1.9727861569924763,-0.8571474944326268
619,2.2625475763679823,-0.9226612973568937
620,2.992486734652852,-0.9886380863927909
621,-0.8097290852210142,-0.2795149373836354
622,-2.067676412431193,-0.8820675024970527
623,-0.018563094690715154,-0.00017227940044761691
624,1.3953320362723094,-0.6222322709811683
625,-0.3769792895598201,-0.06859091316572419
626,1.059122688559503,-0.4292879200200733
627,-2.4272985314929896,-0.947444686865193
628,-0.9438198121184138,-0.35943066931464107
629,1.0571428885732352,-0.42809108708043087
630,0.49878900689415406,-0.11696923426152628
631,-1.7838230321672202,-0.7962807187390664
632,2.6621318845733555,-0.9710872638997479
633,-1.838050637246917,-0.8153355847089329
634,-2.148040392151124,-0.9004443767280219
635,0.8653531763945974,-0.3123106436511778
636,-2.3072835823391538,-0.9301760890879915
637,2.340603461065509,-0.9353787697779403
638,-1.8031206392476729,-0.8032107696790816
639,-0.751222237965429,-0.2458525894744198
640,1.1144243517403147,-0.46257755506069087
641,2.455616148591252,-0.9509554070544101
642,2.1108261125943164,-0.8922340398370157
643,1.7748627370632244,-0.7930067029636113
644,-1.149572872488702,-0.4835407523900873
645,-2.184009917948452,-0.9079063846229536
646,0.37928732497181583,-0.06940344123197029
647,2.5935988876669835,-0.9653818647844512
648,-1.6294857175645228,-0.7348903730331738
649,1.8719977248464659,-0.8266058133594105
650,1.2916592526254256,-0.565774724876853
651,0.8285267941514256,-0.29052379760120284
652,1.5523378797401781,-0.7002709701851799
653,1.3220710364501729,-0.5826941666583965
654,-0.7365490945735536,-0.2375758755413211
655,-1.1013450123401378,-0.4547333937237269
656,1.9237772771960113,-0.8428350685303714
657,0.07091255265698315,-0.002511136869765229
658,-2.2948895590120966,-0.9281560622729473
659,-2.4292135590395674,-0.9476885110327873
660,2.2332326399341476,-0.9173932606866627
661,0.9987180202674049,-0.3926917807005199
662,-1.460568537605376,-0.6558336718920832
663,-2.067913270653647,-0.8821252486504747
664,1.5104953756290822,-0.680436136665654
665,-1.8421403359272073,-0.8167200490801974
666,-0.6940457577483619,-0.21404029747881403
667,2.7285910990893427,-0.9758290720656282
668,2.163428432359357,-0.9036927127796001
669,0.5332609769889238,-0.13253805433301324
670,0.7875770013064152,-0.2666548145765708
671,-1.1031963297551617,-0.4558449590540681
672,-1.0791851358899003,-0.44139924772828776
673,-1.4302774969819327,-0.6404301629904241
674,1.403352628943427,-0.6264484632199413
675,-2.2791601843734424,-0.9255245377049675
676,0.8070501675545412,-0.27795295755792415
677,2.224378071793173,-0.9157468147326844
678,0.6563025048998652,-0.19375409420512058
679,1.0648151027297823,-0.43272756265103407
680,0.3337633436931853,-0.05417619961229592
681,0.5331078768147721,-0.13246723997881915
682,2.5587488995221213,-0.9621300730259533
683,-2.111765118931615,-0.8924474763633883
684,0.3887426514185708,-0.07277629820211595
685,-0.18966872585866978,-0.01782631023918735
686,2.8210217322961144,-0.9812971957606994
687,1.4094096579212279,-0.6296170438270996
688,-0.22423050451833504,-0.024826289831498705
689,-2.0731331287337316,-0.8833923600781798
690,-2.598183647295201,-0.9657914317455509
691,1.0642602098743126,-0.4323923733712741
692,2.9849438084517432,-0.9883790383151385
693,0.49801718346109514,-0.116629485360636
694,-2.5930871659473285,-0.9653358936006246
695,-2.2967818717394213,-0.9284675068723629
696,0.4298754334672479,-0.08825637753763449
697,-0.6496281099312937,-0.19023268709736485
698,1.460141913345728,-0.6556191815559764
699,-1.734571305938913,-0.7778425263246671
700,1.0873676661119953,-0.446328772549592
701,-0.7916930302210181,-0.2690344350038072
702,1.915879086761036,-0.8404337906973967
703,0.604616191716489,-0.16704892300866736
704,-2.793346902207641,-0.9797862751653833
705,1.6343428009822594,-0.7369834170002798
706,2.7954153141843143,-0.9799027721107901
707,0.08890808937727801,-0.003944524024782514
708,-0.6623692788449027,-0.19697267002686136
709,-1.3123354253058288,-0.5773082691345099
710,0.09671710509890064,-0.004666178613053407
711,1.3091874468877815,-0.5755605346105042
712,-0.06695897435451492,-0.0022392412735977585
713,2.3629822417665087,-0.9386918527751882
714,-0.9963091743891637,-0.391230751568976
715,-2.8332616057282536,-0.9819333153396881
716,1.4070201949009178,-0.6283686513888012
717,0.030451249626085364,-0.0004635318378027886
718,-2.578224562992413,-0.9639778390728482
719,-0.6682638267257826,-0.20011576741558967
720,-0.6280381333130176,-0.1789866823836168
721,0.626540512575696,-0.1782150259960923
722,0.7697505410725087,-0.25640440552386834
723,2.8512294965292213,-0.9828328022049061
724,-0.3488235304815488,-0.059025207464003526
725,-1.6530160502050615,-0.7449335121435798
726,0.4547773419015244,-0.09824391871728311
727,-0.9642677557817603,-0.37180594308475223
728,0.31930502163957764,-0.049700279062451336
729,-2.2272262177625786,-0.9162792407516116
730,-1.5236187602171631,-0.6867353953296071
731,2.164052605824507,-0.9038226927383198
732,-0.1083373746966334,-0.0058513074058376136
733,1.447654125544541,-0.6493095079678185
734,-2.192585155837053,-0.90961842356017
735,1.6646440952204324,-0.7498063302118049
736,2.2891745861485795,-0.9272087951031476
737,2.646541396537855,-0.969865683747773
738,0.13504914840322302,-0.009077683020870642
739,-1.8370249041053748,-0.8149871966778354
740,-0.185759469952953,-0.017105304627246576
741,-1.8849973698642384,-0.8307887834258036
742,2.3326003920167517,-0.9341589841998071
743,-0.5783413699274913,-0.15400291929468402
744,-1.6148113829377124,-0.7285040077514595
745,2.2068991054501303,-0.9124199310928528
746,0.24895950710636416,-0.030515137451122887
747,0.5245238661345049,-0.1285202438821973
748,1.5942738597810244,-0.7194082659829475
749,2.5648281492045717,-0.9627152811088135
750,-1.1992420873723304,-0.5128049837752761
751,-2.8028798235259513,-0.980318332348609
752,2.6096673147088776,-0.9667992146005617
753,2.674072535425773,-0.9719938727491472
754,-2.0752173776708007,-0.8838953782009669
755,-1.079939844520849,-0.44185418519978215
756,-0.9720793122938192,-0.3765390179283298
757,2.8235141680332063,-0.981428295658643
758,2.9584484975127197,-0.9874270645602599
759,-1.1619718995111887,-0.4908890692780754
760,-1.4047525198718114,-0.6271819653162196
761,1.6601237235864108,-0.747919144760201
762,-1.1168751209951746,-0.46404496853372734
763,-2.861359005078648,-0.9833223816659088
764,-2.6519246741449036,-0.9702923959899742
765,-0.7481775201576149,-0.24412918787289717
766,1.4054340473272937,-0.6275388085784888
767,-2.019326751708172,-0.8698204028080924
768,0.3702007265149101,-0.06622922048937574
769,-0.4715161980369431,-0.10520779648320888
770,-2.804791799699112,-0.9804235608464299
771,-0.9443766500178374,-0.3597673343080512
772,1.9953207519539635,-0.8633937326132046
773,-0.05501194724351155,-0.0015120129246649627
774,0.8200945044467236,-0.2855751732341938
775,-1.9480321426287692,-0.8500441879108802
776,-0.6076747739169388,-0.16859173855656173
777,-0.06532399639856035,-0.002131337720061577
778,-1.360696239009507,-0.6037647297797459
779,-1.6014800263668947,-0.7226206284514171
780,-1.6862077354082181,-0.7586840633278005
781,-1.9528278622956128,-0.8514402923570777
782,2.955296639465918,-0.9873093415795715
783,1.0690354394548702,-0.4352761257309745
784,1.3431402319086398,-0.594247877393808
785,1.2076478324563844,-0.5177085326367805
786,0.6096499300950065,-0.16959065965968056
787,-2.990877369201405,-0.9885832501724156
788,-0.3269101944792139,-0.052032573573666197
789,0.16234154061952122,-0.013090946237729661
790,-1.990608390086319,-0.862104741907577
791,-2.031311477856785,-0.8729421977241678
792,-1.9898437710549766,-0.8618947380185614
793,2.007943821053397,-0.8668020876775104
794,-0.6808515662980854,-0.20687895542490276
795,2.512903022440687,-0.9574612902563113
796,-0.5285526833451524,-0.1303669774961399
797,-0.5210381295792805,-0.12693071867317252
798,-1.1298843369629687,-0.47182061436586653
799,2.4166608580650806,-0.9460730459784725
800,-1.6348259084771655,-0.7371910339368801
801,2.6810430861215035,-0.972511732860413
802,-2.5217397623117357,-0.9583971129720248
803,-1.673765709577644,-0.753586885739428
804,0.206131063619571,-0.021020922223173755
805,-1.6389254049535156,-0.7389486744827451
806,-1.6011973139594209,-0.7224950253016504
807,-2.5140459705418947,-0.9575833188598885
808,-0.19869907103398532,-0.019547089410507645
809,2.3622045906622633,-0.9385791094098987
810,0.7573429201936959,-0.24932625525877794
811,-1.2466744785910338,-0.5402620509411931
812,-1.5939237147362317,-0.719251605558529
813,-1.419183546915939,-0.6347016894127213
814,1.882565479800574,-0.8300118232480425
815,2.3577560556033976,-0.9379308882346279
816,1.848767947468656,-0.8189480843040239
817,-0.6859523091046347,-0.2096388492875374
818,1.6826471774216198,-0.7572324218438028
819,-2.3897752672352333,-0.9424736924927376
820,2.9045849258837064,-0.9852764466070435
821,-1.966690355507422,-0.8554219063922703
822,-2.5961601495227056,-0.9656111797784723
823,-0.5840962054377803,-0.15682789884118287
824,-0.7265619561661754,-0.23198509469533157
825,-2.435346555219951,-0.9484630587181899
826,-2.9127653850676625,-0.9856226480852994
827,-2.291520405508095,-0.9275988347010038
828,1.0161422725930969,-0.40325927659291216
829,1.6273136491738907,-0.7339510212187437
830,-1.9689237224257115,-0.8560559090897545
831,1.6578970398395239,-0.7469862129205813
832,-0.2617605627142434,-0.03367909108973044
833,-0.7489291727849308,-0.244554360541417
834,-2.540522665454767,-0.9603287171462216
835,2.263893474417383,-0.9228965175720203
836,-0.4804012031750009,-0.10898378943928488
837,-1.0381437349666924,-0.4165935742084462
838,-1.774628781124183,-0.7929207389530415
839,-1.8218425031209007,-0.8097763993221704
840,1.0591560526353225,-0.42930808703423584
841,-1.3352709372431777,-0.5899492054959538
842,0.8542186924337214,-0.30569559258952284
843,-0.7700497838024289,-0.2565757005688687
844,-2.129240669607259,-0.896360102734815
845,-0.18411271792321493,-0.01680592447027529
846,0.7125417595643357,-0.22419794846032404
847,-0.42187333940460103,-0.08514395801664565
848,-1.2701310308615363,-0.5536341705512451
849,0.7892243796255087,-0.26760666079312245
850,-0.11160494116077935,-0.006208478699547659
851,1.438816773499795,-0.6448080224523604
852,-2.199181869083332,-0.9109182192782983
853,2.355721549462226,-0.9376325646550735
854,-0.37250635459301007,-0.06702837580370413
855,0.6215700705859186,-0.17566203076392484
856,-2.7173474995763964,-0.9750776108465506
857,-1.8394757745883898,-0.8158188624934148
858,-1.124431883191216,-0.4685645461007699
859,-2.3753020948760364,-0.9404554210530597
860,2.989767931412665,-0.988545311328638
861,1.001626300773994,-0.394455740699433
862,0.031412792587434346,-0.0004932600763000172
863,2.9477392196454257,-0.9870230847952156
864,-2.715161459738339,-0.9749291854477333
865,-2.5674651997814975,-0.9629667372165757
866,-1.6634639007270817,-0.7493144902150064
867,-1.68060361382005,-0.7563967138737882
868,0.7320843286262404,-0.23507212611983652
869,0.3908118624051289,-0.07352383172089672
870,-0.1215815728049594,-0.00736379285912192
871,2.8208890319085933,-0.981290193207349
872,-0.3120768418218409,-0.04752934190059144
873,0.33035320786047784,-0.053104576336918674
874,0.8220963388769134,-0.2867485066732487
875,2.0243035495527977,-0.8711237233219723
876,-0.42440698236091645,-0.08612423688635917
877,1.8090302179525013,-0.805299960695645
878,2.374902972821597,-0.9403989486614841
879,-0.003636284728742556,-6.611261459732454e-06
880,0.2684436567913826,-0.03538960839359251
881,0.7584365917899376,-0.24994821778587428
882,0.02879877503782602,-0.0004145987520142169
883,-0.5162160071094677,-0.12474454179327021
884,1.414102181030291,-0.6320626092787665
885,2.084949951111162,-0.8862222334407465
886,2.458596326510218,-0.9513132299668774
887,-1.8890657857740527,-0.8320828828293921
888,0.11808408745362442,-0.006947678363110388
889,-0.6708995295779392,-0.20152617285745356
890,1.0000949461811919,-0.3935269280571091
891,2.3378614998701117,-0.9349629516137428
892,-2.1394443090791153,-0.8985927788461325
893,-2.91620369609066,-0.985766002682274
894,-1.9447973782493377,-0.8490970586307087
895,-0.38125879282292185,-0.07010084439941289
896,-0.8910843147433263,-0.32767648151520123
897,2.379528528399222,-0.9410507284249763
898,0.7906419039581447,-0.26842629885134994
899,1.6079897636766507,-0.725503162774044
900,1.1091922775930936,-0.45944222418244307
901,-2.7285966725760176,-0.9758294396490277
902,0.3398166027309233,-0.056102464608932534
903,2.917552382831997,-0.9858218885850814
904,1.9191223474219807,-0.8414230464589418
905,-0.4361269712118654,-0.09072106028886884
906,0.06569105424122768,-0.0021553312343961517
907,1.0957231772467093,-0.45135552873601503
908,2.6873948084115904,-0.9729764191179677
909,1.329390108997007,-0.5867237531087928
910,-2.539413250395728,-0.9602167706314123
911,1.9186482369746454,-0.8412787132798987
912,2.0377870204897492,-0.8746051813776808
913,-0.4015781165206631,-0.07746733255887484
914,1.9083143476383766,-0.8381089700480948
915,1.5036542821640815,-0.6771243776801346
916,2.2782478941142443,-0.9253695541351034
917,0.3671274842186971,-0.06517066412933703
918,-2.3447417632128333,-0.9360022253984124
919,-0.7389967186556916,-0.23895141162123168
920,-1.5922403626474255,-0.7184977071223262
921,1.7318227443825833,-0.77678168803367
922,1.7241379867398354,-0.7737977794650265
923,0.19595501839434526,-0.01901605413002161
924,2.9101186335076914,-0.985511430206808
925,-1.951758761395437,-0.851129894934775
926,0.45388481017074156,-0.09787817805643295
927,-0.17086416190346032,-0.01449125711977195
928,0.5445066642167045,-0.13777908020407958
929,2.5434777969954876,-0.9606256091292226
930,2.988266780098961,-0.9884937990342243
931,-1.0648959536720892,-0.4327763996269023
932,1.40510969775457,-0.6273690023206095
933,0.5570173781230912,-0.14369972839493006
934,-2.055659177695296,-0.8791091646052906
935,-2.0408576781380035,-0.8753879578970246
936,2.0744451921712947,-0.8837092115492798
937,1.5837653093400892,-0.7146835253813707
938,-1.5401321079764092,-0.694560469157077
939,-2.1959566669649533,-0.9102846000295787
940,-0.07969205173963623,-0.0031703752681355724
941,1.7947926432646444,-0.8002403362253266
942,-2.7487220496033586,-0.9771255898280974
943,-1.7498630739129184,-0.7836830073883253
944,-0.7888693136770377,-0.26740144204345173
945,2.274432574382529,-0.9247185684619961
946,1.261191310885887,-0.5485550142717175
947,0.4290929042314273,-0.08794990367079425
948,0.32153648501080934,-0.05037950732530072
949,1.0251562792357314,-0.4087241968448506
950,1.6908704944632653,-0.7605765445134274
951,2.9533321005785895,-0.9872354725498335
952,1.8984107097974476,-0.8350283456300684
953,2.5150071341459856,-0.9576857107397283
954,1.3466054494865496,-0.596134395418991
955,-1.0293030878014378,-0.4112375122606253
956,-0.9311359303648086,-0.35176828418103356
957,1.993843420110986,-0.8629906067944106
958,0.07148371097660133,-0.0025516993339449456
959,2.5720679578309866,-0.9634021868313538
960,1.6356957247363182,-0.7375645814944665
961,-0.7163678735417589,-0.22631577379854861
962,2.4821110654985636,-0.9540608539713669
963,-0.5949498292516959,-0.16220567958957255
964,-0.6375434548619676,-0.1839101570453534
965,1.251338542907778,-0.5429324441899632
966,-1.1193545026910536,-0.4655287033920782
967,-0.8379094761137607,-0.29604873078194593
968,-1.2669621461127742,-0.5518362230578742
969,-2.704430387664579,-0.9741894475467863
970,2.5693898602376457,-0.9631493538885171
971,-1.6086660133493995,-0.7258015518027604
972,0.26656710200786415,-0.03490526351306367
973,-0.7647085671501941,-0.25352234564554943
974,2.923828911259662,-0.9860794310373687
975,-1.8833067488743165,-0.8302489208337662
976,-2.574726358620662,-0.9636517024445662
977,-1.4629305582246475,-0.6570199199277438
978,-1.982125773124103,-0.8597615779536874
979,0.7189124593805141,-0.2277273070561805
980,-0.990768019936958,-0.38787002077457156
981,1.1404638603967108,-0.47812590026411095
982,-1.9613867199640516,-0.8539080312469168
983,-0.8090630738678848,-0.27912644297527944
984,0.7826791462748552,-0.26382934800560154
985,0.33962428098988084,-0.05604079245710669
986,-2.0038781325540325,-0.8657113625900816
987,-0.8802428643957088,-0.32118982100388194
988,0.6553643954783661,-0.1932579039978347
989,1.1092042287185064,-0.4594493898593307
990,-1.004347329590911,-0.39610611237909954
991,-2.220688613671596,-0.9150531030462927
992,-1.403769532000831,-0.626666982553502
993,2.065264496467716,-0.8814782416133622
994,-1.7273070561070616,-0.775031487955184
995,1.7480051317260692,-0.7829789597078529
996,2.403819240651343,-0.9443778330407707
997,-2.7950598451945528,-0.979882793173521
998,0.3565690795817753,-0.06159227938924172
999,1.2580654678888497,-0.5467739905221268
