,data,labels
0,1.2628235381498811,-0.549483980979888
1,-2.278374035445308,-0.9253909990359062
2,-1.1806366952979714,-0.5018985476574074
3,-2.1878219226587454,-0.9086705867344168
4,-1.5122175891167378,-0.6812668410006127
5,-0.5864682169145112,-0.15799765922464915
6,-0.34591679965237576,-0.05807461449925033
7,1.121561661716787,-0.46684883346573036
8,-0.605619378342368,-0.1675544092434048
9,1.9978870178586297,-0.8640918879193764
10,0.2748376584207186,-0.037063557885395615
11,-2.755803083238364,-0.9775670701443384
12,-2.396291787778398,-0.9433638138104118
13,-0.4804051363767421,-0.1089854730329467
14,-0.3248018422988528,-0.05138107793692481
15,-1.1733962904599762,-0.4976355502765607
16,0.8155222939933329,-0.2828988009407244
17,1.0543552936417129,-0.4264054795278357
18,-1.1173105356655382,-0.46430559292489537
19,-1.6669694864120865,-0.7507736188513157
20,1.5754363480149358,-0.7109049763405528
21,0.2899695087609162,-0.04116968378309793
22,0.639065644904274,-0.1847027018468802
23,1.1254971356726688,-0.46920102161895194
24,1.7290376886629595,-0.775703325660791
25,-2.178997480724601,-0.9068938473579619
26,2.7925002601703603,-0.9797384211043182
27,-1.2433650301573167,-0.5383638716103138
28,-0.6039950375427159,-0.16673620201053918
29,1.3353826577130468,-0.5900103736791666
30,0.23870181513516986,-0.028087285328304734
31,-2.43317805866965,-0.9481902919195276
32,-1.5140982214619463,-0.6821725686202851
33,2.0751130779816886,-0.8838702459027906
34,2.052741271171495,-0.8783823732567796
35,0.969514715640079,-0.37498485148866856
36,-2.2477545189772536,-0.920037714665876
37,-1.617633481760581,-0.7297395190135888
38,-0.15307081233714515,-0.011646979440219862
39,-1.0729383943826456,-0.4376317525363439
40,0.40282114526835144,-0.07792843352998213
41,0.8337021916398246,-0.29356894772548303
42,2.6795746778519245,-0.9724033316939006
43,-1.0728772018079715,-0.43759482960468177
44,-0.3529331611040316,-0.06038109684878956
45,-1.5315894851014547,-0.6905266123210629
46,1.5571805276517887,-0.7025192011764528
47,-1.571224433147087,-0.7089828589691106
48,0.3932316998499772,-0.07440229713344049
49,-2.8185974686167805,-0.9811689061096772
50,-0.16301416654989165,-0.013198929243503854
51,2.9586932774878836,-0.9874361665701495
52,-0.35672870051841254,-0.061645700134445924
53,-0.5048155666513443,-0.1196356104358266
54,2.0695090168403176,-0.8825137278972681
55,-1.575342777349186,-0.7108623576296447
56,-1.5343979840793058,-0.6918561583776672
57,-2.7968194595123665,-0.979981522252082
58,-1.3490278425965243,-0.5974508428640114
59,1.0738644202531207,-0.4381904674263858
60,-2.9666972371011964,-0.9877305917439362
61,0.0700735534646193,-0.002452140028265104
62,-0.6582223785712675,-0.19477082273495416
63,-0.6281259048721375,-0.17903194174320858
64,1.0663353562257099,-0.43364576857554404
65,-2.7270784317391197,-0.975729129351157
66,-2.733880056890764,-0.9761757207737468
67,1.9722172441700447,-0.8569870980121442
68,-2.2888573524194635,-0.9271559183501166
69,2.613435443098094,-0.9671243299722831
70,-1.257520459437419,-0.5464631940450428
71,0.6450917660251676,-0.18785119100086078
72,1.2503530902771303,-0.5423686928045206
73,-0.8383869991673878,-0.29633042041787994
74,-1.9423497258169566,-0.8483774740407982
75,2.136408422228512,-0.8979324544189682
76,2.163555492258231,-0.9037191833469879
77,2.2635019170646453,-0.9228281452557994
78,2.8788890774763267,-0.9841407310884019
79,2.5477794352525898,-0.9610544213017332
80,-2.9443765824523673,-0.98689388979488
81,-0.17034518616692917,-0.014403996621817683
82,-0.46050052203993186,-0.10060266289820086
83,-0.23249100443069626,-0.02666409821441751
84,-0.678323319950124,-0.20551507167197558
85,0.36896354469008497,-0.06580216523113924
86,1.163492710729778,-0.49178853277701107
87,-2.057904180056299,-0.8796660888040629
88,-1.9563767903702516,-0.8524672469017928
89,-2.1954552531823435,-0.9101857728189711
90,1.5542156216477316,-0.7011439020753911
91,-2.950461355283221,-0.9871268444958624
92,-1.4790547359004504,-0.6650591921970879
93,2.9897993625126844,-0.9885463877002297
94,-1.6289600795571983,-0.7346632408169997
95,0.9655511955257419,-0.37258341908272696
96,-2.6559146096012833,-0.9706053092225696
97,-1.2034796426693775,-0.5152789097735313
98,0.1497276356302688,-0.011146593625024126
99,-0.7762647158088738,-0.2601393745467089
100,0.5861790389529631,-0.157854884048378
101,-2.931011013992086,-0.9863690560734298
102,1.2586213813726594,-0.5470909248819597
103,-1.1502526147202345,-0.48394428206474505
104,-1.37246111622121,-0.6100843158697155
105,-2.7214475632123234,-0.9753539446990199
106,-0.17146310596028114,-0.014592283775872739
107,-2.608950449164051,-0.9667370536281694
108,2.2755829925594497,-0.9249153381943185
109,1.419915118564659,-0.6350808555391145
110,-0.42550041131675975,-0.0865487767213804
111,0.9073599264072856,-0.3374445443774706
112,2.885695392860117,-0.9844488229733148
113,-2.4077675316144473,-0.9449036739634209
114,0.739303129164707,-0.23912375690295384
115,0.9271542711377974,-0.34936568404488244
116,1.9949944469181036,-0.8633047688828834
117,-2.079957899767837,-0.8850332625938461
118,1.369252986518661,-0.6083657343700377
119,-1.8003246433812452,-0.8022169212618734
120,2.36575581754711,-0.9390925813108125
121,-2.109065352113894,-0.8918329329252872
122,-2.027576117560951,-0.8719753500990224
123,2.1942003354792137,-0.9099380539624803
124,0.14791515650686282,-0.010879828609069109
125,0.6365380894588677,-0.18338731775181927
126,-2.34542949147672,-0.936105356649579
127,-0.6361644278451228,-0.18319312046982272
128,2.0003342375479436,-0.864755162353092
129,2.2525063021115326,-0.920888127489806
130,2.8300627138425094,-0.9817689206034576
131,2.629959128173497,-0.9685181002033331
132,-1.2607786348300078,-0.5483200309603826
133,1.5364971420006208,-0.6928477523650858
134,1.13289132065941,-0.47361446171576516
135,-0.7914576707857526,-0.26889823997693985
136,2.5430358786243143,-0.9605813309042586
137,-0.5827474531744663,-0.1561641527571681
138,-1.660229166667774,-0.7479632686903285
139,2.644238464420493,-0.969681540524685
140,-0.9326616222211328,-0.3526892789087799
141,-0.5764510441673587,-0.15307903736173933
142,-2.6098180729467186,-0.9668122745552088
143,-0.8316516643280947,-0.29236173810898014
144,0.4655733669965292,-0.1027127912344884
145,0.8311525897105918,-0.29206805563815696
146,-2.6299834165187193,-0.9685201111288881
147,1.2496331401222198,-0.5419566700411544
148,0.18233130149946097,-0.01648496276036182
149,0.2562745918816409,-0.03230500892495114
150,1.1097310213219984,-0.4597652274053613
151,1.4905343643026843,-0.6707198416976639
152,-2.850855409539017,-0.9828144829706468
153,1.2576210980521783,-0.5465205901132507
154,-1.2373963184371577,-0.5349334774785777
155,-1.5675140797420781,-0.7072833477678724
156,1.145192964100045,-0.48093878900582265
157,-1.2173685805243073,-0.5233596856113547
158,-0.7123426272740687,-0.22408787742497205
159,2.198826882797971,-0.9108486534311916
160,-2.133390002600065,-0.8972726051836365
161,-0.8435096572721057,-0.29935523214721715
162,2.6208821792463812,-0.967758850217336
163,0.6700307205288563,-0.2010609214356075
164,-0.07363814647555822,-0.0027076160856006615
165,-2.716092876363236,-0.9749925189409389
166,2.1928988667651197,-0.9096805745046482
167,2.01404831480348,-0.8684272445765506
168,-2.8849681150069246,-0.9844161555309934
169,-2.983917763616625,-0.9883433985339987
170,-1.4912070563237882,-0.6710499101850582
171,-1.964864181689635,-0.8549019598744384
172,0.8433220348917745,-0.2992443507618098
173,1.6778592016110574,-0.7552714765172776
174,0.5222849387380135,-0.1274983891111252
175,-2.735280391968702,-0.9762667773138648
176,-2.1126175005187933,-0.8926409389654202
177,-0.5669380482644266,-0.14846048642254228
178,2.8624140671579967,-0.9833726632500935
179,0.7148777019444275,-0.22549027628001972
180,2.807383042057234,-0.9805653898182153
181,1.3732812557428158,-0.6105230927766196
182,-2.585032055474718,-0.9646053770311929
183,-2.719359550510244,-0.9752135509017729
184,0.08394577823372362,-0.0035172467868019863
185,1.9795856660482638,-0.8590541781456835
186,1.7730341105291014,-0.7923341493967442
187,-1.6227539729559757,-0.7319723757898564
188,-1.5462077496305329,-0.6974108101558565
189,-2.1906722491214854,-0.9092387141454145
190,2.9339252588008726,-0.9864850488277304
191,-1.6163388245852932,-0.7291731515535878
192,1.6494239643094488,-0.7434161345568018
193,0.47252679843018797,-0.1056345330439511
194,-0.6905728897666394,-0.21214834194133336
195,0.5518844684938955,-0.14125927259230442
196,-1.2975302190208353,-0.5690625532818041
197,-1.8567304346859674,-0.8215994460151081
198,2.286893640749992,-0.9268279134519821
199,1.4357423747644562,-0.6432350378488065
200,1.3399378942532412,-0.5925009918239172
201,-0.9493227529278521,-0.36275867220445135
202,1.2183233002034086,-0.5239135539587141
203,-0.1002608783364396,-0.005013512046911361
204,-0.610397614485322,-0.16996932735861014
205,-1.881215809290825,-0.8295795160031963
206,-2.2089242400770663,-0.9128106552877244
207,-1.2077994768241416,-0.5177968535736247
208,0.11186932375887881,-0.006237836212435899
209,-1.6482103410440794,-0.7429021851998296
210,1.1329589136598104,-0.47365476962303066
211,2.789629098984788,-0.9795754006674795
212,-1.948633511351868,-0.8502197832113925
213,1.7108265367883622,-0.7685667350780285
214,-2.4749824865842083,-0.9532419644431748
215,-1.0617168808881836,-0.430855753150024
216,-1.1920621968212366,-0.5086045806374988
217,-1.9994373393967122,-0.8645123568230525
218,0.7849083827139935,-0.26511450765000966
219,-1.518627437363577,-0.6843479080505428
220,-1.2342630450057905,-0.5331291593887879
221,2.154182937773249,-0.9017511825754637
222,1.3329816003031079,-0.5886948873560389
223,-2.1481797881584788,-0.9004741829989619
224,2.1436636468785837,-0.8995049609586871
225,-1.4112421895644858,-0.630573050395403
226,-0.9915405471430256,-0.38833854541623736
227,-2.8286248386731607,-0.9816946010669066
228,2.362460897349285,-0.9386162873774498
229,-2.350312949122901,-0.936833771473477
230,-2.925392217225979,-0.9861429314553154
231,-0.8548463356252256,-0.3060678770220904
232,-0.9521230292282921,-0.36445293505970755
233,0.44671749171143604,-0.09496191989239733
234,-0.31259535306884345,-0.04768358182362942
235,-0.7135728160907782,-0.22476811034966382
236,2.708516133577082,-0.9744732874190529
237,-1.6024651556716527,-0.7230580295137439
238,2.7948663539776106,-0.9798719108294202
239,0.38885443201422465,-0.07281659459148015
240,2.6109717894785405,-0.9669120742040653
241,0.7987755720621088,-0.2731398655701138
242,0.40041654292554263,-0.07703752790473939
243,-2.981509717697508,-0.9882593734638612
244,0.5576844404064447,-0.1440180311892908
245,-2.9744548085191864,-0.9880101006438623
246,1.7449438703216753,-0.7818155679498969
247,-1.1094911382671568,-0.4596214102511943
248,-1.436896266367633,-0.6438258349700225
249,-0.6190344876394258,-0.17436446886961132
250,-0.4372437654354844,-0.09116439632724793
251,2.1162093483091597,-0.8934532052419538
252,-2.925750656099525,-0.9861574548950574
253,1.5634216403110202,-0.70540201439214
254,0.34235426856356854,-0.05691911188774923
255,-1.3153995621166081,-0.5790065501653334
256,2.2853541496606997,-0.9265699329706475
257,0.9269219619107032,-0.34922554866929034
258,-1.3470962916017744,-0.5964012991544017
259,2.0258357237611575,-0.871522975697213
260,0.05415640384148146,-0.0014653833143416506
261,-2.4614387331750787,-0.9516524784302148
262,1.9721441370447774,-0.8569664768594876
263,2.6355863806179496,-0.968981075246722
264,2.547362182960616,-0.9610130009292633
265,-2.325748159639747,-0.9330997283309839
266,-0.024802936153987876,-0.00030754551910772143
267,-2.1360877016861295,-0.8978625000384093
268,-2.095755307307263,-0.8887633265198224
269,2.8708112559229217,-0.9837681291592673
270,0.6948347203238594,-0.21447079692154636
271,-0.594985346128726,-0.16222338316158935
272,-1.040593717442274,-0.41807729095050616
273,-1.6729529261115457,-0.7532515164774232
274,-0.148315788346971,-0.010938521035347315
275,-0.8724275644698318,-0.31652481388395304
276,1.1332740610929788,-0.4738426932925198
277,1.732252145697199,-0.7769476425115138
278,1.3987085375621788,-0.6240100206170607
279,-2.9941312917078324,-0.9886938798760849
280,2.9790726442641473,-0.9881737886476
281,-1.511928346835886,-0.6811274108334573
282,-0.46248130798533804,-0.10142443958542013
283,1.0670865915885557,-0.4340994353109602
284,-0.009921624716013433,-4.9218107251891574e-05
285,0.8356553330895435,-0.2947196656709652
286,0.6405595129056687,-0.185481587080208
287,-0.11023783260628495,-0.006057767159383887
288,0.3349149469498167,-0.05454029631494883
289,2.279290255505499,-0.9255466135326483
290,1.47148446289604,-0.6612975420837299
291,-2.5203441831764644,-0.9582504831762352
292,-1.0218109995096705,-0.4066962940241864
293,0.29137283087246235,-0.04156071597403865
294,1.1038793977618058,-0.45625498389300245
295,0.4331755191476856,-0.08955384117147791
296,-2.627211545928363,-0.9682899068706935
297,-1.8886421366132364,-0.8319484598624999
298,-2.7807843598555078,-0.9790660037777296
299,-1.0568519137732963,-0.4279151639476997
300,-0.10642875181605849,-0.005647532000285782
301,-1.3432744060126978,-0.5943209969285757
302,-2.358213138482019,-0.9379977499368609
303,-0.0005071763977979593,-1.286139409417686e-07
304,-0.7743173763172284,-0.25902152273440926
305,-2.1802056608367097,-0.9071387060223436
306,0.8918555951531753,-0.3281385943372621
307,-1.617941468030236,-0.7298741444670733
308,-1.0736325886884661,-0.4380505994480911
309,-2.6299923677829105,-0.9685208522107824
310,-1.283254271347951,-0.5610504366920264
311,-1.5936207627781138,-0.7191160172778426
312,-1.6021570657114024,-0.7229212817072582
313,-1.3008452448554055,-0.5709145413290391
314,-2.6412479590546485,-0.9694409802244357
315,0.14913768794450544,-0.011059414984661786
316,1.8173871610188863,-0.8082279873290441
317,1.9473858160375128,-0.8498552962525322
318,-0.9390650368636528,-0.35655683127124704
319,-1.5214775565876264,-0.685712459366057
320,1.7182394251128272,-0.7714895555651442
321,-2.9136392158807602,-0.9856592011873888
322,-2.949484652941563,-0.9870897002888742
323,-0.44301141899118424,-0.0934685528707968
324,-1.453688647938076,-0.6523660923929375
325,-0.3201977348858045,-0.049971499881681924
326,-1.9715017661420406,-0.8567851898474829
327,2.4655894094517947,-0.9521443249844883
328,-1.3532017644093022,-0.599714608528463
329,2.663689210527288,-0.9712069173121773
330,2.601729108679627,-0.966105318929307
331,1.6227888852079309,-0.7319875603588926
332,-1.4086139650979481,-0.629201559597852
333,1.2696201141397552,-0.5533444741370055
334,2.031131673738898,-0.8728957849440704
335,-0.00069892693125162,-2.44249397818308e-07
336,-0.30093550417280124,-0.044271200622573836
337,-0.9821005205866671,-0.38261392181433285
338,-0.6963278254480691,-0.21528620516498553
339,-2.8054743264039104,-0.9804610056136707
340,-1.6432271431247654,-0.7407850715803763
341,-1.3395690645327958,-0.5922995801379727
342,-1.1921876360589883,-0.5086780580414396
343,-1.8461850339502803,-0.8180820631086544
344,-2.6967779472265914,-0.9736504912734912
345,-2.5687903429320382,-0.9630925522762781
346,2.8831779817070977,-0.9843354900330474
347,-0.8971964903648173,-0.33134080365774143
348,1.9628403860547952,-0.8543241295325877
349,2.53382144659364,-0.9596484536511506
350,2.8377078657108985,-0.9821596577136325
351,-2.3989433979462835,-0.9437227388861729
352,-1.6027903876738583,-0.7232023412118969
353,-0.11618266062352767,-0.006726480581960792
354,0.15974034095335732,-0.012677443787034504
355,0.576899755719575,-0.15329815905268918
356,-1.9736912607766934,-0.8574023992863054
357,-2.931885233583929,-0.986403943770981
358,0.6352468465314294,-0.18271652854355858
359,0.1583497139529122,-0.01245905122678892
360,-0.9062631860214885,-0.3367852807810727
361,0.012527995684404658,-7.847225882540165e-05
362,-2.9881842902782747,-0.988490962426934
363,1.3137904351338703,-0.5781150589761668
364,-0.35189851419532836,-0.06003842493727041
365,-0.9169329602202039,-0.3432047985141258
366,-1.1774501231748455,-0.5000236073038198
367,-1.7815846266808646,-0.7954661703486681
368,-1.7352698662513897,-0.7781116062461877
369,0.07443755706490762,-0.00276664072686017
370,2.893655561986865,-0.9848024531516183
371,1.6635235053097688,-0.7493393449143462
372,0.11497309178052806,-0.006587611835245366
373,-0.9322005915505489,-0.3524109535853388
374,0.4418367185565568,-0.09299729175328586
375,2.8903032848292316,-0.984654400738994
376,0.5331602912216757,-0.1324914818947147
377,-0.45030817103792264,-0.09641827970045169
378,-2.2281254941005333,-0.916446790347525
379,2.546716956693973,-0.960948876361472
380,-2.3740331817812947,-0.940275727943516
381,0.3924152484354453,-0.07410539064280053
382,-2.247589675075255,-0.9200080819472709
383,-0.32796753985527083,-0.05236071823002564
384,0.36363450393757724,-0.06397680911689341
385,-0.7441016139707544,-0.24182693841068192
386,-2.6359529882562995,-0.9690110341489865
387,2.0378323073414784,-0.8746167530279599
388,1.1987860282272251,-0.5125385022981637
389,2.222894415872533,-0.9154683950996508
390,0.07723308553057162,-0.002978031590769592
391,2.9788371002541973,-0.9881654875790468
392,-0.8841654736036775,-0.3235348124606797
393,-2.7905114231758676,-0.9796256190153358
394,1.3617701103442306,-0.6043435191154634
395,-2.486396001246319,-0.9545472765156895
396,2.830484134537757,-0.9817906525016373
397,-0.4688933714007222,-0.1041035992648951
398,1.5982067292542057,-0.7211642484722418
399,-0.6681060190294525,-0.20003141939698277
400,-0.31459131013608665,-0.04827946809083472
401,-2.277248083625727,-0.9251994033319942
402,1.9236456511658222,-0.8427952676801953
403,0.16828267755050064,-0.014059755115889638
404,-2.5201943364662585,-0.9582347133242246
405,0.7386908804613581,-0.2387794205871383
406,-2.4131237658087024,-0.945610445398328
407,0.9925195274075778,-0.38893228909735944
408,-2.597258688435109,-0.9657091370750693
409,1.0304136480343944,-0.41191050661348794
410,-1.3250671453987983,-0.5843457399408432
411,-0.5423555203891519,-0.1367705559271798
412,-1.0963021166926084,-0.45170354691941206
413,-0.8531528396991952,-0.3050635552094856
414,2.1163055095075887,-0.8934748855057953
415,1.0027923623839161,-0.3951629892873505
416,-1.8129472808448575,-0.8066762282041959
417,-2.328035077138642,-0.9334547865066841
418,-1.1557685021499038,-0.4872159180419422
419,-2.539432808639616,-0.9602187464822707
420,-2.2426558625335224,-0.9191170845961574
421,-2.0683312494962074,-0.8822270992529735
422,-2.461095115704035,-0.9516115719765654
423,-2.4281729490600794,-0.9475561358260386
424,-1.3772705636942413,-0.6126540675042347
425,1.41601568376222,-0.6330575327967618
426,-0.6726295383530756,-0.20245358702797456
427,-0.3831175867414158,-0.07076121861002882
428,1.6724424779115896,-0.7530407463547893
429,0.4013679181282819,-0.0773894776804449
430,2.4789936260997507,-0.9537042307577164
431,-0.521263667535087,-0.12703333260191818
432,2.381846678052189,-0.9413751610226293
433,-0.05679884137386004,-0.0016117539180261486
434,-2.3627473120586924,-0.9386578107378207
435,-2.1262881045850532,-0.8957069497858627
436,-2.824418002566688,-0.9814756375975087
437,-1.4775649292156139,-0.664320707025177
438,-0.08494820737193765,-0.0036015976003148653
439,-0.5910020432020842,-0.16024215421670618
440,-0.2087529050211332,-0.021553224579847652
441,-2.793754286177041,-0.9798092662640765
442,0.09785919350952055,-0.004776765670106431
443,-2.859152853092816,-0.9832168105023843
444,-2.9310072146558976,-0.9863689042799062
445,1.0472724336219121,-0.42212042230947866
446,1.8405016576963353,-0.8161661973459631
447,1.3611358609904904,-0.6040017219268203
448,2.720422497314855,-0.9752851075032241
449,0.650316727291198,-0.19059504350817613
450,-0.18583090925110346,-0.017118350578569697
451,-1.433038661726952,-0.6418487525901765
452,-1.1768368444939574,-0.4996625355285973
453,-2.8599657982893745,-0.9832557804822772
454,1.937187857751418,-0.8468516773518564
455,-2.298300973116005,-0.9287167342814181
456,0.36604154058279814,-0.06479844372474985
457,-0.8071806264191941,-0.27802898175742474
458,2.772626207570033,-0.9785863785577579
459,2.8790836017748145,-0.9841496103125854
460,2.7029841133334225,-0.9740883228965755
461,1.5377293728236694,-0.6934289721709794
462,2.7165350106340727,-0.9750225342851727
463,-1.1414419768950628,-0.4787079790093758
464,0.31356558045510585,-0.04797281280735333
465,-2.9390266076965865,-0.9866859938032719
466,-0.6907419860318775,-0.21224034786768153
467,-2.4933918359301535,-0.9553321566210536
468,-2.4662462527648845,-0.9522217751160522
469,0.9664565007428059,-0.373131872799213
470,2.6746409800991318,-0.9720364159860261
471,-2.8347067160478376,-0.9820071546922021
472,-1.8911735871862934,-0.8327505332693754
473,-1.2182327124225019,-0.5238610096349295
474,-0.4810993972702331,-0.10928281509825377
475,-0.6265289394992024,-0.17820906726562546
476,-1.1426929288871102,-0.47945220233980435
477,-2.061485001666774,-0.8805503345596558
478,0.6721685651755429,-0.20220634287909267
479,-2.4088889180907036,-0.945052270031992
480,-0.48548811928473334,-0.11117006144686192
481,2.190163130887343,-0.9091374423729617
482,-0.09237899504817815,-0.004257848911356499
483,-2.5802548780932586,-0.9641659821674777
484,1.348007380714975,-0.5968965092888419
485,2.395216762823628,-0.9432177595599904
486,-1.0861306348089972,-0.4455839481295415
487,0.7200148282752843,-0.22833956477750794
488,1.312197070638641,-0.5772315190345141
489,2.09115856429797,-0.8876877196920218
490,2.260278810029072,-0.9222634823611103
491,-0.24942564651721533,-0.030627744799778367
492,0.7459860132692948,-0.2428906362230484
493,2.0239772463095207,-0.8710385745412108
494,1.069862635297735,-0.43577548429406354
495,-1.314158085414893,-0.5783188152021348
496,-2.366453898409808,-0.9391931010362975
497,1.4827412709196786,-0.6668827797711078
498,-2.945978374125812,-0.9869555730544589
499,-2.275071816824622,-0.9248279570066448
500,0.5708166074101668,-0.150337272696214
501,1.0294016769385976,-0.4112972585908402
502,1.3508912096868677,-0.5984621707386141
503,0.2961838138342636,-0.04291438128462011
504,-0.735551794123352,-0.2370160024000869
505,0.38118576716213237,-0.07007495656819607
506,-2.774537585797651,-0.9786995995825455
507,-2.8873613349607115,-0.9845234257859378
508,-1.8101873497740137,-0.8057072274451735
509,-0.926575723593329,-0.3490166972866112
510,1.7664627984333192,-0.7899049872931884
511,-2.0983357133988534,-0.8893636279850952
512,-1.5682615747502684,-0.7076262073136704
513,-1.1796251593943505,-0.5013035865916289
514,2.213817082778366,-0.9137489490313085
515,-2.9413715873013033,-0.9867774742460826
516,-0.24692406035398573,-0.030025741815382978
517,-0.020072627375544272,-0.00020143489414559124
518,0.832292688672664,-0.2927390311807222
519,1.758337634672042,-0.7868748269014415
520,0.3516965186856389,-0.05997162746694562
521,2.1763529622211912,-0.9063561112115869
522,0.33502115482504946,-0.05457393162265023
523,-2.7664550683774243,-0.9782172481670699
524,2.437014283462082,-0.9486720226952355
525,-1.2118108978169633,-0.5201313344870895
526,-1.4977759614939086,-0.6742634702779402
527,-1.0989478930647536,-0.4532935285396088
528,2.359241723913322,-0.9381479945296727
529,0.9962169873301177,-0.3911748380730641
530,-2.8608556140258683,-0.9832983443232219
531,-1.3956727169130752,-0.6224118268724526
532,1.2666922690276774,-0.5516829752092064
533,-1.0821535337529526,-0.44318828778095654
534,-1.649575411250409,-0.7434802241982545
535,0.35747996645194835,-0.06189740836103241
536,2.2467413146930157,-0.9198554394073792
537,-1.7965884031648465,-0.8008834495788424
538,0.721007357128185,-0.22889120352884973
539,-1.6527171550319262,-0.7448074695326471
540,-2.7354570001918863,-0.9762782397943885
541,-1.823639640300717,-0.8103984983007835
542,-2.521894902099122,-0.9584133862609051
543,1.22021714136823,-0.5250116188789367
544,1.25196658995434,-0.5432916023011993
545,-0.5898722433650461,-0.15968178520626042
546,-1.574742241733042,-0.7105887418792179
547,-1.8113891774929085,-0.8061295984052843
548,-1.4405310739397126,-0.6456835673203599
549,-1.2772279659829353,-0.5576507889268548
550,1.3146753457366467,-0.5786054169491794
551,-2.422743411055155,-0.946860928839499
552,-0.9619759858865891,-0.3704178280251944
553,1.1599780850563306,-0.48970923021948465
554,-0.2798065439118149,-0.038389552935015
555,2.605279689220122,-0.9664171960267713
556,1.564056013073115,-0.7056941087237949
557,2.674787436279244,-0.9720473679715302
558,-0.6983376985216267,-0.21638525068848968
559,-0.5055433936314522,-0.1199592461791904
560,-2.1793674466225212,-0.9069688814468206
561,-2.3308008297780907,-0.9338821322045574
562,2.9486474344362072,-0.9870577852122233
563,2.573784297929496,-0.9635634470443304
564,0.5999291777957847,-0.1646942965229652
565,1.2063139185680267,-0.5169314138332756
566,0.06767512397760367,-0.00228734124178831
567,1.566049085403078,-0.7066106958993921
568,-2.610028710197784,-0.9668305143965431
569,2.637968765185528,-0.9691753197496269
570,-2.147899269095169,-0.9004141940500433
571,0.8266909734901073,-0.2894450416800629
572,-1.6307332535308712,-0.7354289575053017
573,-1.3677651224344503,-0.607567493722172
574,-1.8652977076411223,-0.8244212763884872
575,2.1653926529327805,-0.9041012825191738
576,0.0019266466190748233,-1.8559818750762958e-06
577,-1.039448029654792,-0.417383493962345
578,-2.5025371949111754,-0.956341016309869
579,1.3147731954180921,-0.5786596239164408
580,-1.4526174028742023,-0.6518245151741622
581,-2.7403473166491814,-0.9765937385231764
582,0.23632772967932159,-0.027539088286085533
583,-1.16586318489773,-0.49318968773889926
584,-0.3937363954008344,-0.07458609300501673
585,-1.3964796456066333,-0.6228369532560819
586,0.5054836899510455,-0.11993268525171519
587,0.625864148263604,-0.1778668927225192
588,-1.3895157313848703,-0.619160397718
589,0.32738250396520696,-0.05217903680415292
590,-1.7171562126194453,-0.7710639859885803
591,-0.5410921466055596,-0.13617955974822682
592,-2.988359186171374,-0.9884969758979592
593,-2.7505728626651758,-0.9772417039021046
594,0.5897975892959946,-0.1596447821751219
595,1.8669138293836722,-0.8249499985279243
596,-2.8125434580234696,-0.9808451695364345
597,-1.6842725630837734,-0.7578957918636067
598,0.5707883328834216,-0.15032355973460554
599,-0.4979281664410933,-0.11659032640606415
600,-2.904172935567642,-0.9852588182117584
601,2.1443962406627843,-0.8996626849178185
602,-1.2983402160320274,-0.5695153699397435
603,-0.14473045914064198,-0.010418797271168234
604,2.744906148224299,-0.9768845691263242
605,-1.8326574201478605,-0.8134986142836711
606,2.54356788345327,-0.9606346302239926
607,-1.6136652189706948,-0.7280012258391484
608,-2.958071255972314,-0.9874130256023352
609,-1.8293936043698769,-0.8123807207540489
610,-1.034434207280209,-0.4143465605432708
611,-1.4054060976125153,-0.6275241776094855
612,-2.7450700051420367,-0.9768949637691445
613,1.3595331341367416,-0.6031374069411505
614,-2.4130391545680165,-0.9455993393416579
615,-1.6856832669156667,-0.7584705913076117
616,-0.9798551459605678,-0.3812525297130357
617,-2.7803656140612665,-0.9790416149979567
618,-2.473587138921452,-0.9530802539173066
619,2.9071811952220656,-0.985387109822665
620,-2.7138535931118932,-0.9748400205122671
621,-1.9409909974485517,-0.8479769349789426
622,2.0930982462551455,-0.8881425665590472
623,-2.6010020309213466,-0.9660411500321743
624,0.4318091363102461,-0.08901565392315691
625,-0.6455368089516798,-0.18808440060599096
626,1.6037482426740244,-0.723627093017394
627,-1.7663564624687578,-0.7898655208371543
628,2.1129760040398997,-0.8927222267680561
629,-0.3931032650012254,-0.07435555659581006
630,-1.0351660791863493,-0.4147899320815964
631,0.12661541765393958,-0.007983691680152338
632,-0.20614783610280485,-0.021024307008571164
633,-1.3121353236882745,-0.5771972639885943
634,1.2689857857686677,-0.5529847024474274
635,1.5674899045371706,-0.7072722551532887
636,2.8629876535832413,-0.9833999430397479
637,2.690720930716613,-0.9732170439884528
638,-0.5404350043364516,-0.13587253917533504
639,-2.870612642914068,-0.983758871744956
640,-1.1483427195228606,-0.482810275966873
641,0.005678440320695977,-1.6122212273539382e-05
642,1.9255787301759586,-0.8433790498452365
643,2.7727699071174596,-0.9785949088042925
644,2.8125785758393267,-0.9808470613847605
645,-1.4155297740671238,-0.6328050123924709
646,-0.6213803842101338,-0.1755648476381445
647,2.104445148474694,-0.8907749330805199
648,1.4222512537019902,-0.636290320846491
649,-0.5132961525923374,-0.12342803246205503
650,-0.4645006674391241,-0.1022650723326628
651,-2.4212501215473643,-0.9466683905390804
652,-1.2369035933450792,-0.5346498982114551
653,-2.9931058384165437,-0.9886591188398185
654,1.3246276239094135,-0.584103634442172
655,1.8502684150255133,-0.8194498325509629
656,1.086791940228264,-0.44598214342671694
657,-0.09825264673807599,-0.004815161058180362
658,1.4026939529978986,-0.6261030906032607
659,-1.055276002760277,-0.4269622717122451
660,1.1744573456926437,-0.4982609064814296
661,-2.3981843772256637,-0.9436201894527446
662,-2.9383173296409324,-0.9866582140058221
663,-0.5064487023058684,-0.12036228522624248
664,-1.2900603742417844,-0.5648775897448544
665,1.6356650082745947,-0.7375513958006935
666,-0.10911406477524288,-0.005935255928425809
667,-0.7623810676344887,-0.2521945632533572
668,-0.39899648831456336,-0.07651350101033128
669,-0.6731496718666072,-0.20273267339678935
670,-0.8959182676124513,-0.3305740809433505
671,2.092456906620236,-0.8879923328161398
672,1.5607683879711578,-0.7041784802818238
673,0.006697116985838747,-2.2425436507100827e-05
674,1.744159631172299,-0.7815168555452336
675,0.0948698016031102,-0.004490029171611565
676,2.0328805858220917,-0.8733466862318087
677,-2.9932139169182626,-0.9886627869788287
678,-2.3819512067099544,-0.9413897554246312
679,0.5021802567388463,-0.11846670333988285
680,1.1385408127320096,-0.4769810546152278
681,-2.3152573251330772,-0.9314511220046985
682,1.0942020654400197,-0.4504409667192716
683,1.3376823089218624,-0.5912685662420823
684,1.7168051598846832,-0.7709259530353425
685,0.29330669103692664,-0.04210241094527001
686,0.5747987747207848,-0.1522731582925697
687,-1.3608666199352604,-0.6038565867535242
688,2.3716152520524636,-0.9399320857001457
689,-0.4512373242764358,-0.09679665387569902
690,1.8727517722697966,-0.8268504488277885
691,-2.8800296643392587,-0.9841927318264405
692,-1.7542373680283283,-0.7853345204683991
693,1.6231623545180272,-0.73214996194041
694,0.8751715711700472,-0.3181616273619703
695,-2.560749139413951,-0.9623234757530131
696,-2.0727896548262637,-0.8833093049238243
697,-2.2743932328758816,-0.9247118320661758
698,-0.4812341616853386,-0.10934057103296624
699,2.7939405851095866,-0.9798197726206613
700,-2.815018117319207,-0.9809780841815937
701,2.8122613463509474,-0.9808299658421972
702,2.63632226047221,-0.969041185753653
703,1.6410972076701196,-0.739876828215284
704,-2.8638146207839315,-0.9834392044564242
705,2.539864994572362,-0.9602623864531827
706,-1.229854111627769,-0.53058618647129
707,2.835705758588137,-0.9820580471658661
708,0.1677843239289718,-0.013977188920605621
709,1.2612188793240335,-0.5485707104948017
710,-0.2561231566475146,-0.03226746401488689
711,-0.2915296902164286,-0.04160453180083268
712,-1.5712296040741656,-0.7089852233865693
713,-0.7347982911630693,-0.23659322531181926
714,1.8740299502643252,-0.8272645640956509
715,0.6219483306760374,-0.1758558812869666
716,-0.3826596274253946,-0.07059826471509334
717,-0.14397743687690578,-0.010311222229126171
718,0.2744049242446627,-0.03694911762713904
719,2.6579123762486594,-0.9707609197533407
720,-0.7753852274014923,-0.2596343738664585
721,-0.49104964924595906,-0.11358042454678852
722,-0.9299332791598607,-0.3510424364411663
723,1.3158448132784484,-0.579253088463932
724,-2.712051680746193,-0.97471672475919
725,1.5813903810968455,-0.7136091431216895
726,-0.10149559239215211,-0.005137435642292076
727,0.038920071096326225,-0.0007570992227166062
728,-2.924370606108461,-0.9861014633440189
729,-0.43131634213226855,-0.08882189281684272
730,1.359818247018536,-0.6032912252958269
731,0.2487027603765406,-0.03045319840050642
732,-2.180219583099832,-0.9071415246442756
733,-2.584795458827252,-0.9645837236986854
734,-1.3110876774394196,-0.5766158893472322
735,1.9243031658283005,-0.8429940124356372
736,0.8971041840646192,-0.33128542793934934
737,-1.2341254736232787,-0.5330498827472203
738,-1.3378477891451577,-0.5913590386006662
739,-1.35257480665582,-0.5993749409049285
740,-1.8816828571743809,-0.8297292032949962
741,0.31097475932009644,-0.04720227673769961
742,0.16579394329294228,-0.013649800781004084
743,2.579798787575551,-0.9641237905359906
744,0.984157851243737,-0.38386139835184385
745,-2.3027207655601085,-0.9294378545755736
746,2.0812915892887727,-0.8853518424271906
747,-0.5635102395822247,-0.14680904615185042
748,-0.7507245800184945,-0.24557069088436434
749,0.3837562070448204,-0.07098873399924055
750,-2.584934156463095,-0.9645964186763519
751,-2.203748051300771,-0.9118092094369495
752,0.9490529046018681,-0.3625954303787048
753,-1.0214836305653623,-0.4064978270881152
754,-2.4239222014832036,-0.9470125093850502
755,-2.427092887158789,-0.9474184479084536
756,2.7529580534707865,-0.9773905885169066
757,-0.03801133387118849,-0.0007221698610671012
758,-1.1086943494757446,-0.4591436597805032
759,0.7150314806794271,-0.2255754249255657
760,-0.6351687695028838,-0.1826759942517331
761,1.1529692456915512,-0.4855562405467235
762,1.4055624728421483,-0.6276060324408064
763,-0.4727385712107317,-0.10572404626364074
764,1.8336585033057498,-0.8138405572476506
765,0.18041723903980333,-0.016143464751806724
766,2.888493150216223,-0.9845739299342191
767,0.42356348242775077,-0.08579734766304337
768,0.3213823054223379,-0.05033244061486064
769,-2.040520402189576,-0.8753021609798777
770,-2.3733267971943706,-0.9401755024054134
771,1.9082682646734694,-0.8380947327700388
772,-2.706160233263739,-0.9743099521186427
773,0.45538298382760534,-0.09849242253710733
774,2.841478846969829,-0.9823496738829792
775,-2.9319925998949943,-0.9864082230198791
776,2.382089635974128,-0.9414090784588971
777,2.629326019293938,-0.9684656439066393
778,1.3269551614006279,-0.5853850414610987
779,2.784246441992142,-0.9792666989477747
780,-2.3488322671529214,-0.9366136353707813
781,-0.17177574054650036,-0.01464515358805707
782,-1.262558774201639,-0.5493333414946522
783,2.1170250682619693,-0.8936370066915313
784,-2.2063929530171507,-0.9123220583321807
785,-0.6905256840140255,-0.21212265921411166
786,-0.6916410555694066,-0.21272973267559347
787,-1.8885658541548125,-0.8319242473774089
788,-2.7325395419009437,-0.9760882706829203
789,1.13855122024842,-0.47698725205821324
790,1.8532262046631232,-0.8204360169122049
791,-1.9701526367258528,-0.856403889156731
792,-0.5723918157348971,-0.15110196106024232
793,-1.6986003099061735,-0.7636925355472971
794,0.641207878507545,-0.18581997111771553
795,2.141848051902164,-0.8991132359097744
796,-0.04245761698421768,-0.0009009185489636806
797,1.7265629557163082,-0.7747422146695949
798,0.16481037962812284,-0.01348942179959045
799,-2.940677708231674,-0.9867504632820652
800,-0.93789255103116,-0.35584842691631424
801,-1.6277728896162713,-0.7341498008923824
802,-2.150581050504144,-0.9009865349404613
803,0.12999138635830843,-0.008413288781413675
804,0.7120025363162905,-0.22389992606744646
805,-0.5259740331760416,-0.1291837961473863
806,-1.9082418412851356,-0.8380865688854704
807,0.5758035940950537,-0.15276306533423534
808,1.930675633497267,-0.8449107003040975
809,0.9509215145525669,-0.3637259189464882
810,-0.6356793354117638,-0.18294111228637233
811,-0.7527197469554814,-0.24670134432131285
812,-0.3495044963471452,-0.059248915290960436
813,-2.4202617885264153,-0.9465406412076464
814,-1.8025431351287435,-0.8030057772861642
815,0.08963000010359767,-0.0040087120353972105
816,-0.26814757578040505,-0.0353129793654432
817,-2.792604203989325,-0.9797443015498211
818,-1.311076210228692,-0.5766095239508987
819,1.5408458126879356,-0.6948961014010249
820,2.262419124593089,-0.9226388179166448
821,1.3346214193737893,-0.5895935079952443
822,1.7576647995996613,-0.7866225837295957
823,-0.129463544890013,-0.008345387025160522
824,-0.034266135103242945,-0.0005869117073608043
825,0.2609737044556173,-0.03348033816959273
826,-1.363843378877092,-0.605459854567411
827,1.2279278641797449,-0.5294736982479717
828,-0.4797662425362774,-0.10871213576301042
829,-2.706112385530078,-0.9743066254919253
830,0.6001888272075839,-0.16482443116249257
831,2.9193193409316143,-0.9858948134268606
832,0.22383179081042037,-0.024739179242139198
833,0.44249640517264277,-0.09326181802755684
834,-2.3499149477294647,-0.9367746613884431
835,-1.8107454800871554,-0.8059034565060719
836,1.1648234546353677,-0.49257524254700624
837,2.836498278030728,-0.9820983293956
838,0.3359810234715326,-0.054878344756284836
839,-1.0150499300701858,-0.4025968977341394
840,-2.9493721779230517,-0.987085416754113
841,-1.8155229125592998,-0.80757748447014
842,0.13996152190505295,-0.009746802801279819
843,-1.0522488756386597,-0.4251314357007321
844,-1.0245749563293352,-0.4083718228545288
845,-1.6181970233436882,-0.729985820090426
846,-0.30331312234857366,-0.04495748875017469
847,-0.9460974566750631,-0.3608078712095504
848,2.2788948426782234,-0.9254794872070351
849,-1.4513642190282565,-0.6511903943309609
850,0.2301712105951932,-0.026141626594466727
851,0.2238277923550056,-0.024738306409214816
852,0.38311880376885776,-0.07076165188178019
853,1.673226424987507,-0.7533643998294275
854,1.0921770909982618,-0.44922307083404345
855,-1.0002426709927617,-0.3936165276818103
856,1.7623835183277548,-0.7883873573345899
857,-2.4003920878817535,-0.9439180400553779
858,-1.6011518062420897,-0.7224748039431512
859,1.2403775429263968,-0.5366479860673792
860,2.8383784604740825,-0.9821935787515479
861,-1.5901556477953285,-0.7175623588651132
862,-1.9489470205843327,-0.8503112655438575
863,-1.3846898522103834,-0.6166025093588259
864,0.7268995792314965,-0.23217351253770657
865,2.400380724749329,-0.9439165103481022
866,0.7618416660252105,-0.2518870891355941
867,1.5547608573753138,-0.7013970939915977
868,0.6511557656434315,-0.19103685205675325
869,-1.9930561308795147,-0.8627754124801689
870,-1.7450721215354528,-0.7818643920298637
871,0.6280602022999018,-0.17899806188500522
872,1.3553032718559077,-0.6008521899150344
873,-0.7977572150192125,-0.2725487460474272
874,-2.2693249971212035,-0.9238399301445345
875,0.4010066279970177,-0.0772557402038827
876,-1.0655052508336138,-0.43314442174821766
877,-1.6492829295561804,-0.7433564420617675
878,-0.31638603795377573,-0.04881819523610764
879,-2.7857700809882564,-0.9793544911444517
880,-0.5918349171107167,-0.16065569777552713
881,2.3173300431531505,-0.9317794380326011
882,1.975010341832749,-0.8577732871495098
883,1.6126183204022766,-0.7275414873562539
884,1.935407056855726,-0.8463226858943914
885,1.178387462242653,-0.5005753312525103
886,-1.039980714317202,-0.4177060808903451
887,2.6695478876770533,-0.9716532519409776
888,1.2385602138834662,-0.5356030987214769
889,-0.6634229711235493,-0.19753337955748762
890,-1.8845033135875047,-0.8306311451714038
891,0.3728034899279118,-0.06713167704816192
892,-1.7989569338847038,-0.801729501182638
893,-1.0798923936562455,-0.4418255834269068
894,-0.5407228084553504,-0.1360069703902399
895,-0.8789187351490151,-0.32039876469920814
896,2.416984844027164,-0.9461152551553873
897,-1.098303666794956,-0.45290645264277163
898,0.29664016095872814,-0.0430438343979439
899,2.8173365468102842,-0.9811018757712217
