,data,labels
0,-2.7327070111247833,2.757744593413993
1,2.3571359448010565,1.8402048467100698
2,-2.7713848254583118,2.861774360560092
3,1.5521091506008915,0.5043568718170314
4,-1.8802007630791213,0.9383235831641188
5,1.652281478315552,0.6203933656730336
6,-2.2106265324250534,1.5302968150069547
7,0.2000213166469602,0.00019875773974120658
8,-1.5854900406894243,0.5414270876150631
9,1.9555477766849094,1.0598557278437382
10,-0.7512767013375683,0.036324895764872744
11,-2.603001760875112,2.4215916943153237
12,2.895021035897652,3.20571100164068
13,1.679959010537397,0.6549984179474357
14,-2.0982345532207693,1.3119539786691736
15,-0.8500493538574672,0.05806749575427661
16,0.45520009467975786,0.005186210312783546
17,-2.1026561098532843,1.3202182498354993
18,-0.20605308298876146,0.0002237477664891463
19,-1.089049267320278,0.145673126168258
20,2.0411490616273973,1.207682701415335
21,-1.5176669538139758,0.46776918883925234
22,-0.1823399570800488,0.00013741501101671716
23,-0.7832813044712279,0.04258844653340277
24,1.4018858929169387,0.3569628533985758
25,-1.2006046981699594,0.20712490994621774
26,2.4479800352488983,2.0462745919871455
27,0.7995739731598368,0.046055769793986734
28,0.28315957558008353,0.0007929591289234095
29,2.0900288750615985,1.2966881933699368
30,1.667974840962744,0.6398789629115263
31,0.09103136995117467,8.571853150396436e-06
32,0.7524798571462732,0.0365476369716351
33,1.3458832789560393,0.3099593412111426
34,0.6482417980087867,0.02060484296930487
35,-1.308876827927539,0.28119135724028577
36,-0.9643819096874751,0.09314114207736746
37,-2.6890276070810852,2.6423399618309453
38,-0.5625302278874083,0.011881974503547776
39,2.0092530501854453,1.1513970096913684
40,2.1346070302908036,1.3807345309119983
41,-1.425173949328724,0.37775979189213216
42,0.9718784266223581,0.09585656691313804
43,-1.3577606607545558,0.31957646147389357
44,2.3031098810601183,1.7226565051230103
45,1.0765477824256573,0.13966851801694669
46,-1.0729133501156,0.13795488729070793
47,-0.05021647668287699,7.945339492998471e-07
48,-0.42326500631081476,0.003894828474703127
49,-0.14203759120856363,5.0706559297397646e-05
50,1.9367548006830662,1.028786419268632
51,1.9816933689124898,1.1039129601249436
52,-0.5808055181104179,0.013457253154428028
53,1.8980708296184137,0.966414561326424
54,-2.5735917984237364,2.348141981780545
55,0.7645319707610225,0.03883302458234117
56,1.2386774664553002,0.2314903941879735
57,-2.871416761639333,3.1387207861499666
58,1.0109521414213187,0.1109002311416355
59,2.4259799327382865,1.9954130640609524
60,-1.0921020460962294,0.14716551196521754
61,1.1431831061634723,0.17369005357972933
62,2.76083478477934,2.8332280874423947
63,-0.4645952829343014,0.005619858461573535
64,-0.584905795606339,0.0138305960946693
65,-0.7380788665442033,0.03394486073493097
66,1.770832085370519,0.7764008499248751
67,1.6113966536005204,0.5712951913099347
68,2.744630926209365,2.789632359898911
69,2.6399111450168515,2.515232509418393
70,2.5844857165690023,2.3752278505221276
71,1.9585494650754462,1.0648646424620585
72,2.1446870103852858,1.400115953727084
73,2.4559104573384953,2.06475724587643
74,-2.5700299709614507,2.3393171061711757
75,1.1115907691645033,0.15693706179717237
76,2.722726294096508,2.7311796523179535
77,-0.52624767838934,0.009159152960741102
78,-1.7972217827760475,0.8138931284393336
79,2.070173248594867,1.2601334961929744
80,-2.6071227190727946,2.4319663184088727
81,-0.9810910056709217,0.09926795193381432
82,-0.621610253931177,0.017517033428347095
83,0.15505584132754624,7.19654494201194e-05
84,-2.7185272326945884,2.720037762420961
85,0.39508539946011645,0.002967896909507828
86,-2.656669323443946,2.5582817681487104
87,2.0762468568686945,1.271257285390464
88,-1.4069682595126505,0.36143834738148345
89,-0.1286231709039254,3.411852101264934e-05
90,0.9349142613790833,0.08298288034724566
91,2.627310998954753,2.483083351324771
92,0.8743987462834917,0.06458607298809238
93,1.6606078626854135,0.6306875387769377
94,1.3429665257268457,0.30762633888129876
95,1.2850744649246657,0.26363293880718286
96,-0.3969363477032646,0.0030231774157970515
97,0.28127983396203016,0.0007722474269784563
98,-0.04203399992932777,3.901081375712323e-07
99,-0.9913328573307894,0.10315783257034727
100,2.0633266816168483,1.2476553188902697
101,2.8955657198036926,3.2072641678630722
102,1.369193751867348,0.32901179567512284
103,-1.7163458257118793,0.7021762356239721
104,-0.20744465910701404,0.00022983161630341087
105,-0.894170544018742,0.0702443958450486
106,2.651156894881618,2.5440845849339073
107,-2.369160882050959,1.8668800390251308
108,-2.5027465393280766,2.175506236183055
109,2.3786774561654687,1.8881219725377667
110,-1.1967638163872267,0.20476545201489244
111,2.25921761906506,1.629955280542394
112,-0.30876456106044703,0.001118269653057058
113,-1.1421149247367859,0.17310488693004467
114,1.714047585985055,0.699139792802605
115,0.5020755792315565,0.00761957621951137
116,-2.0191834033935843,1.1687680922872499
117,2.737963637955943,2.7717820285889516
118,-0.26086525873075717,0.0005723520796384607
119,-2.4021705942407756,1.9410547436720926
120,1.095607874960649,0.1488920952395314
121,0.6850868591561281,0.025502199878329135
122,-0.5161875178466016,0.00849310678025672
123,1.2173449572863584,0.21761839427961105
124,1.0167499230029318,0.11326246690992736
125,2.754174607144609,2.8152726831271133
126,1.8327183199829422,0.8659087915862305
127,0.6915390516704538,0.02643893716411283
128,2.808814345057801,2.964075667084804
129,-1.4959633332446458,0.4455746875913545
130,-1.287720739272588,0.2655488679708651
131,0.23060842165557816,0.0003504046586112475
132,1.5786999728744426,0.5337576883185321
133,-2.7113655018829137,2.7010818064601603
134,1.2568503639330748,0.2437554605542805
135,1.4110379418636363,0.36504747865635306
136,-0.10385792420404183,1.451737735780334e-05
137,-0.8972836854501041,0.0711658919732614
138,1.512623293624456,0.4625522598715538
139,-1.947245541027695,1.0460683213618391
140,-0.4054225872643249,0.003286439510680972
141,-2.0032862062278274,1.1410258066218169
142,-1.3572412659841329,0.31915197558574426
143,0.5196209068732944,0.008716283400182268
144,-1.402116040713475,0.35716475917598217
145,-1.2803440948867795,0.2602305185167717
146,-0.11678529431960527,2.3199359911352246e-05
147,2.4502160368753145,2.051477874001632
148,2.9954817576348223,3.4977159663349857
149,-1.4279927589267463,0.38032748287359397
150,2.272115134863318,1.6569326668108395
151,-2.053784619056694,1.2303729988560148
152,-1.0816349774585756,0.14209129631331208
153,1.674302868955352,0.6478366819585583
154,0.9892163154922233,0.10234550019807254
155,-0.9717665557361803,0.09581564702353274
156,-1.408994275868057,0.36323226068683473
157,2.7126421450538327,2.7044565189308956
158,0.2327537673185085,0.0003635670049033646
159,2.562625464668187,2.321020500433093
160,2.6797951797682913,2.618231469677647
161,0.6171169704635409,0.017031307977533383
162,-2.526016964484553,2.231537045949355
163,-2.7188086295941876,2.7207837892086166
164,-1.3060429709456625,0.27906237436038933
165,-0.4261984022196499,0.004002289315041985
166,0.9940327265119562,0.10420048170304996
167,0.5958211197371517,0.014861227578039427
168,-2.372419885916416,1.8741414352217476
169,1.3492918445095325,0.3127000432249373
170,2.168204676399955,1.4458719340158133
171,-1.3922233779276203,0.34855103105082846
172,-2.1281467168331494,1.3683857479072592
173,0.4776812115482354,0.006267620691376541
174,-2.1636137273829217,1.436880867019702
175,2.3547743072736944,1.8349877509070174
176,-0.10464837816366357,1.4964000103034891e-05
177,-2.394560454658037,1.9238314455942402
178,0.27905780991523343,0.00074828724426379
179,-0.5055825315176663,0.007830189008786625
180,1.5396001096695926,0.49087410015424177
181,-1.4017242040580786,0.3568210489133988
182,1.5698736625615286,0.5238868333037693
183,-0.5026079987759315,0.007651280054960186
184,0.9131267687872144,0.0759869098566428
185,2.16193414036481,1.43359863838121
186,-2.1888684325817813,1.486693004388408
187,1.9395876008521604,1.0334376179322076
188,-2.7305802277518203,2.7520742376751
189,0.5646519365523406,0.012057572242236692
190,2.911095661231543,3.251686400960289
191,1.2806505701591098,0.2604500877233256
192,-2.846585303884007,3.068919790243733
193,1.2513159193557195,0.2399762603484925
194,2.0748294688881357,1.2686567768144257
195,-0.8887074124095222,0.06864755170467218
196,-0.9879474694360257,0.10186063518071209
197,-1.229411284596224,0.2253955391510844
198,1.650070071068586,0.6176761348704634
199,1.3344197471251489,0.3008549926945253
200,-0.100087449389755,1.2522865397657235e-05
201,-0.35344657187961515,0.0019107756954276356
202,2.1432115063174466,1.3972702599224862
203,-1.328586827833386,0.2962891556570037
204,0.620923865963579,0.017442192006005608
205,-2.7388238419640567,2.774082174743498
206,2.7633107912010013,2.839916211378176
207,-2.971250130921344,3.426268343641488
208,1.91920195011045,1.0002207921701478
209,-2.5498292153866897,2.2895571523818927
210,-0.4707858903216069,0.00591981854759871
211,-0.33164948782270276,0.001484917387456819
212,1.8607313763765791,0.9082393956814763
213,1.536194825454098,0.48724221244300336
214,1.0196479431788132,0.11445606966473465
215,2.364591259541906,1.8567213245773195
216,-1.5370711902997771,0.48817532301567235
217,-0.27679511945496316,0.0007244622852435878
218,1.3014892982344746,0.2756632233057476
219,-1.1128922424762273,0.15760477436012543
220,-1.5119414027809617,0.4618496974887153
221,2.833895218995785,3.0335153330879305
222,-2.8802700838883726,3.163774204380194
223,2.6018516685162636,2.4186999271075735
224,1.3158966236438339,0.28651018983927556
225,1.9775807224401953,1.0969188139228425
226,-1.145914944726534,0.17519261995469437
227,-0.24969639746097894,0.0004809034657792255
228,-1.3303496432451873,0.29766430635491925
229,1.003664522185427,0.10797926114078571
230,-0.6476291484424195,0.02052968187323545
231,1.3623264333911482,0.32332344571594646
232,-0.7293649580780217,0.03243600276712755
233,1.3984027998192312,0.3539159790574997
234,2.812467142723804,2.9741446566942056
235,2.7828149395712884,2.8928455743683816
236,-0.21319527026832485,0.0002562928900142758
237,-1.8932647705563823,0.9588147177488033
238,2.010687303391353,1.1538973920310374
239,2.340270402549761,1.8031044007924055
240,0.9967212879011642,0.10524595487086963
241,-1.814226474411567,0.8385846445024725
242,1.8998029989288021,0.9691617454007025
243,-1.7099775380519753,0.69378117036507
244,0.5172780992285659,0.0085635369195316
245,0.9848280472254909,0.10067534680213219
246,2.850858419975885,3.080882234911997
247,-2.397256577231221,1.9299249215090517
248,-0.26764497878907045,0.0006338359018400741
249,-1.9722896383771396,1.08795569292775
250,-1.3459962761851652,0.31004995071004965
251,2.6061397088369134,2.429489721454114
252,-2.3050924653373643,1.7269032698828792
253,-1.1633494328782246,0.18498714079868006
254,-1.9393141955598079,1.0329882141933024
255,0.30785740655646254,0.0011052877164741126
256,-1.7881159586665738,0.8008426714492874
257,0.7056527642551602,0.028574002900078943
258,1.039465688632542,0.12285027069763166
259,0.8928963959326381,0.06986966707587716
260,0.9870938886514891,0.10153534843028555
261,2.408966736207576,1.9564977986066383
262,1.3629557237879277,0.32384207073279536
263,0.16445049091695596,9.101131871958046e-05
264,-0.9609461573494915,0.09191461387562572
265,-2.0276180224635905,1.1836311950972573
266,0.4309700340048215,0.004181748981463396
267,-0.6103272455107991,0.016315997010786232
268,-2.8103051782096293,2.9681833444917527
269,0.9316812383237281,0.08191752452361034
270,2.33442517206883,1.7903316930950672
271,-1.6240627618211112,0.5862486779633531
272,-1.9073249589936343,0.9811411496147265
273,2.7759593490012193,2.8741916736922826
274,2.3289403783959504,1.778386728130937
275,-0.6411648787956326,0.01974867771105704
276,1.9674146919844127,1.0797325293992557
277,0.215403731864086,0.00026703669052918766
278,-2.0178037931511863,1.1663464837706297
279,-0.22924683414794078,0.00034223760430618366
280,0.3245617303153887,0.0013630376580492376
281,-1.6131787935257142,0.5733852351155281
282,-0.869387183404597,0.06320438890727698
283,0.9264799376863349,0.08022361641181097
284,2.744205891140199,2.788492885502114
285,-1.7498729974017058,0.7473409898616918
286,-0.5196817129787954,0.008720274238744219
287,-0.5646817779329973,0.012060055415822779
288,0.7326572839520935,0.03300031329149733
289,-2.3889938320042683,1.9112795827252793
290,0.1318142939075364,3.7627321873068276e-05
291,-2.6830357303645,2.626682117277425
292,-0.7453811499070393,0.03524745421040343
293,2.9839955799590925,3.4637687057181346
294,-0.4013661132995554,0.003158569110274234
295,2.1607250458726313,1.4312382067030185
296,1.9506365357653275,1.0516878880408091
297,-2.643210857660687,2.523682756929026
298,-1.2936673145964863,0.26988715778944744
299,-1.020680749944372,0.11488352635845955
300,2.3374086091493016,1.7968454421920297
301,-1.886178220843619,0.9476690107186474
302,0.4258669473042538,0.003990038478421387
303,0.6976128748021218,0.027343148942213902
304,0.3770431745483638,0.0024674315196598906
305,1.9896647234292644,1.1175373280636731
306,0.13607412322953216,4.2724105667191203e-05
307,2.6831456559593603,2.6269689946213792
308,2.762463142828121,2.837625774730541
309,2.400417774377784,1.937081247924598
310,-0.06658546857383829,2.4553137563110283e-06
311,-0.41672987960566443,0.0036631016956578666
312,-1.755424827380871,0.7549767896508534
313,0.7476125239810751,0.035652521754149014
314,1.1584741159166168,0.18221234587473845
315,1.5205465076160198,0.4707637709542519
316,1.1810919024501407,0.1953228169127766
317,-1.2332645827933553,0.2279170831505113
318,2.1282193211549227,1.3685242131487696
319,-0.2968894686434891,0.0009570453982618021
320,2.1540516163905608,1.418245797181833
321,-0.16222714553099982,8.61988104087219e-05
322,1.8325941110968458,0.865723613211166
323,2.3077527937333997,1.732609831001861
324,-1.7216063693262886,0.7091552363973569
325,2.053738120655437,1.2302890920076346
326,2.250238472274452,1.61130342030151
327,-0.8776870875064029,0.06550411010339019
328,1.494244822925995,0.4438456204749185
329,-0.7867141849779209,0.04330301925091684
330,-2.057906150429689,1.2378222852501513
331,-0.15754542677772676,7.668995834386738e-05
332,-2.6632218814468267,2.5752043389548884
333,1.554110883901414,0.5065350692777424
334,2.314265742865854,1.7466193616306565
335,2.6017267377266897,2.4183858990541838
336,0.28755066357930836,0.0008429525398045978
337,-2.9167312129273917,3.267872599585905
338,2.5203368674548763,2.217799249339157
339,-0.328798291463432,0.001434954875547012
340,2.0442737014992876,1.2132730771830433
341,2.132066938368027,1.3758723886760484
342,2.7594192276358482,2.829407579052075
343,2.8048554244774158,2.9531799220369486
344,-1.0585599154759093,0.13132680877965053
345,0.9174543961934241,0.07734244372195642
346,-0.8709862580868091,0.06364297266658148
347,2.4685995122118642,2.09449338099797
348,1.3308531046865157,0.29805780205631505
349,-1.9739507675684536,1.0907653944719837
350,-0.4796587532899306,0.006370083535107263
351,-2.0879388787645703,1.2928148106559567
352,2.029581754513651,1.1871058770389378
353,-2.6359275518500924,2.5050480729963263
354,-2.0573731773070003,1.2368576566513634
355,1.56611021328606,0.5197118190337433
356,2.6263125511490673,2.4805438714275114
357,0.24999957471549106,0.00048323120519522256
358,-1.9273660733141182,1.0134525800422554
359,-0.8925862219907654,0.06977865685225071
360,-2.5827454739806592,2.3708914547112045
361,1.74685973832832,0.7432153150565535
362,-2.685785394155518,2.633862271129496
363,2.561805526059711,2.318998497368627
364,2.364876780752283,1.8573552832132185
365,-0.805696997425704,0.04740916759105196
366,-1.5864840338231778,0.5425553387747547
367,2.302062275248618,1.7204145655685
368,-2.606945623788254,2.4315200591775477
369,-0.9827665471612947,0.09989728114902385
370,1.4017851438105087,0.356874490162254
371,-1.946294216372069,1.0444947143888665
372,2.8441961304207792,3.0622403203775423
373,-0.7102097491042354,0.02928906924102359
374,-0.8471489633072791,0.05732329101768463
375,-0.83205239376408,0.053558004675197224
376,2.5860803200407076,2.379204531998585
377,-2.7274338311800683,2.7436950088660654
378,1.7495319643126575,0.7468733974390902
379,-0.3451830350898071,0.0017399069706408588
380,-1.4926597287772063,0.4422544643590737
381,-1.0735200073295434,0.13823992755869208
382,-0.9923215683301869,0.10353881972367274
383,-1.8842670828360604,0.9446754858419973
384,-1.6177625200158494,0.5787818569537097
385,-1.9603277000637553,1.0678380024346115
386,1.7701744615020267,0.775479401936551
387,-0.6489763073686099,0.0206952163616676
388,-1.7164569900595783,0.7023233000296079
389,1.9181332307048855,0.9984957235512046
390,0.4440523794399378,0.004704256766320913
391,-1.9496861084601687,1.0501111915040195
392,-2.8754479173612633,3.150117430930224
393,-2.083687599078875,1.2849545317121245
394,2.634156702266896,2.5005267600373693
395,-1.134064626646105,0.16873724347749752
396,-2.635672295093517,2.5043961252248423
397,-1.0314783345432756,0.11941811764589239
398,1.6769580020179076,0.6511928247155497
399,1.4301313829727196,0.3822828714962929
400,1.9503668757013788,1.0512404094792849
401,-2.129784396688541,1.371510752996391
402,-0.3059088045653633,0.0010777814790091655
403,0.46515448925494507,0.005646483977270411
404,-2.1054257453026937,1.3254086332282875
405,-0.8225564288136376,0.05128122917058986
406,-2.9541839807540833,3.3763339451820196
407,0.1296465866931129,3.5215883859796016e-05
408,1.2456628402082686,0.23615584906106268
409,1.7165865578865773,0.7024947337933782
410,-0.03397773343368815,1.6657279455767338e-07
411,-1.3693370080118468,0.3291311313726101
412,-1.847171688936427,0.8876084021372149
413,-2.615787120412005,2.453845276517513
414,-2.35702297554048,1.839955123178609
415,0.9133529423287663,0.07605733980107932
416,-2.290484357397275,1.6957325157396042
417,1.828637822176253,0.8598369540990536
418,-0.24379549790045818,0.00043724136337330854
419,0.19654822497194324,0.00018535094065774693
420,2.3919500761958794,1.9179405495345643
421,1.964264198701235,1.0744360899095347
422,0.06899983614286143,2.8311162851846206e-06
423,2.7045863341613776,2.6831932883921428
424,-2.5687116755823682,2.3360547427541025
425,1.231445520662728,0.22672441678777755
426,2.6115455366236002,2.443123435438144
427,-0.3250763100979599,0.0013716266535170885
428,0.5923423719011951,0.014526894987198613
429,-0.14920063963888452,6.171389455833509e-05
430,2.0295597164569568,1.1870668523813435
431,-1.1370168485913448,0.1703302694693284
432,-2.0861637309632197,1.2895296691698064
433,-2.2379809217049944,1.586013785521374
434,2.0080693196944575,1.1493355467475208
435,1.2977026445415802,0.2728571154413426
436,0.21294759555340192,0.00025510846480680804
437,-2.0593174743501947,1.2403785478410085
438,0.004121313335962995,3.606215326357187e-11
439,0.4332483134684777,0.004269498588926779
440,-2.547778193162773,2.2845325627223585
441,2.129248072147149,1.3704869400962028
442,2.450681363257994,2.052561495525324
443,2.283950455529096,1.681880773462566
444,2.151371925561663,1.4130457521766395
445,-0.6265792602445517,0.018065807852570726
446,-1.504375928131421,0.4540988406354457
447,1.3002707373007905,0.27475817785658974
448,2.8787927858744355,3.159587617841815
449,-0.20833979528474922,0.00023380986400156623
450,-0.3951409260107295,0.002969544296142379
451,-1.0460211068259084,0.12571699872561992
452,-0.13522436536388582,4.1668442794629e-05
453,2.569783772130087,2.338707682848813
454,1.0129784329698888,0.11172193556288168
455,1.423821918921325,0.37653208275401046
456,-2.8632001413171877,3.115547485635589
457,-1.328990532969552,0.29660371976860056
458,-1.9812179210243022,1.1031031724560667
459,-2.2226207165148395,1.5546044715527954
460,-1.095963755005682,0.14906812427648886
461,-1.8263414487851408,0.8564304642055036
462,1.5744665649327452,0.5290093956266099
463,1.3406038072657003,0.3057447600415899
464,-0.3932917294104801,0.0029150444473536874
465,0.15222899900524833,6.68688466143319e-05
466,0.9599385402263669,0.09155703778252644
467,2.3787397492514293,1.8882613976492832
468,0.5905512952374172,0.014356911989955479
469,0.46044394210438533,0.005425081756182504
470,2.1047722960910304,1.324183098604342
471,1.341402023828116,0.30637960175437945
472,2.0064635511201727,1.1465422499031093
473,0.7267062372715607,0.03198536881701852
474,2.3959242555059435,1.9269126037076276
475,-1.4166998582998316,0.3701063032536629
476,-2.3817213480697608,1.8949406315542483
477,0.007456809471669601,3.864721875856958e-10
478,0.11724496888629599,2.3566356829651802e-05
479,2.1925633667993383,1.4940529531551572
480,1.2878377800187248,0.2656338147069935
481,-0.25934892034663193,0.0005592330615538099
482,-2.8201692533131295,2.9954251378776515
483,0.3827442004668793,0.0026182160045147285
484,-0.477753417339005,0.006271340431213135
485,2.7085845845492287,2.693737206121837
486,-2.450761469744993,2.052748069528136
487,2.9435858962021397,3.3454856178514443
488,0.8784960295551776,0.06573134652143364
489,-2.3258258111869266,1.771621042498504
490,2.7085695267208925,2.6936974617760505
491,1.7631583245910232,0.7656874569301602
492,-1.5233732926884205,0.47371487220650066
493,1.0321904604863645,0.11972142046149037
494,0.19705051935006068,0.00018724678147463703
495,0.5798802094791573,0.013374027644514008
496,-1.5127636860266376,0.46269698967295575
497,0.5715082219801193,0.012637980103200719
498,-2.976600829869886,3.441989831416358
499,-0.9826286757162528,0.09984539329066633
