,data,labels
0,-1.471941311815333,0.42178042042220704
1,0.27751092624204654,0.0007319373009198049
2,-2.8908726488871714,3.1938927003348736
3,-1.5815399281963356,0.5369574046790944
4,-2.940838150204484,3.337507799631828
5,2.7293288559613593,2.7487403153343717
6,-1.1943176365389956,0.20327207808572761
7,1.7580879183368596,0.7586553315003977
8,-1.5276245720797845,0.4781743886890068
9,0.3374119168849057,0.0015898280893534844
10,1.3070069322389415,0.27978539339478786
11,2.046006996409412,1.2163800278440606
12,-1.570389973832009,0.5244611840055382
13,-1.9853695677355154,1.110185063523142
14,0.5904569130497004,0.01434799497217798
15,-0.5230434515914624,0.008943004480814198
16,-0.7350158894389658,0.03340888348797766
17,2.273197262747507,1.6592060822299723
18,-0.248706822880306,0.00047336387826391046
19,-1.3624969243053529,0.32346390218741045
20,2.6004271108685675,2.415120242789553
21,2.6378794062167596,2.510035828038771
22,1.6197331543080296,0.5811112500896483
23,-1.4680365867571974,0.41798891665515714
24,-0.15906680530526174,7.968906662847441e-05
25,-1.7118235989973383,0.696208724662382
26,-2.1620860507221242,1.4338953425647183
27,0.8452930485835344,0.05685063130220602
28,2.2294541274288955,1.5685390073075076
29,1.662361714567985,0.6328686324365428
30,0.41742720301951675,0.0036873291664141217
31,0.08478401163837201,6.4512772628422255e-06
32,-0.6587314058204061,0.021922856125270895
33,0.37268020862446694,0.0023564601463830215
34,-1.3690838956997418,0.3289203016006121
35,-1.861890516173153,0.9100152762064465
36,0.3475020814126424,0.001786663566623936
37,1.1708524309553203,0.18931230262961063
38,-2.158704152465245,1.427297380023322
39,-0.8593759354922419,0.060506743625078796
40,-1.5981367817092156,0.5558875103402019
41,1.2760474240782491,0.2571649031985825
42,0.607131961049546,0.01598703629651166
43,2.603273513587265,2.422275214332266
44,0.9338501886424995,0.08263118582134954
45,1.1092513420144945,0.15574163192116153
46,-0.5697287475064612,0.012485424735802497
47,-1.685854451108513,0.6625123340818033
48,-2.2276404652177537,1.5648345661507763
49,1.6637245359461375,0.6345665040588734
50,2.2288741582719584,1.567353932575577
51,2.147408852075759,1.4053731385546904
52,-2.186620821127962,1.4822249656056035
53,0.15232565437814127,6.703850938916123e-05
54,-1.6032441202853551,0.5617922602589459
55,1.5047022018581435,0.45443144607051456
56,-1.5777070922380216,0.532641750850118
57,2.0266018784599815,1.181835318568011
58,2.140893230652204,1.392805163358926
59,0.7107400962370343,0.02937311646887031
60,-1.7958786763255445,0.8119606631108887
61,1.373859939583511,0.33291301619885166
62,-0.3749168303867809,0.002412875419059768
63,-1.5998138006583518,0.5578222389400143
64,-2.223789020119467,1.5569824407147594
65,-2.7755612341218026,2.873110060948984
66,-1.1918742723820572,0.20178764482994277
67,1.4915344751211208,0.4411270470060345
68,-2.5195054219753183,2.2157916382377034
69,1.499668690010168,0.44931692043547033
70,-1.165602470093955,0.18627892653369538
71,2.0551627799992893,1.2328612695612848
72,0.8928539610455921,0.06985721106330112
73,0.5724059245470405,0.012715454607097887
74,-2.2003100674389366,1.5095431725723898
75,1.055994748991564,0.13016556495935316
76,-2.4079423342196122,1.9541662833738256
77,-1.9043101243570961,0.9763300460864557
78,-0.8418447086546115,0.05597972907798321
79,1.0112415417743215,0.11101733427285243
80,1.7364200654802264,0.7290231424509348
81,2.981020674569141,3.4549998875739516
82,0.5420517024630098,0.010281680659584569
83,-2.9618989933002915,3.398867991513007
84,-0.4729861609685271,0.0060292159557306935
85,2.328803128136336,1.7780883188761765
86,-1.6107849402603638,0.5705788423881477
87,-2.304038323071228,1.7246446226629717
88,0.6139398139354473,0.016693812058675706
89,-2.7131841056395203,2.7058897238791464
90,1.4554935765757193,0.40595319080189185
91,-0.6792992149186059,0.02468250895975732
92,2.1706696433946835,1.4507111735341471
93,1.3939212887428933,0.35001998546632257
94,-2.672030169778305,2.598032054670178
95,2.4846069541516815,2.1322911455078946
96,1.9935728587290047,1.1242496903384793
97,-2.52791968416017,2.2361477496591275
98,-2.0000064010427687,1.1353463527770824
99,2.9002710097032596,3.2206950283254594
100,-0.34058798970573667,0.0016499524725752668
101,-2.4764025292407865,2.1128786855495614
102,1.9074146514085166,0.9812844804972003
103,0.01613684496766865,8.475506740879268e-09
104,0.19548982653933056,0.00018140317039572196
105,-0.7245348236769056,0.031620674804564985
106,1.6871257764751988,0.6641392579614946
107,-2.0638453937052175,1.248598419027335
108,2.047731652838312,1.219475647334523
109,-2.4326833342748815,2.01084620778149
110,-0.9471147228322252,0.08709006387376728
111,-0.19850902715455332,0.000192833927492031
112,-2.21450191149583,1.5381297238889278
113,0.4658205963238271,0.005678320470192233
114,2.020905490316016,1.1717945855578171
115,1.5913232815108156,0.5480684212028473
116,0.12220807896225239,2.7811815314637833e-05
117,0.3477155752218266,0.0017910144216637391
118,-0.2258707668116391,0.0003226006081094024
119,-1.473203646544889,0.4230107003892559
120,2.8924396978621925,3.1983548020380983
121,-2.050807167679795,1.2250062256573777
122,-2.7164634632395943,2.7145691943257817
123,0.5943100491641427,0.014715322412814702
124,-2.922589233581884,3.2847350204746752
125,1.995838749615567,1.1281512869106367
126,-0.1543995333794701,7.075711550152963e-05
127,-0.7174121460608713,0.030445334518853895
128,-0.19270578632499324,0.00017131888187960076
129,-0.9540058465750976,0.0894712101695111
130,-1.3119755433390123,0.2835312951139731
131,-1.094694917168936,0.14844116145278552
132,0.4787142554697601,0.006320993547637488
133,-2.1273404424604525,1.366848569182449
134,1.9464063041584145,1.0446800544928514
135,2.815295998852367,2.981952821746971
136,-1.9261556187285471,1.011484773005227
137,1.8702755571504044,0.9229191650502169
138,2.252730392620717,1.6164690585932509
139,0.29257005713812134,0.0009029336526864551
140,-1.640502944953712,0.6060018890238009
141,0.28413735798428164,0.0008038948798247958
142,-0.0799765099412566,5.1085418302232455e-06
143,-0.521119779084132,0.008815048728617603
144,2.6145767128333617,2.4507834322973125
145,-2.254515649367656,1.6201748635769977
146,0.9514797225465292,0.08859316089550351
147,1.144851582012084,0.17460671895785895
148,-2.5632313962044435,2.322515275238871
149,2.2077728522191205,1.5245418036516223
150,1.563114309712513,0.5164027289077425
151,-0.6677898193858169,0.023109177163532668
152,2.555456073167095,2.3033680125063034
153,2.0572498174970075,1.2366344438516805
154,0.9733321790951255,0.09638941662981104
155,1.2178258451913884,0.21792490660320768
156,-0.2744037508234962,0.0006999017004554187
157,-2.2036698960906147,1.51628648655702
158,1.3787909786520522,0.337067504581556
159,2.2829009322707643,1.679661017820737
160,2.499608641079014,2.16800161834758
161,-2.2029406297899605,1.5148215332467019
162,0.7969246008838473,0.04547876242302418
163,2.682533540327885,2.625371711048556
164,0.0013061078084453115,3.637090628672013e-13
165,-1.9183270688120944,0.9988084855804922
166,1.6389076757848287,0.6040680957718758
167,1.0971047405702397,0.1496334386590742
168,1.2285402748897711,0.22482811612509657
169,-0.8996888039939273,0.07188358119935623
170,2.129500351589116,1.3709684781860718
171,-2.805432069142009,2.9547658581716854
172,2.0387799229388275,1.2034530862146908
173,2.979180997979336,3.449582103834425
174,-2.2976238820195496,1.7109320154265881
175,-2.1132466815822575,1.340122199526418
176,-1.239077302585864,0.23175579444244987
177,0.08553091710103855,6.681487698112498e-06
178,1.907673675250095,0.9816984720220086
179,1.2814200843970571,0.261001924386079
180,2.357137053414773,1.8402072974307133
181,0.1699659478768325,0.00010381717259777545
182,-2.123946986712671,1.3603886179158604
183,-0.28961241144118155,0.0008672189705227762
184,1.305806546661402,0.2788852289646339
185,2.1938519613816148,1.4966240246982427
186,-1.4513771918495877,0.4020509147241557
187,-0.14900904112594926,6.139808451177675e-05
188,-2.1333772766845756,1.3783794861640122
189,-1.5339558634990662,0.48486321935875165
190,1.336588991579811,0.3025644669854003
191,-1.5163155273729656,0.46636781481460593
192,-0.6728073153554632,0.023785878814896577
193,2.871395155769118,3.1386597522202044
194,-0.17351426717586094,0.00011273902499309152
195,-1.9017927417400513,0.9723227280704035
196,0.8548537575559587,0.05931519364764648
197,1.2354013474446797,0.229323306748754
198,2.49892719148927,2.16637346041043
199,1.132216624617275,0.16774516134439954
