,data,labels
0,-1.6059116704053005,0.564891168981914
1,-1.7594860669623664,0.760590706570691
2,-0.980091068767579,0.09889368517995856
3,2.2280301782611467,1.5656301934458032
4,-1.7751368989340413,0.7824480958674966
5,1.2198373852102042,0.21921012351565816
6,2.9041230129662514,3.2317085563784502
7,2.9531917617315875,3.3734406096788208
8,-1.8213062126171586,0.8489876796430561
9,-0.4397048391418785,0.00452556495810974
10,1.3971164353624772,0.3527948889119283
11,-2.127539392193979,1.3672277883830206
12,-1.3292214421681159,0.2967837390198735
13,-1.9952124086148817,1.1270720790261968
14,-0.25682649091836396,0.0005379080627905264
15,2.7426980954134716,2.7844523211622967
16,1.1359129143176743,0.16973340860949115
17,2.4059187552074928,1.9495645635671073
18,-1.4813739122960417,0.43102730217170665
19,-2.7105352224383945,2.6988880390710075
20,-0.4585188288001225,0.00533646599622184
21,-1.1801578731255091,0.19476936180338755
22,-1.3226073144668717,0.29165506352956877
23,1.6737361950194458,0.6471217126330775
24,1.9201874831176156,1.0018130287801865
25,2.6449787925383195,2.5282155641871267
26,-2.614383289990966,2.450294312043388
27,1.2645182964205741,0.24905547977774073
28,0.11514045637021564,2.1921119608747652e-05
29,2.6346631421790843,2.501819417346561
30,-2.687880542078087,2.639339229501683
31,-0.20183948383107841,0.00020605858893230078
32,-1.477372192323633,0.42708919285303143
33,1.505280747692363,0.45502158764697787
34,-0.5788963254142265,0.01328594592475929
35,0.4459781020773681,0.004785048298908912
36,0.5336479320122844,0.009672957823763428
37,2.186002041546801,1.480996084108648
38,-2.335337547609686,1.7923224660070616
39,0.6998616481754687,0.0276834997349662
40,-2.5017548275999024,2.1731331428154377
41,-0.4023735205941268,0.0031899753035925515
42,-0.13138464245325743,3.713982608022359e-05
43,1.0404652626310567,0.12328447600117709
44,2.575247826456562,2.3522502066334843
45,2.9217541413517782,3.282328872687647
46,0.68021751186917,0.02481127865706778
47,-2.5861917232665776,2.3794824676308903
48,-2.197577889370945,1.5040707414312258
49,2.895245524568791,3.206351091159322
50,-1.399571649842782,0.35493660381603376
51,1.3655750736781371,0.3260064863498986
52,0.0076102096028822785,4.1926861982233277e-10
53,-2.4404444735678488,2.0287850083095664
54,2.7563022223708646,2.821003061651877
55,1.5696600418204536,0.5236493103553712
56,-0.25145650325449864,0.0004945347053901816
57,-0.5888163373616573,0.014193640554030718
58,1.3977024555777682,0.3533053373553457
59,-2.274793551419166,1.6625624953867966
60,2.3642860278246562,1.8560437170461181
61,-0.5231592073877662,0.008950747304389606
62,2.497203055264669,2.1622566097251634
63,2.3240792930119047,1.7678326270977733
64,-2.902154506084699,3.2260782048034202
65,-1.4384749519641034,0.3899717834723702
66,2.7558539132567246,2.8197951833037527
67,-1.3265438007228085,0.29470053338814617
68,0.9757948907394245,0.09729675073737909
69,-1.167945834171257,0.18762886627675235
70,1.8669298553690048,0.9177583066176225
71,2.2971086524103006,1.709832901665117
72,-0.3845869898534695,0.0026683835239991183
73,-1.6136881973978159,0.5739834879110789
74,-2.816131065572895,2.984259491492164
75,2.6537213852813117,2.550684939238368
76,1.6950442261250096,0.674325128516207
77,1.5676592545493877,0.521427814272171
78,0.4986468699955031,0.007417713149307281
79,1.7617526959233292,0.7637342727038676
80,1.910953841266191,0.9869493683547295
81,-2.958434550311437,3.3887409484728637
82,0.2383263102045774,0.00039948125701871895
83,-2.9118112734032096,3.253739803032059
84,0.5032213836103407,0.007687925053985745
85,1.8301644010733353,0.8621057173324638
86,-1.4818855815886212,0.4315324525783982
87,-0.5632880733841543,0.011944479757762139
88,2.450273388146522,2.051611415268598
89,2.3366267626621715,1.7951373227324043
90,2.1823082142275094,1.4736709587012529
91,-0.728884809107583,0.032354286341248484
92,0.6228293153148625,0.017650530011154353
93,0.6834157369231812,0.025263538204845504
94,-1.420363643088143,0.3734032162009055
95,1.9233620016397435,1.0069512214493692
96,-2.196337114955975,1.5015888335615066
97,1.4010104068334899,0.35619545923299484
98,1.555153105969997,0.507671426265291
99,1.2891862530151172,0.2666137921978423
100,-2.4761778496042455,2.11234824434657
101,-0.7234946101813753,0.03144702943297151
102,-0.18390617668105858,0.0001421839721118534
103,-1.2969048862585781,0.27226830382597983
104,2.131137976779673,1.3740964071842157
105,1.081141693688445,0.1418551317630321
106,-2.6186564734699798,2.461110554798179
107,-2.2878546790710295,1.6901509286394683
108,0.38065824626555544,0.0025622755867058533
109,-1.8136651887384574,0.8377629776078221
110,-0.9844363688918714,0.1005271962251123
111,1.291276025612305,0.2681371245428703
112,-1.047101605523997,0.12619384936351563
113,1.885226560385636,0.9461777166854334
114,1.8427594988037752,0.8809522738702983
115,1.3009089958679327,0.2752319828960577
116,-2.417398001617113,1.9757375071482859
117,-1.990018221907036,1.1181435894900382
118,0.12661549428121166,3.20403911479028e-05
119,-1.957942792990193,1.0638512599461558
120,-0.05723654221293106,1.3408076394716417e-06
121,-2.7448531901848305,2.790228309090513
122,-2.435117929865508,2.0164653089399227
123,-0.36205984695311333,0.0021018161431611837
124,-1.1136126274923077,0.1579751849123363
125,0.3498984706728545,0.001835953045375316
126,-0.9464998919314578,0.08687977817666581
127,2.458392243948601,2.070557416611711
128,0.17104383721893202,0.00010646937316804994
129,1.7447104225861851,0.7402805516731882
130,-0.3118348500292223,0.001163050388344633
131,-2.215877549859597,1.54091498872915
132,1.9284639515322581,1.015239178433202
133,1.0275875154637966,0.11777025188944412
134,-1.4598045547029126,0.41006514865308874
135,2.9266977549540245,3.2965841090870702
136,1.1237973888134416,0.16327491802884497
137,-0.014463477623944065,5.4699805795976886e-09
138,0.32381111614037206,0.001350580728613049
139,-1.8791950666478288,0.9367562623812565
140,0.9718889123294812,0.09586040297158815
141,-2.1238924590096158,1.3602849448317174
142,-0.495503004787738,0.007236097751469273
143,2.9180151289369585,3.271565127497339
144,-2.735114960339847,2.764170887256934
145,-2.8367554184425576,3.041479269714513
146,-1.291496476238697,0.26829814960622905
147,-2.2082243339429777,1.5254515802697497
148,0.3933719513062215,0.0029173932747212916
149,2.081300781375089,1.2805524354840943
150,2.061254843814063,1.2438921162156442
151,-0.663980579847828,0.0226047990158994
152,0.062405450408800966,1.8946031625777238e-06
153,1.2561802603205594,0.2432958238218738
154,0.11261864776112596,2.00647479328131e-05
155,1.8970942364268506,0.9648675959743158
156,-0.43398893167512664,0.004298314596191677
157,2.3921366655964036,1.9183613426179593
158,-1.6001425503165705,0.5582019806386895
159,-1.4136394884271817,0.3673664711603512
160,0.3272523283608173,0.0014083927243687677
161,2.9750738510166297,3.4375000497087647
162,-2.419749283101998,1.9811190002860417
163,-0.8030775593994077,0.04682677552980341
164,-0.7356045357726355,0.033511414272479056
165,2.94934217374686,3.3622253550680155
166,0.6278304046115375,0.018205926031402142
167,-1.9961933068181839,1.1287624463096404
168,0.30790343206709325,0.0011059436559158753
169,0.7344926149960807,0.03331792805867706
170,0.913294444081246,0.07603911920722028
171,1.4065962426839755,0.361109557857757
172,1.8321864797931893,0.8651160470537522
173,0.351336957556978,0.0018660207503360393
174,2.8721562837753662,3.140810159815984
175,0.5338031601364057,0.009683956307773744
176,-1.7970869387492563,0.8136989968773971
177,2.0378280248312475,1.2017558705938007
178,2.518406045058682,2.213138377827152
179,2.0888767881506194,1.294552289459608
180,-2.725767913798755,2.739263106171737
181,-0.7563878189423008,0.037277856581513724
182,-1.8792732830768444,0.9368781062674876
183,-2.2619936084843317,1.635743228628664
184,-1.8188835561532026,0.8454196728754386
185,1.577363539894029,0.532255946959776
186,-1.6883066070382378,0.6656524668867163
187,-2.689489744645032,2.6435493520387174
188,1.7544966618069537,0.753697119319463
189,-0.8538828340216567,0.059061537463044655
190,-0.8913503132715572,0.06941684516981395
191,0.5775455258875617,0.013165706210587325
192,2.7886421922652227,2.9087435361154474
193,-1.3400951538347372,0.30534065544470673
194,-0.3143439744880716,0.0012006258630120614
195,1.8720913838852775,0.9257268622365533
196,2.9751489065506203,3.4377206761786874
197,-1.562215710167504,0.5154126858135417
198,-0.6716532286389771,0.02362897894199467
199,-2.9394652361188816,3.3335247895257414
200,-1.6668590143590958,0.6384817666496193
201,1.3195246615715597,0.28928436476746666
202,-0.6613126972131456,0.022256316312345592
203,1.9338074546121895,1.02395925661224
204,-0.9823371130560621,0.09973572507940531
205,-0.09121883985264301,8.642633854250015e-06
206,0.7533458567595486,0.03670856317178439
207,0.9086683643936784,0.07460785225405897
208,2.9205681545011704,3.2789130187042916
209,1.7740785049821417,0.7809588196820764
210,-1.3206725752336186,0.29016570586977525
211,-1.955683576934684,1.060082061837708
212,-1.0317128124422548,0.119517926417817
213,-1.679252691419683,0.6541015608545168
214,-0.4113943474772377,0.003481600785734229
215,2.4462384967813673,2.0422262766515304
216,1.5012382925793117,0.45090796204762396
217,2.7808320122601726,2.887444562601707
218,1.971211615172507,1.086134367070915
219,-0.029004395187310905,8.84513321475211e-08
220,0.2813536716448155,0.000773053307706828
221,-1.2772576431947407,0.2580259876914512
222,-1.7475596600618601,0.7441724587021813
223,-2.422548191351269,1.9875340788420026
224,-1.756773405576423,0.756838306407553
225,-2.0098221710150046,1.1523888319034945
226,1.4144987728040324,0.368134461662184
227,-0.13940753497546954,4.705972992935514e-05
228,-0.9741256179976525,0.09668110101503735
229,1.3574524695214052,0.31932454249001047
230,2.583305931397099,2.372287624335619
231,-0.2779087178458477,0.0007361161141563599
232,2.6242991297505496,2.4754264802742076
233,-2.9184815572109386,3.2729070215982676
234,1.8478958547244932,0.8887035366195841
235,1.0915461661453065,0.14689299696099634
236,0.40397895696654773,0.0032405019205791197
237,-2.118779572732146,1.3505819346675176
238,-0.8183395913413345,0.05029250503691007
239,1.877009119740852,0.9333545874730138
240,0.12996577966769962,3.556348562738787e-05
241,-2.733575423904589,2.760061427047625
242,2.357364690905415,1.8407105502104764
243,2.955655424357217,3.380626702396515
244,1.1929607361749692,0.20244682111358825
245,2.0035528804545306,1.1414882559302528
246,0.615120395530937,0.016818647610896242
247,2.4989779820156084,2.1664947922964166
248,-1.9830798795472702,1.106276300146355
249,2.5965033635337242,2.4052730485022162
250,0.5737523247802159,0.01283230187497808
251,0.8719441928601128,0.06390673082558762
252,-0.31407287946808804,0.0011965231602049098
253,0.36027492589710075,0.0020611126693262927
254,0.37049680959973985,0.0023023363796547125
255,-2.555522388841717,2.3035310100022124
256,1.5504357945097773,0.5025403739123163
257,2.7458734853593905,2.792964723061338
258,2.402693396024704,1.9422406449116496
259,2.9952044148870307,3.4968945880384252
260,1.9089568716857341,0.9837507864777963
261,1.9638837889272889,1.0737975158100963
262,-1.2400540317829465,0.2324049598793117
263,0.12893029874113981,3.444511090855418e-05
264,-2.7934962325977555,2.922015895353564
265,-2.0682107525110043,1.2565501142176962
266,-0.5089704093846752,0.008037678636594214
267,0.31741481073793176,0.001247833450427449
268,2.904958938330232,3.234100782795851
269,-2.912673178195041,3.2562137352864124
270,1.511627287620497,0.46152628050003236
271,1.9945719331246075,1.1259690878270001
272,1.3311585787818636,0.2982967175366203
273,-0.6075427222678038,0.016029052464788918
274,-2.2817437795818236,1.677215298311455
275,-0.6898010303088817,0.026184210694024768
276,2.0455900515625416,1.215632267211342
277,0.2946867599987453,0.000929157846378148
278,2.8099877640094437,2.967308565356226
279,0.5025027397307489,0.007645004557519819
280,-2.270535943475641,1.653617746560514
281,2.9390558002521496,3.3323373624268835
282,2.5344592897744995,2.2520283211957115
283,2.394810287807066,1.9243957029075374
284,1.7042015237025314,0.6862175888310427
285,2.6019860086522435,2.4190376274661483
286,1.913249946688845,0.9906341152453584
287,-0.04829816118105512,6.799290049874784e-07
288,-0.024755756211868984,4.694295707707852e-08
289,-0.8595612914871786,0.060555939712359175
290,-1.2527422751616826,0.24094655559028144
291,1.349250829171008,0.3126669724878475
292,1.0964854657066825,0.14932643236648957
293,2.056245145561082,1.2348173325720524
294,0.3769062972319652,0.002463892359620634
295,1.086530691566539,0.14444963023089707
296,-2.5661340171128044,2.3296819142880127
297,0.6708660057611695,0.023522384303777955
298,-1.8367153175774773,0.8718796234301971
299,2.4970761718498533,2.1619537851975466
300,-0.7817916773600806,0.042280999563154564
301,-1.3060978726907206,0.27910352094023216
302,-2.940595194803283,3.3368028018521048
303,0.176721546250735,0.0001212859304956515
304,0.9710981213212548,0.0955714002129111
305,-1.0266690524537818,0.11738354229646542
306,-2.5554633508291875,2.3033859000336268
307,-1.025928436637611,0.1170723474884442
308,-0.977884299289276,0.0980711628000075
309,-1.740190999794025,0.7341313403289139
310,0.6874956064601134,0.025849058903972932
311,-2.507814301988514,2.1876518934278906
312,1.244902696663078,0.2356451956979581
313,0.8629040394134915,0.06144799280319502
314,-2.429471763460935,2.0034452107118
315,0.435779648255433,0.004368580970578795
316,1.9589849303197822,1.0655923632297328
317,2.4552615292241953,2.063241905379247
318,2.7936791673955277,2.9225166165898773
319,-0.07611911549402794,4.192428401106341e-06
320,-1.9333569300466231,1.023222476112477
321,-2.2589599230399315,1.6294184991562681
322,-0.7359400124979469,0.03356994853925921
323,0.5187693221522824,0.00866053260193822
324,2.984626575391257,3.465629867731389
325,-2.7102763858287497,2.6982043036886627
326,0.4481329698656542,0.004876661616775246
327,-0.09508460951404984,1.020226860171114e-05
328,1.1409852799226838,0.17248748787187673
329,-1.9146335328270927,0.9928581001857458
330,-0.5227851655432589,0.008925745607385238
331,0.2090103639662142,0.00023682361130972218
332,2.9198905577338117,3.276962117143086
333,-1.514349217573005,0.46433343586463255
334,-0.641954756285112,0.019842935811229867
335,2.248318829533355,1.607329689845019
336,-1.6718106153954964,0.644695684218178
337,0.29241765607612624,0.0009010670468405646
338,-0.4465707668730099,0.004810117537248582
339,2.8205618286892484,2.9965115977178223
340,-1.4919181629303813,0.4415112730139285
341,0.43936322835210895,0.004511739719278096
342,0.8042969418963626,0.047097251060096545
343,-1.0509321419525757,0.12789429932248197
344,-0.6763904318412761,0.024277801106445396
345,0.2389267980092784,0.0004035034543293792
346,0.34413674536651406,0.0017191118492309032
347,-1.325301423571556,0.29373716699909963
348,1.3638071599104808,0.3245446194653969
349,2.711668144040213,2.7018816477019736
350,-1.0491211374452751,0.1270884243329905
351,2.4952743656094176,2.1576556700567173
352,2.9829210117623983,3.46060019783553
353,-1.9119010883752572,0.9884685811501772
354,-1.1956273185420467,0.20407072824696393
355,2.909806966636099,3.247990007544717
356,-0.3807394614908901,0.002564436868729425
357,1.7225281207464649,0.7103822160542885
358,2.458415498792478,2.070611801679821
359,2.626955967146431,2.4821802179501717
360,0.6274393993708998,0.01816205218312905
361,-0.12644974400228204,3.187316861730238e-05
362,-1.075150045186968,0.13900778705621375
363,-2.2227137735837212,1.5547938135349162
364,2.3260210445286287,1.7720447734167775
365,-2.48911552813761,2.1429943063360586
366,1.5869610381670487,0.5430972738083824
367,-2.247649681947954,1.6059456764404167
368,-2.4834528897498416,2.1295554841866924
369,0.3729221514689369,0.0023625151220533214
370,-0.011624954599381176,2.2827865153729476e-09
371,-1.9958140763344214,1.1281087635222706
372,2.4070168253005466,1.952060987239387
373,2.0937255294776635,1.303553939286845
374,2.697119921349268,2.6635531531965655
375,-1.1653600648599507,0.18613965495249962
376,2.3546767316329227,1.8347723504930904
377,2.6111433168155127,2.4421078205742393
378,0.6861564511111915,0.025655804095105927
379,-0.33279734754357815,0.0015053923133286906
380,1.774233959939017,0.7811774604082165
381,2.6127759549402345,2.446231469275203
382,-1.2338817944924818,0.2283226920918474
383,0.13418074752162834,4.039881357953412e-05
384,2.599195214898131,2.412026643146693
385,-1.8239996448573024,0.8529644055836598
386,-2.329899645394098,1.780473044998978
387,-2.6529779822228745,2.5487708083822356
388,0.6562556920879485,0.021606442578696594
389,0.25973548153397097,0.0005625559763585697
390,-0.4049134381303956,0.0032701833133228497
391,-2.3271789632793736,1.7745589136889406
392,2.901935829427268,3.225453008126431
393,-2.977013351155774,3.443203206850661
394,1.4700323339557695,0.4199241396568933
395,-2.7753879083259774,2.8726392198008304
396,-1.056249650969167,0.13028064421352437
397,-1.4094314508749604,0.3636200872310323
398,0.12465312089688307,3.0102229259032498e-05
399,-2.1559471582592873,1.4219300582584988
400,2.6762149004022433,2.6089091760102283
401,-2.4564612182832315,2.06604376375189
402,2.9244311410832893,3.2900448259050483
403,-0.2816187647215864,0.0007759517557276441
404,1.965483885492711,1.076484895605058
405,0.28246111895291026,0.000785215562978836
406,2.1896169633686995,1.488182521652138
407,1.822079367778171,0.8501281370849079
408,0.9425022873600208,0.08552110211089192
409,0.7008468297704926,0.027833562397732825
410,2.5874369637972015,2.3825901845580137
411,-0.2813495536697239,0.0007730083467295534
412,2.369045963017971,1.8666242354051927
413,1.1463198768071097,0.1754160785062464
414,2.0208310952801805,1.1716637536716392
415,0.9064667457875757,0.07393334837092724
416,-0.5339943944947398,0.00969751855166412
417,-2.2386799536082975,1.587450662871433
418,0.8134162541515888,0.049155302961099046
419,-2.9235547647816604,3.2875179623860555
420,1.088503062382392,0.1454071924796475
421,-0.6468399321248084,0.0204331519436749
422,-2.1789029096615105,1.4669342854632526
423,0.6172259094797043,0.017042967246333585
424,1.9841670866335601,1.1081313669692965
425,-0.1840275171491763,0.00014255853526223827
426,2.8282204131091717,3.01774170277463
427,-0.052165900309434576,9.252516980362557e-07
428,-1.3298195419014478,0.2972503504127793
429,0.03345036825248915,1.564705607304262e-07
430,2.4081399548577984,1.9546159601058206
431,-2.1122888818287047,1.338315774815832
432,0.9825753665306101,0.09982533538956373
433,-0.827718392118391,0.05251019283521363
434,1.7940399408653338,0.8093193084530002
435,-0.7380303479650823,0.0339363230058759
436,2.090488424094193,1.2975406820183157
437,0.6425046887009751,0.019908752763005744
438,-2.741633267955671,2.781600392763913
439,0.43377904512578525,0.004290133787063777
440,1.7340029465993911,0.7257596712836526
441,0.8884716699563757,0.06857922359636426
442,-1.171057987812143,0.18943173596059903
443,-0.30812703356311344,0.0011091344686758875
444,0.3180927058838048,0.001258437916277555
445,1.4616796032493298,0.41186169140155676
446,2.4587151702597385,2.0713126902709815
447,1.622968641053376,0.5849478708555347
448,2.6296465058351144,2.4890281656394317
449,-1.8550917779891174,0.8996266841804071
450,-0.3429852999175962,0.0016964406863452242
451,-1.2422155342024321,0.23384580163471974
452,2.3006523195795285,1.7173994345055095
453,-2.535590931908189,2.25478165684858
454,-2.1764867555621468,1.4621639231175465
455,0.9271743430562083,0.08044833899592974
456,1.8794029942300998,0.9370801868624274
457,-2.9779009138276207,3.4458144830293223
458,1.9718519767087797,1.0872160631882195
459,-0.37526099521669876,0.0024216444861793196
460,0.16309321643999652,8.805021241231614e-05
461,-0.10648972733432416,1.6044287656891143e-05
462,-2.2199210184259437,1.5491164590252935
463,2.7783822477514697,2.8807781947838467
464,-0.6605736791562071,0.022160475478620545
465,-0.7616001820779061,0.03826795260606175
466,-1.524433305989166,0.47482441493041655
467,-1.9694588891363196,1.0831766339609872
468,2.7671326884298075,2.850253608714847
469,2.496338501302401,2.1601936268907025
470,1.5956681120154865,0.553046811538386
471,2.7353530190382145,2.764806577739739
472,1.944441554200809,1.0414338724931196
473,2.0425501745365846,1.2101877865436466
474,-1.0726217499579105,0.13781801992803533
475,-1.2793624365512015,0.25952803565023763
476,-2.0463588425072974,1.2170112269313373
477,1.1100398565050202,0.15614386866596974
478,1.2014137393923567,0.20762418801027294
479,1.3515320464213065,0.3145097219704512
480,-0.8598084169402394,0.06062157407714697
481,1.3922786691287463,0.3485988048651675
482,-0.15675603659423043,7.516753640057772e-05
483,1.6039612197189683,0.562624315655806
484,0.1134825730489406,2.068688250977946e-05
485,-0.8892305909111955,0.06879936134138565
486,-0.8834577248592943,0.06713723588434084
487,0.5403898604036872,0.010159143244889979
488,0.44926078748213083,0.004925122684510397
489,1.790409539330227,0.8041185483107225
490,1.3335383476448577,0.3001621810100106
491,-2.429316810540611,2.003088452556525
492,-1.228398594167678,0.22473590654163028
493,-2.7961693020663474,2.9293362905931617
494,-1.4418022565799906,0.39306479766914026
495,2.930159460580347,3.3065822353215104
496,1.2735216191590615,0.25537379455933
497,1.5874517365617562,0.5436551067186367
498,-1.9199805076375063,1.0014785223625078
499,-1.5845651047191445,0.540378490819966
500,1.5225262860777242,0.47282943087428075
501,2.0847616783778573,1.2869380633617926
502,0.6253396008455798,0.017927749173198393
503,0.8490228561292934,0.057803334826734165
504,-2.0354455108360323,1.1975134378618306
505,-2.612211192638682,2.4448046569269097
506,-1.671328891074067,0.6440895992352775
507,-1.2485866458388648,0.23812677554485645
508,0.47042117335645983,0.005901827026168371
509,-2.7002730484116286,2.671839426461303
510,2.033217965151124,1.1935541178388474
511,-2.915383004469061,3.2639971309661098
512,-1.5176707015797728,0.4677730787046067
513,1.6557098309697604,0.6246198376084484
514,-2.2317712266390175,1.573278096886179
515,2.511437025051597,2.196353627016357
516,-1.4225164057624098,0.3753489949697812
517,1.4633018696720104,0.4134199801650481
518,1.5439533674003885,0.49554100726050854
519,-0.5109504395096214,0.008160797024592048
520,1.1382956623661435,0.17102343927078278
521,-0.6275043178427908,0.018169331228006347
522,-1.8878877538118257,0.9503511813641277
523,-2.4566231523123196,2.0664220960187434
524,-2.1381763204067505,1.3875815980749713
525,-0.36285234635563857,0.002120078210300913
526,1.2724949722868582,0.2546481029871603
527,-0.1932359740961882,0.0001732061738003443
528,-1.101967072428761,0.15205877947922386
529,0.9801790669028123,0.0989265828706275
530,1.7177848247573424,0.7040813349251706
531,-0.38514124105677805,0.0026836105957965817
532,1.1348283480892523,0.16914838693840606
533,2.5407011561784314,2.2672344794742596
534,1.6546635010597734,0.6233281254257566
535,2.769579103754186,2.856879406088935
536,2.7746613619584055,2.8706659232648946
537,-0.09049144776694762,8.3704275793961e-06
538,2.5311823389779233,2.244064157561294
539,-2.079281295472253,1.2768339714651709
540,0.3840409681083816,0.002653445218134487
541,-2.5966277019303208,2.4055848104499673
542,0.7492219177614929,0.035946738406865575
543,-2.385481276883696,1.9033795881731086
544,-0.6613814989986384,0.022265254206879748
545,1.2278931100391457,0.22440712671884566
546,1.4738195053237249,0.4236117274956653
547,-0.2896577262474347,0.0008677580928636575
548,0.18727198580532178,0.00015285036266965424
549,-1.6745094219876542,0.6480974040684577
550,-1.5442573491901965,0.4958678957487412
551,-1.67891690796477,0.6536754485261251
552,1.9107521923761048,0.9866261253671273
553,-1.9622298607100483,1.071023533749035
554,-1.4810698580678965,0.43072729518440517
555,-1.8689225518112151,0.9208301742696481
556,2.19707161831753,1.5030578032091406
557,-1.7028060772827354,0.6843975124087968
558,-1.7785300068640202,0.787233483257721
559,-2.369128739588354,1.8668084899216915
560,-0.5814088523303713,0.01351172207830953
561,-1.7936688617727237,0.8087868430285297
562,0.045116765375357915,5.17743328876108e-07
563,-1.8471851421691807,0.8876287401883781
564,-1.348647095711771,0.3121804400424289
565,0.01851024083371211,1.4673492310102176e-08
566,2.3902063264103184,1.9140102142493016
567,0.22244952284499675,0.0003035718852774094
568,1.742376098461082,0.7371007382171572
569,-2.627657599514483,2.48396518155372
570,1.0855130911018014,0.14395727151779192
571,2.822871062769332,3.002905972453084
572,2.72086729284584,2.7262444149751213
573,2.438869877918906,2.02513944330215
574,2.0753993170368297,1.2697019538366052
575,-2.0077271580971825,1.1487400398400682
576,1.5465502518172487,0.49833781018470413
577,-2.200943350290487,1.5108130396227728
578,-0.0748838776591354,3.926969397549662e-06
579,-2.102895301572086,1.3206660865486417
580,0.4832050857588639,0.0065569095659984145
581,-1.750121343059642,0.747681603845336
582,-1.14848334615208,0.17661320414808435
583,2.362753527672224,1.852643404664639
584,2.8504300964486546,3.0796822330258373
585,-1.1050888796084826,0.15362985327454637
586,-2.6807744870012487,2.620783993365617
587,1.6255867478873114,0.588063423440824
588,-2.0784098113031364,1.2752310558561188
589,2.4599385165532937,2.0741750820841736
590,-1.702796786501627,0.6843854039058824
591,0.39258598740826667,0.0028944412226324934
592,-1.8543404159165704,0.8984826643883792
593,1.680211243578853,0.6553188684590361
594,2.2566321799705014,1.6245737777282152
595,-2.2018825081121713,1.5126972413960413
596,2.8690493942031043,3.1320363670452753
597,2.8838641576594783,3.173969786681964
598,1.0644556509535867,0.1340224820121807
599,1.0423135881048582,0.12409013002129776
600,-1.818561222709349,0.8449455887209802
601,-1.881782692402243,0.9407918628015817
602,-0.5428050125884831,0.010337581360275516
603,2.18662749430821,1.4822382211921126
604,0.043322501788502166,4.401779533091954e-07
605,-1.70488616070605,0.68711158817295
606,-2.980570542476323,3.453673922387394
607,-1.8613602453158369,0.9092026259862415
608,1.5205452846158485,0.47076249661303976
609,-0.11415213967817639,2.117890762332042e-05
610,-2.872076311274733,3.14058418385199
611,-2.2044682662801556,1.5178910732824606
612,1.2147652938843576,0.21597899898825706
613,-1.8588200212281505,0.9053152843756448
614,-2.7580255045683675,2.825648244867795
615,0.3190272762265245,0.0012731673162933443
616,1.7957071613246836,0.8117140743564535
617,-1.3180131598092144,0.28812650267247103
618,-0.6950728592162481,0.026962352076263185
619,1.749886852128805,0.7473599897124373
620,1.0302236242698992,0.11888500177708572
621,0.4069223709931151,0.0033346723174437765
622,2.2434148502152276,1.5972004296279365
623,2.9123611943726617,3.255318150589169
624,1.2870541486546037,0.26506540086175345
625,1.2440336992222925,0.23506230302247066
626,0.99824210044389,0.10584052414066036
627,2.8460096159721857,3.0673097390343194
628,0.9518239280871068,0.08871244909971332
629,2.0068551286841956,1.1472230805147825
630,0.20990736279852573,0.00024090027894829724
631,1.795474469590185,0.8113795991196262
632,-2.262311979571769,1.6364076832570957
633,1.3670879081726994,0.3272607574190682
634,2.6196671089719255,2.463671844227823
635,2.8172833211701223,2.9874436141457177
636,2.577964464817481,2.3589967148950253
637,1.6592391403128772,0.6289884759799462
638,1.7241421431672626,0.7125336644388667
639,-1.8451124182427334,0.8844983493929757
640,0.7448778446760613,0.03515654489201203
641,2.1134515967939542,1.3405088360974924
642,-1.9867613787107516,1.1125646586379276
643,2.2754059401263875,1.6638510143274416
644,1.6971060583790027,0.6769922289781551
645,2.01496779657428,1.161376878948023
646,-2.6381513152557865,2.5107310204278335
647,-1.5658632472817766,0.519438551617418
648,-2.6388443986074304,2.512503428930166
649,-2.9254584650363378,3.293007998589507
650,-0.8335548204224859,0.0539246639970411
651,1.1960251168461422,0.20431371839689616
652,2.9286089226084293,3.3021023231755655
653,-1.111785309626615,0.15703674813123958
654,1.0711048346863414,0.137107517830388
655,1.8453983546086112,0.8849298256096984
656,0.8945545018682584,0.0703575938097013
657,2.0156925924159754,1.1626458888810267
658,0.6723723058691178,0.02372665057832546
659,1.4540612482013113,0.40459269714545043
660,-1.1716289906978379,0.18976376517480353
661,-2.6974060627011185,2.6643046417506877
662,-0.0646916679093894,2.187764336136766e-06
663,-2.254088254649875,1.619287301483519
664,2.849632481651083,3.0774481643645455
665,-2.0793261099951654,1.2769164269379558
666,-2.7969044332806243,2.931350925176225
667,0.08741764625538861,7.290435787843386e-06
668,-2.476381702467342,2.112829513448542
669,-1.2886654689393957,0.2662350445514761
670,-1.129439211894854,0.16626150923417116
671,-0.9493433912783851,0.08785527994160336
672,2.163349964694782,1.4363651722298707
673,-0.9971270525698532,0.10540436509846174
674,-2.713349710601288,2.7063277311842704
675,-2.8401338249088868,3.0508979677852794
676,0.41852305892091657,0.003725642095997017
677,-2.710879044323894,2.6997963894232853
678,-2.156041083987433,1.422112743371483
679,-1.0821768417941697,0.14235102630818286
680,-2.3590450172308293,1.8444274117883612
681,1.8640023049954912,0.9132556383336115
682,-2.911144688372096,3.251827063012375
683,-1.2932772681058438,0.2696012035424863
684,0.4636191619773067,0.0055736041053362495
685,1.1363197527191007,0.16995320924780943
686,-1.9239588539337944,1.0079188744967866
687,0.13140474629423338,3.7162530447720776e-05
688,-0.8440654927827533,0.056539515584577704
689,-2.247976597755004,1.6066217698914267
690,2.7404146604683994,2.778338197958216
691,-0.09104786067538351,8.578061860831099e-06
692,0.46793237059234016,0.005780126658464946
693,0.5098393853950092,0.00809154254455724
694,0.12749100543525405,3.293460759934419e-05
695,-1.8939670603118621,0.9599231908657386
696,0.10271205349089474,1.3887765643705308e-05
697,-0.388931529901984,0.0027894737212105225
698,1.6983005037747647,0.6785401247971855
699,-0.6281166192651035,0.01823809025496581
700,1.4814198224848933,0.4310726124899834
701,2.933742186680731,3.316943821000111
702,-1.9037248426072395,0.9753975523277396
703,-2.102601663142204,1.320116320692421
704,-1.5918121899127045,0.5486272717565699
705,1.8482172898598952,0.8891898750949947
706,0.48521392360658755,0.006664508767756816
707,0.07660979386576106,4.3015252370048884e-06
708,-1.3891945641449914,0.34594034520624994
709,-0.5834003033408388,0.013692650889868818
710,1.3683538394788979,0.32831268341664005
711,0.4397172310196229,0.004526067053308269
712,-0.7321959140615162,0.03292081303617311
713,-0.2761283642467256,0.0007175508193197899
714,-2.198319078454756,1.5055543200668464
715,-2.471263020955338,2.100760592157514
716,-1.4155601412790695,0.3690844604355941
717,0.28733198254863446,0.0008404087041955499
718,-2.1473029084796424,1.405168322036934
719,-0.8929483082373819,0.06988490713289008
720,-2.779110769604484,2.882759953279153
721,-0.616684817050206,0.01698511353927712
722,-1.0511743580877213,0.12800234602317662
723,-0.07497475307023205,3.946057484882637e-06
724,2.5924855974533614,2.395209002032757
725,-2.9739134556370432,3.434089840450073
726,0.38922650124838665,0.002797839971264482
727,1.8584450612747698,0.904742262684899
728,0.9882891207275901,0.10199103446059088
729,1.2439922516912798,0.23503452512610118
730,-2.0126442223605197,1.1573136107686832
731,2.0834485967596565,1.2845133763050909
732,2.3578632217145152,1.8418129164486716
733,2.946331864099281,3.353466575780715
734,-2.0415339911829373,1.2083706540151296
735,-1.9946263249632634,1.1260627359878603
736,0.6601911658571975,0.02211098591292171
737,1.2276094986532122,0.22422279724865468
738,-1.1817252429935425,0.1956986940512771
739,-0.594375934310468,0.014721662283111336
740,-0.5064232694231148,0.007881308598845949
741,-0.8592682162463343,0.06047816635509451
742,-0.37187422328555897,0.0023363721499655155
743,1.5696794483341217,0.523670885591119
744,2.1748609746254184,1.4589584781905867
745,1.293193456992686,0.26953978486230384
746,0.4273203217524837,0.004043962604984297
747,2.381721134272956,1.8949401522108027
748,-1.4513082631601322,0.40198577127765023
749,-0.7458479735091124,0.03533192426072118
750,-0.5890421050870502,0.01421480991949875
751,-0.8796266280894445,0.06604986451626693
752,1.8007668222012079,0.8190062477703832
753,-1.195240784718991,0.20383480230995732
754,-1.8281565514202578,0.8591223974931497
755,0.4974106717634559,0.007345905539940856
756,-1.7123597072258128,0.6969146257061819
757,-0.06107259583296898,1.737903257303941e-06
758,0.1253438735616026,3.0774145156509114e-05
759,-2.3950603564657453,1.9249605714549767
760,-1.1983929499885912,0.20576404544260157
761,-1.3483865405893973,0.3119706154651367
762,-2.298563467578324,1.712937278904125
763,-2.846132940276833,3.067654614092687
764,0.5575762042755414,0.011479245589478548
765,-2.087001920580164,1.2910803059349667
766,2.6704949181809505,2.5940467152669306
767,2.7131689377223847,2.7058496079611385
768,0.7474689696390646,0.03562636222409743
769,1.8367555100081265,0.8719397808517333
770,-2.207176243180772,1.5233400008693099
771,-0.3270864768542987,0.0014055649964143102
772,-0.4631063857585671,0.0055494184068085595
773,2.543455365484239,2.273959235498737
774,0.6221662145350204,0.017577824142606446
775,0.4802342762646594,0.006400133333232638
776,-1.8310470242892134,0.8634189810489377
777,-2.88759586032349,3.1845710235062494
778,1.8910183724642247,0.9552738084912686
779,-0.2990308402561346,0.0009847491382459772
780,-2.5455924455664474,2.2791835436890553
781,-1.4597544230829353,0.4100171830518962
782,-2.809649912111129,2.966377586270424
783,-1.8215925401621398,0.8494099321704178
784,-0.46045072168656986,0.005425395732766014
785,2.7772885926116953,2.877804321555715
786,1.2215176985992962,0.22028753322635974
787,-2.9022085340983654,3.22623267910024
788,1.7890592964058225,0.8021891027498689
789,2.8073716024720428,2.960102891522045
790,1.4801723487997895,0.4298424866723867
791,-0.5087438293283393,0.008023677316941202
792,-0.8450876275690837,0.05679848478612237
793,0.02729076663363106,6.932965646022637e-08
794,2.836266405528937,3.0401170095969445
795,-2.805145350917547,2.9539772547081293
796,2.6652812536230943,2.580533282289644
797,0.9529131936787723,0.08909068032520318
798,0.3389963552518118,0.0016196149435100393
799,-0.9718712346827623,0.0958539358977164
