,data,labels
0,-2.717735342159041,2.7179388303445857
1,0.7498899955717651,0.03606937949400457
2,2.5994589369997163,2.4126887627500717
3,1.6517260880213307,0.6197102758599067
4,-1.936059878722523,1.0276471634056163
5,-1.260687341041307,0.24639824501291524
6,2.1055154706546295,1.3255769576571037
7,1.818462757648322,0.8448007973563525
8,-0.9476317144382467,0.08726715969987886
9,-1.6857065842199401,0.6623232593987062
10,0.6515460319196027,0.021013651266223676
11,1.5632311844197364,0.5165315816349403
12,1.9523429804500143,1.0545219832562873
13,2.301290927912853,1.7187647504463714
14,2.2755320978908298,1.6641165224110104
15,-1.7754651930952539,0.7829103706270862
16,-2.519864797843408,2.2166592846465942
17,-2.522650540373995,2.2233903026481427
18,-1.04102498858965,0.12352807284530898
19,-2.778811302433849,2.881945255637999
20,-2.0863821248128493,1.2899336007176034
21,0.6019073207836634,0.015459575053609731
22,1.5346976847530591,0.4856506490990868
23,0.5402377609310633,0.01014798169394815
24,1.2877229392605578,0.2655504645324973
25,2.4513147613742436,2.0540369458925087
26,-2.702559753913412,2.6778560252027654
27,-0.8502425978087,0.058117320558531804
28,2.558323795527971,2.310421459763607
29,1.0159831286608423,0.11294808317315852
30,-1.6442278285690792,0.6105314842509851
31,-2.5169216071649503,2.2095581504682844
32,-1.122674001736285,0.1626845719640687
33,-0.5227221729603375,0.00892154009993773
34,2.3936931047434413,1.9218731190286862
35,1.6026305823847178,0.5610809535276896
36,-0.7611419502926271,0.03818016668282509
37,-2.3282771346690994,1.7769449305665463
38,-1.4961684459284421,0.4457813372891425
39,1.9757431267554377,1.0938014363397741
40,-2.9767603488614336,3.442459012834809
41,-2.8378588498928767,3.0445541260011715
42,0.9128894674985313,0.07591306372372209
43,2.8388610551567606,3.0473480901254195
44,0.8951030420934245,0.07051953527100929
45,2.72196679345475,2.72916286261015
46,0.9847582883808328,0.1006489498132519
47,1.7700308667712417,0.7752782833240175
48,-0.8755689384833962,0.06491172383733879
49,0.25382716850517806,0.0005133475148179079
50,-2.4434697530128857,2.035797964656703
51,-0.49569048637586643,0.007246835653231476
52,1.311252261118753,0.2829840015585511
53,-0.35456501471352464,0.0019348237804518442
54,-2.7791796977561476,2.882947486164083
55,-2.3815791284939696,1.8946217808068915
56,0.7979110650720314,0.04569300098325113
57,-0.24954887864443975,0.000479773873929501
58,1.2920572054124362,0.2687080089262112
59,-2.3925708217096213,1.9193406148759453
60,2.0717169155877473,1.2629558747259328
61,1.7892899152753188,0.8025184618645147
62,-0.4898821057059828,0.006919559104596851
63,0.5604466885129602,0.011711360339443089
64,-2.668178056051917,2.5880376397985834
65,-2.9103694305734797,3.2496031099328304
66,0.03540801276581984,1.9643799042956545e-07
67,-2.942170835252176,3.3413760853141308
68,1.321241763551086,0.29060335591906844
69,-0.4985518013049832,0.007412172628168956
70,1.5628325935597696,0.5160922208246551
71,-2.3743968416980845,1.878552908899739
72,-1.6195897674795972,0.5809415710627825
73,2.882382231283664,3.169764148794776
74,-0.5162063356253634,0.008494318425023795
75,-2.4952149819473153,2.157514081508391
76,0.13434521679105726,4.059695170921529e-05
77,-1.45123394135089,0.401915538254084
78,0.47639467526722523,0.006201615487775758
79,-2.7121277288021357,2.70309646979323
80,-2.8044670806997365,2.9521120792241513
81,0.84362426922692,0.056427984602598014
82,-0.8502836637629225,0.058127912627769285
83,0.8719847378396324,0.06391791141276482
84,1.8320030159927239,0.8648426760717266
85,-0.2512665786403412,0.0004930501175456348
86,-0.3153126522538692,0.0012153711971693015
87,0.0036562988819026643,2.2339574634600012e-11
88,-2.996311422367026,3.500173601883836
89,-2.2035025274455355,1.5159502126752795
90,-0.1227875593136627,2.8342416226512235e-05
91,-0.4550405790188039,0.005179067704964457
92,1.863303518853666,0.9121827010605161
93,-2.5782381502761975,2.3596768788209457
94,-2.834310495973492,3.0346710580226834
95,-2.9767977275330306,3.4425689559829964
96,2.014691218888837,1.1608928265997445
97,0.49992897007279824,0.007492730319263674
98,-1.5236467146351955,0.4740009178143304
99,-2.207459365757952,1.523910260509954
100,-0.8048351558798759,0.04721698617663139
101,-2.103677261110529,1.3221306919910898
102,-1.5120637979969853,0.46197575483599057
103,0.9533407135057113,0.08923943540962898
104,-1.295136218754213,0.27096581744327897
105,2.3702416543435287,1.8692866064719902
106,2.987434347555787,3.4739168451019444
107,2.5052320075730634,2.1814590922231143
108,-2.518620051641307,2.213654750059964
109,0.2430651977612941,0.00043205123040590543
110,-2.1546254019590547,1.4193605180725923
111,-0.8037758949013725,0.0469815404895656
112,2.1412517553026325,1.393495218467216
113,-0.9817932223031436,0.09953136858842693
114,-1.9512215025544013,1.0526589465871525
115,-1.1725512088197794,0.19030083833861577
116,-1.6929908085843248,0.671675019706502
117,2.8409644934835754,3.0532157656411854
118,2.233127489881504,1.5760553322552486
119,-1.8201573216230595,0.8472945770780993
120,2.6694348209974876,2.5912964370411227
121,-2.5456532036362627,2.2793321540434013
122,0.04839569580060177,6.854368554964907e-07
123,-2.576471088826259,2.3552869605364646
124,-0.26883222897548453,0.0006450894498097881
125,2.0739067408393543,1.2669653243853012
126,-2.4341429506378027,2.0142141423159736
127,-1.3915551247150952,0.3479739612766645
128,-0.6959365020482267,0.027091397481547097
129,2.5205656869438258,2.2183519060795143
130,-2.376788204319264,1.8838957781514443
131,-1.4833060349039604,0.4329367285207286
132,0.9443995773624949,0.08616408418597021
133,1.9554918989833823,1.0597626058308087
134,-2.804265982396627,2.9515591792473885
135,2.155749905391394,1.4215464413021588
136,2.9433378760164457,3.3447651736452544
137,2.387922546993492,1.9088685208662648
138,1.1319497700860062,0.167602227291351
139,-0.3123497646206119,0.0011706891392230245
140,-0.9301068878929089,0.08140220303611134
141,1.1500301394127872,0.17747244294373687
142,2.52457220429159,2.2280390312221248
143,-0.8187191739471031,0.05038094828644635
144,1.1868768988034404,0.19877397780493755
145,1.4150461630039137,0.3686242215655902
146,0.9902247926416012,0.10273200335609889
147,1.3425255337283186,0.3072745880155445
148,1.875279198587985,0.930667414863664
149,-1.5392182972962418,0.4904660614287747
150,-2.26378190464633,1.6394772152674835
151,-1.7728114662146244,0.7791780863409097
152,2.249385292725914,1.609536705432963
153,-2.845849637615281,3.0668623867875096
154,-1.1394602512328167,0.17165633730264085
155,1.2381425164250857,0.23113562108929758
156,-2.260145391733542,1.6318885587912217
157,-0.29357618356227766,0.0009153290235566214
158,-0.5929362561754985,0.014583579944863145
159,1.858213705809896,0.9043888011377306
160,-2.9740062420562268,3.4343624701313016
161,-1.862914104029998,0.9115850859992263
162,2.89718672388621,3.2118884122407447
163,2.015142741242201,1.1616831136716153
164,0.1757138272131411,0.000118550067768175
165,-0.945617412762477,0.08657856751944215
166,1.6905929182692985,0.6685880525812254
167,-0.8214189288808837,0.05101317567133812
168,2.816932746216529,2.9864746825767665
169,2.5541392718403433,2.3001325456775708
170,-2.673027384405622,2.6006221920768358
171,0.34112525165238283,0.0016602876555378288
172,-1.1977648002088142,0.20537863383269694
173,-2.701544673880125,2.675184475708194
174,-0.8128704318217848,0.04903036064267963
175,-0.42892164757842544,0.00410399731149913
176,2.399944417306683,1.9360088546187892
177,1.1608432415813326,0.18355724290369313
178,-2.70880083930795,2.694308028237038
179,0.1326750055290704,3.8618311556715135e-05
180,-2.174849233388669,1.4589353417495394
181,0.3832757904529398,0.002632615499920332
182,-1.6857486576624088,0.6623770547238151
183,2.514078151586646,2.2027077256939105
184,-2.920433529071481,3.2785253717123837
185,-2.91231076073809,3.2551733852844436
186,-1.5038873123944614,0.45360102294721
187,-1.8948324848840938,0.9612901214319266
188,-1.0966422046344844,0.14940409560876333
189,2.5570725424736134,2.3073426545338296
190,-1.4588822352180284,0.4091832383967174
191,-0.1502822193808706,6.351952075345224e-05
192,-2.8148547397870223,2.980734269010067
193,-0.5654286179408938,0.012122323465135532
194,-0.9445780721157915,0.08622474746406916
195,-1.8204303413139413,0.8476967495699327
196,-2.801562031532512,2.9441293896382454
197,2.0421031815421555,1.2093882992095186
198,1.301068126306279,0.27535019411298234
199,2.9218300232170673,3.2825474789484828
200,-0.7965504398312984,0.04539768978485348
201,0.07659768514810805,4.298807664726567e-06
202,-0.014544945186501401,5.594265273245469e-09
203,-2.367300585639331,1.8627411950542316
204,-0.025528592281035323,5.30848153212915e-08
205,1.6315415918891132,0.5951864155846316
206,-0.3896290293219158,0.002809286806726652
207,2.7101412420763005,2.697847342732289
208,2.8679189769124225,3.128846768799276
209,-2.673539444949487,2.6019526569528493
210,0.12961812858231525,3.5185016955097126e-05
211,-1.0796270175670266,0.14113162866189954
212,-1.9985712004680012,1.1328658534408316
213,-2.838357537227874,3.045944233334469
214,-0.43972033673887356,0.004526192897557402
215,-2.597194860502678,2.4070071196957947
216,-1.7373561250105163,0.7302892322202751
217,0.8811959485250291,0.06649377486681529
218,-2.2809001410468994,1.6754333186879862
219,1.6840357208191756,0.6601889521519577
220,-2.831995497429065,3.0282308443389225
221,2.5255499809505517,2.230406118998157
222,-1.6045030004426462,0.5632534367372393
223,-0.6120993210298868,0.016500541627335052
224,-1.4922760734028293,0.44186987169717684
225,2.6983143718313762,2.666690751790392
226,2.826964943813131,3.0142569203309484
227,1.1347062008300082,0.16908258482231908
228,0.38431249457164984,0.002660865994736139
229,0.10462531151260768,1.4950822990744683e-05
230,0.8830497835402067,0.06702085766775978
231,-0.9696277524670589,0.09503564149692934
232,-1.2504428966840024,0.23938363987841088
233,1.8030270287931458,0.8222756817810075
234,2.4371141854922165,2.021078258686845
235,-0.6356373937346316,0.019098119423004323
236,-0.7550216576584079,0.03702140945923782
237,2.743373092989634,2.786260844094029
238,-1.8116337556287958,0.8347929574234314
239,1.1962698055304113,0.20446327858853725
240,-1.1129766820747493,0.1576481615579115
241,1.3418966253009135,0.3067733943811011
242,-2.5734427526955987,2.3477723956649315
243,-1.1293540879147066,0.1662161769778585
244,-0.9836922961569514,0.10024616848372814
245,-2.2811219902026023,1.6759018301885271
246,1.4328050114951774,0.3847362779078879
247,0.9770881032399803,0.09777556285488287
248,-1.2637699724205684,0.24853496322874286
249,-1.1833016324495798,0.19663634085310544
250,-0.8424455508817941,0.056130793788164324
251,-1.6669262029503051,0.6385658468393194
252,0.15641273302579384,7.451254616386294e-05
253,-2.6830762596145963,2.62678788648295
254,-1.005173153841509,0.10857954585554419
255,-1.41772167369982,0.3710239503279981
256,-2.7433597210302656,2.7862250114711014
257,-0.0016881083934396912,1.0150769114147806e-12
258,-1.7365144823632492,0.7291507908075352
259,2.3287085382059223,1.7778826758150168
260,-1.7103203218326668,0.6942315555456511
261,0.02311904348398386,3.570678708264552e-08
262,-0.9583804000003395,0.09100599535056242
263,2.49515497508696,2.1573710114821387
264,-2.334782040935033,1.7911102410028996
265,-0.1721288837935666,0.00010919005809040261
266,2.8913684817561176,3.1953042667377654
267,-0.49415967563870034,0.007159500920724926
268,2.476919329690846,2.114099025756217
269,1.6212238660474583,0.5828770576279316
270,2.4064682025483446,1.9508135221098872
271,2.9516084284690383,3.368825810366193
272,-2.585451101714114,2.3776349991477015
273,0.11914237519654058,2.5127435935190512e-05
274,2.458178247952323,2.0700569853246797
275,-0.8311868279205408,0.05334756994331469
276,2.0286490396467354,1.1854548333038295
277,-2.5694215533459985,2.33781120479462
278,-2.124001650541484,1.3604925538975376
279,1.221580647055351,0.22032796315202313
280,-2.7140369925984373,2.7081458581682756
281,1.3347723456400171,0.3011324350546323
282,-0.7369705108927627,0.033750208738604126
283,2.5776461926555987,2.358205857333846
284,0.9504771844770792,0.08824635457838648
285,2.7731264732711267,2.866499155975174
286,-1.6456182359438902,0.6122273941921934
287,2.2020306365003712,1.5129945345399016
288,-1.6763721082575669,0.6504513675930017
289,2.041138960495598,1.207664651283842
290,2.447282288403458,2.0446521805959987
291,-1.0163333529482839,0.11309159986162554
292,1.9460849014444737,1.0441486543969316
293,0.16820901324169757,9.960048903323582e-05
294,1.2569243430168857,0.24380623896692416
295,1.9101141133479311,0.9856036676219759
296,1.79792488587732,0.8149057935639783
297,2.332054647692715,1.7851643151054946
298,-1.0858600509949397,0.14412501767103025
299,2.7496427566764847,2.8030842285424313
300,1.1982224492582993,0.20565938461650807
301,2.244250791298237,1.598924828624382
302,1.514503989676471,0.46449336800344393
303,-2.648110993365191,2.5362552774727964
304,2.4135569722450194,1.9669613505551435
305,-0.6067597882190396,0.015949036468219102
306,1.190055668728748,0.2006874537176701
307,0.03187930726833965,1.2908386415322326e-07
308,-0.8572161948985784,0.05993559055514519
309,2.227284421597245,1.5641078541728033
310,0.7572151195600312,0.03743376766155326
311,0.4858739908746803,0.0067001455836595
312,-0.14476821030762999,5.471257819933406e-05
313,0.28231865888095387,0.0007836430969013763
314,1.7573465449778274,0.757630238535891
315,2.4434296966969224,2.0357050345420817
316,-0.9622754036642398,0.09238780586331563
317,2.222603723341228,1.554569897014801
318,-1.2442128843449705,0.2351824166195936
319,2.839799539897439,3.0499654381088934
320,-1.911151526483442,0.9872663139091653
321,-0.08387890817431876,6.180334460981207e-06
322,0.9142030745085652,0.07632247674136483
323,2.1745127963685755,1.4582724621271392
324,0.9308143506059383,0.08163349192033342
325,-1.2023963212710707,0.20823163193181848
326,-2.354782433186698,1.8350056895935676
327,2.618093057984992,2.4596831985634613
328,-1.577926041291486,0.5328877151955933
329,0.7383535881705718,0.033993232028206144
330,1.8298326872297208,0.8616124471186907
331,-1.5247630277331006,0.47516986701372793
332,-2.159986516815797,1.4297974021736208
333,-2.917932995021309,3.271328856675592
334,-0.20432962989347425,0.0002163807638799753
335,-2.3691832275030666,1.8669297807672363
336,1.0388516538401635,0.12258405861766852
337,-0.7528512403104708,0.03661658814829327
338,-0.3940547512855668,0.002937441821840414
339,1.8818255229006375,0.9408587409510757
340,-2.3589254021872117,1.8441627050220468
341,-2.764868902740081,2.8441285429352257
342,-1.5168181407524324,0.4668887032181018
343,-2.828365995580295,3.018145908368554
344,0.8201102355613887,0.050706009177959754
345,-1.290480131954072,0.26755629686077437
346,0.03400062182121211,1.6702203808893756e-07
347,-1.2518260512315593,0.24032298927324947
348,1.4562579593873588,0.4066804030345267
349,-2.5907945513060304,2.3909789084341764
350,-0.5986033166673748,0.015132619560492389
351,1.6816038039986143,0.6570897068301498
352,0.7122893640317258,0.02961963049712446
353,0.12540987188179198,3.083892645139308e-05
354,2.3613592509100974,1.8495523963224156
355,0.4754585653606256,0.006153911280276425
356,-1.381440939629411,0.33931368264737655
357,0.29112768876159834,0.0008853824145456102
358,1.9060106695804748,0.979042197356263
359,2.516489128022231,2.2085155873632227
360,-1.0484573865888553,0.12679393262260807
361,2.9049166738603835,3.23397981298147
362,0.2465163690612835,0.0004569887227220404
363,1.8315140860563917,0.8641143807309315
364,0.6443446436104949,0.02013011172344592
365,-2.7996384300235655,2.938848860093621
366,0.9255190447128561,0.07991337530564013
367,-2.3102250171365926,1.7379211545709254
368,-0.34746978177582744,0.0017860060066089423
369,0.32124773036527543,0.001308676967873068
370,-1.3775695309959017,0.3360353612669312
371,-1.3676572142306032,0.32773355640711993
372,2.0518028389461467,1.2267995229961364
373,2.715814373076334,2.7128502584277836
374,-2.2772612337756697,1.6677577201336515
375,2.7402967846639212,2.7780227368775807
376,1.8546371487873312,0.8989343713152008
377,2.0180719315166478,1.1668169341376888
378,1.2837272865371672,0.26266102633886435
379,0.36369177031164845,0.0021395496729157415
380,2.55804548342034,2.309736487351561
381,-0.2162254449173595,0.000271118822232741
382,-0.7280263076587694,0.03220854621768532
383,1.201389302997339,0.20760909609580436
384,0.06423350855024879,2.1264638154772086e-06
385,-0.3457968919208856,0.0017521940445111017
386,1.1836219130911756,0.1968272098522591
387,1.5798290501754781,0.5350284146471131
388,0.3593016853662725,0.0020391667760819576
389,2.85277771142509,3.086261898293224
390,-2.8820568798588333,3.1688411443434576
391,0.45160635658478476,0.005027045347895331
392,2.508981479364376,2.190453679492343
393,2.6648734685899065,2.5794776798175487
394,1.2433213288462586,0.234585175787836
395,-2.311408665570705,1.740466919069923
396,-2.4900476159827982,2.1452101742486627
397,2.427426723352541,1.9987392107634618
398,-2.1520387151746485,1.4143387720177722
399,1.3164708915921475,0.2869481555645128
400,1.1056659655096563,0.15392147078509066
401,0.7325571837637304,0.03298305300599502
402,2.628230820770284,2.4854238990249558
403,-0.07142767382398407,3.2509240975864273e-06
404,-0.7198146487447592,0.03083821318832558
405,0.9819089476634275,0.09957482593761013
406,-1.9520218231177437,1.0539882836717138
407,-2.8738241203361934,3.145524545159212
408,-2.322454556110463,1.764311918652079
409,-1.8579105126451656,0.9039257033878011
410,1.155252886949853,0.18039430557287095
411,1.2919094830868163,0.2685999934235906
412,-2.1839929318116074,1.4770095950075992
413,2.394597728704543,1.923915625364995
414,-0.8328585334278431,0.053754518960243414
415,0.3350589350032651,0.0015463463331173433
416,2.1470597997488285,1.4046983873556793
417,-0.07401863300845513,3.748674902270821e-06
418,-1.7304237274991974,0.7209427113547782
419,-1.879388284833474,0.9370572694743482
420,2.7484524647359443,2.7998868413335476
421,-1.2698975778933215,0.25281812062325376
422,-2.356982338832422,1.8398652979487398
423,-1.8720465401255963,0.9256574662326573
424,1.3344224366173094,0.30085710830172524
425,1.9134042057882574,0.9908819370150062
426,1.5275656226036007,0.47811237691575353
427,2.3549136080153,1.835295281601724
428,1.5675343126349226,0.5212892793539099
429,0.1434039225150192,5.2682562275196965e-05
430,1.5996877674178336,0.5576766978945327
431,2.674105227104894,2.603423061864319
432,0.04607694314460664,5.632367573449315e-07
433,1.7266776840840912,0.7159210802669449
434,1.732552150737404,0.7238049382583669
435,-1.5647486974777791,0.5182063863535183
436,2.118079746349185,1.3492566200015177
437,-2.178057332116605,1.4652639134429601
438,1.7382445580114165,0.7314920757198968
439,1.6827874972162897,0.658597143387935
440,2.75342686910237,2.813260009192023
441,0.5298255144104966,0.009405000335624303
442,-2.9329904549710273,3.3147685673108835
443,0.16779569919488324,9.862743698696441e-05
444,2.0663232348843383,1.2531086740448312
445,2.355284787774772,1.8361148473377342
446,1.8351246219274095,0.8695006405648091
447,-0.7901230102370147,0.04402098463039117
448,-2.8959392046613885,3.208329350578086
449,2.5679193586603404,2.33409501826716
450,2.4930037451833122,2.152244921068508
451,-2.16571049362671,1.4409837041673856
452,2.237662320189921,1.5853591074500717
453,-1.4856772073384787,0.43528718755865187
454,0.3871969995848952,0.0027406515703901624
455,-1.245660687037799,0.23615440156939993
456,0.029806511172180805,9.864845540441536e-08
457,1.8931575016412294,0.958645469818609
458,-0.6012644448109614,0.015395558960191513
459,-1.1492797486337227,0.1770552548922909
460,-0.6219751778262799,0.017556918267317756
461,-1.2168578528963134,0.2173082095538491
462,-2.058531751627748,1.238955064971085
463,0.38800412598289524,0.002763290496080484
464,2.3746789785830966,1.8791828895878084
465,-1.310706962267692,0.28257183576428574
466,-0.352396705244721,0.001888404621804618
467,0.6822190497085296,0.025093625337614056
468,-1.5882426025769338,0.5445548997277565
469,-1.234386529146366,0.22865473746637272
470,0.9984284569435653,0.10591353979175389
471,-1.6337555280745097,0.5978476662419328
472,-2.734592149748914,2.7627750505027686
473,0.6056206069591896,0.015833131141755885
474,-1.5732925182889745,0.5276970908576198
475,-1.407256367945197,0.36169310814018707
476,1.3254711654261424,0.29386866886345975
477,0.038969386079343415,2.8820025121945037e-07
478,1.0746051681135924,0.1387507913603897
479,-0.9851532685116666,0.10079847470912306
480,1.4746325521837162,0.4244060045432412
481,0.5929445300156582,0.014584370800391988
482,2.897062083057879,3.2115327452472733
483,-2.3311741282866576,1.7832467682788753
484,1.2338106916242015,0.22827594173973076
485,-1.8469427352562935,0.8872623191622311
486,1.0747198992507991,0.13880487840726452
487,1.0680245851749142,0.13567243522759453
488,1.330211350109236,0.2975562775999253
489,2.393336827224018,1.9210689825329534
490,-2.388833017281114,1.910917555852985
491,-0.1542847064691717,7.054727790289927e-05
492,-2.0811198678681526,1.280219090943604
493,1.3838728621678946,0.3413833863695037
494,2.47855169579784,2.1179557658584303
495,-0.14117440208883814,4.948714984587266e-05
496,-2.367922678087788,1.8641247526045328
497,0.34101172804783664,0.0016580998330711916
498,1.2900335852650695,0.2672307734830415
499,-1.232871176564226,0.22765879818625995
500,1.743005155220887,0.7379568628995183
501,2.642458799586395,2.5217556755935187
502,-0.30978351966127216,0.0011329864851998828
503,1.8104448079534885,0.8330574388697184
504,-1.082018241142771,0.14227497151495616
505,2.393799227055071,1.9221126736373482
506,-1.8405438027979453,0.8776202884085912
507,-0.5950863967731448,0.014790153697407993
508,1.1616028088187473,0.18398982952369491
509,1.645519653297356,0.6121070590525635
510,-0.024441019487056792,4.460094338298859e-08
511,-1.9291472984328084,1.016352068367624
512,2.5096745298314085,2.192118124630448
513,-1.5492984931114313,0.5013080586243592
514,0.06512803525017308,2.2473719332172237e-06
515,0.4684815654054013,0.005806821435306975
516,-2.9212424548224067,3.280854933333412
517,2.2890873634797897,1.6927662189606623
518,1.839592140877766,0.8761913383490774
519,-1.6908254409729713,0.6688870310462655
520,-0.031044240825673697,1.1608187999723185e-07
521,0.5079001263608713,0.007971698782750725
522,0.03383549708593403,1.6380131939719433e-07
523,-1.418719728869226,0.371921640000455
524,-1.0599390547943297,0.1319540472462848
525,2.639842187628272,2.5150560535305546
526,1.2385192455899334,0.23138542662246891
527,-2.7908405754612806,2.9147512333598993
528,1.1869399710849002,0.19881182625911553
529,2.9182032264097266,3.2721062468829754
530,-2.48829572608222,2.141046263830316
531,0.28368939656993586,0.0007988709211596001
532,1.0923440098636572,0.14728423922251743
533,2.395283494763923,1.9254646752539353
534,2.509840408696398,2.1925165903663073
535,-2.624911585724138,2.4769826129129666
536,-2.6921559332783063,2.650531498358425
537,2.9343954790670894,3.3188347312137156
538,-0.5158304914866765,0.008470142466623254
539,-1.3215931213195964,0.29087372770958225
540,2.47091942014098,2.099951607893473
541,-2.785766976524765,2.900894511153184
542,1.2054970562859157,0.21015624788884063
543,2.0610475791542218,1.2435159768852904
544,-0.3024618424281895,0.0010303761635396258
545,2.9556512990302135,3.3806146639345003
546,-0.8335617572975487,0.05392636100769832
547,-1.4370236969774473,0.38862750382997635
548,0.802007613718811,0.046590356923335796
549,-0.15822731965052395,7.802353619534852e-05
550,-2.937721065925799,3.328467709668256
551,0.4064372205320823,0.003319013055230302
552,-1.4004243058784396,0.35568230415149854
553,2.995469650509456,3.497680108122057
554,-1.7681748636044028,0.7726814494757193
555,2.560411059187482,2.31556155024334
556,-2.2466567639822137,1.6038930938730176
557,0.9626124509038512,0.0925080572949577
558,1.083995466611297,0.1432250934975976
559,0.13509942826806665,4.151489543835485e-05
560,0.8695070958153472,0.06323720378629616
561,-1.8994731034234147,0.9686382074378159
562,-2.696092957000827,2.6608568384788893
563,-2.5446826143606907,2.2769586910676787
564,1.800360187156632,0.8184188245620433
565,1.9291548304269241,1.0163643385793781
566,-0.6769775602907799,0.02435910157350296
567,1.5775635569229642,0.5324805424320833
568,-1.0292223253133286,0.11846072859813483
569,-0.4813236428336216,0.0064572977736432335
570,-2.3542848033563697,1.8339072832221777
571,1.4920134520327215,0.44160672779032817
572,2.243277204514614,1.596916579646609
573,0.0910492761809305,8.578594951735852e-06
574,2.379126776623269,1.8891277576949979
575,0.03569486968998925,2.0288082258623774e-07
576,2.4693567235191276,2.0962741960447238
577,0.795058621458347,0.04507546559296838
578,-1.5465754333378536,0.49836497718116807
579,-0.14275201238182866,5.1732706863649724e-05
580,1.5643109424321624,0.5177229206521348
581,-2.809309962699571,2.9654409578593266
582,-1.9003425486141299,0.9700183358535599
583,0.7001072973690206,0.027720862362635823
584,-2.143206403975582,1.3972604245611937
585,-2.3701250149055753,1.869026812279191
586,2.509131096486094,2.190812953342665
587,2.877848289341971,3.1569122391359645
588,1.9796173331742066,1.1003793793805803
589,1.080237373934752,0.1414228709442118
590,-1.5819292564955791,0.5373969511928072
591,-1.749273977573894,0.7465197820794811
592,0.992977458012759,0.10379209265656697
593,-2.7418717594436792,2.782239031242806
594,-0.18284942643931723,0.00013895294764965094
595,2.186909714107923,1.482798876689388
596,-2.9465551807790096,3.3541159944172128
597,-0.64143131264855,0.019780435614719538
598,-1.105111769852363,0.15364141324346892
599,2.8284114619987575,3.0182721494874487
600,-0.5745991887320439,0.012906196979298956
601,1.1679155536749768,0.1876113811766318
602,2.566867006364065,2.331493291222344
603,1.7899362568619752,0.8034419460550251
604,1.8838844748546117,0.9440768134526987
605,0.6779948533758864,0.024500432219321855
606,-1.3590700775707465,0.320648208189605
607,0.5354292854667131,0.009799724391021947
608,-2.710629594334037,2.6991373485227097
609,-0.5937407109363901,0.01466061998243351
610,-0.6576383857473962,0.021782750401456052
611,-2.2265937504495428,1.5626986234143578
612,0.9423802371721903,0.08547985440980521
613,0.8388627463559368,0.05523424372901409
614,0.4635132621594531,0.005568602865806405
615,-2.8740306894459158,3.1461086593639904
616,-1.2940281120045116,0.27015184366153544
617,2.1239782801856926,1.3604481177819379
618,-0.9087092174874263,0.07462040878347753
619,-2.4921617855172267,2.1502401985490174
620,0.8417923812604546,0.05596658644196051
621,-1.7668320962861608,0.7708058156431044
622,0.8918369610746093,0.0695591538106406
623,-2.4402189657965154,2.0282627134386315
624,1.0463210180985074,0.12584923344988486
625,2.980578963317533,3.4536987258342804
626,-1.793620787096174,0.808717874699266
627,-2.8378443734617527,3.044513776655154
628,-0.10458554583285595,1.4928126767288497e-05
629,-1.1700404658171248,0.18884102215088505
630,0.546200229342582,0.010592292715585594
631,-0.1559182253318112,7.357659308016018e-05
632,0.5677760676569181,0.012319571557319442
633,-2.1754755719776546,1.4601698196656814
634,1.983779917491864,1.1074705614710822
635,1.8885091039684614,0.9513270849680288
636,-2.9988838015123847,3.507798278969455
637,1.2851965091955346,0.26372110200003024
638,0.8031094892766442,0.04683384391581369
639,-2.0240286513235466,1.1772939991964337
640,-0.36587876033106603,0.002190902537152817
641,2.170169313585248,1.4497282581294786
642,1.1079275179135104,0.1550678952902801
643,2.159599172926577,1.4290420242749968
644,-0.6755839976795937,0.024166452431667707
645,-0.7079496980500428,0.02893284198961399
646,-2.9434522907504745,3.3450975149238733
647,-0.8759218131978934,0.06501015063889581
648,2.4072300791816383,1.9525459892593058
649,-2.2412480844042397,1.592735086913353
650,-1.3045013856171133,0.2779086203735203
651,-2.2490266181502414,1.608794270474581
652,-0.343773029895047,0.0017119263844526111
653,2.8425443211143815,3.0576260689324664
654,-0.057496011192686325,1.3652796921892474e-06
655,-0.5402005078300212,0.010145249309650217
656,2.43595255062733,2.018393343710224
657,-2.2474056524030575,1.6054410920213222
658,0.3081428970482074,0.0011093611019024063
659,2.4616510234949907,2.0781851443219566
660,-0.09875306846677079,1.1868799957737153e-05
661,-0.26716802140382345,0.0006293564462732659
662,-1.9784307653334094,1.0983624767295979
663,-1.3440591530236699,0.3084989683757032
664,2.3841422282070193,1.9003721022081357
665,-2.094460218310929,1.3049207105120397
666,2.166196091297576,1.441934743898501
667,-2.655207586734861,2.554513596726474
668,0.3003203958945395,0.0010017179801768972
669,1.3469932003183196,0.31085009276440767
670,-1.355835276617415,0.31800470936539144
671,-0.5119663724462007,0.008224502117701094
672,1.147696465579851,0.17617716431984476
673,2.2210737255546,1.5514585211508058
674,2.7582961826699997,2.8263781792852836
675,1.5361084387409472,0.48715029104688345
676,1.8857849939411935,0.9470526495520424
677,0.47520656109614734,0.006141115396024133
678,-1.0992035414191867,0.15067709388456052
679,-1.0256571633666078,0.11695850437397992
680,2.6014992558779086,2.4178141449217674
681,-2.050602995144877,1.2246386621953427
682,-1.8935931043927734,0.9593328622240507
683,0.47489711326618433,0.0061254295266301995
684,0.07936946175526671,4.955276576068535e-06
685,-0.3152592922524313,0.0012145554572799977
686,2.8045891019989284,2.9524475871331903
687,-1.0289357843283844,0.11833950565841511
688,0.46983152916258053,0.00587282501458497
689,-2.6021630186525817,2.419482623040688
690,1.4442351855232234,0.39533609277803217
691,-1.4312089751463624,0.38327052054535155
692,0.5495612548400337,0.010848930128072753
693,-1.8526652119299178,0.8959349286810049
694,-0.3425626484376636,0.0016881749457244855
695,-0.034230096497610774,1.715764589294011e-07
696,-0.355802147107112,0.001961684701490385
697,-2.998185882458281,3.5057288949397365
698,-2.9537496930852534,3.375067418386817
699,-1.1905546856018576,0.20098894434993592
700,2.579872378382679,2.363740143304799
701,0.30062500226449185,0.0010057577681931162
702,-2.700153933439024,2.6715261873456626
703,-0.8223834953666129,0.05124041303215032
704,-1.253887073132925,0.2417271717556535
705,-2.105408023548545,1.3253753885912753
706,1.1261673172420839,0.16452504844076643
707,-1.9443009742639579,1.0412018148443114
708,2.378959274900451,1.8887527819603604
709,-2.482269505859975,2.126752032534801
710,-2.736305964662071,2.7673518925355314
711,0.3296185261942397,0.0014491980788957637
712,-0.5304721543976605,0.009449943947248851
713,-0.060491377959371206,1.6727040236252932e-06
714,-1.60414749825548,0.5628405766168508
715,-2.1894541817519713,1.4878585349296964
716,1.2390498631816786,0.23173757454084343
717,2.2763773683708637,1.665895994228482
718,-1.4154734674075988,0.3690068234778201
719,2.139590299439723,1.3902988763941106
720,-0.9366420041988723,0.08355614562736446
721,2.8442077907810486,3.0622729039482808
722,2.2041310128499045,1.5172131477177149
723,1.9789174513838397,1.0991894948731546
724,-1.5472063707387294,0.4990459559389486
725,1.596553757795311,0.5540649197448
726,-0.2916116379338831,0.0008912426915608229
727,2.0367919146100375,1.1999099434588063
728,-2.9349660682708327,3.3204866477451995
729,-2.797608967718522,2.933282285379741
730,0.2061563416475627,0.00022419502264114932
731,-0.5840725169182419,0.013754119957412492
732,-2.6644468619772717,2.578373564485147
733,0.42194594187439716,0.0038472077653907144
734,2.115534076025863,1.3444413499215575
735,-0.6090143634142708,0.016180243672791694
736,1.3487984407852647,0.31230235940971995
737,2.842069819889291,3.056301139392829
738,0.2635422504521472,0.0005960713583603727
739,2.6269254059213125,2.4821024830029756
740,2.618620685070516,2.461019877266716
741,-0.6115925427876672,0.01644761150077456
742,2.7662677592405265,2.8479126997190805
743,2.5300390209413166,2.241288566667662
744,-2.0607225481474,1.2429262378863626
745,2.618448763021667,2.460584297390886
746,-0.4887360876671627,0.006856292274710407
747,-0.03272727762305072,1.4337453146939794e-07
748,2.875500977046393,3.1502675591329785
749,-2.345707479521576,1.8150247848087215
750,2.3730061349369693,1.8754490986856416
751,1.4745166212628975,0.42429269357244076
752,1.0319920363902888,0.11963685640060895
753,-0.3208000154208839,0.0013014585398455347
754,-2.032469612742886,1.1922255243143156
755,-2.8332670054788203,3.0317673704291135
756,0.23790884309116223,0.0003967026611875202
757,-1.1542428509420521,0.1798267532213388
758,1.6322949146286163,0.5960911515074712
759,2.194710694827397,1.498338653637316
760,-1.5887562148038628,0.5451397319118436
761,-2.6968481829620146,2.6628395792416657
762,2.8360073064521165,3.039395337519605
763,-2.685533595410911,2.6332043854149423
764,0.8990889920102085,0.07170412496604939
765,2.7470121764704363,2.796020087404402
766,-1.8084678533469505,0.8301761726486252
767,2.5691197716794134,2.3370644272365677
768,1.4296681229721067,0.38185876942084135
769,1.2918849690594723,0.26858207133538353
770,1.2433848451958616,0.23462769159074676
771,-1.0197719783691572,0.11450734746924729
772,2.6714072797787294,2.5964147693819215
773,-0.10743522393696914,1.6621175180753234e-05
774,-1.212244616701054,0.21438498012796064
775,1.6521643195881275,0.620249231916205
776,-2.8851149942401113,3.177521507166501
777,-2.2322343880688265,1.574226242697915
778,-1.1960548836929032,0.20433190880796254
779,1.5842770160332957,0.5400521356094798
780,-1.0862134262157748,0.14429600150045085
781,0.9697746099752891,0.09508905839292248
782,-2.9816614199946936,3.4568877290368634
783,-0.24179198594097517,0.00042311283311480263
784,-1.5813476136280866,0.5367403640396878
785,0.6179370325922706,0.01711921812598516
786,-0.19622309297048224,0.00018413144949225302
787,-2.0834008710607286,1.284425292677193
788,-2.541601639251023,2.26943210982424
789,-1.089635608746219,0.14595896749148607
790,-1.3973805674817055,0.3530249014155609
791,-2.8366634885581217,3.0412231569151893
792,0.305657255896409,0.0010742681420751188
793,-2.7030413914849203,2.6791240477158755
794,1.9515921198987574,1.0532744312064897
795,-2.1598285906581314,1.429489398238542
796,-0.8246772183583326,0.051783656233342135
797,1.08790593667144,0.14511684296575256
798,-0.8414001918301821,0.0558681528196634
799,-0.4763934585995595,0.006201553310303032
800,0.07504257554326621,3.960348638365474e-06
801,-1.930970556233431,1.0193246547426285
802,-2.356286612889539,1.8383277623781409
803,2.0621651468110542,1.2455448201177843
804,1.4168390075550557,0.3702311829315326
805,-1.653236353286451,0.6215688323263302
806,2.8376066481073936,3.0438512118325347
807,-2.9943858161377266,3.49447071482059
808,1.7352034488373578,0.7273794722782079
809,1.9519669134575954,1.0538970493842563
810,-1.159203944976158,0.18262594929194442
811,1.5535767133764953,0.5059532509009339
812,-2.8305615707650134,3.0242447596655584
813,-0.6299477691890161,0.01844484749469888
814,-2.41165072534592,1.9626127846231258
815,2.6919926706731028,2.6501037120078914
816,0.04083896313578661,3.4760669243016906e-07
817,-1.8231882616608277,0.8517653362015394
818,-1.56490308329517,0.518376958406483
819,-0.4694266816308099,0.005852973184751087
820,-1.560887903715765,0.5139518652551043
821,2.10161363717659,1.3182673553912663
822,1.1215187516193321,0.16207898038149504
823,0.12319444949402758,2.871949067184687e-05
824,-1.6759033692629013,0.649858528489026
825,1.0151893753138639,0.1126232775617072
826,-0.1083481974388234,1.7192833969503774e-05
827,1.1162058184753194,0.15931341674839472
828,2.8722768706753268,3.1411509122141275
829,-0.8180806406831596,0.050232232331365756
830,-0.9367942005605081,0.08360677604195077
831,1.510258580874683,0.4601186661343872
832,0.09955459049290472,1.225852112407555e-05
833,-0.7079171278429834,0.02892773118092795
834,1.0848759310601714,0.1436495655903467
835,2.129983527196284,1.3718909817884242
836,-1.4198534874400073,0.3729430424896158
837,0.8386681011923582,0.055185827889515426
838,-0.06648690167033067,2.4408128724839884e-06
839,-0.360677714710099,0.002070246348161886
840,2.6890256952048412,2.6423349590672127
841,2.7481184961024265,2.7989900204697995
842,-0.6983909143980949,0.027460562197210714
843,1.5760058319357633,0.5307329123763118
844,0.060331387679306125,1.655083268659041e-06
845,2.8979105357383697,3.2139541760511854
846,-0.6216529842509733,0.01752170029189748
847,-1.6331647317691222,0.5971368124611189
848,-1.0572012743590684,0.13071088085784088
849,1.8086105580199083,0.8303839654480198
850,-2.973788015095156,3.433721279774723
851,2.4793581842189223,2.1198624486841005
852,-1.3001568430899344,0.27467368513924306
853,0.12106426340369048,2.678635619846048e-05
854,-1.5181288702497056,0.46824876862810516
855,-2.868389180910978,3.1301733281816544
856,-0.316067293348929,0.0012269514454537056
857,1.7849595432992729,0.7963468467615423
858,-0.8021220559683622,0.04661560388519026
859,-2.607321420947818,2.4324670682695517
860,-2.6414672969293793,2.5192160609157503
861,1.1512694281356497,0.17816287759144955
862,2.320565243179896,1.7602221926045711
863,2.199811022300323,1.5085428597199586
864,2.0793973526781038,1.277047514024793
865,-2.1560977700545445,1.4222230033064518
866,1.81950145798697,0.8463288941898517
867,-1.2308910834226545,0.22636171795514676
868,0.7174413669929813,0.030450091282909986
869,2.350650672398003,1.8258953981091492
870,-0.7235924180375117,0.03146332753069758
871,0.35366693289128115,0.0019154961186120811
872,-2.986856388738534,3.472210329613615
873,0.16789410891061607,9.885847176660523e-05
874,-2.6577566039662246,2.561086271190655
875,-0.2825350761233567,0.0007860328243194381
876,2.3218466823375934,1.7629955717434567
877,-2.2629346284455676,1.6377075654728213
878,-0.38462833876795255,0.0026695172976607395
879,0.6313182276904241,0.01860069582113344
880,1.240637120169863,0.23279306711253378
881,-2.004905388910736,1.1438352275688504
882,0.2179660699269088,0.00027991975968366667
883,-2.387302485753545,1.907473661751056
884,-1.929478601186772,1.0168918629892454
885,-0.5561403738513055,0.011364410393355118
886,1.2780941916316202,0.25862229642371753
887,-2.761394107642679,2.834738301364496
888,-1.659283422117393,0.6290434028710163
889,-1.0665620393447146,0.13499462603481605
890,-1.4159666651051168,0.3694487359030825
891,-1.6390748344408068,0.6042705544228604
892,-2.3916194372709887,1.9171950071501476
893,-1.6027437471401258,0.5612121107675822
894,-1.3111659626285894,0.2829187467488955
895,1.4549485104877409,0.4054351255816177
896,1.8788513101633058,0.9362208697921248
897,-2.0685999403508086,1.2572603199804036
898,-0.4386842638637498,0.004484354091792153
899,-2.7324737807513255,2.7571225077149744
900,-2.499080551089291,2.1667398260026016
901,1.0613635167139943,0.1326040360575853
902,0.12490707390875899,3.0347966159638418e-05
903,-0.4469606956424834,0.004826663951070453
904,-2.1625765327521966,1.4348535425058053
905,2.6959914855488183,2.6605904899443793
906,0.7535304987009148,0.03674294003041256
907,2.788235827865085,2.9076336342862015
908,1.8590151014704244,0.9056134899689444
909,2.9925440015531883,3.489019767275264
910,-1.1408097214346775,0.17239167031607794
911,-1.1165573968011795,0.15949543639257113
912,-2.689774202432448,2.644293887396573
913,-0.8546161036592608,0.0592530351702637
914,-0.44472358774814147,0.004732301394604677
915,-1.261080229616231,0.2466699052018414
916,1.217865821145006,0.21795039961389234
917,1.9915962444640343,1.120852096319286
918,0.2218000922644361,0.0003000566946078642
919,0.07191115420885819,3.3398028154163484e-06
920,-1.385630965357967,0.34288460818374644
921,-0.5044205231875836,0.007759936336812823
922,-0.6083592718267443,0.016112814451106905
923,-2.5282954788793184,2.237058904744211
924,1.808987029098736,0.8309322873434484
925,1.4308091992934369,0.3829039262269001
926,-2.595150043872515,2.4018809771920786
927,2.75952306993905,2.829687765433574
928,1.2971038092502383,0.27241504835788716
929,0.5245523705032813,0.009044320874428524
930,2.084292742186906,1.2860718701071743
931,1.0082007793223564,0.10979115260911299
932,0.3309651738688828,0.0014728098466749717
933,0.5552211452321183,0.011291334247613416
934,-2.6478807427093867,2.535663877057461
935,-0.16029943325638651,8.218262688752809e-05
936,2.6542956357669247,2.552163978185034
937,1.8914288401623978,0.9559202735192651
938,-1.5261558186233213,0.4766308017498166
939,0.28861872802151645,0.0008554594426474216
940,0.8405229542347641,0.055648421973969686
941,-2.2577049964251974,1.6268057371137608
942,0.93902646759725,0.08435182699630439
943,-0.588470990285288,0.01416130313532693
944,-0.4059373751341644,0.003302936438929316
945,-1.0628428398746372,0.13328136086346098
946,1.480048700284791,0.4297206762013641
947,2.04325459056699,1.2114482634915
948,2.09133141019133,1.2991052245247228
949,0.33122714255848296,0.0014774361478104847
950,-2.1682392608383516,1.445939773573773
951,0.40957669135489194,0.0034213155263322914
952,-0.1171609159178737,2.3498927616993903e-05
953,-1.499410831623205,0.44905587122443774
954,2.443410999597452,2.0356616582098326
955,0.6422545306430689,0.01987879380227242
956,2.5668972902750564,2.3315681433514484
957,-2.5660048048391015,2.329362669727927
958,0.19960007515491718,0.00019709421103808467
959,0.9196256861510048,0.07802886823230082
960,-2.266080905006041,1.6442837518386322
961,-1.4177066189957332,0.37101041998769185
962,2.030612136975458,1.1889312205079619
963,2.0990234048649024,1.3134264389874013
964,2.056134706497698,1.2346176712803725
965,-1.4689016056339945,0.4188270209053237
966,2.8125222578097198,2.9742966979667833
967,2.863561278317807,3.11656441199745
968,-1.3414777127588569,0.3064398428842119
969,2.5217616360683515,2.2212414668423817
970,-2.2924540511161,1.699919187659988
971,-1.4975297725435521,0.4471543625713911
972,0.7460198636961035,0.03536306361518948
973,1.7955052925034387,0.811423900031859
974,1.4753792339146026,0.425136261439819
975,2.91421168587216,3.2606317714046584
976,-2.2192009648478663,1.5476543588702805
977,-0.02382664081766972,4.0282850499728795e-08
978,-1.0030002591979272,0.1077156759536484
979,0.28479322901055415,0.000811292987593637
980,1.3487091808083562,0.3122304503786923
981,-0.9126289940132777,0.07583206430781364
982,-0.5370240629145133,0.009914241651296174
983,0.5498296140809433,0.010869615283340184
984,1.5033146841326754,0.4530180381320313
985,-2.042532468699831,1.2101561127581288
986,-2.876955139613787,3.1543832209717584
987,2.6725020126013073,2.5992574606765055
988,-1.3133041932303375,0.2845384377208288
989,-2.586666479646887,2.3806670861683368
990,2.9975409395199257,3.5038170608698502
991,2.0018958238598152,1.1386163136270557
992,0.17750131044266615,0.00012343511538903673
993,-0.4950508263536766,0.007210247585307972
994,-2.9238133626492777,3.2882634916281916
995,1.927804211167219,1.01416536446482
996,0.16487512310144936,9.19528389250468e-05
997,-2.503930077004714,2.178339937845818
998,1.8510782867673452,0.8935251719703319
999,0.7471893681783888,0.03557545059640854
