,data,labels
0,-0.3496293228225644,0.0018303674266513248
1,0.6424104786337059,0.01989746631760647
2,1.3150340235029505,0.28585313785345196
3,0.2034058789519273,0.00021250758136381886
4,-2.7172551954823554,2.716666539610149
5,0.9190163157254423,0.07783579664274942
6,0.8330707535599622,0.0538063369156605
7,2.903535895833733,3.2300288255030734
8,-0.23026905390904284,0.0003483555992537246
9,-2.6978257643346524,2.6654070701553967
10,2.0949970770965356,1.305919920796192
11,2.3986631566944823,1.933107575505098
12,-2.3571860657812254,1.840315646591281
13,-1.6263560697932098,0.588980792007149
14,1.282199559321766,0.2615616783272814
15,-2.84672051340504,3.0692979905423923
16,-2.0546792029461827,1.2319878700752995
17,-0.6515463019152334,0.021013684908581354
18,-2.232883247255218,1.5755550133416767
19,1.2579245770228145,0.2444934671177607
20,1.3798022656964228,0.33792358086338764
21,0.2879783875590487,0.000847944668895706
22,1.7784126539508494,0.7870676996977124
23,0.09308160711542968,9.369978555495706e-06
24,-2.643333474372643,2.5239970146394435
25,-2.2126261687290465,1.5343359688945344
26,-0.9833327071167606,0.1001105503325952
27,2.868560670396697,3.1306572030858475
28,-2.237266279195263,1.584545490822397
29,1.0782956998127178,0.14049777861508728
30,-2.8427777266970224,3.0582778902983714
31,1.894416535115445,0.9606329986925058
32,0.5202234791320413,0.008755890708533554
33,-1.7469107015113619,0.7432849833449223
34,-0.6406348566097653,0.019685610917722807
35,0.9945602829280702,0.10440506049857701
36,-2.8046173241308314,2.9525251886832087
37,1.8354716045597694,0.8700192637578278
38,1.192520230946549,0.20217938724996287
39,-2.8682366267511266,3.1297429088489017
40,-0.40010655043890253,0.003119624456502823
41,1.1177597749897012,0.16011899145042352
42,-2.7373953793095165,2.7702629989483043
43,-2.759492125491739,2.829604270106723
44,-2.3173329430540726,1.7532360880064228
45,1.5049592142340895,0.454693551561241
46,-0.2947866635779093,0.0009304094192562617
47,0.32575883233012437,0.0013830808177793807
48,2.280923237788744,1.6754820924649978
49,-0.5959275200140874,0.0148715408420943
50,0.615917251255488,0.01690329010343894
51,-2.5982514719544056,2.4096578961981354
52,-1.8625824948602963,0.91107635396079
53,-2.2330319207003115,1.57585955407977
54,-0.41837383935825656,0.003720407909216794
55,2.8490699848989456,3.075873075990041
56,0.7392840327362968,0.0341574256518542
57,2.947529062924513,3.356948744833896
58,0.38050284992383965,0.0025581439749500223
59,-2.989483612186424,3.4799705631542097
60,-0.38449105868412303,0.002665754496598227
61,-1.4895637702617703,0.4391568314133765
62,-2.1484190376975594,1.407326856671534
63,-2.8928096032848885,3.1994084896708697
64,-0.356773699853826,0.0019829725066181636
65,0.4269204687962169,0.00402907363696936
66,0.7221072213339097,0.031216495255595778
67,1.2618041157318425,0.2471709434169645
68,-1.2762295772770662,0.257294387516519
69,-0.241656234397027,0.000422168019473812
70,-2.5302401852035366,2.241776810103017
71,-2.971329997070388,3.426502776971884
72,-1.8119951270867287,0.8353208588789982
73,2.381377389066654,1.8941695330756052
74,0.475479981404634,0.006154999614929824
75,1.7481977720842892,0.745045694859984
76,-1.4142637708791834,0.3679243269637011
77,2.926866765117955,3.2970719383783873
78,-0.9264398391989852,0.08021065316273324
79,0.47448960595031675,0.0061048180395262275
80,-2.613223518180777,2.447362460577441
81,-1.4126533545714859,0.3664863525467937
82,1.0520665047030295,0.1284008475366334
83,1.1711763880618946,0.1895005520344809
84,-2.7359459643124904,2.7663902095914668
85,0.8324098877524504,0.05364508892151609
86,-0.4467737487409318,0.004818725732105178
87,0.2926910063799246,0.0009044170852571254
88,-1.0110481155904671,0.11093905678058291
89,-0.9674711314334421,0.09425359656748944
90,-2.5166247360328473,2.208842468437428
91,-0.433549964048888,0.004281217952911254
92,-0.563934030784786,0.011997946002316295
93,-0.8251625089945431,0.051899112238534606
94,2.215207175820588,1.539557361798957
95,-1.5976107400448774,0.5552814617911396
96,-1.7727485833336474,0.7790897693294236
97,-0.10655121463812867,1.6081340655893506e-05
98,-0.6517640085524032,0.021040824569293015
99,1.9901407579056478,1.1183537838123283
100,-0.6848130733284741,0.02546298825689841
101,0.2797371621461222,0.0007555530719725034
102,-1.506430118003142,0.45619539262746417
103,-2.850233968131247,3.0791328237782176
104,1.9564620324904292,1.061379993498321
105,-2.468151775858592,2.0934407264048245
106,2.5892128875216773,2.3870255347086378
107,1.574819692775531,0.5294044936141029
108,1.4832247160439769,0.43285625960325547
109,2.637721548751535,2.5096322725297133
110,-0.35127704728349496,0.0018647612425839455
111,2.5408727892610727,2.267653274211891
112,-0.6396026506959336,0.01956320871248729
113,-2.403359589566168,1.943752311362454
114,-1.3168559615525361,0.2872420709770163
115,-2.02917358881182,1.1863832135312333
116,2.358707612039435,1.843680784960993
117,1.380603116780204,0.3386024973249402
118,2.8167243704216878,2.985898831994235
119,-2.372929459671315,1.8752780449707593
120,2.5166384892777396,2.208875621685783
121,0.9871513660549835,0.10155722967397907
122,0.4103623402330898,0.003447277208701638
123,-2.3574568629797463,1.840914339830273
124,-0.9946097367363755,0.1044242521451314
125,-1.9005079373993843,0.9702809908263067
126,-2.8718404570613663,3.1399177790873543
127,-2.8918856366547843,3.196776825387192
128,-1.5772289575134892,0.5321048590326665
129,1.2478336548345546,0.23761816111090966
130,0.4150696129268523,0.003605891890782642
131,0.6635682113879962,0.02255067903163066
132,2.7043983206837314,2.682697929361907
133,-0.6140786040266093,0.01670845279394295
134,-2.2700101185362485,1.6525147022696576
135,2.497890881491907,2.1638985456533004
136,-1.8870043111443782,0.9489645821421071
137,2.49720665014644,2.1622651896883336
138,2.218991533477543,1.5472292292339795
139,0.3476498725883128,0.001789674610816805
140,-1.5314603602668906,0.4822200120731614
141,-0.12538445504006557,3.0813966221066025e-05
142,2.553335949924789,2.298159763048326
143,2.1437972496414686,1.3983995843334998
144,-0.813786678239965,0.049240223910001935
145,2.629624698117894,2.4889726261985423
146,1.1394286535306204,0.17163914478821574
147,0.8598377109161861,0.06062935762054167
148,1.7336354748556175,0.725264269542568
149,0.0032627660266868475,1.4166223749612072e-11
150,1.2051717266528579,0.2099537669282645
151,0.18340468815661337,0.00014064374002276114
152,2.240924332028352,1.592068421968264
153,2.2251583721251027,1.5597719402014776
154,0.24842530172727795,0.0004712351721511965
155,-0.372357799643924,0.0023484092763079722
156,0.7212253544151741,0.03107059253480493
157,1.6220381659925707,0.5838429774736398
158,0.0923142735493876,9.065021119303296e-06
159,-1.2471055198424823,0.23712701302901384
160,-2.947869331835494,3.3579387377128325
161,-2.0745525153308284,1.2681489695783277
162,-1.880531555366234,0.9388394209046753
163,2.7032314394886363,2.67962446738037
164,-1.4678320206254094,0.4177908679260303
165,2.207658053394689,1.5243105171198965
166,2.7572403669344707,2.823531449102574
167,-1.499516867326529,0.4491632077337849
168,-0.04045889596497876,3.34847952254691e-07
169,1.2369844588831311,0.2303688326992404
170,0.8236356234720454,0.05153646323797878
171,2.0034597006826687,1.1413266581999573
172,2.0332992792983573,1.193698526684338
173,2.6220751249886085,2.469779460657122
174,-0.7019700466172791,0.02800536344472071
175,0.5154981776658918,0.008448808639060612
176,1.6015962274550377,0.5598829938184235
177,-2.5068631535897623,2.185369917596079
178,0.861795195036418,0.06115106607264986
179,-2.17520139863984,1.4596293743420279
180,2.2988844726201156,1.7136226319407786
181,-1.2471297220106492,0.2371433273969295
182,1.9714432714260681,1.0865256129661527
183,1.8808297352584074,0.9393045372118842
184,1.9905834732575416,1.1191133797785864
185,-0.6763926116331151,0.02427810258259222
186,2.4670075261712068,2.090751659284606
187,-0.1459504269662859,5.651854906540965e-05
188,2.7045721400454656,2.683155889726328
189,2.9004090730266094,3.221089490060546
190,-1.7095631542920282,0.6932369364794659
191,1.571252927934455,0.5254219936417988
192,0.6137502165189055,0.016673826808276337
193,-0.08168318521209228,5.558503197722331e-06
194,-1.384769451099672,0.34214845012003403
195,1.055808842443776,0.13008167838547913
196,0.4228241442641538,0.0038788643527433164
197,1.4775958476549444,0.42730870249486724
198,2.6863095466556164,2.6352319851909694
199,-1.4546481734743413,0.40514984248218827
200,2.4426538237695468,2.033905415834393
201,2.12745666399306,1.3670700931253046
202,1.6409042173808306,0.6064888904207337
203,2.935944095876934,3.323318976819796
204,1.3869900328164029,0.34404796271024357
205,2.7042247671460364,2.6822407044184056
206,-1.825469216699135,0.8551385670032223
207,2.2405560020249995,1.5913101326715204
208,2.321400413419971,1.7620294840892183
209,-1.3900626869548431,0.34668735277014795
210,2.4048004443595197,1.9470236909738505
211,1.6845499408588491,0.6608453706775423
212,0.03996770122938642,3.1888278673175563e-07
213,1.5271949234626891,0.47772253345921445
214,-2.92826326159201,3.3011039793330865
215,2.9551416899406764,3.3791276747407895
216,-1.025610944132835,0.11693911547574842
217,1.2832223248345276,0.2622973258864362
218,-1.7485054802558218,0.7454669942110491
219,0.570964929224596,0.012591259889287998
220,-1.3078001442028802,0.28038124889492083
221,0.8253735995720985,0.0519493898236566
222,-0.9000857234546027,0.07200250717565804
223,-2.0674229550562444,1.2551131520861472
224,1.5252814068571876,0.4757132878279302
225,-0.499426677882552,0.007463274555110977
226,0.9385406707217685,0.08418929391201879
227,-2.171383967296771,1.4521150743010296
228,-1.7628089637758866,0.7652017376359439
229,-1.617467817351471,0.5784339826304383
230,0.8095696099919154,0.04827957365546742
231,0.25610225702194533,0.0005318989677665087
232,0.6115958960811181,0.016447961327312743
233,2.76879513171718,2.854755374179651
234,-2.759025591793055,2.828345586611722
235,1.314846278992265,0.2857102597026669
236,1.50037444639863,0.4500318880934517
237,1.7286407616531223,0.7185500861197047
238,-2.0714663165051865,1.262497465030957
239,2.1034595365929807,1.3217228108494337
240,1.576306566886159,0.5310700404254667
241,-1.9000490210641818,0.9695522791619258
242,-2.871120030270836,3.1378826020902433
243,0.7694153137799327,0.03978741842233835
244,2.1424508922091032,1.3958044783909136
245,-0.4917587085966719,0.007024083632254263
246,-1.4026921543545234,0.35767049266297296
247,-0.6475332648616372,0.02051793666629509
248,2.4297256164276924,2.0040297380424303
249,0.7907841583501867,0.04416120915852584
250,-1.9044651494665243,0.9765771201200655
251,0.6813660009964222,0.024973008408509023
252,-2.132582313766944,1.376858187483485
253,-0.9532467494129762,0.08920672593913759
254,2.349131769780076,1.8225518222334232
255,-1.6577100148770596,0.6270934930410507
256,2.892954484156369,3.199821229025662
257,0.4786836039968012,0.00631940512408713
258,-2.1589558910922433,1.4277879789552614
259,-0.7041466232528801,0.028340449677669466
260,-1.328179068731709,0.2959716505365778
261,2.659591360990559,2.565821951503943
262,2.3359456208991443,1.7936498585696319
263,2.7796598989839953,2.8842541205640444
264,-1.2987448079722388,0.2736275596356721
265,2.3444743004338733,1.812317792593954
266,2.3240411117774817,1.767749851380915
267,-1.9657507698745598,1.0769334833961657
268,-2.942506605739733,3.3423510097336537
269,-2.443941042053112,2.0368914996459737
270,0.4558170916710811,0.005213905860615764
271,-0.9526043896721408,0.08898333934468095
272,2.303258052799591,1.7229737170556092
273,0.055820754645612425,1.213018196111193e-06
274,-2.114057025485345,1.3416515029130793
275,2.014822361843195,1.1611223330304123
276,-1.1585495470937714,0.18225506467978958
277,1.6951241407762847,0.6744283883246771
278,2.5248740956718416,2.228769751789115
279,-1.8938964879469788,0.95981176967239
280,-1.6782680940934542,0.6528525590128715
281,-2.9711337587206574,3.4259267655819143
282,0.7918503739680984,0.04438801411634952
283,1.90998765061794,0.9854010927597021
284,-1.791773519538038,0.806070296982096
285,-1.9112367863362418,0.9874030268843168
286,-2.3681041803759753,1.864528513969773
287,-1.1050165406384258,0.15359332470205367
288,-2.114017644057794,1.3415771603765183
289,2.216134121293045,1.5414347504595178
290,-0.7580352829158672,0.03758879287850714
291,-1.6897837852177076,0.667548275595455
292,1.6282908851421247,0.5912917019417478
293,2.946554756089192,3.354114759341043
294,-0.1290438694360141,3.4566469320984616e-05
295,0.04609071870875603,5.639105007393397e-07
296,-0.9711493411960466,0.09559010077264374
297,-0.5774387754475594,0.013156237911355229
298,-1.1486667683135547,0.17671494884771966
299,0.3952605452971856,0.002973095514524293
