,data,labels
0,-2.3966304192447767,1.9285089268227058
1,-1.3624509500656203,0.32342602314453184
2,0.5549590644377189,0.011270562604746792
3,-1.8414729457844952,0.8790166828422148
4,0.8288517334861147,0.05278278286035332
5,-1.9558264512989523,1.0603202142504615
6,-0.4640204834695405,0.005592587000226468
7,-1.581751555351365,0.5371963020587176
8,1.4784125008266678,0.42811081167054293
9,-2.406628891766532,1.9511788598021913
10,0.23074046377280588,0.00035120433907998017
11,-2.269047602745407,1.6504965363898187
12,0.8517197168183994,0.05849916786117704
13,-2.4049986542759445,1.9474739209980223
14,2.256047678439823,1.6233583811816423
15,0.22296194793177637,0.0003063671391762002
16,0.8377935259072071,0.05496865676639251
17,2.889520482516888,3.190044663270395
18,1.1924985777090553,0.2021662474567022
19,-2.231751483693655,1.5732376870990565
20,-1.1607615241955236,0.18351074391709166
21,2.170964094608027,1.4512897914307312
22,-1.846420491001129,0.8864731845974977
23,2.0059416693784957,1.1456351958975017
24,-2.3962772504678624,1.9277104897305495
25,-0.15948339570423675,8.052538610614501e-05
26,-0.8119962046927247,0.04883071360744107
27,-0.5766693148659776,0.013088136919361615
28,2.7185666324085327,2.720142211644237
29,-1.2249572245676728,0.22250380671071018
30,-2.0265447360440954,1.1817343711173964
31,0.25078693092718707,0.0004893156468320781
32,2.564840675462417,2.3264873662885415
33,-0.8884909561528755,0.06858481175846076
34,0.42226639929937493,0.003858737097586329
35,-2.1683134765013135,1.446085357740722
36,2.9969115050471196,3.501951636168485
37,-2.151580474075673,1.4134500987297665
38,-0.04316187521527404,4.3368699398360633e-07
39,1.7438723292859528,0.7391379952737271
40,2.7249788408331472,2.737165025865636
41,-1.2275565924911833,0.22418842261527117
42,2.2095370179735925,1.528098307350977
43,-2.760880805458215,2.8333523332057804
44,-1.091076822038824,0.14666317134305917
45,1.780486153201485,0.7899998463165989
46,-1.9012860336530901,0.9715172149757557
47,-0.16994091815351453,0.00010375617909219592
48,0.3702285412120725,0.002295750505514671
49,-2.1539212144705115,1.417992521419652
50,-2.616792922547816,2.4563908785978916
51,1.6198738202269185,0.5812777380005536
52,-1.1388236994087526,0.1713102078464117
53,2.0056608341634865,1.1451472499209159
54,0.033911274429303084,1.6527350021888765e-07
55,2.6795834815488444,2.6176798345975087
56,0.4167172432195496,0.0036626637514921567
57,-1.9203309760284586,1.002044972762481
58,-1.874203315721315,0.9289983563839017
59,1.3373096475783415,0.3031337565455344
60,-0.7519556853100449,0.03645047696380643
61,0.9382350116402263,0.0840871412280888
62,1.4777046758350174,0.42741553870619975
63,-1.147402984749727,0.17601472024906606
64,-0.7973286262300388,0.04556642145762568
65,-2.9528427146658656,3.372423036851344
66,2.0638273706536916,1.2485656440253956
67,-0.297654803740957,0.000966879292391698
68,0.10117316019846267,1.3074668441137582e-05
69,0.9435957643381574,0.08589126742645836
70,-0.7006106710113844,0.02779753755039649
71,-2.1081992774228375,1.3306168824992393
72,-0.18340127328135036,0.00014063329481506237
73,0.7753975075266366,0.04097922381666741
74,1.7464463227549007,0.7426503016630954
75,-0.7014286340290452,0.0279224570300054
76,-1.5171387941285257,0.4672212018830829
77,-0.9796980344065691,0.09874684333908768
78,1.4619164607231756,0.41208897968921604
79,1.0752489417687654,0.13905446704543245
80,1.078106245759198,0.1404077353908122
81,-2.924478726721704,3.2901820542880884
82,1.7403369549985666,0.7343294681396582
83,2.8424584093274383,3.0573861623401437
84,-1.937354657486003,1.0297703772971178
85,-1.4654374560045185,0.41547692762698357
86,-2.007335955793085,1.1480593826009096
87,-1.9269723066413926,1.0128122140484486
88,1.5703748544610665,0.5244443596329088
89,-1.4104486368837703,0.3645234629488231
90,-2.9966311409830917,3.501120873611921
91,0.3486708212388594,0.0018105780786875636
92,0.8114401182018418,0.04870402058814227
93,-2.4872242715003585,2.138501486920212
94,0.12022317629171742,2.6050570990032718e-05
95,0.3092492180536053,0.0011252517085023062
96,1.3379159889649106,0.30361327411295824
97,1.1076619506013072,0.15493297666491734
98,-2.6541886232267693,2.5518883273355732
99,0.6263228820786395,0.01803719242158075
100,2.7354455746918838,2.7650537476653927
101,1.6218607469133524,0.5836324423396264
102,0.08573056474228036,6.744052200469142e-06
103,2.5568835933020697,2.306877895143244
104,2.1586477537152913,1.4271874795265485
105,0.9752961893946113,0.09711254017889093
106,-1.4246146416468666,0.37725160899799765
107,-2.638642669438036,2.5119874922156886
108,-2.5079742583903317,2.188035766686855
109,-2.010145638895473,1.1529527506873694
110,1.0480023685286959,0.12659232021263933
111,0.3702521842622808,0.0022963303703239513
112,0.8436585613946672,0.05643664728998321
113,2.1000415617411496,1.3153281835213242
114,-0.09264867648622577,9.196991802018495e-06
115,0.6472262060042153,0.020480356386837872
116,1.346522871396,0.3104724371955362
117,-2.8150376648770985,2.981239396468106
118,2.294662054460243,1.704618427313524
119,-0.08575828443568234,6.752773437868065e-06
120,0.12230139163617704,2.7896750182554442e-05
121,2.391514651547496,1.9169587596591302
122,-0.5424774010987541,0.010313243123022509
123,2.5317961516750707,2.245554945688285
124,-2.513046924348954,2.2002257515858337
125,0.6736515654128694,0.023901131161383926
126,-1.3835741808205537,0.34112876132619535
127,1.5160901828084832,0.4661343924991277
128,0.02652046611443115,6.182778899965768e-08
129,2.737138901029451,2.7695775209459534
130,1.153476516390592,0.1793969367624394
131,2.2761649543409703,1.6654487298117633
132,-1.468906797268762,0.41883205415272706
133,1.078450724260846,0.14057148735740188
134,1.318339051666559,0.28837589397048025
135,-0.48487666016540576,0.006646353921612058
136,1.664392585220999,0.6353997724154965
137,0.5733335537994098,0.012795875294409842
138,2.7304084986105686,2.751616607375583
139,2.8561622951958467,3.0957587613445017
140,0.8367787367640505,0.054717425685257615
141,-0.7767039938202904,0.041242854582987265
142,2.6115191952812298,2.4430569170009373
143,0.034797428202056224,1.8323606720827001e-07
144,-0.660652588078749,0.022170694666839852
145,-2.9911375185827174,3.4848596973466517
146,1.5610266781611148,0.5141044239808668
147,-0.9998601298725402,0.10647563488712886
148,1.2314330921452488,0.2267162821830963
149,-1.7343704012750132,0.7262552452970621
150,-2.313043527783693,1.7439861398230205
151,-2.7513930967041738,2.8077889873332036
152,-2.8038765780061166,2.9504886806767647
153,2.4914881196046874,2.1486368164590646
154,-1.4173646375383482,0.3707031494720822
155,0.30426723060436256,0.0010550073283803751
156,-1.2639878069450783,0.24868641047433676
157,-1.9655701743088552,1.0766299215781325
158,2.0679452330793104,1.2560657040610306
159,-1.345774922605646,0.309872469036824
160,1.721703748390973,0.7092848034620081
161,1.7435372847196806,0.7386815197015324
162,0.20243325843915017,0.00020848574255749597
163,-0.6001131370816495,0.015281396618849308
164,0.8579988669942429,0.060142131053303016
165,-2.2637674908064134,1.6394471021203947
166,1.1860032365930238,0.1982502018134394
167,0.5475792109768114,0.010697044116792731
168,-2.5000757326039698,2.1691179500165276
169,-2.57851722858303,2.360370537891707
170,-1.0337384930848743,0.12038256290280136
171,1.9870187778871706,1.1130050361458386
172,1.7612720732191676,0.7630670811525412
173,-0.46956949627794,0.0058599704981158185
174,-1.6551283100715153,0.623901745204962
175,2.20034018420417,1.5096035509212948
176,0.6398629207837239,0.019594020218698494
177,1.0315511908261463,0.1194491238243861
178,-1.3344937872566105,0.30091323759977917
179,-2.8487015076678612,3.074841468498711
180,0.11704361522432194,2.3405068044435318e-05
181,0.6017424282792145,0.015443137014739095
182,-1.1686159260091047,0.18801608046721574
183,1.9648166475013884,1.0753638216430386
184,1.3802180509668283,0.33827595220694695
185,1.7255955582659217,0.7144742513984896
186,0.010936760986749228,1.7883653447015035e-09
187,-0.6083274804996694,0.01610954734435266
188,-2.106223361636366,1.3269053464441778
189,1.6765204449573439,0.6506390429895643
190,1.1729060323065585,0.19050774650650693
191,-2.520349182675428,2.2178289920698675
192,-1.3045919784497542,0.27797633645592384
193,-0.02827240971917,7.985524774767327e-08
194,2.7557886319211766,2.8196193151751867
195,0.8770322310623113,0.06532056164013544
196,2.2243942264658285,1.5582149951156214
197,-1.147854445284976,0.17626464890930604
198,0.1717113642059127,0.00010813707225654223
199,-0.3393339700295326,0.0016260151734309725
200,0.9688013595508158,0.09473544226444186
201,-1.3942160463748432,0.35027539465120966
202,1.7126847361883266,0.6973427981539717
203,1.1078935409188935,0.1550506292240138
204,-1.915284310065013,0.9939051077992824
205,0.7758805781293239,0.04107656041488694
206,0.01955159501321546,1.826464002263606e-08
207,2.0347632039794403,1.1962999449792993
208,2.1820687720587966,1.473196762123394
209,-0.9424306248394867,0.08549688159282876
210,-0.6836806337472865,0.025301261672558972
211,-1.9727667934986546,1.0887623733806668
212,1.0768559577608539,0.1398144831932382
213,-1.947690541236365,1.0468048469232105
214,0.08057233048562029,5.262401044703324e-06
215,-1.5355607296626654,0.4865677371728833
216,-1.1535139003667825,0.17941788848568274
217,-2.7105289508633597,2.6988714713382067
218,-2.6738430504621897,2.60274164726407
219,0.8266096828683134,0.05224449235534434
220,-2.4997201921169543,2.168268196844101
221,2.332958360680803,1.787133413760576
222,-1.1068330885240087,0.1545123913782045
223,-1.8736944830585052,0.928209562795292
224,-0.4553343380597452,0.005192226931522881
225,-1.6263402989428768,0.5889619777016543
226,2.3680613556549748,1.8644332443322202
227,-0.246811265995877,0.00045916827633307733
228,-0.2355880966649151,0.00038151824808685397
229,-2.8924030243320247,3.1982503445868087
230,1.5824510882422844,0.5379864323004044
231,-1.3605037588883406,0.3218242922259077
232,0.8790380490385958,0.06588391214201583
233,-2.6818555306638823,2.6236029920147916
234,-0.17100783412280496,0.00010637997612938932
235,0.4679665369638055,0.005781784746204499
236,0.3391635990943249,0.0016227830744729443
237,1.882155175697406,0.9413735688637164
238,-1.2059661326745243,0.21044842213194848
239,-2.45176052647469,2.055075620369525
240,2.5864664798430166,2.3801680109656593
241,-2.2477685442393884,1.6061914787632843
242,0.3951181219214779,0.002968867652294205
243,2.721713923130566,2.7284915350376604
244,-1.4068194616616705,0.3613068167688176
245,-1.3035042606063547,0.2771639967874192
246,1.400558573570775,0.3557998196710637
247,-0.9136932841658503,0.07616340737968619
248,2.0051968487970697,1.144341326637834
249,-2.3543783295200322,1.8341136970090237
250,0.9255209339550783,0.07991398445892828
251,-0.45729055607805913,0.005280487104577292
252,-0.18500249464079666,0.00014559502214384068
253,-2.3292712120600654,1.779106126231156
254,-2.7165696496989216,2.7148504463077088
255,-1.4922740848329918,0.44186787880713535
256,-2.6236631155407433,2.473810962402482
257,2.955835758044093,3.3811529674849075
258,2.715341662624974,2.711598722892847
259,-2.4027801324795117,1.9424374276544307
260,-0.22741101505777284,0.00033145207669837973
261,2.5445827357952435,2.2767145146170877
262,2.303098998747423,1.7226332089647154
263,2.868636633857524,3.1308715521714916
264,-2.143455974166063,1.3977415418533101
265,1.8404370337797635,0.8774599064952575
266,-1.9421163321434256,1.037599196562968
267,-0.8597135222442835,0.060596364953067416
268,-1.3071143587538046,0.27986604352249667
269,2.2834864698425683,1.6808992595090468
270,0.07288244978796765,3.5238503922618847e-06
271,-2.8760641368758533,3.1518611692496683
272,-2.0283093243912518,1.1848537890222701
273,-1.6525462836435603,0.6207192136099107
274,0.8551433777390431,0.05939100602086511
275,-0.724737809335565,0.031654639719683186
276,-1.973166464398955,1.089438306292655
277,-1.98373388165297,1.1073920033227145
278,1.1265005106741661,0.16470132110358027
279,-2.6203655795421033,2.4654427130709933
280,2.952178069958787,3.3704857760330778
281,2.438684759309668,2.024711053538068
282,0.15646917656194237,7.461994043367337e-05
283,0.04324402278465289,4.369975631357548e-07
284,-0.027155060480733795,6.796099638606279e-08
285,1.0897767341262714,0.14602782271892267
286,2.686220146758564,2.6349983428847907
287,-2.215712938565857,1.5405815659094126
288,0.6203339352651493,0.01737805367897094
289,0.5707395276423135,0.012571913619125241
290,-0.6046929072516027,0.01573919632803844
291,0.5140554109549091,0.008356642821865656
292,-2.26073876064687,1.6331256071877263
293,1.4426434382206983,0.39384916940255804
294,0.9926590356282352,0.10366908005527775
295,1.2637204295226496,0.2485005274342731
296,-0.35760075352975385,0.002001228838282132
297,-2.2106930172921126,1.5304310247899342
298,2.248320673077277,1.6073335037083298
299,-2.475343956886336,2.110380072391855
300,1.4719507437214983,0.42178960457896014
301,-1.5929751348362764,0.5499579605714568
302,1.3884247457900853,0.3452787810870382
303,0.33506872137702803,0.0015465253286289782
304,0.020140407946278138,2.056618342294314e-08
305,-1.9998582665053435,1.1350901934549074
306,-1.7781654488404806,0.7867185400410237
307,-0.37211216637151345,0.0023422892708457876
308,-2.166077716683785,1.4417028786042323
309,2.565342600809143,2.3277268797302213
310,-0.6659230646882226,0.02286099715353407
311,0.07762811026862027,4.534714958426278e-06
312,1.598331015138469,0.5561113854415611
313,-1.5602913826773153,0.5132964050484204
314,0.8853375273567199,0.06767534141640696
315,-0.29796256007722555,0.0009708548254515614
316,-2.7610190302794093,2.8337255245776145
317,-1.2395430496570585,0.23206519622434074
318,2.2811158328752086,1.675888825983386
319,-0.11688427613768315,2.3278021148986916e-05
320,-2.430011427013967,2.004687948557174
321,2.2370393085886917,1.5840793020191157
322,1.4739346994062057,0.4237242061320725
323,2.340285584670384,1.8031376334085212
324,-0.9834225603340352,0.10014442638621857
325,2.560836165238106,2.3166090613729704
326,-0.11259569754393528,2.0048414444695517e-05
327,0.6043271243141022,0.015702270382478845
328,-2.6301877079477762,2.4904066686658783
329,-2.5638493902656574,2.324040264187316
330,-2.746510582064632,2.7946740129596073
331,-0.7979548972794497,0.04570253698801918
332,-2.7627739970344334,2.8384656404656945
333,-0.4315032829163066,0.004202166957341991
334,1.248154183505564,0.23783457798275076
335,-0.42385052762678566,0.003916105857463603
336,0.34823895185395326,0.0018017137499745095
337,0.13045298701472774,3.6099001903933114e-05
338,-2.624596588824704,2.476182210818429
339,2.67833194562931,2.6144197023263334
340,1.2469414062254103,0.23701640556116893
341,0.4021688155817955,0.0031835749484310227
342,-2.9141826809263938,3.26054845547641
343,-1.3627379949089968,0.3236625711150503
344,-1.4591775965843905,0.40946553055870255
345,0.2341635152812236,0.0003724149217523287
346,-1.2028609472130312,0.2085192781611539
347,2.0340587846966693,1.1950478067511725
348,-1.251998595260737,0.24044033898788147
349,-2.792693723363645,2.9198197514930504
350,2.8997830163406704,3.2193009485447317
351,-0.9537713898340474,0.08938946290588812
352,1.539745626370273,0.4910296667067628
353,2.2919564991001824,1.698861139702523
354,0.37226887009058673,0.002346192210196829
355,1.407600073755649,0.36199717917594837
356,2.8779603344078932,3.1572295656979295
357,1.3874545113831118,0.34444612683252673
358,-2.666055779176715,2.5825387763621825
359,-1.8421486058407932,0.8800329017860501
360,-2.082993047569052,1.2836727327456643
361,0.40812978834961466,0.0033738814862814825
362,1.8787190551271955,0.9360149308133303
363,-0.9529214646775883,0.08909355657787099
364,-2.663054000108672,2.574770139841515
365,0.26673093124877045,0.0006252721773927217
366,-0.3144740799050334,0.0012025985664231298
367,0.662853212492843,0.022457063264425203
368,2.263874021636047,1.6396696709696141
369,-2.6808867505252505,2.6210766752895287
370,2.4501519842044086,2.0513287335169372
371,-1.6975207748549133,0.6775294312254369
372,2.8187472613013833,2.991491206317026
373,-1.4926394717416493,0.44223415267052196
374,0.46088327978554844,0.005445456092127987
375,-0.4632801832768485,0.0055576070946375955
376,0.5939171059594415,0.01467755228931733
377,-2.2706663050502343,1.6538912675914121
378,0.41442610547837777,0.0035838963951715375
379,-2.501986127135199,2.173686517465542
380,1.5907134513898766,0.547371829878551
381,1.7345236680167648,0.7264620088138944
382,2.886639382050964,3.181852326345943
383,2.0620775505578806,1.2453857344067902
384,-1.4788169590186824,0.42850841185307803
385,-1.5309143917403174,0.48164290491494305
386,-1.9675716846878182,1.0799968243619351
387,-1.693313500606099,0.6720910774395813
388,-1.487755003378629,0.43735330551013607
389,1.0196023487068073,0.11443722425942371
390,2.723915820170375,2.7343396799339006
391,-2.3518538122460186,1.8285459874597805
392,-1.7576906918066908,0.7581059896837945
393,0.2834335734981668,0.0007960123389885165
394,-2.4125937689029247,1.9647634997483778
395,2.465525696700258,2.087271673676876
396,-2.0682167048885907,1.2565609747769453
397,0.06726399430929852,2.5568967878530913e-06
398,2.686521305508961,2.635785443968471
399,2.437985021192711,2.0230921517904585
400,1.4993145155704806,0.4489583873000874
401,1.2784318872326237,0.2588632664574473
402,0.23678918314084907,0.0003893216020132151
403,-0.29999845996295615,0.0009974615036016932
404,0.4813047433152535,0.006456302833442895
405,-0.6532555940756404,0.021227450597403053
406,-1.905144011836723,0.9776594734330262
407,1.2931301024404878,0.2694933632330341
408,-2.9677376596379066,3.4159649972544055
409,2.4690248211551236,2.0954935380078057
410,-1.5002985408839933,0.4499549582818886
411,1.4131192222638251,0.36690197099526994
412,1.3946911872152787,0.3506873551525823
413,-0.7003388309929606,0.027756111245778148
414,1.3827031726322287,0.3403869173809371
415,2.0447179216153275,1.2140689478578692
416,2.4916170895477396,2.1489437325471537
417,2.842511741029102,3.057535088853331
418,-2.6359695155074325,2.5051552591823687
419,-0.6620215759269281,0.02234852961732492
420,-0.9905134672550853,0.1028428240713577
421,2.002705552447676,1.1400192198146821
422,1.9404151783524615,1.0347985770168675
423,0.9753280104577398,0.09712428705484955
424,-1.204202551033992,0.20935132901544878
425,-1.3778909337474374,0.3363067569114571
426,0.08517432043350226,6.570823027129968e-06
427,-2.2404507119935015,1.5910934027842216
428,0.10565601564583371,1.5548170213652845e-05
429,2.674923486218887,2.6055502900898686
430,2.1409290159166225,1.3928740316618806
431,-1.0924808990500658,0.14735143696616726
432,-1.256935064953317,0.2438135989573053
433,-0.15366323267333648,6.941965218942858e-05
434,-1.4588322366741073,0.4091354641927283
435,-0.07777623934269418,4.5694089978454144e-06
436,-1.4968801128828486,0.4464987952932718
437,0.954611657529298,0.08968267633948002
438,-0.6993805286640047,0.027610427651270975
439,1.8466722910595417,0.8868536168494436
440,2.2180695455222557,1.5453583604559442
441,-2.8427928541881826,3.0583201382825504
442,1.1946453176295302,0.2034717049417517
443,-0.4908939789478217,0.0069757761335474955
444,1.1425755512432811,0.17335706321387312
445,-0.9251244811021531,0.07978622602399377
446,0.10509151639594849,1.5218841975195296e-05
447,0.3011267455977036,0.0010124384732849157
448,0.6493587883518064,0.020742389901871938
449,1.8584942183382198,0.904817374041702
450,2.524054286475769,2.22678568347182
451,0.5356716130577808,0.009817062657367592
452,2.5944007813480097,2.4000039075861426
453,2.16607438068527,1.441696344519554
454,2.484017275158271,2.130893130415247
455,1.7123491446843948,0.6969007138498706
456,-1.4443885612929732,0.39547955305630206
457,1.846613940638722,0.8867654499687485
458,-0.6675234125209051,0.02307364062693784
459,-2.554400461149058,2.3007741378501123
460,-2.9985937784458083,3.5069382736994013
461,0.06714299360804699,2.5385549208278846e-06
462,-0.9927583302074354,0.10370742864914806
463,-2.5386576582534524,2.262250978672349
464,2.5280104085734294,2.2363677050604887
465,2.317729494324018,1.7540924411187913
466,0.19730806117010946,0.00018822444041177722
467,0.6179480718256478,0.0171204037677819
468,-2.5013943279238022,2.1722707933407586
469,-2.3223379256981826,1.764059319078201
470,-2.907297758891252,3.2407980684490365
471,2.1497396109637448,1.4098829628051308
472,-0.2534584068477983,0.0005103866593151318
473,-1.5388369942860256,0.49005877347327315
474,-1.6930536565317564,0.6717560398891272
475,0.2840488719653882,0.000802900634844117
476,-2.1332846185216967,1.378202124374264
477,2.3122355400305636,1.7422464230235142
478,-1.933991529195421,1.0242603722468304
479,-0.7329698251712875,0.03305424645664767
480,0.07762621958791982,4.534273413181467e-06
481,1.174361022713632,0.19135776058986864
482,1.6102036994307483,0.5698986761727687
483,2.3390874615797355,1.8005159384361245
484,-2.777398406349585,2.8781028660119987
485,1.8373280049220266,0.8727969065157388
486,-1.6367755159604005,0.6014892036671767
487,1.5435643689648293,0.49512288707185015
488,0.48104667766394815,0.006442728586413149
489,-2.2579174918350144,1.6272480071571362
490,1.8543372050954572,0.8984777773503805
491,2.213708181880677,1.5365238042050866
492,1.2824544946011187,0.2617449207640723
493,1.5736366759800875,0.5280815733251617
494,1.7318123984141334,0.7228094031287642
495,0.3824837630897129,0.0026111827173121993
496,2.20026175651937,1.5094463209681637
497,-1.0293950483541259,0.1185338411969381
498,0.35366462596607295,0.0019154466564518247
499,-2.419801802311159,1.9812392831182184
500,-0.07053865539757798,3.0921363916025513e-06
501,0.6945291209043267,0.02688133411757654
502,-0.7713773823419778,0.04017555102582526
503,-2.813571736138857,2.9771924603527133
504,-0.3534575305195098,0.0019110102397144058
505,2.337084659705055,1.7961376060557024
506,-0.27130002987463087,0.0006689568073263708
507,-2.5824371497475402,2.3701235413975295
508,1.272106818728818,0.2543740845832313
509,-2.882562986449427,3.17027699244441
510,1.0539891478771004,0.12926252153735396
511,-2.4286402078338627,2.0015310197236986
512,-1.0045034082080637,0.1083127715564649
513,0.7218698788217242,0.0311771792742368
514,1.2958517037298707,0.27149222928986017
515,-0.19203142473486423,0.0001689406451564901
516,1.9861469638877427,1.1115138499321675
517,0.47472489156132003,0.006116712413226866
518,-1.0458188353709903,0.12562786820620575
519,1.7610669897122815,0.7627824896721197
520,2.46173813417205,2.0783892230939136
521,0.05599090717259969,1.2278721281955285e-06
522,-2.6704810230412925,2.5940106576839375
523,-0.0025594259358356908,5.363931521173981e-12
524,-2.4826096465853027,2.127557652909945
525,-2.460032306558907,2.0743946093272263
526,-1.0180823089017734,0.1138101686975842
527,0.6936006280752824,0.02674339245106161
528,0.11946137709526905,2.539731019080005e-05
529,0.9749289060670705,0.0969770270914273
530,-2.7614196309415933,2.8348072247531246
531,-0.3986523079192428,0.0030751037140994697
532,2.7121249113841817,2.703089021755134
533,-1.4309665779798528,0.38304821617511825
534,-0.1715155246367397,0.00010764579029798327
535,2.411402949197461,1.9620478900117142
536,2.9987871156953814,3.507511566379933
537,0.6277687980305631,0.018199008193829802
538,2.7532413538223084,2.812760760253431
539,2.3633557394738824,1.8539792338382002
540,-1.3741525779437427,0.3331586554439601
541,-2.8753651477856113,3.1498832472063754
542,-2.2198457393222064,1.5489635691429227
543,0.7786448013841696,0.04163671002602776
544,0.9205474921791379,0.07832156571371962
545,-0.8488043138738508,0.057747204346971226
546,-1.5010889887476666,0.4507564698084605
547,0.47605319303350146,0.006184182125780091
548,2.447644669811793,2.045494719328653
549,-2.914858012211064,3.2624885681094
550,-0.6495828515155546,0.02077006099619816
551,-1.4236905079478448,0.37641288904747117
552,1.7747679839128736,0.7819288082521505
553,0.8648815740676628,0.061980053493550846
554,-0.2910224470907705,0.000884111821771838
555,1.4873507471502005,0.43695084749376234
556,-0.9812912848862716,0.0993430318826446
557,-1.1963584148069983,0.20451745679874012
558,0.8902593495789537,0.06909856010282922
559,-1.1718918612415063,0.18991675042285494
560,-1.3811216173071441,0.3390425143969623
561,-0.26061972916848575,0.0005702124003372777
562,-1.876901838418272,0.9331878172838965
563,1.0593943160045356,0.13170605461197915
564,-2.732953939631053,2.7584032840207917
565,-1.6905627342952676,0.6685492476565468
566,-2.7262297828100426,2.740491512135259
567,-0.1282522547516689,3.3727198791022595e-05
568,0.8576056571714701,0.060038303782236735
569,2.7274146913033057,2.743644072109083
570,2.452029623301595,2.0557027612547696
571,0.21066375518733826,0.00024437847926117584
572,2.4649823786243372,2.085996408328253
573,-0.45766433680351337,0.005297476239672916
574,0.5908354441746515,0.014383782109981036
575,1.6018527195525234,0.5601799124184608
576,0.5984636481166898,0.015118910150938247
577,-0.19400646142483424,0.00017597650728473635
578,-2.1629635542434764,1.4356098531989552
579,0.26469288724314843,0.0006064885400047793
580,1.4606439721826243,0.4108688166134401
581,2.335627512347677,1.7929553844900163
582,1.1218374556011304,0.16224589592462557
583,1.3301568178138998,0.2975136862025713
584,2.570341733139232,2.340088925313792
585,-1.7688133450083907,0.7735742213577909
586,-2.645036006489505,2.528362316699431
587,-1.12782551435046,0.16540355670267437
588,0.07623065938258833,4.217044635712597e-06
589,-1.1801189191776644,0.19474630247278246
590,-1.8598410583822964,0.9068766784522335
591,-1.537640955278978,0.4887825652282993
592,-2.264320431278281,1.6406024921078877
593,1.0172282256329632,0.11345887350709272
594,-1.6505964513942448,0.6183222768105983
595,2.5845011637389748,2.3752663585995566
596,-2.250116110723636,1.6110499819135842
597,-2.9201898696792936,3.2778238180054875
598,2.5781295238414366,2.3594069092893406
599,-2.869046035032464,3.1320268866548133
