,data,labels
0,-2.523177757066577,2.2246652518407775
1,1.3134609401949362,0.28465740698863135
2,0.2894429451149656,0.0008652049950201857
3,1.2744861383636517,0.2560567964536808
4,0.37186832335921416,0.002336225572724948
5,-1.348546735683787,0.31209960960106703
6,1.0290619043168476,0.11839285103366515
7,0.5927065366032958,0.01456163465047633
8,-2.4370437152788336,2.0209153309665235
9,2.717103211968886,2.7162638699861628
10,-1.8197979729536187,0.8467654011852752
11,2.1834214729680657,1.4758766957289509
12,-2.183505126290821,1.476042508334486
13,-2.4482389836262173,2.0468768574008074
14,0.0026227479973410794,5.9147131636905215e-12
15,1.0258080081015466,0.11702179883088348
16,-0.8012985268516717,0.04643414252872813
17,-0.17404696766072547,0.0001141263663765324
18,-2.9369421937236515,3.3262105156533144
19,1.7988213881049981,0.8161980425231619
20,1.9687202659046603,1.0819315047894955
21,2.313176664012575,1.7442728831914798
22,-2.706457603134648,2.688125760279595
23,2.352784995799867,1.8305987179115966
24,-0.1836783090717362,0.0001414825622196858
25,0.7531391388505582,0.036670103461367454
26,1.850417316663683,0.8925225521889375
27,-0.5975623365285312,0.015030657576454054
28,2.000571449448821,1.1363237371485597
29,0.5538174145931238,0.0111804048923132
30,0.3163284174317784,0.001230977537266198
31,-1.1597881384019597,0.18295747033353782
32,2.651134024874482,2.544025758166697
33,-2.5568746326545546,2.3068558556592738
34,0.28624096702106616,0.0008278026481722822
35,1.8010725677661519,0.8194480836503081
36,-2.5317638402343965,2.2454764583181133
37,-0.501027768129811,0.007557464356741428
38,2.397491943560045,1.930457307892895
39,1.526366996916054,0.4768525517620552
40,2.522238583903791,2.2223943196271034
41,1.6886025216184137,0.666031990755812
42,-2.0478630233248234,1.2197116165521098
43,1.2563601177093773,0.2434191357302643
44,2.873275083717619,3.1439722693427585
45,2.5141906103170406,2.2029784719817123
46,2.014944904847191,1.161336810928476
47,-2.5225020007026613,2.2230311558555873
48,-0.9011513770465518,0.07232248175964229
49,-0.20890114172732366,0.00023633076429185884
50,-2.428377469979663,2.0009263936350665
51,2.997653267204478,3.5041500064155757
52,-1.1283589306806696,0.16568682766802934
53,2.8170098786419118,2.9866878519979987
54,1.8023379213553463,0.8212780928997953
55,2.5989863593142797,2.411502334395217
56,-1.2979111121302815,0.2730111175468384
57,2.9320386104983003,3.3120151502477384
58,-0.8990201629415395,0.07168355224342116
59,-0.8957954601237144,0.07072432515232796
60,-0.4413478489379532,0.004592495962795318
61,2.0689413401700536,1.257883493071347
62,-2.6687291767539274,2.589466470032336
63,-2.262462829065865,1.6367225595337986
64,-1.0089254652488764,0.1100825320337151
65,2.971363801072018,3.4266020049021004
66,-0.9936748361902632,0.10406185428730252
67,-1.2116861892515962,0.2140328971599329
68,-1.6920620352988787,0.6704783608110454
69,-0.5265930383099016,0.009182676334950401
70,2.593519378783551,2.3977966586545025
71,-2.204020638738484,1.516991313744498
72,-2.0813425609228906,1.2806294233635556
73,1.473253748117295,0.42305957559222357
74,-1.990151759567037,1.118372656744202
75,-1.301678359107819,0.2758038145708899
76,0.7487125790046152,0.035853438061385745
77,-1.0608353899603873,0.13236279572388987
78,-1.077624864154442,0.14017912171103875
79,2.3679460806992747,1.8641768105755656
80,-0.2876721514108529,0.0008443682385123052
81,-0.9866494959012773,0.10136628097152611
82,-0.5491986218423817,0.010821024084459618
83,-0.8336402230979756,0.053945559210116456
84,2.7602791629110497,2.831728221609774
85,-0.431460819443525,0.004200538349099503
86,-0.3068421993279129,0.001090892814116895
87,2.124886505139812,1.3621755555253094
88,-1.9837369525960757,1.1073972436599548
89,-1.253235615444167,0.24128275252065995
90,-1.1214286393658606,0.1620318066441755
91,-0.9378375573376214,0.08395443910581368
92,2.880489301993606,3.1643956646111144
93,1.231111826039271,0.22650607646471788
94,-0.4204933801779491,0.003795266769033967
95,-1.2447545846424735,0.23554578051116315
96,-0.0663736509356605,2.424231118069997e-06
97,1.9703053811277877,1.0846045507735729
98,-2.0684741895877607,1.2570308219274526
99,0.9677607199322686,0.09435834885131456
100,-0.4571904022708413,0.00527594172827095
101,1.1300358085648226,0.16657945616313752
102,1.7631473944064613,0.7656722579284075
103,1.439994007211796,0.39138197892471055
104,2.0743608237989726,1.2677975564044568
105,1.9636957483536879,1.0734819375228624
106,-2.665483538529439,2.5810569945294035
107,0.6853084510350556,0.02553396813073161
108,0.8231523850034748,0.05142206440949759
109,1.624980181760292,0.587340731177328
110,2.863030476747573,3.1150697772591562
111,-2.5251226286050397,2.2293714031382907
112,-1.4743123517359749,0.42409308603197216
113,-1.0770888236644716,0.1399248471876412
114,-0.9164574200027555,0.07702867897037058
115,2.6714027981836317,2.5964031349189374
116,0.31641067273107826,0.001232247807518183
117,-2.852657124938814,3.0859237796182573
118,-1.913943524268475,0.9917486347979856
119,2.4470849789436873,2.044193504040694
120,-2.535787864083654,2.255260960957211
121,1.5668614391806157,0.5205435837980152
122,-0.1727201048750504,0.0001106942184385673
123,-0.07699687103795316,4.389078072097874e-06
124,2.191683439643503,1.4922985586580697
125,0.9249573960350914,0.07973242488802856
126,0.9711588980762151,0.09559359030392856
127,0.16992570520547368,0.00010371912062878685
128,1.3848605374880831,0.34222623538164254
129,2.539143422228589,2.2634351562606163
130,-2.1925340706902956,1.4939945259656624
131,-2.0277556708222644,1.1838745782112199
132,2.1433930089178777,1.397620150489522
133,-2.993882204697055,3.492979882814363
134,-1.136731427521424,0.17017581703325124
135,2.67660914155166,2.6099349614178955
136,0.4114066803966203,0.003482012488554842
137,2.0611825070790584,1.243760834330463
138,-0.3396106285009699,0.001631273831929625
139,-1.9804806709183025,1.1018481113486414
140,-0.6747937008412173,0.02405768988076229
141,-0.9380942452704586,0.08404012545469819
142,-2.6128594229597377,2.44644237466279
143,-1.284212686197138,0.26301094584202506
144,1.4808230445528814,0.43048386206118744
145,2.429981257063038,2.004618463505311
146,-2.3908028602393454,1.9153543404955629
147,2.5765101033749733,2.3553838439659454
148,-1.1868033564293057,0.1987298524895204
149,0.2701358118373589,0.0006576165110036003
150,0.6539382764307082,0.02131326547715795
151,1.3841040691435476,0.34158057246524687
152,-0.7147131943483331,0.030008278204096683
153,-1.6397641136578667,0.6051058183664129
154,1.9244460076666217,1.008709053712647
155,2.319595283655672,1.758124355237848
156,-0.6064188171144682,0.015914280096734124
157,0.9088695318333393,0.07466969696333059
158,2.9960719846779877,3.4994642617897296
159,1.8332024112257477,0.8666307170853857
160,-0.898756250707784,0.07160470825610177
161,2.487234526732413,2.13852583706735
162,0.7884714238408308,0.04367207943975959
163,-1.619944464938185,0.5813613616640491
164,-1.7281475005465703,0.7178889734189001
165,-2.5408284523874447,2.267545086220581
166,-1.2181417837806359,0.2181264369993408
167,1.2182385334021948,0.21818817605376628
168,-0.014966865681300234,6.2721616789218615e-09
169,2.88524396474112,3.1778878149485412
170,-2.790310187628807,2.913301296612997
171,-0.3478431442922152,0.0017936179419499876
172,2.491311601343649,2.148216780574331
173,-1.862616989514769,0.9111292659359506
174,1.814078612192839,0.8383681447163088
175,2.371676048326613,1.8724828930017758
176,-1.176595839329309,0.1926682622178908
177,-0.462090609299147,0.005501736463728757
178,1.8296818617641302,0.8613882167278126
179,-1.3748013057089394,0.3337036053195201
180,0.5782267310968816,0.01322624320932686
181,-2.965785568773885,3.410244652413925
182,-0.9304157991008708,0.0815031383503606
183,0.05585191518378174,1.215728308134878e-06
184,1.1938713556808063,0.20300040775622646
185,2.9242818170676594,3.2896142186696915
186,-1.611680363077441,0.5716276126083373
187,-0.8037724370512347,0.04698077326841865
188,2.2031302270097033,1.5152023283956904
189,1.9641940689684532,1.0743183513771326
190,-1.7306199905232214,0.7212063645807392
191,0.9515158708783709,0.08860568326275509
192,2.735365711990875,2.764840473692222
193,-0.026919635146561482,6.563481103061264e-08
194,-1.586984011238178,0.5431233822336309
195,1.4374500486047417,0.38902212668340086
196,-1.9763960852471123,1.094908597480699
197,1.7684368144124392,0.7730476571721052
198,-0.667555232946226,0.023077883139313915
199,2.559316042124152,2.31286430657496
200,2.895662801038788,3.207541029645848
201,-0.5367529250356222,0.009894703113381031
202,-2.539648081145657,2.2646656993526277
203,0.5549673475249106,0.011271218666740745
204,-1.4037762632746746,0.3586233884390665
205,-0.66361865735833,0.022557294621085022
206,-0.7233992139807399,0.03143113903372996
207,-2.4569653345005436,2.0672216560036025
208,1.813435397072892,0.8374267163279543
209,-2.809148973915243,2.9649974473531326
210,0.5988757208378601,0.01515938388749316
211,-0.36509298925725675,0.0021723477592509033
212,-2.234337203316307,1.5785345392982675
213,-1.8283057758000953,0.8593439195586705
214,-2.8528673793693735,3.086513333448573
215,1.4607973959328637,0.41101581214185345
216,2.0332134638682646,1.1935461241114491
217,-1.2743700259560846,0.25597451125477216
218,-1.669694567189168,0.6420358590056784
219,2.8285295655138816,3.018600084166872
220,1.6990988257061037,0.6795758293483503
221,0.41482348024777593,0.0035974671680978343
222,0.3187947882923545,0.0012694912485856635
223,-2.3214941922068517,1.7622324759658519
224,0.9018332411333385,0.07252774027437248
225,1.1257189478410297,0.16428804321718227
226,-2.26735345825774,1.6469472818147153
227,0.22964507326149075,0.0003446114477593243
228,-2.2500817615595636,1.6109788406036125
229,1.7245381253460552,0.7130620735499285
230,-0.08373063191953989,6.136774663545452e-06
231,2.5155934065222603,2.2063570299032493
232,-0.29603927582521683,0.0009462086720675167
233,1.023163541555701,0.11591557593813773
234,-1.8661924423482719,0.9166229822653453
235,-1.724644389797208,0.7132039142421726
236,-1.1402989054748944,0.1721130764147154
237,2.1713946716572616,1.4521361174255452
238,-0.7997148101212828,0.04608658748588823
239,-0.559352427342942,0.011622475083368555
240,1.7131477635805767,0.6979530247593715
241,0.161705142901579,8.509708990023235e-05
242,1.1027209260232107,0.15243716415799602
243,0.7715697709065439,0.040213753705312216
244,-1.0257976801690476,0.11701746448199335
245,2.2902203628838604,1.6951717692563355
246,-2.521837445031566,2.221424689617559
247,2.310860217523846,1.7392871027734054
248,-0.49192689713345494,0.0070335078454812905
249,-1.2756820640294952,0.25690531342574235
250,-2.381135278109202,1.8936268512533023
251,-0.6617908130502914,0.022318480961310616
252,-1.8933935953200762,0.9590179980578096
253,2.780944504561309,2.887750844261863
254,-2.522385344107801,2.2227491165043305
255,-2.328816642578082,1.7781177008680855
256,0.3372609488857745,0.0015870113411909914
257,1.3990945546374682,0.3545197860554537
258,-0.052741882191160716,9.667878572150457e-07
259,2.309915910151605,1.7372566342818796
260,-2.9146037837150285,3.261758153345192
261,-1.002868408323781,0.1076634090946893
262,-0.3619685602127882,0.002099720085626089
263,0.853944603318535,0.05907765203581705
264,-1.0364177604742344,0.1215327327011887
265,-1.7442274343003092,0.7396219790604723
266,1.6739296424635777,0.6473657320623136
267,1.4122698887894005,0.3661444706274015
268,-1.7464791430607165,0.7426951480104924
269,2.865738591314213,3.1226986046141456
270,0.8058861363140926,0.0474514176869143
271,-0.9978456019500661,0.1056852888259352
272,-1.280052613689634,0.2600218032632816
273,2.124849748510478,1.362105622757047
274,-2.3888737494261134,1.9110092491430246
275,1.4292202263987885,0.38144901286490424
276,-0.17772240205664414,0.0001240496378211997
277,1.4520751559655993,0.40271092084748683
278,1.8244290165900647,0.8535993188126436
279,-2.851371893956795,3.0823210678439663
280,-2.003085808139282,1.140678354892785
281,1.4907571465910872,0.44034926103948985
282,-2.922785185960751,3.2852997289193455
283,-0.3370234836516204,0.0015825882393185609
284,2.8810484580189986,3.165981055707886
285,-1.5031639531802259,0.45286465776803597
286,2.6722764737104994,2.5986716891683455
287,1.7875354644856225,0.8000147675748683
288,1.9320746203701145,1.021126988256017
289,1.796551341533731,0.8129281701844114
290,-1.5461874182181432,0.49794646843067714
291,-2.439409815487104,2.0263891778578835
292,-0.9679417023713941,0.0944238561659525
293,-1.7006807931762271,0.6816309196069681
294,1.7821998311407983,0.7924278558408719
295,-0.5491720741739319,0.010818983200285182
296,-1.5004800289621292,0.450138908897334
297,-1.1327161110588995,0.16801291877362368
298,1.775241870844308,0.7825958910760522
299,2.2675441181474376,1.647346528047867
300,-0.7627051682023724,0.038480233256125596
301,0.9002557199652053,0.0720534840255298
302,0.922662070152672,0.07899589074099034
303,2.444179567334565,2.037445057291901
304,-1.6914545392589226,0.6696963193678287
305,0.4888599645314531,0.006863110415538554
306,-2.284304786266974,1.6826305136712705
307,1.685695564816947,0.6623091703546452
308,2.8376060896341357,3.0438496553854826
309,2.9376739533247545,3.328331157000652
310,-2.988194676571322,3.4761623929262773
311,1.0911611326773993,0.146704438133754
312,-1.3361652759904117,0.30223006904049476
313,-0.8874303998773154,0.06827798985475897
314,-2.492254649532603,2.150461266696717
315,-1.9651950236425553,1.0759994809555669
316,1.5384715398339983,0.48966860770306064
317,-1.6165489486776703,0.5773501284325633
318,0.10851150056884995,1.7296619172491035e-05
319,-1.710596936043966,0.6945951240952395
320,0.663225880036932,0.022505822015858823
321,-2.462610034627403,2.080432390468393
322,1.0895389864363132,0.1459118380349631
323,-2.253751560949623,1.6185882663970035
324,2.886226092022045,3.1806779045669766
325,-2.064869578662874,1.2504616445109915
326,2.510757195436769,2.1947194576236946
327,-2.9703296171100324,3.4235668379173254
328,-1.500715868233547,0.45037801736577376
329,2.5523780556114835,2.2958084067934728
330,0.7616743826345864,0.03828218114768178
331,0.05964575678751638,1.5811415648991911e-06
332,0.20362741606151946,0.0002134316988378071
333,-0.12295853996822625,2.850041325175301e-05
334,-0.8043142693011047,0.04710110248360644
335,-2.203910943661805,1.5167708606946873
336,1.0396906051478663,0.1229478810193122
337,0.7834581082172662,0.04262504272872769
338,-1.2511929789481036,0.23989274859494564
339,-2.7728943725833375,2.8658693058579554
340,-1.3421843327440974,0.30700261092921305
341,0.40512827320211997,0.003277035331109457
342,-2.022076592875258,1.173855119832642
343,-1.4378595717120448,0.3894014094861518
344,2.2916644209327934,1.6982401841564403
345,-1.827828745638592,0.8586358857860629
346,-0.8520828841239112,0.05859331972759774
347,2.3361965770963984,1.7941978221543489
348,-1.7388710458481835,0.7323409597093948
349,1.1166525283984727,0.1595447121186533
350,-1.8725992090997716,0.9265129262535886
351,0.8503067029270115,0.05813385567472951
352,-2.592563670844769,2.3954043827179192
353,-0.9615065625955754,0.0921139046330578
354,-0.759478485129363,0.03786269578936008
355,2.97540535932946,3.438474568109707
356,-1.337255813525841,0.30309120605383455
357,1.4665316858683708,0.41653332431818113
358,0.8025865641439758,0.04671817817970292
359,-1.1066543031974654,0.15442177233047494
360,2.578117374210686,2.3593767146666664
361,-2.156737556927072,1.4234677535607052
362,-1.494659172920311,0.4442621364859702
363,0.9414616431629481,0.08516985273124078
364,1.1130468214800322,0.1576842070729475
365,1.3848158376441653,0.34218806154725984
366,1.8649826728790062,0.9147621062446821
367,-0.2726400557346702,0.0006821893324063799
368,0.9797869001424315,0.09878003134682933
369,-1.6107526529094776,0.5705410471067947
370,2.380052211824779,1.8912001169117585
371,2.253788841018107,1.6186656589710413
372,0.1697422087684668,0.00010327290635092634
373,-1.7368912291524623,0.7296602677826172
374,1.6942307334794968,0.6732745186306055
375,2.311500281304655,1.7406640401055455
376,1.9835592848084307,1.1070940885975395
377,0.13867483535479685,4.607971648940001e-05
378,0.7858739900185894,0.04312734565361065
379,-1.3181493483301796,0.288230705091323
380,1.892707321928695,0.9579353598181346
381,2.8725458406748814,3.141911021563897
382,-2.147787989605916,1.406106235039672
383,-0.1841752433239825,0.00014301554340190314
384,0.345014949802092,0.0017365537311404555
385,-1.1298972558334281,0.16650558027190676
386,-0.9173605815871664,0.07731288078449838
387,1.5909231830108244,0.5476113401702688
388,-2.20589266965463,1.5207559999489473
389,-0.1645820358756822,9.130221321029808e-05
390,2.428835296545473,2.001980024185884
391,0.874413708210581,0.06459022945943027
392,2.0340832194007854,1.1950912289805575
393,0.8459951599207227,0.05702911863984683
394,0.8805757845112963,0.06631810096706303
395,-1.2998331311166242,0.2744336303947066
396,1.0757365813215891,0.139284792429466
397,-1.4729326901695796,0.4227464370860692
398,2.088833112214732,1.2944713527684089
399,0.03692482436804756,2.3231918877542057e-07
