,data,labels
0,-2.18921424196449,1.4873810441239632
1,-0.11173305589040794,1.9441669154240948e-05
2,2.042008183293886,1.209218422151543
3,2.0351536703742363,1.1969943157186982
4,0.44200951414610756,0.004619655316698279
5,-1.713017276386356,0.6977810235227003
6,0.48206015294654225,0.006496158281102615
7,-0.7316185890936469,0.03282152558892071
8,-1.9671858060237715,1.0793472656340302
9,1.2409300617865764,0.23298821121121532
10,2.7014997574279302,2.6750662895554753
11,0.41280645684151107,0.003528974819698716
12,1.56647502618154,0.5201156429625693
13,-2.5886551172465477,2.385632101860759
14,2.5008517599228934,2.1709732205179373
15,-2.3666129061887773,1.8612123456708773
16,0.9691882727436667,0.09487591230580561
17,1.9908560462974325,1.1195811886541822
18,-1.7878381984688536,0.8004464676631704
19,2.8136763281331003,2.97748112307777
20,-1.1347979664573493,0.16913201840351322
21,-1.4934826147403635,0.44308005722212346
22,-2.5650891235828497,2.3271008752426163
23,1.1319480294176198,0.16760129521367007
24,0.5200639207721212,0.008745390059220481
25,-0.2582541539465417,0.000549901762430971
26,-1.0339385344145826,0.12046817945808752
27,-0.1107198811079817,1.8746732437957547e-05
28,2.7585735235900843,2.8271261684283377
29,1.4682675846996265,0.4182126251769066
30,2.3408537226497943,1.8043814619714047
31,2.5377625903970964,2.2600697672207106
32,0.48093721049699045,0.006436976961615937
33,2.4004067679762002,1.9370563096312452
34,-0.5544068651214729,0.011226888560361581
35,2.206750892296766,1.5224834696507024
36,-2.1642008535466752,1.4380291231936737
37,-1.3486011459061913,0.3121434301893184
38,-0.5956259630928034,0.014842324786800809
39,-2.084871899907821,1.2871417026123795
40,-0.36802612073213137,0.0022422087382845124
41,0.09538022774874477,1.0329640142359153e-05
42,0.39077766936650926,0.0028421418008011123
43,-2.447398856440872,2.044923184008686
44,-0.07268329134452856,3.4855077486461994e-06
45,-2.896980762139837,3.2113007024496847
46,2.3675127097301782,1.8632129115706255
47,-1.365353564223764,0.3258230933129957
48,-0.5599763218097804,0.011673092514204786
49,-2.6602455299390533,2.567511381153166
50,-0.09351725405446931,9.546500717827477e-06
51,2.3074946795740034,1.7320557572522166
52,-0.8198235578141828,0.05063889766216989
53,-1.935878338243943,1.0273496588482707
54,1.9395207280507716,1.033327687470534
55,-1.959639927274949,1.0666874567638946
56,2.9549566097888462,3.3785876996605957
57,1.7304550411377857,0.7209847733214314
58,2.3833714861379907,1.8986420605612528
59,-1.8524103627921702,0.8955476945551377
60,-2.6657580931858553,2.5817678888536055
61,0.8806438616205972,0.0663373692402538
62,0.11713343463532055,2.347691288928644e-05
63,-0.40100024210769547,0.0031472198142281638
64,-1.4294450656179878,0.3816546717149421
65,-1.7571127009492227,0.7573070685127772
66,-1.8529063875990075,0.8963014724282969
67,-2.607725346062675,2.4334851478021267
68,-1.8030455521009578,0.8223025065722298
69,0.7862606682981959,0.04320813183196426
70,-0.7918155035209065,0.044380583417921504
71,2.928069997792684,3.300545849141013
72,-2.2509254753821573,1.6127267266221432
73,0.5243731150615076,0.00903224095268862
74,2.3562553305403906,1.8382586438245325
75,1.4341010215729124,0.38592908004664406
76,1.322403520627903,0.29149795211458374
77,2.4605212755384427,2.0755392797907195
78,1.0563787656049435,0.13033896134990253
79,-0.7679144574386987,0.039492332545892794
80,2.442348527808119,2.033197495675935
81,0.2900604933484301,0.0008725608963574549
82,-0.8861501333232025,0.06790888870094103
83,-1.3133165234450201,0.2845477950589566
84,-1.751622103608286,0.7497418426729849
85,2.0588788473730846,1.239583787747491
86,1.7604976425331582,0.7619927333696915
87,-2.2228279667103017,1.5550261765493274
88,1.6372041876802488,0.6020071653564553
89,-2.2285372412107822,1.5666657017199563
90,-0.9585866920737631,0.09107881899432402
91,2.42038121605919,1.9825665239621266
92,-2.1927782658329154,1.4944815759371464
93,0.4460217467420473,0.004786891138286786
94,-0.5785281705623593,0.01325309604925895
95,0.4539462294898424,0.005130261509570633
96,1.4020713822931992,0.3571255752648947
97,2.1420876045725743,1.3951046637782416
98,1.0316032444266723,0.11947128017024433
99,-0.739062396033316,0.03411826247687966
100,0.21942863522612122,0.00028747830115172235
101,-2.389700033946304,1.912869777088131
102,-0.9220390775401528,0.07879680355225105
103,-2.564993631484448,2.3268650616287916
104,-0.34834928333195503,0.0018039752859752012
105,0.9480526703471064,0.08741154299016729
106,1.7508232588727388,0.7486447860072905
107,2.248085790242768,1.6068476220219863
108,1.5397816936628752,0.4910682295692026
109,-2.9002621868448992,3.220669821191615
110,2.560891780574866,2.3167461202475725
111,0.036299040981734976,2.169677825181182e-07
112,-0.37008793962702935,0.002292304380855592
113,-2.61055794698654,2.440630092101496
114,2.0722330054486067,1.263900208832518
115,-0.21705777391504633,0.00027530103789863425
116,-1.1362424866258183,0.16991145039042133
117,0.13019128987910733,3.5810611167641504e-05
118,0.507978512815968,0.007976517543597406
119,-1.7740130903167384,0.7808668272017081
120,-1.570172529405661,0.5242192499064258
121,0.06668292506516993,2.4697146856489383e-06
122,2.5995923681426625,2.413023796235356
123,0.6058498772084446,0.015856408720432036
124,2.4071859859933777,1.95244570367026
125,-1.1937919462971531,0.20295209308090423
126,-1.728228587572997,0.7179976293438384
127,-0.9954256741837626,0.10474124560630871
128,-1.053303849452915,0.12895493973760053
129,-1.7038850113457504,0.6858045158969841
130,-1.3694087976625575,0.32919094418399397
131,1.644375045399613,0.6107109159461901
132,-2.082873471164283,1.2834521210142877
133,2.3370392107275944,1.796038309948422
134,1.7813660827938085,0.7912460368869952
135,-0.5174180340536054,0.00857260486112188
136,1.5793802620101909,0.5345231053176338
137,0.792740687979939,0.0445780348265441
138,2.162787344570706,1.4352654821480388
139,2.7735866366977158,2.8677480805145805
140,2.352231813515183,1.8293791310511958
141,-1.5644380591401816,0.5178632828166407
142,-0.19472710118929992,0.00017859746810677812
143,0.16080571654021547,8.322355507972556e-05
144,2.9098869624610257,3.248219407900146
145,-0.5505106172840399,0.010922236495153559
146,-1.4969315241948296,0.44655065250623316
147,2.2725478979980833,1.6578416633146968
148,0.6706772641703371,0.023496879258405712
149,0.8554453295651419,0.059470119047032144
150,0.0316322761594896,1.251294006188175e-07
151,-1.2333761751956773,0.22799038250615344
152,0.5698202714234926,0.012493238182814559
153,-0.7451010504922131,0.03519684063271322
154,-0.6108279634867451,0.016367989143642236
155,1.566008996027782,0.519599811809633
156,0.17834011154210216,0.00012577868809371395
157,2.824217922368126,3.006638269807157
158,1.0764074775827979,0.13960209783656818
159,-2.93283011850252,3.3143046892228556
160,2.094810402885445,1.3055724346959625
161,-0.16121563693563257,8.407356223372187e-05
162,-2.9771164873378986,3.4435065970274064
163,-2.6167501547462457,2.456282612306551
164,1.84391442559187,0.8826918643297277
165,-2.1853437438850554,1.4796892866359914
166,0.8404524788204313,0.055630795784472276
167,2.684237795306089,2.629819963145665
168,-1.3064448064228293,0.2793636240556811
169,1.9399176092569768,1.0339802032373058
170,-1.617145154781796,0.5780532468593449
171,-2.255166596301604,1.6215271359169374
172,2.8182649304991063,2.990157360579651
173,1.4197434998562706,0.3728438775696514
174,0.6581052555657201,0.021842515355690373
175,0.3204432806905624,0.0012957281960589428
176,2.5815316364871403,2.3678689278212888
177,-0.4634477747439272,0.00556551180255993
178,-0.6577287253628632,0.02179430572228913
179,-2.2109177254952526,1.530884676123957
180,-1.486194625076771,0.435801131735521
181,0.7333300801685461,0.03311649159373897
182,-2.1792666297331933,1.4676530825829717
183,0.31578733741787346,0.0012226458857630407
184,2.932033970691423,3.3120017310455587
185,-1.0378690932833923,0.12215889430113624
186,-0.6153183517240213,0.016839645829384464
187,-1.2129088676638942,0.21480428131580204
188,2.066947766838628,1.254246812971192
189,-1.934106651254456,1.0244487174279187
190,-0.655048699164746,0.021453384011330456
191,1.4416396635768338,0.39291329826730764
192,1.7901402611026747,0.8037335498354903
193,2.1602210144438434,1.4302548060888758
194,1.6640624849044876,0.6349879526132853
195,-2.6913713853033174,2.6484760828576452
196,-2.6121966938793078,2.444768032347174
197,-2.15661764047232,1.4232344053889712
198,1.731213555620605,0.7220040792259171
199,-2.585167116535032,2.376926777431605
200,-2.6852640491325195,2.6325002120519403
201,2.021652345251752,1.173108441830651
202,-2.5698325170329817,2.338828336758128
203,0.4795148198564605,0.00636258458767025
204,2.7822623345043844,2.8913399617805133
205,-2.437633490172872,2.0222790873781897
206,-2.7270248741678964,2.742606747937071
207,2.2218778567019015,1.553093398539052
208,-1.7078974982888795,0.6910518399739045
209,-0.3299503963525394,0.0014549906871356155
210,-0.5160872720071552,0.008486654257122694
211,1.9906496029345941,1.1192268665315313
212,-2.3820869006760845,1.8957603044907638
213,0.1674521849001689,9.782413968240089e-05
214,2.822116893048964,3.0008169794446586
215,-1.4911166367927184,0.44070885745667904
216,-0.7055074856607968,0.02855141485405055
217,-1.4393801110290585,0.3908116927678556
218,-0.8179795631446787,0.0502087196672627
219,-1.3545604963604072,0.3169667878716057
220,-1.3775101548180866,0.33598523867278596
221,2.327277007986843,1.7747718737445448
222,-0.9113716540931742,0.07544191807517742
223,1.4063842660348342,0.3609222967167414
224,0.5759407908610914,0.013023896270499713
225,-0.8168198607261763,0.04993950719133056
226,-0.295134227045021,0.0009347734094469207
227,2.123235915913991,1.359036984061852
228,0.38077478642077267,0.0025653773495393217
229,-1.4490093586705182,0.39981688307820895
230,0.8834481549362527,0.06713450413725353
231,-2.983215910473623,3.461469620515872
232,1.8394749571309816,0.8760154734146508
233,2.8936066375653438,3.201679384986759
234,-2.086712680088193,1.2905451062856965
235,2.733213612876642,2.759096047613159
236,-2.861666448739296,3.1112303845056806
237,-1.5474977890420227,0.4993606784054668
238,0.24183901658440554,0.0004234405282508291
239,-1.861191104623297,0.9089434995766658
240,1.3758055438436676,0.3345483112432908
241,2.403220731079289,1.94343717982299
242,0.07440961822752357,3.828473491784834e-06
243,-1.0300897101297386,0.1188281991572464
244,-2.5131440959926694,2.200459570209155
245,-1.489629156002696,0.4392221135794914
246,-2.6613711427201734,2.5704195206331715
247,-0.26733230039721256,0.0006308966368584468
248,2.4254905908207878,1.994288671098176
249,-1.5283703679720781,0.47895935177264437
250,-1.8581286901009302,0.9042589346790504
251,1.9403295869461692,1.034657776014216
252,-2.2215975493956073,1.552523408416854
253,1.0396712006743467,0.12293945768734182
254,-0.3053724757078675,0.001070300960015813
255,-1.904494421000661,0.9766237760026902
256,-2.593323774415567,2.397306943390213
257,2.9013110733100635,3.2236671225524005
258,0.26492676517512503,0.0006086224211303559
259,-0.2429777902318233,0.0004314331337358368
260,2.5044082594263806,2.1794853212323977
261,-2.0049731032759226,1.1439527980389337
262,-2.083152402090691,1.2839667635637333
263,0.47347338650054427,0.006053640614873901
264,-2.5045655096311124,2.179862041765126
265,-0.20321533591726704,0.00021171514735540686
266,-2.479826463358058,2.120969913842208
267,0.030159209750407978,1.034008261235897e-07
268,1.6488031566232415,0.6161226106399826
269,-0.07520877555353023,3.995533360057202e-06
270,1.64023954094705,0.6056823367331263
271,1.486217032753995,0.43582339745474324
272,2.2345907394604962,1.5790543870706468
273,-2.346436016156095,1.8166249397508947
274,-2.4579859204787313,2.069607274721293
275,0.972812790989543,0.09619880872831921
276,-0.19505010108390408,0.0001797816399262686
277,1.8407614166682364,0.877947225490161
278,2.7092002671048565,2.695362493396622
279,0.2054926086879303,0.00022133174094396413
280,-2.1473492351403127,1.4052578816393209
281,2.638805442578251,2.5124037923597036
282,-1.5898551586930898,0.5463923290453828
283,1.468695008955505,0.4186267576045808
284,0.500529387635499,0.00752805233836229
285,1.0891749691741808,0.1457343738602509
286,0.024522977750605524,4.520217178338726e-08
287,-2.2310282347314616,1.571757701165992
288,-0.2121259528849917,0.00025120849199300466
289,-0.6296319761684082,0.018409070248679882
290,-0.16978456776276296,0.00010337578433938788
291,-1.7219631574911372,0.7096300254344082
292,0.8163017781392519,0.04981957100544976
293,0.034070695686230223,1.6840306849008613e-07
294,-2.389357676449166,1.9120987924156638
295,2.054629532825369,1.231898178154232
296,-1.7115284774576367,0.6958203114509176
297,2.532644473903331,2.2476160514707737
298,0.9565579449305583,0.09036439845783772
299,-2.921849533353317,3.282603686264715
300,-1.529671146821056,0.4803303281931032
301,1.032380882902551,0.11980261282347848
302,-0.5856181518420147,0.013896219542524957
303,0.09121364114467756,8.640665157266803e-06
304,2.6476896352536476,2.5351730637542036
305,-2.826133259434694,3.0119494091896097
306,1.1100539971704153,0.15615108848250914
307,-2.8456169224773555,3.0662116898599665
308,0.05309387536908172,9.92850132330858e-07
309,-2.6650207469623046,2.5798589057308576
310,-1.0480588949365508,0.12661735440288557
311,-0.35051790351522616,0.0018488561845870777
312,-2.9629078881512663,3.401819605078531
313,2.7799531456623594,2.885052178390887
314,-0.19269848880767615,0.000171293012906526
315,-0.11129242081095914,1.913710781409339e-05
316,0.9974199314541186,0.10551880674623981
317,2.1581116070336748,1.4261429415337705
318,0.15426745761638028,7.051579720029899e-05
319,2.504674293419397,2.1801226702542835
320,-0.2585334930537657,0.0005522716036232556
321,0.7185173334864068,0.030625615560154307
322,0.7936387829815335,0.044770301390410716
323,-2.5408526748428732,2.267604192004237
324,-0.3096605607027918,0.0011312029859259498
325,0.635330338907564,0.019062442225351584
326,-0.9339236166358247,0.08265542166896256
327,-2.632306834603551,2.495807667219101
328,2.384829100974038,1.901914524440879
329,1.5004197832344364,0.4500778405852617
330,-1.8863036574785081,0.947865672202363
331,-2.6144956751450286,2.4505785018790056
332,2.593947552057,2.398868793648267
333,1.7319612413665224,0.7230096476350236
334,0.2991245202445745,0.0009859745820864907
335,-0.9435496132240555,0.08587562183005448
336,-2.4071776327333376,1.9524267052847253
337,-0.9028763128260255,0.07284251942943887
338,-2.8332548429178135,3.03173353329417
339,2.062369125204965,1.245915311572862
340,-2.4340120471835043,2.013911985151684
341,1.5185986785321939,0.46873685111363406
342,0.1857466145421025,0.00014794486785807415
343,2.750196597730799,2.804572523327444
344,1.1575047314892561,0.18166395092291576
345,0.7179079753938056,0.030526120988107364
346,-1.3111394264080705,0.28289868327522333
347,-2.889788998734665,3.1908086531494595
348,0.18998325751804046,0.0001618686385942425
349,-2.3350419145759256,1.7916772868744066
350,1.5536342192428076,0.5060158667713452
351,-0.610788830939871,0.016363921478094623
352,0.20133566210947507,0.00020401574999273642
353,1.1002278721497625,0.15118823627785227
354,-2.4490348807384494,2.0487284894141946
355,-0.6941978401580102,0.026832058713656792
356,-1.1503698074450623,0.1776615010713113
357,1.1605997337354346,0.18341870477993016
358,-1.1028618554833318,0.1525079718836243
359,-2.2717556243914503,1.6561777210004887
360,0.049606913242219886,7.566599128372431e-07
361,-1.067211008491167,0.1352951026181064
362,-1.2894918104528934,0.2668361758496172
363,0.7096602033827568,0.02920216194554648
364,0.447091641595204,0.004832229974692681
365,1.200612652816604,0.20712981507166506
366,2.6942100338903474,2.6559163806588897
367,2.7409549013944075,2.7797842040613445
368,0.56871620660423,0.012399221329716825
369,-1.6128915569915598,0.5730480638357419
370,-0.7725585562537827,0.04041050593239415
371,-0.09641405810764336,1.07844718707506e-05
372,2.738559475187288,2.773375179276743
373,2.7438764163939426,2.7876097413928753
374,2.404593686880454,1.9465540983018272
375,-2.710466894760901,2.6987075390756226
376,-1.93778183140735,1.0304713917081156
377,0.42385350764529317,0.003916214368126614
378,-2.755039879930385,2.8176025247552166
379,-0.4226039830837922,0.0038709101878962038
380,-2.6702313942487272,2.593362915031137
381,-0.3892310135754382,0.002797968098177561
382,1.4139041283479425,0.36760288703600014
383,1.6621125347034251,0.632558481385423
384,-1.553311739449085,0.5056647920300771
385,1.5899592750580664,0.5465110925169869
386,-0.347025127253457,0.0017769719256709449
387,0.7210653273455883,0.031044169000769117
388,1.5650161604296091,0.5185019124218473
389,1.0891888539092536,0.14574114020695872
390,2.4492399401169385,2.0492056824306757
391,2.8150919085247104,2.9813891915971777
392,1.5880662986582035,0.5443542357053851
393,0.34230587560737025,0.001683167900774607
394,-0.16300310121734274,8.78561985802051e-05
395,-0.42234247880287157,0.0038614780112760094
396,2.488776961855878,2.142189692632576
397,-1.286025644952286,0.2643205658057186
398,1.8508150491012483,0.8931257938008006
399,-2.9464993609816927,3.353953661871647
400,-2.4577971923029716,2.0691660249902726
401,-1.69500515738352,0.6742746501340806
402,2.715767517276129,2.712726192696351
403,-1.9618704529214652,1.0704212442158703
404,-1.518531337106074,0.4686668711601704
405,0.4537174096830565,0.0051200995332642
406,-2.8874444545472153,3.1841405993337784
407,1.05021769496597,0.12757596420612005
408,-1.2728538688544788,0.2549016383123898
409,0.8668489679276772,0.06251259365109829
410,-0.5092694458428273,0.008056184772513797
411,0.09104927994314593,8.578596368713498e-06
412,2.1671392847429036,1.4437828937948516
413,0.05608761576205623,1.2363751181743154e-06
414,-2.031553168135715,1.1905995725535605
415,-1.9333737994337843,1.0232500588293705
416,1.0039614941449164,0.10809724547506494
417,2.8049434423366195,2.9534219716835715
418,-0.5788653146580698,0.013283176596842416
419,-0.1441188791155259,5.373922704876577e-05
420,-2.951561315322676,3.368688536111815
421,-1.0945185539970315,0.14835415760789994
422,-1.2928077353217693,0.26925723622663816
423,0.8171373564834012,0.05001310851117069
424,-2.9754119808776287,3.4384940343681696
425,-0.21372643714239192,0.0002588468762059204
426,-0.03622917831120276,2.1530243876632937e-07
427,-0.33450056223910174,0.001536159006805038
428,-2.185821220178691,1.4806370745183894
429,-1.0447142746165796,0.12514190632114341
430,1.6682070737842647,0.6401699820844078
431,1.3722991970117633,0.3316048818181408
432,1.4986619880489531,0.44829829100656005
433,-1.653401520660017,0.6217722894260109
434,0.9953687480920879,0.10471910822073882
435,-2.3834337532583416,1.8987818000008456
436,-0.2702846199908562,0.0006590579584960787
437,2.260798555015481,1.6332502915335505
438,-1.8268017639486118,0.8571126969178227
439,2.2298056061965994,1.5692574161090627
440,0.20031556100008796,0.00019992595312101624
441,0.5663078360258993,0.012195929003141592
442,2.215996329776841,1.541155601840555
443,-1.620452869909571,0.5819633831303094
444,-1.8528406424546842,0.8962015433162496
445,2.0306061480794737,1.1889206067701605
446,1.2022425371999717,0.20813648327804235
447,-2.3055170330794326,1.7278133745960225
448,-2.0433840730664903,1.2116800337847267
449,1.7285031126106745,0.7183655611513827
450,-0.7379114908032287,0.03391541441747714
451,-2.205031945401797,1.5190244856898183
452,-1.8121096070598206,0.8354881336830998
453,-1.3552397115061274,0.3175195325906049
454,0.734481425531766,0.0333159850482716
455,-2.1592662040726864,1.428392848327782
456,2.0892332057129366,1.2952128718506113
457,-1.7819501381747642,0.7920738165100379
458,-2.815171394251074,2.9816086993446054
459,2.2979003583049042,1.7115219514508166
460,1.2417588253938145,0.23354087611788832
461,-1.349950832176454,0.31323169293845143
462,0.35225691361857603,0.0018854406077367658
463,1.5715319959094352,0.5257329342616262
464,0.8359514369242738,0.05451321236132667
465,-2.895102422238718,3.205943053843216
466,2.618359478752267,2.460358101591314
467,2.0745861954475195,1.268210717969462
468,-2.123250701278612,1.3590650816741385
469,1.676258338158715,0.650307447346033
470,-0.9630731266705075,0.0926725920808783
471,-2.612114969471555,2.4445615971582644
472,-1.708361669451366,0.6916603613138548
473,-2.8693338155124524,3.1328391183931656
474,0.6599599886975294,0.022081114973469984
475,1.6770079254319388,0.6512560264463906
476,2.9065201320516616,3.2385706364890385
477,-2.465626438925157,2.0875081741474095
478,1.9866275472233212,1.1123357267525016
479,-2.239433224558441,1.5889997559811475
480,0.5914832374172265,0.014445176599912846
481,0.4639976598669717,0.005591506146499614
482,-0.3930281439488055,0.0029073367506327052
483,-2.601662120037391,2.418223482306741
484,1.6698556587098272,0.6422381201206926
485,2.0445237591125522,1.2137210499083364
486,2.8903092343083863,3.1922890703473255
487,-0.5717837920067241,0.01266172590865211
488,-1.663012794416387,0.6336794462250002
489,2.425629175453987,1.9946070755158896
490,2.2930671086002743,1.7012233039199487
491,2.9873449538689263,3.4736528721648043
492,-2.4589037413068167,2.0717537882496337
493,0.33437293168996707,0.0015338374490890816
494,2.896324004030552,3.2094269645610445
495,0.29806536926822513,0.0009721856009944352
496,-0.5159281320759259,0.008476418283177356
497,1.4021831354956946,0.35722363416321223
498,-2.1300514138705555,1.3720206200533107
499,2.653409446265611,2.549881672344688
500,-1.4900837426524702,0.43967614583265957
501,-2.6568115110344888,2.558648443991864
502,-0.7836411259299236,0.042662948709929815
503,-1.1488336324335549,0.17680754281462208
504,2.067911419926377,1.2560040228047349
505,1.2678296822185144,0.25136733797509364
506,-1.2110147491623167,0.21361006649759667
507,2.3062151352660125,1.7293103389981512
508,1.2000669196144784,0.20679347428808426
509,-1.6735729204408711,0.6469157960580256
510,1.0461437002973124,0.12577104029556896
511,2.7244953960117666,2.735879941564046
512,-2.2537591774382792,1.6186040779048552
513,0.023631533131075244,3.8979582672737934e-08
514,0.9260929827228095,0.08009858049228913
515,-2.704225059492468,2.682241474572506
516,2.681148239833915,2.6217584605250073
517,1.6941903055140637,0.6732223316491858
518,1.9636925560486072,1.0734765804825512
519,-1.864681323570281,0.9142988953942666
520,2.7359735950402673,2.7664640153327724
521,0.24422727094091456,0.00044033171229496126
522,-0.38997969276280475,0.0028192869820622413
523,-2.7549241597925276,2.8172908858270507
524,-1.1307577287743622,0.1669647378932564
525,0.6694664569647881,0.023333734966868525
526,-1.7591844047844538,0.7601728942155326
527,-2.7386474598164465,2.773610467423896
528,1.9166399099666371,0.9960880139309556
529,-2.6743362013914567,2.6040234462201743
530,-1.8154186909918795,0.8403314392733484
531,2.42943402747078,2.0033583259164276
532,-2.2774750429222648,1.668208230161669
533,-1.3871080925693604,0.3441491391883844
534,-2.232948579247519,1.575688834919779
535,-2.4860394569457878,2.1356891235128614
536,0.07809939627101681,4.645787426316161e-06
537,-2.4496823363021853,2.050235360038959
538,1.8116891887873825,0.8348739234907602
539,1.5819950141904826,0.5374712121581979
540,0.7762758961742193,0.0411563377319647
541,0.044421821608433554,4.865782000651464e-07
542,-0.24050337628493645,0.00041420760282018243
543,2.7072477132450565,2.6902096311920634
544,0.4203134985878978,0.0037888707812583355
545,2.3462272422931614,1.816166319829598
546,-2.3788092024449385,1.8884168544308446
547,-1.9011751238968058,0.9713409508439957
548,2.933010930823313,3.3148278091457937
549,1.5698783909996887,0.5238920915476137
550,2.1310055670896437,1.3738433633260017
551,-1.8362033640803146,0.8711135681036601
552,-2.8719815243017495,3.1403163563187566
553,1.0406124953519278,0.12334852092781445
554,1.9305672267830545,1.0186666706574699
555,-2.1187864824785345,1.3505950235266195
556,2.0483147789968985,1.2205232488050013
557,0.326692912664063,0.0013988717127090267
558,-1.175756764469436,0.19217552913936364
559,-2.7339890992753224,2.7611653753940115
560,1.6747324306348377,0.6483789664850028
561,-0.23125037930388892,0.0003543053149444031
562,1.437956797042455,0.3894914894187376
563,0.391286994988322,0.0028568009200345967
564,-0.0588312706230214,1.4965541587086406e-06
565,0.2892997509614257,0.0008635059608166351
566,-0.6561734348819264,0.02159598655891426
567,-1.6360953504967013,0.6006679064274889
568,-0.670291247819268,0.023444778244006148
569,-2.8477262980940115,3.0721119582849994
570,-0.21114689106532802,0.000246619686179117
571,2.1270635519652545,1.3663208767069004
572,-0.2122658961889341,0.00025186957151501765
573,-1.1124621796063505,0.1573839220259401
574,-2.5410708265851034,2.268136541359413
575,2.5422472282710737,2.271008277716482
576,0.28230493915665633,0.0007834917833233757
577,1.6200032263229387,0.5814309242432353
578,1.0544141561508118,0.1294535285067584
579,1.5913181289815865,0.5480625333869233
580,-0.4402598420036665,0.0045480929495193
581,2.461823449689427,2.078589105404156
582,-1.352945628948753,0.31565507992934505
583,1.1916131404417314,0.20162942395258088
584,-0.778954780112072,0.041699862343514305
585,-0.8566267898227258,0.05978038170923561
586,-0.9551817105189397,0.08988197702320966
587,1.6717668582646503,0.6446406170295609
588,2.616113367658901,2.454670849340307
589,2.8148795996655913,2.9808029145989043
590,-1.1458695947014708,0.17516760577311408
591,0.21026775422917687,0.00024255285896213064
592,0.8796861089824599,0.06606665171511672
593,2.019870421536816,1.16997499901157
594,2.2278918732512594,1.5653478106435443
595,-0.9035686097781346,0.07305196820276061
596,2.4060517967231707,1.9498669475697128
597,2.0957693591102196,1.307358000985621
598,2.059041001018013,1.239877567192882
599,1.8405919192322893,0.877692571346065
600,2.146616929562864,1.4038425158670138
601,-2.3237442950158007,1.767106426380187
602,2.1872873963850292,1.4835493448983754
603,0.8408141067681543,0.05572128220979933
604,-2.0110313914820965,1.1544976817952086
605,-2.4853121227629273,2.133963528562589
606,1.8350253738085343,0.8693523296392798
607,2.8778831121515145,3.157010860474092
608,1.34132564322306,0.3063188178137501
609,2.8010188410984815,2.9426378374452065
610,1.612554782934458,0.572652894064566
611,-2.454428817538638,2.061298172973003
612,-1.3685432081227615,0.32847022424857353
613,-2.8105127428345806,2.9687554449097013
614,-0.274760713401891,0.000703527885205002
615,-0.28013256745205295,0.000759806148984965
616,-0.4853569109365772,0.006672216752853344
617,-1.9406834162254138,1.03523990558212
618,2.6741811023952833,2.603620281844508
619,-2.08576339003434,1.2887893873709104
620,-1.9078550007135986,0.9819883371154736
621,-0.46398367745207114,0.005590844059501832
622,-0.5190450975616194,0.008678558113120904
623,0.07231796369339705,3.415987707700019e-06
624,-0.40241477008641446,0.0031912661715521873
625,1.007566551683846,0.10953657958184027
626,1.8790025410607987,0.9364563874733516
627,0.2724453031459686,0.0006802541717542132
628,1.9530645619126723,1.0557216415613941
629,-0.9651716943462194,0.09342468051868313
630,2.1054570582390593,1.3254673749245331
631,0.7388055942295875,0.03407292584965316
632,-1.3108086533017473,0.28264866982298037
633,2.263287959684112,1.6384454300383908
634,1.4483713429558431,0.399216248551634
635,0.5450068187642798,0.010502245126190246
636,2.4218834253952686,1.9860095465535035
637,2.242829295956943,1.5959930861765914
638,1.5043726710725958,0.45409552112503454
639,-1.993873562126978,1.1247670502116658
640,2.757701761368928,2.824775320825994
641,0.8721035797965584,0.06395069090773797
642,1.7897100961493129,0.8031187420459962
643,2.486918301861981,2.1377750486667866
644,0.9684801197670563,0.0946189245359017
645,2.5625184086958486,2.320756449777924
646,-2.714609360740515,2.709660411719889
647,1.6744215671850515,0.647986501583138
648,0.5593696138965822,0.011623867301080448
649,2.8266273500273087,3.0133201710882704
650,-0.8446598229171141,0.05668999410541298
651,-2.4250760260011113,1.99333633402543
652,-1.0706986678103048,0.13691769800816778
653,-2.419368767452039,1.9802476229524166
654,-0.8879668166544006,0.06843305620102524
655,2.8811398075761803,3.166240094855723
656,1.2676810864254087,0.251263296514555
657,-2.534365656911376,2.251800578163886
658,0.9525488080430451,0.08896402857532537
659,-0.22051905018718188,0.0002932119937125721
660,1.0389337643525565,0.12261963441603563
661,-0.9559784538971221,0.09016104701603056
662,2.178932720507758,1.4669931920514212
663,1.4939506902423627,0.44355009646815086
664,1.6745684863077184,0.6481719694891166
665,-0.6529597251086958,0.0211903368746007
666,-2.4583338192346114,2.0704207843063474
667,-1.6958493296551171,0.6753658457508369
668,0.9679917804107072,0.09444198766845946
669,0.3248414434811857,0.0013677014532251786
670,0.4200262566133617,0.003778673936631338
671,-1.76809725777751,0.7725729754357554
672,1.590948851251401,0.5476406572329269
673,0.6104347438720303,0.01632714898840326
674,0.10878841048053278,1.7473677681789646e-05
675,-0.13544808604513214,4.194445704652772e-05
676,2.8337734583033027,3.0331765072507944
677,-2.2534664301237184,1.6179964020478403
678,1.4923972067497786,0.441991278670491
679,2.578381438635022,2.3600330154328018
680,-2.8706889345063535,3.136665051080148
681,-1.1830273787636172,0.19647299902325588
682,-0.2598107475595661,0.000563204678645679
683,-0.7446522651767538,0.03511585417028085
684,0.7510137765082536,0.036276349787142226
685,-2.9618818051500355,3.398817715688174
686,0.8405633185876713,0.05565851903954888
687,-1.4563513948780855,0.40676935054923796
688,-2.8491126759357606,3.0759926058315505
689,-1.5596725480483722,0.5126169623115534
690,-0.47528540450284673,0.006145116678385021
691,2.389341093778558,1.9120614522380943
692,-0.05687081186202114,1.3068737995114432e-06
693,-2.7013698006964635,2.674724354889091
694,1.6006451831877815,0.5587828759803626
695,2.629041841552275,2.48748842828296
696,2.3144852511706366,1.747092490594415
697,-1.8378487458118644,0.8735769569884686
698,-2.0656921515257385,1.251959145326914
699,0.27214918735224636,0.0006773196587690489
