,data,labels
0,0.8867285272588541,0.06807546609848647
1,0.9388770741406907,0.08430182121051455
2,2.5563615170812195,2.3055939659078413
3,-2.4135018932170684,1.9668356388926023
4,-2.7506768311964485,2.8058633034872194
5,-2.900041996841174,3.2200407606727786
6,1.957139379203931,1.0625100434356045
7,-2.5780178606132127,2.359129407209349
8,0.1407105843860208,4.884106533420418e-05
9,0.002901605240462235,8.860578937230912e-12
10,-1.0629306574676027,0.13332164298564875
11,-1.8619101745843618,0.9100454108586434
12,2.3598928707173954,1.8463042281190607
13,1.3663894807794925,0.3266813191609735
14,-2.97713060349598,3.4435481226777096
15,2.784880817211585,2.8984772919086486
16,0.7264861391320787,0.031948266132403424
17,-1.410167749855359,0.3642738624150932
18,-1.0155787105806713,0.11278251420367558
19,-0.37734670012546445,0.0024752930496593217
20,0.9179704740225443,0.0775052116530296
21,-0.2754645049070228,0.0007107183092104341
22,-1.3986296976709343,0.3541139580338845
23,0.607354551763823,0.01600979482618181
24,-2.9845221465547245,3.4653218180700627
25,-1.6582069242946023,0.6277089227289745
26,1.4988474292713878,0.4484858223246398
27,1.8878048193575268,0.950220964841767
28,0.30149238199658956,0.001017327681058
29,-1.6431062849994338,0.609165542938993
30,2.268745756269264,1.6498638875093787
31,-2.3162525504985316,1.750904014288505
32,-0.5312591428876101,0.009504854227033621
33,2.480072688358412,2.121552336972153
34,2.6684364528431077,2.588707512434879
35,0.5728822293029876,0.012756701578302998
36,0.9955672885689975,0.10479633050683523
37,1.064594657233381,0.13408648925123012
38,2.1891419559102134,1.487237206855396
39,1.161183940307975,0.18375119267283313
40,-2.3512944424326676,1.8273134307222378
41,-0.9307792987266645,0.0816220217435133
42,0.3104489421592791,0.001142674650462916
43,-0.5377434638276424,0.009966219457450243
44,-1.296219437980894,0.2717630441422088
45,-0.308522808119454,0.0011147989916479029
46,1.333539230387002,0.3001628743640453
47,-1.9849117843213826,1.1094029828465384
48,0.7483196029682073,0.035781571402662804
49,-2.6577478186077013,2.5610636048875324
50,-0.5262085386669204,0.009156489839452164
51,-2.37032200119143,1.8694655753078082
52,-0.952006282851193,0.08877569127980856
53,-2.874372426432732,3.1470750915721126
54,-0.42826152974697074,0.004079169908351221
55,1.2460616568552165,0.23642405804797745
56,-2.661131420313768,2.5698000475706895
57,-1.969079921230935,1.0825376949845793
58,0.28938123148732275,0.0008644724425000971
59,-0.4847545476980577,0.00663978959966538
60,-1.3138853802517871,0.2849797135456231
61,-1.757107342394127,0.7572996639718175
62,-1.7246891743174735,0.713263697049035
63,1.4663547184292085,0.41636236254419373
64,-1.239089402591201,0.23176382920514943
65,2.625955263026616,2.479635422464679
66,0.3016064245376935,0.0010188562214153984
67,-1.5452231430502152,0.49690733839026474
68,-1.317531886932406,0.2877584591288017
69,2.544267815817931,2.2759446986314296
70,0.379002961046635,0.002518518873071973
71,2.565072051711386,2.3270587161846064
72,0.022042764457568254,2.950795296996489e-08
73,-0.7417314902395837,0.0345920336912966
74,1.1569462483654984,0.18134850974603123
75,-2.5637109335101314,2.323698562176133
76,2.3365201366277892,1.794904435325911
77,-0.46929997384595135,0.005846770191191175
78,2.4433393632377864,2.0354954694995335
79,-1.540798778219053,0.49215644829688276
80,-0.06649389166379249,2.4418391000313733e-06
81,-2.0464934309159846,1.2172527192275235
82,1.5679524983437867,0.5217530488738871
83,-0.926749972102765,0.08031095256902365
84,0.8651956344048779,0.06206484942057211
85,0.5479125772923918,0.010722480855441696
86,-0.9394471727843792,0.08449275852434146
87,-0.8507938394838002,0.058259614861533304
88,-2.3225310454422354,1.7644775897562175
89,2.853054286320279,3.087037462544456
90,1.0637404324648774,0.13369347889066496
91,1.5376517379170869,0.4887940615513171
92,-2.149060427157782,1.408568036204203
93,0.7302038295881559,0.032579124963319384
94,-2.5954553329422954,2.4026459871577175
95,0.524891031514354,0.009067175353635215
96,-2.481017517547518,2.1237879420226804
97,1.0136684291431237,0.11200269499179227
98,2.5759227278612746,2.3539254293332843
99,2.0762129634155837,1.271195067987482
