,data,labels
0,1.151954624576029,-0.041570559686941455
1,2.6187712752867194,-3.4175556104779483
2,2.7394476614315533,-4.264077134755689
3,-1.3765171775055376,-0.1136354444768426
4,-2.7771729076722314,-4.558207313476389
5,-1.7318500287052037,-0.4016184262350657
6,2.2825769695976055,-1.7142416818290056
7,2.244155645826373,-1.5717288077212557
8,1.4859177536465706,-0.17385519488641227
9,0.36961229610729784,-5.2222634718490646e-05
10,1.2966985755117815,-0.0812835133397885
11,-2.9410812987485073,-6.014510859905644
12,2.231695125128729,-1.5275042901078646
13,-2.0624269029064903,-1.0156238844418723
14,-0.6253444132714789,-0.0011872800890169177
15,2.4709167235641756,-2.5595883438557583
16,2.235579622145438,-1.5411881070558053
17,-0.35931303951823246,-4.41185973754088e-05
18,-0.5999196314362525,-0.0009290524825483759
19,-1.0450114181296772,-0.023798829152970713
20,0.9240282503637953,-0.011694123431796766
21,-0.2790384250201692,-9.739311265355433e-06
22,-0.7632544553488287,-0.003835565407687147
23,1.3340934853102322,-0.09536500037291779
24,-2.20898979022115,-1.449361138917218
25,1.482055812938082,-0.17137013217711622
26,-2.2748363205684408,-1.6847707766181599
27,-0.1693077747556062,-4.889514140238305e-07
28,-2.7568318464118717,-4.397801153813349
29,0.3819130449919679,-6.348493966568114e-05
30,2.8031031891018827,-4.768954175198096
31,-0.02847470905176408,-1.110378455848604e-11
32,-2.2580753697142915,-1.622276589094768
33,-0.674052916306128,-0.0018478750232815422
34,-0.9525490460322779,-0.013946320126789091
35,-1.788323669824149,-0.477342660531313
36,-1.367843393047158,-0.10968977343945802
37,-0.44689402739908246,-0.00016189184118697852
38,2.0062856684101886,-0.8790284122981162
39,-2.6324725877497954,-3.506729566207669
40,0.15534465584920998,-2.9189577166466307e-07
41,-2.5728449575231727,-3.130983800525694
42,-2.5420488088733952,-2.949176328600128
43,-1.9865962274447742,-0.8346393341883068
44,-2.887337038477045,-5.503767239200764
45,-1.106037568488353,-0.03295425382815409
46,-2.657100994913116,-3.671382716154886
47,-1.9139648709117054,-0.6856526790723557
48,2.9441601065250254,-6.044794782221207
49,-2.5644657776909754,-3.0807071689729075
50,0.12928615492049467,-9.708766324223461e-08
51,1.9766213504720511,-0.8128216466075683
52,2.648190128027095,-3.611156456553183
53,-1.5268523459045333,-0.20199475261309802
54,2.317623234840677,-1.8525990218711461
55,0.5101995149588219,-0.00035579914802952306
56,-0.03518553194840557,-3.9525382966587586e-11
57,2.8751739464096,-5.392794268657254
58,-2.225909771848987,-1.507296018668988
59,2.0598097248529044,-1.0089152720064372
60,-2.152499812715097,-1.2681487281043582
61,0.9948059345630753,-0.017922716043272113
62,-1.3608072205104635,-0.10657010643197629
63,-0.9127660813766507,-0.010890995388515234
64,2.857510504375184,-5.234605513510666
65,-0.24919216372174802,-4.949961848965678e-06
66,-0.10886698985290488,-3.463322462149421e-08
67,1.63626101004151,-0.2951575617033193
68,1.8555279096709647,-0.581476093185794
69,-0.13934091628048773,-1.5211690307381787e-07
70,0.34030259806031093,-3.18926666997843e-05
71,0.7651792828323916,-0.003892598746308318
72,2.506053773283262,-2.7468507256319104
73,-2.681046400201804,-3.8369426877554793
74,-0.23280488520491271,-3.2943901208115633e-06
75,-2.753972434018608,-4.375594044063396
76,0.7713537939301176,-0.004080274143336005
77,-1.03177840598026,-0.022116919336445995
78,-2.1185562086276115,-1.1679237687433295
79,-2.2312499804125747,-1.5259421157473987
80,1.4247539577731807,-0.1376956991811797
81,2.4839980359402105,-2.6281448115362065
82,-0.9333901245327123,-0.012397961437683236
83,-1.5365716387133808,-0.20917776360017426
84,-0.5333254786298904,-0.0004628444142878996
85,0.4895504851189916,-0.0002783873289845529
86,1.8274527092798003,-0.5360241811045092
87,2.322997596164879,-1.8745424941043602
88,-0.9484399225164815,-0.01360162848828883
89,-1.5487275412223993,-0.21844435756514158
90,-2.3118117410843366,-1.829090398348673
91,-1.338196560548062,-0.0970218393839542
92,-1.8617624240428976,-0.591963621469291
93,-2.9145130500352385,-5.757827379687186
94,-2.4829097825026536,-2.6223894098976506
95,1.2628399657832263,-0.07002027501377428
96,-0.9244470629842212,-0.01172489685789957
97,2.2927885042817246,-1.753716680695053
98,-1.3464445205812419,-0.10042207071517095
99,0.17614708857108674,-6.199107063231679e-07
100,0.2715803137270476,-8.282387729985352e-06
101,-2.0494728581757053,-0.9827507885163645
102,-2.4996682474822896,-2.7120771387890223
103,2.9967656410668972,-6.5798873082372005
104,-1.8468118402298037,-0.56705673182812
105,1.3770347591075875,-0.11387442417094834
106,2.3173731500424113,-1.8515826901452765
107,-2.430304053568883,-2.355300366614738
108,2.0434239262886367,-0.9676835687949882
109,-0.724212227911206,-0.0028185984686204257
110,-1.3455412800437623,-0.10004512901584789
111,-0.7493439964589816,-0.003443460478040117
112,0.03378897096458333,-3.0998870137466383e-11
113,2.6796270338981296,-3.82697657098739
114,0.48658123124231567,-0.0002685042914364333
115,-0.9114660129315673,-0.01080126152870653
116,-1.4754714664396802,-0.167198340175229
117,1.0841221535495356,-0.029386268851106956
118,-2.23419409163649,-1.536296677770149
119,-1.1316398370627052,-0.03755851504550678
120,2.47250640936711,-2.5678468981822418
121,2.1755875543382137,-1.3399849554225547
122,-1.7796100687841243,-0.46498541084336786
123,-0.5071694957301984,-0.0003434373599717766
124,-2.317290141768814,-1.8512454422236866
125,-0.30733508533130927,-1.735090281163032e-05
126,-1.1751755347662995,-0.04657338169294223
127,2.5817497462595167,-3.1850856521217326
128,1.0140028403205212,-0.02001091647835007
129,2.230686033638351,-1.523964768146342
130,-0.5223597154458912,-0.000409180152770805
131,-0.9274955106609992,-0.011950887961911238
132,-0.7696582675214043,-0.004028013697151556
133,0.818914644267096,-0.0057900622553614944
134,2.0734255102688977,-1.0441918019457739
135,1.6855279611311555,-0.3468184271810488
136,2.904359276719763,-5.661907073012464
137,-1.9467660525107624,-0.7501408878585675
138,-1.5253302746553192,-0.2008877818812802
139,1.4325029324151686,-0.14191257927454265
140,1.963828769495394,-0.7854878662845963
141,0.3168233133935656,-2.080812070626159e-05
142,-1.265314939273754,-0.07079850185333425
143,0.10496592279829464,-2.782600483364206e-08
144,-0.663923394331273,-0.0016901606617215625
145,-2.3484104135192334,-1.980981582331461
146,-1.8393363452988625,-0.5549124427508646
147,0.14781260509843008,-2.1669179750549716e-07
148,-0.23512104386294563,-3.495528950847593e-06
149,-1.1750923891388259,-0.046554640431823335
150,1.6613732775958905,-0.3206723443415851
151,-1.636064960568989,-0.2949648599368454
152,0.4450489066564556,-0.00015795453905842471
153,-1.2396621094437748,-0.06306040386718026
154,0.6503000671222234,-0.0014956982742473368
155,1.094067694218408,-0.030964477513839572
156,2.5401634405782083,-2.938309450861922
157,-1.4263636496411811,-0.13856335214344978
158,1.680566311522532,-0.34131589771819115
159,-0.5785415022681977,-0.0007495860108038821
160,2.468094656460841,-2.544976727357602
161,-1.7050400301713864,-0.36913589738260844
162,-0.8371595250295991,-0.006584797638342188
163,-2.879458691166958,-5.431695926674851
164,2.4232641845685263,-2.3211785551821253
165,-0.3241365806845842,-2.3847663207066105e-05
166,1.7856046114916806,-0.47345945325134664
167,1.794270251029542,-0.48592177679825943
168,0.471593191915038,-0.00022294133636657776
169,1.2975261056974752,-0.08157593037930877
170,1.7348702276555592,-0.40541331507977163
171,-0.6505026892631767,-0.0014984488234365267
172,1.2688695937414627,-0.0719283606100789
173,1.162020863146764,-0.04368301626474724
174,0.5067090430308587,-0.00034159033971825625
175,-1.3906835869954126,-0.12032265088517963
176,2.5710174289502605,-3.1199662265537693
177,2.3904788659219074,-2.167156251577782
178,-2.881531115139103,-5.450586222288742
179,0.8849184439132323,-0.009096798482205792
180,-0.047579886205078026,-2.4164414913485643e-10
181,-1.168650068276133,-0.045120912738933816
182,1.076882468187093,-0.028278965206987583
183,1.2388108675009315,-0.06281581538395725
184,-0.1277605289783348,-9.041768889161972e-08
185,2.1196559091229936,-1.171072582311611
186,1.2160861355839963,-0.05656300954587601
187,1.7391191616683823,-0.4107995316719424
188,2.1308172323923227,-1.2034001923692148
189,0.6781004072695538,-0.001914192294364958
190,-0.5432511085651601,-0.0005163178341198726
191,-2.453634950005166,-2.4710924207605367
192,2.7268543210185427,-4.169115469941794
193,2.086809335684178,-1.0797822654456517
194,1.1402148810457273,-0.039211963628430824
195,-1.7998976616438855,-0.4941506544722306
196,0.3661556577228122,-4.93754972640259e-05
197,2.8064988993357254,-4.79707971183722
198,-0.5923680162078231,-0.0008620001889447781
199,-2.9184822624526046,-5.795649172122748
200,-1.7826976125976883,-0.46933513482916467
201,-1.904491887198191,-0.667852405335071
202,-2.947987107115998,-6.082595416131622
203,-1.906966419398954,-0.6724672460157445
204,-1.9176341197776339,-0.6926452216469076
205,-1.3603624994559247,-0.10637533643517516
206,1.3920926302308425,-0.1210045807306202
207,-1.892443437840356,-0.6457322173483745
208,0.3445260478009704,-3.433017182252751e-05
209,1.2697958423034752,-0.07222513686347265
210,2.9587842564521836,-6.190186688928322
211,2.936441135288396,-5.96908161074824
212,-0.8933088702289194,-0.009609824460185434
213,2.567300697914547,-3.0976489490205226
214,-1.7444797275346593,-0.41767457441238165
215,-0.5644883654458832,-0.0006480302408029548
216,-1.454459624496316,-0.15442176008570496
217,1.0359665832878626,-0.022638435037172333
218,0.013100934096890171,-1.0536016503692736e-13
219,1.3666021258289982,-0.1091341926046338
220,2.2874772400984487,-1.7330996726637553
221,-2.626852944630431,-3.4699466170257742
222,1.3675440689021192,-0.1095555922197669
223,-2.075524028347316,-1.049711845807457
224,-2.4248111028471437,-2.328644204234405
225,-2.359284973891009,-2.027899923556133
226,2.8667904951680034,-5.317278540916399
227,2.6798912285585024,-3.828830154907702
228,-1.693017146941608,-0.35525554715920055
229,2.6156294139509084,-3.3973485092228763
230,-0.27522924913335833,-8.970685761444663e-06
231,-2.1106934653380156,-1.1455985004005438
232,-2.218834654118538,-1.482859970819598
233,-2.114903920449226,-1.1575125216369715
234,2.729201947054321,-4.186697297653597
235,2.2798250301930647,-1.7037197739490424
236,1.105312132574097,-0.03283079035482006
237,2.6805211092850776,-3.833252088315649
238,-2.979149653789675,-6.396951399154503
239,0.3697479620938209,-5.2337100506782974e-05
240,-1.9798877030856823,-0.8199169843713339
241,-0.7689263027264506,-0.004005623244599965
242,-0.20165346871478151,-1.3937625175097779e-06
243,1.2748447048327103,-0.07386016162999531
244,2.1394115855467124,-1.2287545898840406
245,-2.033754401923874,-0.9439673407946028
246,0.5487805094776075,-0.0005482579148538003
247,2.3520496661612578,-1.9965907060619386
248,2.3403499837127937,-1.946738475150762
249,-0.9330559517016517,-0.012372256748211519
250,2.373595979282248,-2.0909199393880598
251,-2.4816625205510614,-2.6158047330412257
252,-0.33362988030107044,-2.8335503880372315e-05
253,2.6626594957261727,-3.709329345359371
254,-2.496221537576041,-2.693445516406084
255,2.932207552285722,-5.927855233264871
256,1.5529789474029005,-0.22176075993292055
257,-0.33804328926867466,-3.064895306803539e-05
258,0.6021084247134825,-0.0009492727455506778
259,-1.4440089057458076,-0.14836292374560667
260,0.8223876576096218,-0.00593494440984732
261,0.6365605308347844,-0.001318651361665979
262,-0.15222893153842776,-2.585145708611236e-07
263,-1.2480298706039228,-0.06550574233169065
264,-2.6652697978659052,-3.7272500466828338
265,1.8807639352813244,-0.6248356290303669
266,1.7685048488713981,-0.44959978455585414
267,-0.8369190185076141,-0.006573769317229861
268,-1.4159049460579445,-0.1330028558366277
269,-0.5735954303572841,-0.0007124431557505861
270,0.6759493334703337,-0.0018787075649154827
271,0.19095629203786935,-1.0055085641891282e-06
272,1.2072585553725066,-0.05427369947469468
273,1.3110163604827365,-0.08646301915247279
274,-0.8640720054653741,-0.007918411639493028
275,-0.7509362305631244,-0.00348659677592833
276,0.5111550110997611,-0.0003597728929863875
277,0.5524513832583859,-0.0005703516526457397
278,-2.559376234463156,-3.0504659730018693
279,1.8768177663394612,-0.6178951461994852
280,1.3906623093692358,-0.12031237677390488
281,1.4761711574870278,-0.1676377908318985
282,1.185498847598713,-0.048948057153310354
283,0.56614814381813,-0.0006593960827768752
284,-2.7078565436169963,-4.028854930205676
285,-2.568803018410243,-3.106655239134209
286,-1.5039942239803037,-0.18586980361943434
287,-1.5145991598042894,-0.1932188598044886
288,2.4544022120548536,-2.4749717859668228
289,1.3512020975037453,-0.1024262996101557
290,1.9374379044894159,-0.7313437416827803
291,2.341859622665538,-1.9531175058853147
292,2.1297051724431633,-1.2001489559439709
293,-0.33796190247155433,-3.0604914412646345e-05
294,-1.106208158488339,-0.032983341425669055
295,0.7597218105724739,-0.003732678165562664
296,1.1541454985067547,-0.04202314755592329
297,2.994430476271013,-6.555417618130334
298,-2.3480348756640885,-1.9793761349362027
299,1.476832656852653,-0.16805409745598554
300,1.3818267100087729,-0.11610609085598822
301,1.409767842363891,-0.12982370264376164
302,1.2308843322598513,-0.06057469753324135
303,-1.4840040685201212,-0.17262023748528982
304,-2.1238023218813433,-1.1830036401881538
305,-2.9729129290665544,-6.333096695242984
306,2.464539716256006,-2.5266600346214707
307,-2.0730525930282466,-1.043213197733476
308,2.223855471722101,-1.500169527259422
309,-1.5887430778429756,-0.2512632147815295
310,1.8476151418642015,-0.5683739208640353
311,1.0573270746581702,-0.025456053654229982
312,1.4432949723356687,-0.1479560240687221
313,-0.05783759452176662,-7.795402101606896e-10
314,-0.5386830349436016,-0.0004911064929652431
315,-1.1500093445504553,-0.041172014320210004
316,-2.119316829276567,-1.1701009902304382
317,2.307990883847733,-1.8137579732509819
318,-1.5885052768233399,-0.2510573306377071
319,2.7602133821005275,-4.424171440303439
320,2.2472134463659934,-1.582728725910319
321,0.9866411907903974,-0.01709012754739403
322,2.067217600807103,-1.027992553336034
323,2.4143519160178366,-2.278517672627568
324,0.1849820672029603,-8.31153635361126e-07
325,1.199201037780016,-0.052249821002407826
326,1.7352701678729288,-0.4059179365895159
327,2.1748078837324423,-1.3375095270685105
328,1.817396898942615,-0.5204351891041453
329,-2.6200387224483492,-3.4257326910670876
330,-2.412511928053265,-2.2697842809350464
331,-0.8905475701204741,-0.009438441537324427
332,1.5836301106108381,-0.24686573984369814
333,-0.2071928422088778,-1.6393833728312046e-06
334,2.661650468621265,-3.7024192764529107
335,0.7319367931845502,-0.002999802639745641
336,-1.1658127485712741,-0.04450088470304914
337,-2.038963836558783,-0.9566881838643002
338,-2.9210461206771443,-5.820177339636554
339,-2.334398905961884,-1.921745513616201
340,2.647742912517306,-3.608153432801661
341,-2.6735041863124933,-3.7842062028840946
342,2.0808134207071465,-1.0637246722363505
343,-2.5305901588600954,-2.8835940268134403
344,2.8439954433793773,-5.115915450875026
345,0.5727305084036582,-0.0007061070465746999
346,-1.6669911580619599,-0.3266103914868314
347,2.1731523123417613,-1.3322647182483125
348,-0.4973079327193699,-0.00030563901636415647
349,2.0867030062175393,-1.079495896705789
350,1.1483523932086364,-0.040834981015788974
351,0.8258623124874367,-0.006082855847888924
352,-2.0100750915387,-0.8877761633445042
353,-0.4800964730554762,-0.00024792744662383015
354,1.779004985523346,-0.4641366691304906
355,-1.982376647232092,-0.8253555899754406
356,1.4489707795611526,-0.15121554895714384
357,1.7682412133670233,-0.44923942673610573
358,1.5554340759373444,-0.22369398498978854
359,1.032866511483454,-0.022251462823033363
360,-1.960037203982259,-0.7775244261042643
361,1.1255630966593895,-0.0364212925484626
362,-2.758110448083947,-4.4077582932192385
363,2.6521071466618498,-3.6375388934546122
364,-0.6865947894929492,-0.002059760838527769
365,-1.8487110416341,-0.5701747215787746
366,-0.6215726639454298,-0.0011456104561693436
367,-1.935232220933484,-0.7269527907075186
368,-2.764739212502941,-4.459649331736551
369,-1.679318589231,-0.3399429981486054
370,-2.468192186256124,-2.5454806504957164
371,-1.0624261200424692,-0.026169038225315244
372,-0.32818825078405034,-2.568463422913947e-05
373,-1.2253691464661838,-0.05905366143137025
374,0.8080313725705768,-0.005354705354562284
375,-0.17732593778325567,-6.451895795400731e-07
376,1.829571270799418,-0.5393543088790304
377,1.1203584752551032,-0.03546957491564451
378,-0.6248954346403335,-0.001182255230548157
379,-2.0150000094819163,-0.8992451567850998
380,-2.9119799531590638,-5.733785881154895
381,2.2166913388538374,-1.4755172707458093
382,-0.8250354067678076,-0.006047384569562664
383,1.4687857049991404,-0.16304520567211295
384,-1.2684931160101753,-0.07180801487693245
385,-0.762492466766588,-0.003813177961140113
386,2.11803012987634,-1.1664197216038712
387,-2.432889078588127,-2.367924273139668
388,1.927541881089601,-0.7118025287656435
389,2.707468497519103,-4.026027182839828
390,-0.4718693367949145,-0.0002237185881865944
391,-1.9792214263584547,-0.8184658004549668
392,-0.42626855079409864,-0.00012219718858508255
393,2.5014548841052937,-2.721773069588017
394,-1.22565973030026,-0.059133026657581356
395,2.4324862693630376,-2.365953816939684
396,0.8094396587908728,-0.005409477986991873
397,2.855605449235857,-5.217752653525817
398,-2.235183819259171,-1.539789570815894
399,2.4215729126827394,-2.313036907620669
400,1.4859260340551597,-0.17386055366740572
401,-0.9793411327542194,-0.016372640691340368
402,-0.3261836529134774,-2.4761617149704485e-05
403,0.7863791064561423,-0.004568200652996568
404,0.29136118671878375,-1.261116194628542e-05
405,1.6931470337525933,-0.35540328044235964
406,-2.6401149822119,-3.5572192669911438
407,1.4062869219855054,-0.12804761035452822
408,0.3722398391183539,-5.447693846383217e-05
409,0.12320602281587334,-7.273221325210244e-08
410,2.907220957818474,-5.688819853688284
411,-1.49088904316383,-0.17709609703447993
412,-2.5581376001013183,-3.043140026125076
413,2.3595578463335674,-2.0290879411665426
414,-1.2581560723939247,-0.06856629003728937
415,-2.5916876893186185,-3.2462883416860424
416,-2.5138687827790314,-2.789863604934933
417,0.3145104134953387,-1.9916770855110677e-05
418,-1.5067543254425857,-0.18776081204706424
419,-2.629335898886766,-3.486162837152437
420,-2.505167079017024,-2.7420021399570706
421,0.36333351098353894,-4.71476850641972e-05
422,1.769242613399098,-0.4506094187439853
423,-1.980948195634501,-0.8222308822686089
424,0.7866611647304338,-0.004577798180155357
425,-1.0806975216032917,-0.028858176250834644
426,-1.663987879794171,-0.32342531099803706
427,-1.6017894736122227,-0.2627643054689438
428,2.193892563508685,-1.399114087079105
429,0.501170036308709,-0.00032000855521685523
430,-0.3078180251592726,-1.7514490032177754e-05
431,-0.11597926161691419,-5.0618695124349244e-08
432,-0.7833473731579792,-0.004466079437268955
433,-0.5767673387354018,-0.0007360830882399139
434,2.1770449478319396,-1.3446215066968998
435,1.2643441046062174,-0.07049241038350623
436,1.9246964373947222,-0.7062592398873961
437,-1.4113138698947152,-0.13061881104391276
438,-2.89094714580031,-5.537028555339856
439,-1.8523104245157611,-0.5761204982024297
440,2.535586304382525,-2.9120528211809407
441,-1.9487987632754677,-0.75428608381133
442,2.9613957070401344,-6.216419493226332
443,1.98892946793677,-0.8398072821186384
444,-0.24415951331096597,-4.380983748331069e-06
445,-0.7469230420162694,-0.0033787140572508756
446,1.2877458628087481,-0.07817336890763121
447,-0.251931746297279,-5.28468090044143e-06
448,-1.1895460431166915,-0.04990526197927536
449,0.05090106104201819,-3.6222558286169715e-10
450,2.6689350005381502,-3.75252209904175
451,-0.20777851735342523,-1.667334530996989e-06
452,0.3828679352797102,-6.443747575390901e-05
453,-1.6565864794125584,-0.315679950945409
454,0.6165640593495536,-0.0010921489950667107
455,-0.6324531042275763,-0.0012692181616015263
456,0.47834491018409775,-0.00024259957646577401
457,-1.2102245004077912,-0.05503439010171585
458,-1.1906192023821125,-0.0501615905225401
459,-1.312511324813329,-0.08701872157922974
460,0.7779843185167103,-0.004290021547087242
461,2.457932336329656,-2.492879635219419
462,-1.5147762850697668,-0.19334352943139926
463,1.0618858296437779,-0.026092732324860646
464,2.364964880317685,-2.0527375449212744
465,1.2611485081664693,-0.06949237976889466
466,2.5248194221139117,-2.850983503631351
467,-0.753582522945059,-0.0035592713695363765
468,0.4519860048635671,-0.00017318203689320466
469,2.8909111175447526,-5.53669587827252
470,1.7535217396265592,-0.4294746418915988
471,-2.20486821080506,-1.4355092963592417
472,-0.18917429471972413,-9.505858622471663e-07
473,-0.4871884031062521,-0.0002705012230327375
474,1.27458671038743,-0.07377589881883356
475,2.2190701236063477,-1.4836683497463705
476,0.16048392199191674,-3.5477346227441586e-07
477,-1.5481990788062814,-0.21803487438906222
478,2.63694945832209,-3.536240649799918
479,-0.9418346832996569,-0.013062133166534595
480,0.014094385201644855,-1.6331380692236053e-13
481,1.3870908382577607,-0.11859774679307361
482,-1.5622786612065616,-0.22915397373696955
483,0.6835579623433077,-0.0020067068959718215
484,-2.828103656369468,-4.978923452535947
485,-2.054171886291683,-0.9945794304952936
486,-2.5453554718197537,-2.96830806013601
487,-1.3420055112533171,-0.09858044533427507
488,0.24746671547595955,-4.7483490592803435e-06
489,2.9729090794956976,-6.333057427738984
490,-1.298557103511644,-0.08194142435880236
491,-2.11890230420574,-1.1689140574045385
492,-0.36602575396897397,-4.9271066508427275e-05
493,1.5611094300893225,-0.2282138880488262
494,2.8574661927137743,-5.234213056791447
495,0.3804083605443389,-6.200770661601851e-05
496,-0.8587820163082229,-0.007640190526832957
497,-2.2696231805357368,-1.665140766575037
498,-1.0395365402831587,-0.02309081610037289
499,0.8221766833197197,-0.005926059349136703
500,0.8613569309267879,-0.007774597944632311
501,1.475831062934331,-0.16742407535056403
502,1.5478516109318559,-0.2177659671035454
503,-1.9829649711609914,-0.8266451953219568
504,-0.9936339845044309,-0.017801219447774908
505,-2.6705927717419935,-3.763994587683916
506,0.10412354678824176,-2.6513322759491587e-08
507,1.0735471871809352,-0.027780350402688225
508,0.34567146254888925,-3.501726567156638e-05
509,0.5951684596176179,-0.000886382894427773
510,2.406112506958449,-2.2396063888312283
511,2.5142920015898156,-2.7922073051862997
512,-0.0641187999201942,-1.4469313525111716e-09
513,1.9255879818359558,-0.7079924768987527
514,-2.2627664182786953,-1.6395868384747618
515,2.5855528656847975,-3.2084040691995748
516,-1.119841757528744,-0.035376196756129574
517,-0.7515605583191931,-0.0035036316247522015
518,-0.9396573558706787,-0.012888171627501999
519,-1.52209679057557,-0.198552074656915
520,1.4864408993445428,-0.17419401338211943
521,-0.6212102055025817,-0.0011416704981925818
522,1.8851906816320794,-0.6326931425146629
523,-0.8807315453415465,-0.008849302146619387
524,-1.5594480620247575,-0.22688335763802758
525,-2.5200720145283224,-2.824364126488773
526,1.4128923750173552,-0.13143462080180474
527,-2.947851405224749,-6.081252054190209
528,2.458231778024082,-2.49440313978664
529,2.7028671430773743,-3.9926091988110053
530,-1.7709051410234997,-0.45289108342388834
531,-0.4574227586125361,-0.00018594960035356323
532,-2.2932411245793354,-1.7554822054546326
533,-0.25509617100740956,-5.694536017397667e-06
534,1.7556304120608477,-0.43226359722169183
535,1.6092102010159284,-0.2694887765560817
536,2.0989597090606606,-1.1128914975843711
537,-2.8218030155758527,-4.925371869910656
538,0.8280406270780278,-0.0061771148567136835
539,0.8757447797161557,-0.008561738018767584
540,0.1598020589608149,-3.4583425434497883e-07
541,1.3777844016488663,-0.11422126311623892
542,-1.854245018504212,-0.5793360694015918
543,-2.6498965453372563,-3.6226321071362335
544,1.852254468248658,-0.5760276976810655
545,1.016686216469516,-0.02031793870706
546,2.3788546649478466,-2.1144450881307155
547,-0.7909420903689046,-0.0047255083726983615
548,2.6115423040286814,-3.3711959464181853
549,0.33677584180525244,-2.9969075781344223e-05
550,-2.847040083384258,-5.142477421049882
551,2.504309219875596,-2.737317354133374
552,-1.5233994148808876,-0.1994904244617582
553,1.5230675724738507,-0.19925104806209093
554,0.3072500639212459,-1.7322235264738417e-05
555,-2.743853425605983,-4.297676857871243
556,-1.5393810875531297,-0.2112912770194873
557,2.431800367479865,-2.362601377227054
558,2.1303872383659765,-1.2021422569488347
559,1.1454031979213983,-0.04024061449527083
560,1.9662463622633632,-0.7905983214687152
561,1.0604350271404437,-0.025888726488012548
562,0.8535276530249281,-0.007371816349088678
563,-0.6252848752723885,-0.0011866127424025041
564,0.9523701261832542,-0.013931164698616216
565,-2.807372139070721,-4.8043323598578445
566,1.96500260581276,-0.7879659980536067
567,-0.9717895495931304,-0.015656444064109487
568,-0.8799943021154224,-0.008806298004758406
569,1.5668038593171572,-0.23282119688440206
570,2.7536324811420307,-4.372959427577849
571,1.121496271719339,-0.03567589388796899
572,-2.004839168444729,-0.8757067826812981
573,-2.548473284685432,-2.986432299947854
574,-1.6484531696417917,-0.3073375309629687
575,2.314214184017729,-1.8387811613544247
576,1.8758375618276402,-0.616180482153263
577,0.01763946645478054,-6.274980535181385e-13
578,1.317882167699385,-0.08903880263609382
579,2.9846105826150566,-6.453253345206263
580,-0.9031010106089497,-0.010238219872510279
581,-2.233078144944531,-1.532365574456946
582,-1.2229082141876026,-0.0583849548840627
583,0.5111125106212926,-0.0003595953633526161
584,2.8688143364539993,-5.33543639003476
585,0.30375493110604257,-1.617734272418847e-05
586,-1.8300995653469874,-0.5401872267622285
587,1.9880296461053453,-0.8378113323228185
588,2.30357975883544,-1.7961783212683762
589,1.0152094085617733,-0.020148497401665133
590,1.9205166550461712,-0.6981771209001921
591,0.42654945631777874,-0.00012267751964545326
592,2.217583989827263,-1.4785719960497024
593,1.3611050003264378,-0.10670068125627313
594,2.7058560530836244,-4.014292924184523
595,0.09002017153769515,-1.1075363626211754e-08
596,-0.8249843952667328,-0.006045201924568366
597,1.732226313804837,-0.40208970812831024
598,1.1461277889746144,-0.04038599301817336
599,-0.37170303625900214,-5.4009939341237434e-05
600,-1.3998882610213206,-0.12483332807049119
601,-1.5456605616608778,-0.21607633632127088
602,-1.1850661658325723,-0.04884660574662786
603,1.4619507539893055,-0.1588845210865154
604,0.6430911086712805,-0.0014005118880578982
605,-0.22986678126350402,-3.053186118262552e-06
606,-2.112735026687942,-1.1513635722061215
607,-2.518299082815396,-2.814471085725129
608,0.4115616732842238,-9.91359510282841e-05
609,0.3278108899914409,-2.5508727972356482e-05
610,-2.193684708564296,-1.3984316994025539
611,1.5094794409235668,-0.18964277751714548
612,0.39447822988549763,-7.700135248922546e-05
613,2.814634465159952,-4.864965533378683
614,2.0652344305705075,-1.022858441245527
615,-1.7139286430921046,-0.3796681708750904
616,-0.19039572071685118,-9.87953736042435e-07
617,2.638255884733505,-3.5448873791208997
618,2.1161180828358503,-1.1609657070740012
619,-0.17500896618309536,-5.962930710312619e-07
620,-1.4003656212303792,-0.1250708797583035
621,-2.799153290599402,-4.736392977688273
622,-2.7875310656286905,-4.641543289045068
623,-0.054535188939507595,-5.478457687502214e-10
624,-1.6936920849489354,-0.3560237470266372
625,0.5667070935761327,-0.0006632605555593196
626,1.1773142010142168,-0.04705753937174195
627,1.613403893549993,-0.27334850960765644
628,-1.0213514423069556,-0.020860830106493422
629,0.4198582766772443,-0.00011165245984245953
630,0.3271957463628854,-2.5224126391942825e-05
631,0.8000079377454785,-0.005051255988732906
632,0.08315199072204171,-6.8804907327191245e-09
633,-0.4177197873967282,-0.00010830742692224948
634,-1.5697262242260157,-0.23521400731798597
635,-1.4975816075597261,-0.18153462721716834
636,0.6487727125067799,-0.0014750984765248276
637,-0.3900500550977437,-7.198940793229358e-05
638,-0.7757112537149666,-0.004217142035941257
639,2.4737997909039935,-2.5745809089060145
640,1.2212155682089412,-0.05792856223977555
641,-1.787373562470919,-0.4759829582137781
642,1.0016854948446596,-0.0186496088158149
643,1.6848556194109312,-0.346068744017257
644,2.919827926544456,-5.808513427056656
645,-2.8638154729562713,-5.290670051608056
646,0.3881959566903559,-6.997292601096383e-05
647,0.43963405824146795,-0.00014685540290992893
648,2.120068335657921,-1.172255172623336
649,-1.2691869652770105,-0.07202993808802555
650,-0.19102970759077165,-1.0078267540514219e-06
651,-2.8121482011230783,-4.844144044146795
652,-0.3186001227516684,-2.151517448867324e-05
653,-2.4262083004184345,-2.335402831211935
654,0.9330485847031795,-0.012371690566527538
655,2.89060045429199,-5.533827896565521
656,1.3338450200450476,-0.09526540088923485
657,-1.6608817420053095,-0.32015685859150117
658,-1.8629295737163065,-0.5939431822688079
659,-1.0660867399729395,-0.026690815124552847
660,-0.1453837096395727,-1.9620348623572426e-07
661,-2.578814592603957,-3.167176079025601
662,0.2704547454449995,-8.079163891783203e-06
663,-0.035078943411741115,-3.881250876247577e-11
664,2.8469198899854877,-5.14142689511773
665,1.6819611695003625,-0.3428558404855831
666,0.2625002664033085,-6.757813357682885e-06
667,1.08711953532476,-0.029854880609852308
668,2.577004436359566,-3.1561686471354475
669,0.09382876345806057,-1.4200281284182381e-08
670,1.2756029439496235,-0.07410825517014907
671,-0.9395437033183951,-0.012879143324507791
672,2.300141862160535,-1.782567116303705
673,-2.444552451912175,-2.4255174464981786
674,0.5486248791992083,-0.0005473371078256184
675,-2.5964915729012885,-3.2761868074475604
676,1.2503865401724168,-0.06620801980918484
677,-0.2193876465668474,-2.3089983010038395e-06
678,-0.1214313381702139,-6.667198737542179e-08
679,1.3021322188145152,-0.08321900375807517
680,-1.6334150952601951,-0.2923699391042768
681,2.423770286614803,-2.323619086281821
682,1.2313997537671764,-0.06071844112803865
683,-1.3486598707429633,-0.10135139412573385
684,2.213266752657832,-1.4638426245773173
685,-1.5535342562573955,-0.22219686286735396
686,1.4714154143889742,-0.1646688652056893
687,-1.9492366751357315,-0.7551814058928253
688,-1.88376035994392,-0.630145978301032
689,0.9935542551197614,-0.017792978283748373
690,2.8542356923274053,-5.20566017277454
691,-2.742727761068718,-4.289073497068054
692,1.235785317425603,-0.06195264787517174
693,2.7580770121870133,-4.407497696843459
694,-0.19379841076706406,-1.098560564072315e-06
695,0.28734015787320777,-1.1605621656474163e-05
696,-1.6563498188757588,-0.31543471969374776
697,1.061847648104421,-0.026087346734883998
698,0.4525553226876786,-0.0001744839359617556
699,-0.6214159360347198,-0.0011439054337407661
700,1.7947519037636308,-0.486621881294966
701,2.945216609924784,-6.05521279900092
702,2.701612667587682,-3.9835344048145758
703,-0.3208869342110132,-2.24544623868006e-05
704,0.33154579499614556,-2.7294621870344038e-05
705,-1.0653244134925095,-0.02658146494542113
706,0.12416733183220163,-7.62020002653685e-08
707,1.8846857207561527,-0.6317929814231475
708,-0.9532442110135975,-0.01400533181445418
709,-1.1523115919888258,-0.041644031777288815
710,-1.0215792486300157,-0.020887638807700948
711,-0.9668310692041375,-0.015200219862394504
712,2.847852654642341,-5.149583717395745
713,-0.5768485073362113,-0.000736696431158701
714,-2.9274328277042994,-5.881612850014156
715,-1.9513835098106709,-0.7595825505147183
716,-1.400202866876011,-0.12498984685365527
717,-0.14398268946748738,-1.8513814403764428e-07
718,1.8564763174302827,-0.5830621001279139
719,0.25418310545352485,-5.573652830159759e-06
720,-2.7425975636096984,-4.288079237260739
721,-2.8773390003520083,-5.412425090982189
722,1.379962921840157,-0.11523399320634353
723,0.8445937164830175,-0.006933242480612334
724,2.4425009041374395,-2.41531130261289
725,-1.8790712175361333,-0.621851127703052
726,-2.6496009077278924,-3.6206419958873233
727,0.6047238620503892,-0.0009739096794615376
728,1.0935261681791397,-0.030876815084422304
729,1.858844455004303,-0.5870369688079806
730,-0.757343370558826,-0.0036646928200915196
731,-2.8371755839353723,-5.05678772367225
732,-0.05965425977754535,-9.384569787940222e-10
733,-1.586707521938258,-0.24950516670639294
734,-0.998698663641254,-0.01833113077980697
735,2.797895808577513,-4.726061644395794
736,1.3099351714802516,-0.08606289829786123
737,-0.14363479077978125,-1.824725397447935e-07
738,-0.031502370247903144,-2.0359380847878583e-11
739,-0.48815569553572136,-0.00027370796405024045
740,-0.9445465833545517,-0.013281479340703672
741,-1.3859810741306395,-0.11806894891301223
742,-1.9202011588501349,-0.6975699886272255
743,-2.731215522734673,-4.201821336781737
744,1.519076641522676,-0.19638994253856956
745,-2.2422142731335213,-1.5647752889194186
746,1.6900662843411833,-0.35191218779332545
747,0.6869593285583075,-0.002066206341372445
748,-0.1085631884555891,-3.4057656583819096e-08
749,1.3099807548920364,-0.08607973755974818
750,-0.4784420679396044,-0.00024289260201981744
751,-2.6743588349249903,-3.7901547007294396
752,-1.3744811047925352,-0.11269922399077648
753,-1.9776088961247449,-0.8149618283749
754,-0.258792656417258,-6.206457455193437e-06
755,-2.4609821766257256,-2.5084294836343806
756,-2.810200645377293,-4.827880359462683
757,-0.3977050993075961,-8.083322685104033e-05
758,1.372837400576059,-0.1119479227366239
759,-2.999617170036874,-6.609859439672598
760,0.18986062803496218,-9.714355759804505e-07
761,-1.1633077131112728,-0.043959203565664406
762,-2.891960561147066,-5.5463922882050305
763,-0.5588801558332834,-0.0006108174888159734
764,0.38373665728200823,-6.53143355644481e-05
765,2.5905910155908636,-3.239491603056105
766,-1.7083764271446007,-0.37306206155239874
767,0.7624425472914793,-0.0038117150678609324
768,-0.7552879103346184,-0.0036067623224151912
769,-0.3580160269698389,-4.3176622207319326e-05
770,-1.993614049044446,-0.8502577263648541
771,-0.35304705482165666,-3.972093003723476e-05
772,-2.2324731022930795,-1.5302374163423422
773,-2.2150062082961863,-1.4697637189391093
774,2.3065408004498,-1.807964628337291
775,0.49702282576283263,-0.0003045997794557387
776,-1.4611243331458066,-0.15838722048077047
777,-0.9684222348552867,-0.015345424693885112
778,1.339340274530099,-0.09748775604048965
779,2.8669104016430627,-5.318353058338849
780,-0.08356008233681411,-7.085540265627799e-09
781,-0.30164142922757975,-1.5516082812250254e-05
782,2.181316924368959,-1.3582829364114843
783,0.12182620736366534,-6.798261276141915e-08
784,2.052858891280275,-0.9912633397742122
785,-1.377308475801375,-0.11400096775224655
786,-0.18790656884984802,-9.130535860712996e-07
787,0.5618917899322025,-0.0006305745921826311
788,2.0523543195449667,-0.9899912587187545
789,-1.066038613809032,-0.026683901003171973
790,-0.8340783827105573,-0.0064446541131749635
791,2.2965227608292116,-1.7683231695733217
792,-0.36625489532559197,-4.9455399039666226e-05
793,1.507630384373166,-0.18836419688960182
794,2.359994175019432,-2.0309886997161133
795,2.322027839842474,-1.8705685008357695
796,0.870478503044688,-0.008266401225253683
797,-1.2674510808123842,-0.07147575843592802
798,1.709945900786865,-0.3749202433466384
799,2.623397619005326,-3.4474738032801375
800,-0.27907859323482764,-9.74769911188389e-06
801,1.6940446017212922,-0.3564254914186529
802,-0.09135448443250294,-1.2097205903671693e-08
803,-1.3084899708204623,-0.08553038423832732
804,0.45707601605701464,-0.00018511268652909862
805,1.377965926448983,-0.1143053763319094
806,-2.157690320419369,-1.2840359981571081
807,1.2789222376508267,-0.07520220424482588
808,-2.4652563939799554,-2.530344676099538
809,2.0181439428876375,-0.9066260704443089
810,2.876734140901923,-5.406935423331531
811,1.0057537380962405,-0.01909062310013787
812,1.7157637416590763,-0.38187162110073397
813,-0.5534181687235735,-0.0005762913006257531
814,2.212640955555014,-1.4617168664727156
815,2.273374440699577,-1.6792484501915896
816,-1.0155477415820477,-0.02018721414307889
817,-1.7449458110959017,-0.4182765598130622
818,2.2165942424488527,-1.4751852889159354
819,-0.5791105132358574,-0.0007539597832908473
820,-2.5108771109351746,-2.7733384564677466
821,-2.0640887135874393,-1.019901346942651
822,2.89552146967031,-5.579387466404583
823,1.4177724229097102,-0.13398245574799272
824,-0.3544449419948501,-4.066898773347205e-05
825,-2.7901176900418996,-4.662529517513942
826,1.7113547641116087,-0.37659443773240914
827,-2.0407191298841725,-0.9610039556588226
828,-1.717586741932155,-0.3840704465252258
829,0.3160240840087134,-2.0496438729256106e-05
830,-1.0476330471879507,-0.024144045215284238
831,2.2109143325345855,-1.4558639278275387
832,-0.7676588032877403,-0.003967092875228673
833,-0.34192881838161737,-3.281359190643318e-05
834,0.49080426660537935,-0.0002826500020122191
835,-0.012146124529817559,-6.683542608243442e-14
836,-2.4764956800152977,-2.5886598091834583
837,1.0644450457694594,-0.026455777772530276
838,0.14631015357730526,-2.038188714470479e-07
839,0.04667682105266202,-2.154012523902793e-10
840,-2.0752938317324126,-1.049105234590978
841,1.4842413922152655,-0.17277301020421715
842,2.2349451597306578,-1.5389467542385382
843,0.741640528274857,-0.00324090702178359
844,-1.1687536552940596,-0.045143680422239485
845,2.7874063664944417,-4.640533338424634
846,0.9714644482018846,-0.015626194194058196
847,2.5950200377577595,-3.2670064327749437
848,-0.8184516418923966,-0.005770968423603362
849,-1.1222738733653392,-0.035817455720638436
850,0.7148076515922046,-0.0026102374628951264
851,-2.411277223342462,-2.2639380076238047
852,-1.5059588155116077,-0.18721423323567488
853,-0.5567409153555896,-0.000597096791242091
854,2.0941637617226974,-1.0997311381902841
855,2.235708705516327,-1.5416444212394136
856,-0.7301209345904862,-0.0029563680004811577
857,-2.5436353524537427,-2.9583441871064458
858,-2.5882426924610438,-3.2249735046195505
859,-2.041407849597384,-0.9627014053267161
860,2.5862150289715418,-3.2124770886586975
861,-2.0380479935672424,-0.9544423076307177
862,2.55543857542784,-3.0272222588377313
863,2.3760685003458413,-2.101956182604507
864,0.1534376606723078,-2.71065109913593e-07
865,-0.9480121213460477,-0.013566145659565154
866,2.3706990124747502,-2.0780449451374015
867,-0.8166667108766621,-0.005697841829589323
868,-2.088569690028881,-1.0845317591878842
869,-2.3975450720717157,-2.1996800640900713
870,0.22093210077538217,-2.4080569076545544e-06
871,2.493548231566926,-2.6790610229773293
872,-2.232391865130851,-1.5299518466519442
873,0.35342514756810495,-3.99755247803002e-05
874,2.5102481657301574,-2.7698737187595452
875,-0.868925324699577,-0.008180908023672995
876,0.11975000327103036,-6.132448482354391e-08
877,2.5206289752856,-2.8274773781027425
878,-1.3178789241399596,-0.0890375714373039
879,-2.6010016695344946,-3.3044440357703153
880,-2.1888034281426165,-1.3824792916349182
881,0.4606325357379335,-0.00019384688827250862
882,-2.884680163675343,-5.4793832845425925
883,-0.609336411062916,-0.0010186455672910322
884,2.1802132393437175,-1.354743342446322
885,1.9744194101771928,-0.8080652740979377
886,1.2106722404497683,-0.05514996647854187
887,-2.2606578379779103,-1.631788774616948
888,0.18320922345816815,-7.845540835882403e-07
889,2.45834220776539,-2.4949651630425227
890,2.7968058618457956,-4.717120331322844
891,2.6101766345587096,-3.3624909916719803
892,-1.1482008569501083,-0.04080426928366199
893,0.5510033796842482,-0.0005615503122765597
894,1.5748282101681585,-0.23943798811512862
895,1.6259095234004768,-0.2851173677796312
896,-0.5207866489771833,-0.0004019229791996093
897,0.9899781504406677,-0.017426517397599706
898,-1.3097495810982533,-0.08599436540643157
899,2.1149943498625943,-1.1577694395263471
