,data,labels
0,-1.412205454646754,-0.13107910625187025
1,0.9142305018911974,-0.010992801531632734
2,-2.2898393232808845,-1.7422458503439224
3,2.655164786569733,-3.6582330272460957
4,2.4614397475220535,-2.5107687302293953
5,-1.0697007397643452,-0.027214194645424405
6,2.6957829596698772,-3.9415644512790236
7,-2.0506247022993005,-0.9856402177848437
8,-0.9452330796133084,-0.013337478968962424
9,2.561228077733241,-3.0614434247401716
10,-1.9813477847557452,-0.8231040543304253
11,-2.297669988515472,-1.772829010942242
12,2.9854710694716333,-6.46215826117716
13,1.9272247250241552,-0.7111830070108021
14,-0.7181700667713455,-0.0026832241176530935
15,2.1484801987600832,-1.2559489200525005
16,-2.7576499683002833,-4.404170364162239
17,-2.478731397975589,-2.600379408616869
18,1.232230163574414,-0.06095060757704718
19,2.713899538197623,-4.073082546327741
20,-1.105548175945429,-0.032870921897734995
21,-0.9999402679736669,-0.01846297788711071
22,2.260130876985821,-1.6298443492187633
23,-0.09274836794251495,-1.32473674252509e-08
24,0.006741720467506873,-1.9984014443252818e-15
25,-2.6144853928381755,-3.390012909655736
26,-1.0550049160893586,-0.025136620899563367
27,-1.3448123938240208,-0.0997417748031299
28,2.236283383746403,-1.5436771763927777
29,2.9652120800479844,-6.254904046104853
30,0.38935541775438187,-7.122835779216352e-05
31,0.4996567083993746,-0.0003143127743355789
32,-2.9014677753578377,-5.634809860128754
33,-0.009967252249479586,-2.042810365310288e-14
34,2.5180633865540445,-2.813157852684574
35,-0.1009438854714313,-2.2013338596416077e-08
36,0.4950770815711114,-0.0002975852437171467
37,1.3811924030245386,-0.11580869876692956
38,-0.5807842023449505,-0.000766947239140281
39,2.2140389244091097,-1.4664688445256513
40,-1.5781977558932903,-0.24226033934647295
41,1.231298586896445,-0.060690205527450636
42,2.6734311391344967,-3.783698105880381
43,-0.905508318626695,-0.010397736211204767
44,0.04607940586050763,-1.9938140027875306e-10
45,1.6292776299502094,-0.2883542133416559
46,-1.3654425354383963,-0.10861720263311248
47,-2.3886262787892147,-2.158689723846921
48,0.504773296091102,-0.0003339151729080392
49,-2.2093990256515825,-1.4507420382738754
50,2.7808462551215074,-4.587632506483074
51,-1.1405096583124528,-0.03926983154743402
52,-0.858668271561744,-0.007634297351548969
53,2.9527601683115634,-6.129985665439228
54,-2.9590604385567616,-6.192957137382843
55,-1.2948045709385203,-0.08061740813665852
56,0.2898257125863295,-1.2218968136190611e-05
57,-2.6551401464918474,-3.6580659121781447
58,-2.700135070342891,-3.9728653103465907
59,-2.0106841937594546,-0.8891884844958317
60,-0.487070451513929,-0.00027011233139684343
61,2.0884446868082627,-1.0841939690479405
62,-0.23638302691110535,-3.609353886990796e-06
63,-1.7199530773725489,-0.38693939049943094
64,-1.690370413554205,-0.35225562450406755
65,-2.5957123322102564,-3.2713230039520633
66,-0.35846906517284927,-4.350373035100219e-05
67,-0.6229680126301185,-0.0011608829614263572
68,1.3120868723366108,-0.0868606557040989
69,-1.8695708611931432,-0.6053052587416656
70,0.9926648980522552,-0.017701260937874497
71,-1.2317974156995612,-0.060829530729984094
72,-0.6193002856692327,-0.0011210937668818532
73,-1.5075819246948265,-0.1883307802304774
74,2.646636830777015,-3.6007341819266325
75,0.17213355874316205,-5.399397707828157e-07
76,-2.9188522067650466,-5.799183651841114
77,-0.21867629229260066,-2.2645278361377308e-06
78,0.5338591279522809,-0.00046559768082299335
79,-1.9576069471354105,-0.7724530288391666
80,-1.577536342874139,-0.24170427521947807
81,-2.490572490257305,-2.6631172105759533
82,-1.4898944417797944,-0.17644388857768173
83,-1.8437936586409722,-0.562128948705067
84,-0.9901518758994721,-0.017444176706947867
85,-2.1382838538921662,-1.2254045671412646
86,0.9680176817480737,-0.015308399731412847
87,-2.9398673090839758,-6.002600708357418
88,1.8667800272585406,-0.6005102674015808
89,-0.717161442541483,-0.002661156178331514
90,-2.0371592986213996,-0.9522668823280904
91,0.14878304920856245,-2.2536100752201804e-07
92,2.1913284945634617,-1.3907139808694917
93,-1.7000634648296309,-0.3633398751007825
94,0.6641615825526719,-0.0016937372839526121
95,0.9607167718121055,-0.014652625959408971
96,-0.3912522789854709,-7.332252463587707e-05
97,2.116415360903048,-1.1618123928797361
98,2.490291868062039,-2.6616173472188276
99,-2.3813082235170016,-2.125489458246993
100,0.616935989273979,-0.0010960467713752031
101,-1.441867608662712,-0.1471451728457192
102,2.3859266761359166,-2.146397003134649
103,1.958019611688604,-0.7733123609882452
104,0.24303449052405934,-4.261542555394904e-06
105,0.13936220694559864,-1.5225630023429915e-07
106,-2.629672708571264,-3.4883669055968807
107,2.0896469475793813,-1.0874461251275682
108,1.8904835410044134,-0.642188346641669
109,-2.7862650636949864,-4.631297408820381
110,-1.7500018356145735,-0.4248505156874505
111,-2.2578294406933495,-1.6213729443871765
112,0.05378954125922064,-5.044158424283296e-10
113,1.2053926651833127,-0.05379950206538592
114,1.2022831921791939,-0.05301668082724986
115,1.8706214871292666,-0.6071180398717698
116,0.26077459715303775,-6.496331390382082e-06
117,1.9323040683619173,-0.7211551141917718
118,2.59821543538963,-3.2869659177263784
119,2.667456114989668,-3.74230963662851
120,2.5663790009863883,-3.092133147876509
121,-1.5586202848500892,-0.22622271226927454
122,-2.3682767701196683,-2.067325853069276
123,-0.8841623952001463,-0.009051693032534391
124,2.656731572980134,-3.6688710782456515
125,2.9575156081299916,-6.177472365175801
126,-0.1826674497226506,-7.707554610103529e-07
127,-0.1690124421351884,-4.838622841285556e-07
128,-2.6860512215758092,-3.87223885022827
129,1.0506953929741263,-0.02455243193192347
130,-0.8393505668401131,-0.006685966778975372
131,2.155588449816631,-1.2775843150026132
132,-1.4181892126602749,-0.13420186854145305
133,-1.9839503753532182,-0.828808680442336
134,2.109590649606374,-1.1424935199028368
135,-1.6974103895865287,-0.36027922311049687
136,2.303484545461738,-1.7958002977768672
137,2.5514526927422363,-3.0038294362451734
138,1.738396750437544,-0.4098798319050016
139,-1.1033981516963356,-0.032506842611615405
140,-1.4014013940167056,-0.1255875572042987
141,2.8358213461999355,-5.045107258693873
142,-1.9590627657138517,-0.7754879155145311
143,0.5737948884281812,-0.0007139109626905782
144,-1.024254212878736,-0.021204534622047744
145,1.9436874017567263,-0.7438963078110327
146,-1.117618312620371,-0.034976655583925376
147,-2.7429803523289085,-4.291002913486595
148,0.4436839780449757,-0.000155093301944631
149,0.5542552091267132,-0.0005814750668594604
150,-1.08488836286671,-0.029505487072411962
151,2.1525869867474174,-1.2684143066780091
152,-0.8391291655131567,-0.006675686323254548
153,0.2893740098802531,-1.2105543885310155e-05
154,2.2561837140710628,-1.6153357079375938
155,-2.9484422591212613,-6.087102735034888
156,0.5980688330199637,-0.0009122334770493845
157,-0.7459930959119427,-0.0033541110323529466
158,2.1809805441332095,-1.357203395134524
159,0.7532051134323878,-0.003548831189985502
160,-2.9966729746830483,-6.578914991433964
161,-1.1894060599670158,-0.04987190443826328
162,1.7767421956002405,-0.4609733916010029
163,-2.5482997567408683,-2.985421383676008
164,-0.8505453584092013,-0.0072229585563964305
165,2.435464083719407,-2.3805498940507146
166,-1.68649508580074,-0.34789903649397336
167,2.6015111211476905,-3.307647348785219
168,0.47968848002430153,-0.0002466778426173377
169,-2.128200909921696,-1.195761767817803
170,0.17062156444000953,-5.12134015751009e-07
171,0.7867135873186215,-0.00457958377333989
172,1.213767877981291,-0.0559544115124469
173,0.27970388692714376,-9.879048479710661e-06
174,-2.6417028337579977,-3.5677772812691013
175,0.6700374780683656,-0.0017839655722595715
176,2.2569217643011514,-1.618041078112013
177,0.43457708706961284,-0.00013708169988757568
178,-2.7971370700893363,-4.719836046432806
179,-1.6677590747830129,-0.3274287341419131
180,2.6521779500707883,-3.638017099718462
181,-1.817882251960866,-0.5211794023399221
182,-0.15134188118569725,-2.496152949893471e-07
183,0.6812129950117427,-0.0019665146904297437
184,2.1122432307686285,-1.1499727855460644
185,-2.0110462379179275,-0.890028773151471
186,-0.9749620743383485,-0.01595415196977279
187,0.8582584298736555,-0.007613094088594674
188,-0.7767532937598371,-0.004250424881583226
189,2.6312536014052252,-3.4987261322717327
190,1.2053094729430454,-0.05377843758044454
191,0.4524326992872485,-0.00017420284099467498
192,0.7632795746261944,-0.0038363052538848974
193,0.6346027247036972,-0.0012948945932664824
194,-0.782351201884687,-0.004432936375880159
195,-1.7558191778116972,-0.43251394931950277
196,-0.1630053658423467,-3.8951946279564e-07
197,1.9513096230493332,-0.7594307495974042
198,-0.9647094260563218,-0.01500834906668369
199,-1.249262668156348,-0.06587235982885636
200,-0.0719799050350769,-2.8956439468430517e-09
201,0.6808995616211435,-0.0019611931331292576
202,-0.21165362407723087,-1.8624524672494758e-06
203,-2.0065176991414213,-0.879562131365301
204,2.8078378439052596,-4.8082035795588745
205,2.075477292278225,-1.0495886657406865
206,0.484799027491162,-0.0002627131960332152
207,-2.4943888594311794,-2.6835780218185117
208,0.44173370314424076,-0.00015107971544614518
209,-0.35048805343681266,-3.8032948950883494e-05
210,0.616830858473115,-0.0010949438520739818
211,-0.6710672730653617,-0.0018001792903502567
212,-2.6983305774920385,-3.9598647774090368
213,-0.06871687666984183,-2.1922138548902126e-09
214,-0.8971805615263291,-0.009854401434022053
215,-1.995842188354701,-0.8552633302669033
216,-0.8285701718489697,-0.006200209009311841
217,1.5617129730567658,-0.22869876766898872
218,2.111032082872895,-1.146553174433143
219,2.9662447971937027,-6.265348290136713
220,-2.8642984906509272,-5.294983407654359
221,1.4857461939524583,-0.1737441971400851
222,-1.8335777621277163,-0.5456960176166552
223,2.14955652512361,-1.2592068134993468
224,1.1513394776599686,-0.04144419406203381
225,-1.955272706270139,-0.7676060826797907
226,1.5145175559979744,-0.19316144439333516
227,0.741932270088272,-0.0032483952083215417
228,-2.702394079226411,-3.9891852762549216
229,2.4614178815781456,-2.5106569072777547
230,-1.4984464970638913,-0.1821146016033871
231,-0.6137022077761469,-0.0010625382395945682
232,1.1324729225463086,-0.037716634563498275
233,2.9159724068162687,-5.771711947502902
234,0.7536378163302091,-0.0035608030536558033
235,1.1802130957034924,-0.047720274272104735
236,1.3926570686171882,-0.12127861329905248
237,-2.912059141860687,-5.734536328290291
238,-2.576087876307178,-3.1506060568698997
239,0.563943792483931,-0.0006443365975352666
240,0.34896162047955936,-3.7054768554534157e-05
241,2.7969015172169307,-4.717904530379715
242,-0.24273143228845262,-4.22983502657015e-06
243,-2.118517956560364,-1.1678143569340536
244,-1.533364814301592,-0.20678578922769592
245,0.09058860712112438,-1.1501510965850059e-08
246,0.7322452607027614,-0.003007232949081007
247,2.249399284168038,-1.5906277164246223
248,2.052255842174038,-0.9897431327267175
249,1.3084267741668718,-0.0855071585212624
250,-1.3429095038624383,-0.0989532793508513
251,0.9281051538729104,-0.011996506540888907
252,-1.4695200333574996,-0.16349731618838564
253,2.495666106686878,-2.6904520926229734
254,-0.17012839096112264,-5.033267064247227e-07
255,0.869257996935048,-0.008199158479915258
256,-1.1124028578444651,-0.03405378114794655
257,2.555177545759154,-3.025686129178078
258,-2.5440353596909677,-2.9606590049702692
259,2.6659517242162174,-3.731942362475955
260,2.9467631729353014,-6.070487196788559
261,-1.1210103229985318,-0.03558765734638469
262,1.8639452403000245,-0.5956699968498312
263,2.998101204356055,-6.593912731256967
264,-2.2078630562574,-1.4455643299870842
265,-2.565295503830858,-3.0856584898079085
266,0.7406590644886153,-0.0032158197359613006
267,-2.7557373132851417,-4.389290768403518
268,0.1860551144369591,-8.604619228247401e-07
269,0.5463173999600004,-0.0005338339801032044
270,0.517082478047036,-0.000385254081159192
271,-1.7213354959179146,-0.3886231804344834
272,-2.045152751534072,-0.9719716335334696
273,-1.008698595427334,-0.019415120816402065
274,-2.302561689468015,-1.7921394293200243
275,2.932930952512968,-5.934884668886125
276,-0.16888833297440042,-4.817368561838009e-07
277,-2.1963500303264345,-1.407201210469139
278,-2.7218425200213066,-4.131765349596191
279,-1.285016286746639,-0.0772443608258922
280,0.7012599507392618,-0.002332502950654125
281,-0.2972935251062365,-1.4226211949797118e-05
282,2.9704062009044954,-6.307564974264284
283,1.69492706288964,-0.3574327435201947
284,-1.7292952184387205,-0.3984300453140466
285,2.6991580161380764,-3.965822141688509
286,-2.3758858348522147,-2.1011393416004487
287,-2.547188909264862,-2.9789560357797122
288,0.3653535231575109,-4.873358064039213e-05
289,-1.8475781772119517,-0.5683132570810712
290,-2.241617934818108,-1.5626440572091955
291,-2.3675798208508505,-2.0642494189928926
292,1.2730793480284053,-0.0732851248484574
293,-0.23427362138800545,-3.4207847433576077e-06
294,-1.2233281243624314,-0.058498623244627956
295,1.4726561871453203,-0.16543939945729202
296,2.874301990807864,-5.384903080295898
297,1.5673393662034556,-0.2332582208518572
298,-0.32856082385295693,-2.5859296578389923e-05
299,2.035208758704705,-0.947505546710003
300,1.0939106674546535,-0.030939037234859024
301,1.0232120912689018,-0.02108061592771493
302,-1.6260270769727307,-0.28522985621456365
303,0.6895840310278025,-0.00211310659130437
304,-1.221491147388281,-0.058002671003710204
305,-0.39077627765279743,-7.279226894130186e-05
306,-0.34459436953360445,-3.437083895385662e-05
307,0.8075580518606627,-0.005336398910195217
308,1.2005157282466374,-0.05257582345938916
309,-0.05129600890695141,-3.7941749742032016e-10
310,0.6685025138783587,-0.0017600217162420106
311,0.383499075685382,-6.50735501449562e-05
312,-2.685534640044039,-3.8685845206245086
313,0.7265877294134873,-0.0028733370727603846
314,-2.137016495965156,-1.2216481124250989
315,-1.5698848478040497,-0.23534444055691722
316,1.4010770371369983,-0.12542557469164112
317,-1.155916577800495,-0.04239191680134624
318,-1.3448498234733235,-0.09975733466074488
319,-1.9636726271752907,-0.7851586820493034
320,1.8861754095425853,-0.6344514136858626
321,-2.983366076168197,-6.440390397654356
322,-1.321504658983781,-0.09042237440967582
323,1.8854836006581257,-0.633215765883757
324,0.3535697721573987,-4.0073267793094836e-05
325,0.8259892484585465,-0.006088316011410355
326,-0.23094025054668688,-3.139547371744378e-06
327,-2.664234934399735,-3.7201376015033385
328,1.3375175645624742,-0.09674607952304287
329,-1.8461274076981808,-0.5659363274272925
330,2.431763911601946,-2.3624232944037726
331,0.14944044253035393,-2.3139623572809853e-07
332,2.9660864277958376,-6.263745805188651
333,-1.9985757015852628,-0.8614352610040155
334,-2.0152586710314764,-0.8998506561761105
335,1.8867802395313298,-0.6355332385241492
336,-1.773353209325451,-0.4562672338750976
337,1.261443216676584,-0.06958412603598901
338,2.6161674409697575,-3.400802506490738
339,-2.5313032066736865,-2.887642825413015
340,2.788510440956161,-4.649481033717848
341,-2.9963432352778225,-6.575456010318866
342,2.740942105095524,-4.275452208131156
343,2.3572857982412945,-2.0192120583979265
344,-0.2315898901066209,-3.1927916407381574e-06
345,0.7401353910819015,-0.0032024995422332836
346,2.4277891936254674,-2.343067870564076
347,-1.817227052894387,-0.5201749521392167
348,-2.7142773141512673,-4.0758593947927775
349,-1.7118683311053193,-0.37720617883172614
350,1.138278073893523,-0.038833459668739856
351,1.5869574999342575,-0.24972054091291407
352,-2.148722263127508,-1.256681053812012
353,0.5851870002279389,-0.0008019975816098146
354,-2.3204114742237696,-1.863958939134628
355,2.561147606360217,-3.060965787642392
356,-2.8222214014965035,-4.928914562762154
357,-0.30241955871818327,-1.5756873874450683e-05
358,-1.3075334511932526,-0.08517938922770585
359,2.2663765562079625,-1.6530037492686105
360,-2.974706927180213,-6.351415976228074
361,-0.3030443546929944,-1.5952457623424898e-05
362,-2.3888348942198183,-2.1596418689643873
363,2.808428951842604,-4.813120565354758
364,-0.40044626539576234,-8.421143787129548e-05
365,-0.5973326038458131,-0.0009056133561489155
366,1.5649631789204381,-0.23132395797378502
367,-1.8985390275137934,-0.656851180541597
368,0.18929752839180924,-9.543018062441178e-07
369,-1.2771145859425583,-0.07460485599265526
370,2.8707037861208136,-5.352429986169029
371,0.1798483199649641,-7.021716202926243e-07
372,2.362563174292699,-2.0422072345450366
373,-2.719534775322974,-4.114651174089373
374,-2.1172787290702257,-1.1642740557003763
375,1.5455623260097493,-0.21600082530950399
376,1.441106878593379,-0.14671446655395698
377,-2.5894886193094644,-3.23267014682874
378,2.729545813638472,-4.189277214256762
379,-2.383697172949601,-2.136284828363889
380,-0.4591691669386,-0.00019021265196228487
381,-0.6632267343747325,-0.0016797353702879825
382,2.230345500068072,-1.5227717114234487
383,-1.5499670017770224,-0.21940714868761213
384,0.15066198451277124,-2.429683222393564e-07
385,2.1600285517754703,-1.291242402110066
386,0.5951302936245346,-0.0008860468058038418
387,1.9418121929415157,-0.7401124653205096
388,1.0703050512044445,-0.02730251771221015
389,-1.4857912592378015,-0.17377334857140692
390,0.7279291952623654,-0.0029046327868876842
391,0.22075747597681783,-2.396682498906344e-06
392,-0.07630096411053344,-4.107929107988184e-09
393,0.26519887555120114,-7.184240577218226e-06
394,0.0352968333528807,-4.028144484635732e-11
395,-1.344049031815984,-0.09942486124007427
396,2.093036479210718,-1.0966551982146615
397,-1.7164978115915803,-0.3827558363865252
398,0.2824657036262863,-1.0476945001780535e-05
399,1.1512526498526334,-0.041426382611338575
400,0.46336399622587754,-0.00020078443783944078
401,0.9237251447570434,-0.011671893058739724
402,2.6600621126736694,-3.691561310254207
403,-1.6313983969848669,-0.290407120184582
404,-2.6999499052159583,-3.9715298174301514
405,-0.24844694445144988,-4.8620292113499275e-06
406,2.176247906876874,-1.342084286447787
407,1.650713832001271,-0.30963871506627066
408,2.488749479897111,-2.653384963161333
409,0.13288698758261974,-1.14471003009875e-07
410,-2.6767256258707572,-3.8066644093477238
411,0.049714418470643285,-3.144262628040906e-10
412,1.8460879476102212,-0.5658717844282651
413,-0.38576257791932367,-6.739779059683482e-05
414,-0.74768278213062,-0.003398923983200408
415,1.9878756580628183,-0.8374701288347952
416,-2.833573310932506,-5.025761953028291
417,0.0019419765614747675,0.0
418,1.9636385342562335,-0.7850868204340905
419,-0.7510356662524966,-0.0034893053218422176
420,0.18024584982201652,-7.115228501941573e-07
421,2.361974503505932,-2.039632445670756
422,1.3198621505687882,-0.08979291855142008
423,-2.718304726195199,-4.105550785540434
424,-0.34866922530097844,-3.6869800612904235e-05
425,-2.048836762679495,-0.9811579192926191
426,-0.6802169366049053,-0.001949644391299632
427,1.7061926586813376,-0.3704885951975464
428,-0.25339812157985886,-5.4714407294875755e-06
429,-1.3690181291905892,-0.11021765397571459
430,-1.277246337863748,-0.07464826502857708
431,1.948683380040551,-0.7540503163849958
432,0.45074247630540265,-0.0001703663631473784
433,0.06492903337554168,-1.5601400171760815e-09
434,-0.6222181232586719,-0.0011526544499766977
435,-1.2956996179173137,-0.08093164079629511
436,1.9175497221148046,-0.6924837661307253
437,2.4399052604242852,-2.4024447779380242
438,-1.54481237190537,-0.21542504394211354
439,2.495908109983241,-2.6917560307918444
440,-0.30471815188977436,-1.648638819296e-05
441,0.8534995736343021,-0.007370403178839302
442,-2.5250410573723303,-2.8522308294796663
443,1.6940264278145953,-0.35640477090991474
444,-0.4167228593580994,-0.00010677669383563071
445,-1.1568963168445778,-0.04259703546885285
446,-0.5273914916419926,-0.0004331260680159321
447,2.7390025476855797,-4.260693479996797
448,-2.4064574178719838,-2.2412251284891207
449,0.14163307034375272,-1.6774848698997147e-07
450,-2.2560869073475516,-1.6149811119552615
451,-0.8832959519055912,-0.009000226577926984
452,0.15643579093645688,-3.044024892151498e-07
453,1.132526941781319,-0.037726905961193546
454,1.4503060834421584,-0.15199062543674735
455,-0.8571043840771582,-0.007553648091235932
456,-1.0133842731053857,-0.019940680142239264
457,-1.3133823156807842,-0.0873437997325957
458,-0.389742468172388,-7.165158477939748e-05
459,1.0457122093111577,-0.023890714273000824
460,-0.8267814659142676,-0.006122484178058829
461,-1.2441670852559932,-0.06436760995737323
462,2.1971104627518,-1.4097108752924308
463,-0.7515597374357359,-0.0035036091820316306
464,-0.6707044690485087,-0.0017944532849579753
465,-0.9147648549597172,-0.011030142608574045
466,-0.3730733467587317,-5.520870312847315e-05
467,-2.9890395937059893,-6.499184920277289
468,2.6129427752102234,-3.3801402380211307
469,-2.919534533095188,-5.805706847189061
470,0.8168366841968044,-0.005704772539459779
471,-2.688231099704388,-3.8876878282862717
472,0.5309293072831651,-0.00045064729014809846
473,-2.5141836457701627,-2.7916071117256847
474,0.5491570581401977,-0.0005504911165188364
475,-0.689744648243197,-0.002116004857099285
476,2.6187290542074813,-3.417283467952798
477,-1.620976239116897,-0.28042803818716383
478,1.6225207567408617,-0.281889599034467
479,-1.2460103823223785,-0.06490871923704244
480,-0.12228038289769749,-6.951655384668243e-08
481,1.8808379761559113,-0.6249664267095877
482,0.6337329912559149,-0.00128445481242212
483,0.9538523560911596,-0.014057123312079756
484,0.02903454898905089,-1.2479683952903997e-11
485,0.4856629997520301,-0.0002655075254396344
486,-0.9111731563642484,-0.01078113144506021
487,-1.6449344650892013,-0.30378252389658594
488,-0.6094123534169409,-0.0010193960646350808
489,-1.5890345453828405,-0.2515157441322252
490,-1.8330836257910013,-0.5449107501908024
491,-1.887913126742674,-0.6375634170607641
492,1.392003010263835,-0.12096111606969506
493,-0.20548894643342663,-1.5602740375264545e-06
494,-1.8153662103698514,-0.5173304111326206
495,2.7396437811241183,-4.26556862792776
496,-1.7871500932844981,-0.47566358975825923
497,-0.895304165560665,-0.009735240912900456
498,-1.5829174600454443,-0.2462576689109643
499,1.3151276166064179,-0.08799812267478219
500,2.086370791743202,-1.0786015449539654
501,-2.364809026341655,-2.0520529580920615
502,-2.4655823403098545,-2.532021795347287
503,2.651840140931755,-3.635735959212441
504,1.6747705452868917,-0.3349753177933438
505,0.8625389863404176,-0.007836944650043587
506,0.07541429106345277,-3.829763839391376e-09
507,1.7561005146999733,-0.4328872848323191
508,2.487345793943142,-2.645909550238537
509,2.988639530579791,-6.495026109751177
510,-2.2713128777514484,-1.6714841663033537
511,1.4015399804156194,-0.12565681752297264
512,1.428337329557861,-0.1396331355829482
513,2.194791061726411,-1.4020667776486182
514,0.03908022842731107,-7.420242198463711e-11
515,-2.8367693809502192,-5.053282066488195
516,-0.27220911385184277,-8.397757976896791e-06
517,1.3701541587911823,-0.11073006916305694
518,-0.8951690517214157,-0.009726706176094169
519,-0.850754292461521,-0.007233306410306617
520,-0.7142392272260736,-0.0025980619298515695
521,0.22664885395660495,-2.8060576811039795e-06
522,-2.645051410748804,-3.590119574747763
523,2.9407630290396183,-6.01138670289553
524,2.0726461369603495,-1.042147383118894
525,-1.4442499666714332,-0.14850051497786138
526,-2.9447800623921383,-6.050906460030306
527,-2.9185792552056413,-5.796575694715106
528,0.4601206554136654,-0.00019256915943821618
529,1.8147919858646473,-0.5164550836141928
530,-2.1578574986285437,-1.2845502174049586
531,1.9618900149669631,-0.7814080653257515
532,2.864406058290932,-5.295944343781848
533,-1.429716232263124,-0.14038442848591992
534,-0.6701218512181129,-0.001785289450866645
535,2.165714397721901,-1.3088950182260828
536,-0.152763050495051,-2.639993980091404e-07
537,-2.3987701022794097,-2.2053558164885696
538,-1.2541128665355354,-0.06733078798569703
539,0.1197771715002669,-6.140796016129713e-08
540,-0.12408831288655398,-7.591168316167796e-08
541,1.9943601202349983,-0.8519312838930737
542,-2.099646257306909,-1.1147852558856104
543,0.9623651703079994,-0.01479864645987028
544,-1.862074887471949,-0.5924930766134622
545,-0.05881687638351707,-8.621496849769983e-10
546,1.445384790715356,-0.14914960675175232
547,-2.9781781543523467,-6.386973505316756
548,-0.5504426349302554,-0.0005581722788104981
549,-1.180383229903888,-0.047759402409298435
550,1.7627921147471284,-0.44184152594354165
551,2.0837588526763895,-1.07158974484049
552,-0.7040851235611929,-0.002388313156776012
553,0.8765378775365846,-0.008606953957349894
554,-2.3975645048588445,-2.199770012981801
555,-1.774623139904287,-0.4580263248519916
556,1.5595459756432364,-0.22696160278342237
557,0.8232619989145498,-0.005971883289106472
558,2.3317348852772337,-1.9106363984665733
559,1.7905973352353302,-0.4806088088774618
560,-1.1946893339290872,-0.051143424137703064
561,2.0627891418093363,-1.016555102893187
562,-2.085164419363867,-1.0753586569868203
563,-2.536870859663643,-2.9194037899462946
564,-2.2402454451351788,-1.5577473556529209
565,2.9253959809850514,-5.86196791235443
566,-2.415748818017966,-2.285164895871059
567,-2.9797789909308072,-6.403421231819837
568,0.8403515811454256,-0.006732609482653307
569,0.27198903397382956,-8.35722734604527e-06
570,-0.9115208500501923,-0.010805034278569381
571,1.4281105472033317,-0.1395098806710554
572,-2.5897470903719624,-3.234268558884964
573,2.534828850863647,-2.907724750971212
574,0.524380676164415,-0.0004186625059406923
575,2.9917210848441878,-6.5271109455205805
576,2.9524923696414804,-6.127319557761851
577,2.9393360363113947,-5.997394023507592
578,1.564355739498656,-0.2308315297044512
579,1.6353842155141,-0.29429650749839775
580,1.01044081333146,-0.019609200725151266
581,-1.3261982278965472,-0.09224058000378071
582,1.4296016610339208,-0.14032188224140957
583,2.97060576611113,-6.309594804487076
584,2.5300087649861975,-2.8802959358630504
585,-0.5920780090912423,-0.0008595071637457208
586,-1.8963744909852271,-0.6528859985311344
587,-1.7376113016405739,-0.40888170704150295
588,0.5240954143801377,-0.00041731313845838613
589,-0.7808276686810496,-0.004382638530901595
590,-1.4738533173996329,-0.16618554226833165
591,-2.1146976008330065,-1.1569265129314394
592,-0.31630932435182135,-2.0607227702029718e-05
593,2.985037482538397,-6.457670066350398
594,-2.52386231820015,-2.8456017877601782
595,-0.6507030984797764,-0.0015011734348894246
596,1.247143882355462,-0.06524327572922378
597,0.2873398869899173,-1.1605556235361192e-05
598,-0.29781234023820424,-1.4375271540467693e-05
599,-0.4551172891038142,-0.00018044343383960548
600,2.0437913712400864,-0.9685937360298875
601,0.021655188356457522,-2.1483925749521404e-12
602,0.021990598838229847,-2.355893258254582e-12
603,-1.7642617530670708,-0.4438273233504372
604,2.598385369703003,-3.2880299332424348
605,-1.0225759092313693,-0.021005257329688498
606,1.653168516373892,-0.3121527121105724
607,-1.5233879488833635,-0.19948214960346888
608,0.6866543574762156,-0.00206081294070648
609,2.5662867596985617,-3.091581544945752
610,2.008113115755524,-0.8832386831207525
611,0.02098703160959481,-1.7800205753815135e-12
612,2.2286110045142706,-1.5167059473323308
613,2.8557403416669187,-5.218944637327841
614,1.7078959326124812,-0.37249462387858334
615,-1.9030336171357087,-0.665144338026749
616,0.6952138732047155,-0.0022166671951231454
617,-1.7093283496880787,-0.37418822930929463
618,1.2202939216435116,-0.057681266561367184
619,1.3312721462104466,-0.09423892722612387
620,2.6776825870698415,-3.8133549789698438
621,1.4290794229947457,-0.14003706517137937
622,-2.766432429334996,-4.472976718253173
623,-1.0348833686604364,-0.022502604328226705
624,-2.73923905993558,-4.262491143809338
625,-1.3890790557701778,-0.1195498482574115
626,2.717232187193945,-4.097627974980691
627,1.7051436351422131,-0.36925732722767457
628,-1.7303790166024005,-0.39978018809289795
629,-2.412449598765771,-2.26948888173221
630,1.172046236323486,-0.045872212585920114
631,-1.2056388926371526,-0.05386188643332818
632,-0.8834341242335668,-0.009008417892150011
633,-1.7784980505792072,-0.4634265295536252
634,2.2146276618185734,-1.4684735992366151
635,0.8744031811847259,-0.008485693529493021
636,2.0283631205398756,-0.9309398224671179
637,-2.308733430762441,-1.816730025769674
638,-1.7142334153893533,-0.38003342764817205
639,1.927613025534539,-0.7119415571867715
640,2.482602139574565,-2.620764111705474
641,-0.1183923360186041,-5.727166074720458e-08
642,1.275869465131211,-0.07419561880885484
643,-0.07476716837589592,-3.6368128508712516e-09
644,-2.2841803409453587,-1.7203947950817517
645,-1.8695857919365735,-0.6053309912278338
646,-2.4699504454190286,-2.554578224475976
647,1.233066670002712,-0.061185200092293335
648,-1.3017082768436083,-0.08306667764918352
649,-0.24276061187639097,-4.232879379895138e-06
650,-0.23485230500943022,-3.471679991262633e-06
651,-1.7523410640085337,-0.4279192178156336
652,-2.0862396946369155,-1.0782487759397532
653,1.3005717769795098,-0.08265942560603301
654,-1.9529403434938977,-0.7627865311874168
655,-1.5574960444407069,-0.22532789602009246
656,0.5165193560684633,-0.000382770885144712
657,-1.6146241690357308,-0.27447974846748535
658,-2.5641723264531366,-3.0789574502720045
659,0.9794455737474732,-0.01638272975581967
660,2.2098002003506876,-1.4520967107453095
661,-2.253372620257782,-1.6050629401599008
662,-1.8906740222738787,-0.6425321104741273
663,-0.026676737635965786,-7.507883204027621e-12
664,-0.016718836354388422,-4.549693954913892e-13
665,1.0414190866253419,-0.02333231052140694
666,-0.8977328157607758,-0.009889698488890097
667,1.5573639382202833,-0.22522293267898552
668,2.734052559070335,-4.2231994771962
669,-1.2423512261490643,-0.0638381075644141
670,0.15769753962217115,-3.194180793197887e-07
671,-2.6260694162421516,-3.4648411107316885
672,2.1935321525875837,-1.3979310197147437
673,-0.8572398230335407,-0.007560604934419901
674,-1.6493008537925042,-0.30819882873150967
675,2.9400065913168625,-6.003966283647557
676,0.9970651323641975,-0.018158832748213727
677,-0.1825296673062322,-7.672786531687237e-07
678,-2.521241668240906,-2.8309051334050763
679,-0.011950992624101264,-6.061817714453355e-14
680,1.7874157520841116,-0.4760432717805788
681,0.1632554599493723,-3.9311500932281973e-07
682,-2.99379541061172,-6.5487745636767105
683,-2.0091212859727525,-0.8855680517507163
684,-1.599372329268048,-0.2606027514658866
685,2.623383961797776,-3.447385195882691
686,2.7910404052338027,-4.670032897941607
687,2.816785636960492,-4.883034379037065
688,-2.4197571423812683,-2.30431993081011
689,1.456804675994304,-0.15580794636235534
690,0.7133994714041356,-0.0025801600968075045
691,0.10488906675369947,-2.770403895180351e-08
692,2.110624448951228,-1.1454039952453396
693,-2.67553727042829,-3.7983682583412146
694,-1.3373164530594455,-0.09666452282469162
695,-2.0387771374341126,-0.9562300215336018
696,-1.0286061183992206,-0.021728436222003045
697,-0.4874369142442099,-0.00027132209360636317
698,-1.5991697890832488,-0.26042226651189826
699,0.43473097847737074,-0.00013737095124333187
700,-0.31606314841688743,-2.0511582240811954e-05
701,-1.7828567318286304,-0.469560158431359
702,0.6665240325045083,-0.0017295508018410066
703,-0.39125927069717914,-7.333033708822878e-05
704,1.902069985164263,-0.6633595069309726
705,2.0263681332225296,-0.9261543473655589
706,2.5578351217148008,-3.041353013375744
707,0.6430217437729997,-0.0013996208947922861
708,-2.1990839599950736,-1.4162399532146404
709,-1.46717926714362,-0.1620596175892668
710,-0.9454809500654822,-0.013357745791138798
711,1.082147733018128,-0.029080857595240817
712,-2.1291362963912026,-1.19848838105327
713,1.5925641390438123,-0.2545897277412976
714,-1.201637019714091,-0.05285516236225746
715,0.7812395215298986,-0.004396188967737635
716,-2.4445378659286323,-2.425444768905499
717,2.7775245819062118,-4.561018287986428
718,-0.08715817464914632,-9.124209388033933e-09
719,-2.2313670407759507,-1.5263528051610242
720,1.8889865644837567,-0.6394916954916455
721,1.1085246291064017,-0.03338038889934547
722,-2.249336612486659,-1.5904008224067663
723,0.5891522131524107,-0.0008346872438105279
724,-1.566415770084413,-0.2325048839342191
725,-0.5008882432993129,-0.00031894153149247817
726,-0.15837258763910667,-3.277015560021468e-07
727,-1.7735395434278534,-0.4565250108073591
728,1.3583499075698642,-0.10549745496636986
729,-1.6361397059861926,-0.295038317337574
730,0.5453820290420142,-0.0005284393733268056
731,-1.273447022517953,-0.07340459159700685
732,1.7600635166700513,-0.4381730077212377
733,0.4982016302205219,-0.0003089156623860001
734,-1.8292501678898954,-0.538848541109058
735,-1.380074555678766,-0.11528608088678077
736,2.675398621530862,-3.7974012024695205
737,-1.3247337125945753,-0.09167013975472854
738,-2.947838677891605,-6.081126073004859
739,1.609276010701917,-0.2695490120500238
740,2.9277251199885708,-5.884435942703814
741,-1.0782965867904661,-0.028492550368057867
742,-1.7397241971120683,-0.4115710416641154
743,2.1837679075064296,-1.3661686402652011
744,0.17443251690243233,-5.846198550818471e-07
745,1.8223711861688816,-0.5281018153298007
746,0.47799087020711495,-0.00024153427733897281
747,-0.8492517919532947,-0.007159161743652831
748,-1.8962612781208938,-0.6526791172506079
749,1.8928473611054066,-0.6464644684957095
750,-1.439649432145926,-0.14589209833463523
751,0.8144323017276682,-0.005607373241687252
752,2.767849775053323,-4.484155490690915
753,-1.627653945833387,-0.2867902167501673
754,0.42646061887303555,-0.00012252544406987642
755,-1.1730044145957643,-0.04608599649265199
756,-0.6884054273828073,-0.002091939084120198
757,-1.967109359080501,-0.7924287788070685
758,-2.019185207502984,-0.9090808642905072
759,0.8603595764716587,-0.007722309497566138
760,2.6459144425151404,-3.595894787051329
761,-2.6381139119233485,-3.5439469513392856
762,2.012521073039701,-0.8934581210401643
763,-0.9637440192424496,-0.01492169840930091
764,-1.6678181803676455,-0.3274917876115139
765,-1.6722761038286813,-0.33227502183022867
766,0.6157034002317694,-0.001083173264136983
767,-0.4900029855937671,-0.0002799195786613584
768,-1.1861546909258127,-0.04910215745964497
769,-2.2894659658405,-1.7407977483320152
770,-1.8140129802527933,-0.5152694387330845
771,2.8756536108591204,-5.397138883807834
772,2.179142988119306,-1.3513176988166196
773,0.7753757428749761,-0.004206471457450456
774,2.376758411464806,-2.1050434828179867
775,-1.4740005928021123,-0.16627751979050082
776,0.02921655041594562,-1.295641371967804e-11
777,-0.6595560606195585,-0.0016256764491519027
778,2.0123007025029063,-0.8929450609167838
779,-1.395450830379583,-0.1226422711842538
780,-1.2915834001330433,-0.07949460757607846
781,0.8146414410172751,-0.005615790748164762
782,1.3186635253750367,-0.08933578996085617
783,-1.8188958774607256,-0.5227363105696043
784,2.9874408298850685,-6.482576943879566
785,-0.6539825682333458,-0.0015463423965028644
786,-2.0565688734037835,-1.0006552150372134
787,-0.5833147862775641,-0.0007869347383198111
788,-2.20878678129245,-1.4486764895683062
789,-1.383399148200434,-0.116845950593916
790,-1.1395693742000776,-0.03908548447544813
791,-0.02176008815147057,-2.211564265053312e-12
792,-2.652871166910658,-3.642701568936978
793,-1.5524467497089822,-0.22134344215717588
794,1.0561668518520255,-0.025296045865638273
795,0.07432889554073663,-3.5107911022791427e-09
796,0.36019226170723595,-4.476680371312547e-05
797,-2.6219190468760267,-3.4378907771118117
798,-0.7189154197671379,-0.002699628455009595
799,-0.5655015835045809,-0.0006549491274889796
800,-0.9224522898358538,-0.011578915643468912
801,-2.7996432167452827,-4.74042270038797
802,-2.0845180107650387,-1.0736241048448305
803,-0.6189619833875613,-0.0011174811515192173
804,1.8273059054470888,-0.5357940169182787
805,1.195726889851512,-0.05139617411287872
806,0.5962085343007537,-0.0008955823863784351
807,1.931963167455618,-0.7204824689806397
808,-2.4793696169942128,-2.6037322556661726
809,0.4639549405231884,-0.00020231211197474508
810,0.586027147341269,-0.0008088339753977714
811,-1.8567906576870394,-0.5835885069036405
812,-1.7924194878286925,-0.4832389084642157
813,1.3781349641852687,-0.11438374786648403
814,-0.9133508292310508,-0.010931554140566235
815,-1.2984711982482706,-0.08191092045806209
816,-0.8641726881446048,-0.007923786232329255
817,-0.07285702114915171,-3.1138602807345706e-09
818,0.5360512196705534,-0.00047704998019570954
819,-2.272508214424229,-1.6759827287537439
820,-2.5252242410600747,-2.853262065674491
821,-0.11653594670226797,-5.2093236502237517e-08
822,-2.0929749506282675,-1.0964874993183098
823,-0.5044665162401234,-0.00033271201740558976
824,-0.3639523762887227,-4.7628927596021775e-05
825,-0.2402487568468743,-3.977397743271105e-06
826,-2.977851156066695,-6.383617625633075
827,0.3073387375328336,-1.735213514508782e-05
828,-1.4236586843791885,-0.13710780425980051
829,-2.8811845084539605,-5.447423487578211
830,-2.7685393415263038,-4.489601697397827
831,2.902583891310842,-5.645257927765441
832,-1.3211727821223453,-0.09029490580267552
833,-0.8355572245970495,-0.0065116099051308884
834,-1.6651129576359673,-0.32461562430614277
835,1.5813545135522755,-0.2449282189355011
836,-2.8520035927827054,-5.185999366828021
837,-2.282242788256889,-1.7129613309900773
838,1.005796343304537,-0.019095286159823588
839,-1.5182300346219388,-0.1957872133038318
840,1.9455050506510565,-0.7475782569575067
841,2.5591763507486283,-3.049282859638565
842,0.7769318476843159,-0.004256149496121853
843,-0.5632151030793877,-0.0006394214038861756
844,1.5655870254980782,-0.23183055021671234
845,-0.3075117198016586,-1.7410586588328947e-05
846,2.0867062362517803,-1.0795045950436954
847,2.1469193659521384,-1.2512359410580216
848,2.2879580885903152,-1.7349585961296603
849,-2.8731503030964975,-5.3744934581648245
850,-2.9707749490082103,-6.3113159869829065
851,1.502827554887567,-0.18507504566109373
852,-0.24020580487673948,-3.973143349877972e-06
853,-0.4486799390276861,-0.00016577996367783676
854,0.4873005379835256,-0.0002708713666943474
855,2.089205055386971,-1.0862499237290915
856,-2.1923183852077472,-1.3939523753451817
857,-1.0818279688804038,-0.029031638208857236
858,-1.9613832570392733,-0.7803443757907665
859,-1.0097139947217202,-0.01952804353586024
860,2.7211778467346024,-4.126830718238999
861,0.25057543107924474,-5.116690270257074e-06
862,2.427106581451813,-2.3397558679836736
863,0.49338895082994316,-0.00029160832590946484
864,-1.7288804607588397,-0.3979143053905312
865,0.05395928606165867,-5.140411429849223e-10
866,-2.429941525489886,-2.3535340351154077
867,1.1818570015708083,-0.048099430578152746
868,-0.20500445748651774,-1.5383695561865807e-06
869,2.4902247451988355,-2.6612586845799955
870,0.28208605937508846,-1.0393016773746488e-05
871,-1.7466511027795708,-0.42048486729065193
872,-1.0213739606980121,-0.020863478869070917
873,-1.1227148011107146,-0.03589792798809999
874,-0.2096688076350519,-1.7602694089013937e-06
875,2.905412955819539,-5.67180542868373
876,2.059392386662516,-1.007848662601883
877,2.262920322002988,-1.6401571201883807
878,2.0671238495512245,-1.0277494017201434
879,2.0612119923585963,-1.0125054586296929
880,0.14782899537865557,-2.1683587425602724e-07
881,2.685727652975955,-3.8699496046250657
882,2.9085959501904775,-5.701784702000813
883,2.57850773005838,-3.165308047610266
884,-2.317633298392197,-1.8526399284725361
885,0.7355165687124203,-0.00308696745967707
886,-1.371047050468217,-0.11113414888246165
887,0.7711457847092964,-0.004073832959461621
888,-0.7280554620265165,-0.0029075929069836137
889,2.9588752793836663,-6.191099660208058
890,0.4018253346334344,-8.595480202444605e-05
891,-1.4885638635839564,-0.17557434499692176
892,-1.4339789691514326,-0.14272734389884556
893,-1.636163293571529,-0.2950615014474968
894,-1.048194273542102,-0.02421847319438153
895,-1.2009148194448882,-0.052675109343695015
896,1.2341173672205104,-0.06148088961046977
897,-2.499284236389279,-2.709996536810705
898,-1.7383311752296862,-0.4097964280675273
899,-0.18614584974589565,-8.629791399261677e-07
900,-1.6902471007775093,-0.35211634237435074
901,0.6098372942537695,-0.0010236039564177624
902,-1.251270727250485,-0.06647305964330935
903,2.834373683663019,-5.032643173291051
904,-0.5987196184738677,-0.0009181185307415296
905,-2.6979263610001634,-3.9569569424264674
906,0.03582535531077502,-4.403855058399131e-11
907,1.6266897610155686,-0.2858646402745609
908,-2.981226898177889,-6.418324675275762
909,-0.4603765361718226,-0.00019320699998093271
910,0.8520654901481235,-0.007298523469739138
911,-0.5806523374233636,-0.0007659173336711511
912,-2.1530659028319996,-1.2698740985473211
913,-2.8170252237979128,-4.885049880335729
914,-0.39225447765388477,-7.444944207712911e-05
915,-2.211293899313249,-1.4571490565199212
916,-0.36849248648429045,-5.128573115020796e-05
917,-0.7434175540855747,-0.0032867391721495
918,0.9228887568281507,-0.011610729585581847
919,-2.515524825147444,-2.7990428637845537
920,2.06048457179058,-1.0106418415732816
921,1.8564450991391848,-0.5830098408668414
922,1.1675731176539106,-0.044884755339186455
923,0.38993155016190073,-7.185909755791364e-05
924,-0.8050974648332181,-0.005242056833456132
925,-0.18467734372472489,-8.229839271178818e-07
926,-0.714614424067415,-0.0026060933120634067
927,2.205942869570932,-1.4391112544050537
928,1.8702377883445358,-0.606455506922337
929,-0.3083212625966607,-1.7686314874532094e-05
930,2.022642689793482,-0.9172686292208956
931,-0.9795082674312967,-0.01638878843606517
932,0.9754465798159315,-0.01600002084014196
933,0.1876432874971865,-9.054157483756597e-07
934,-0.48014043578375576,-0.00024806240844776895
935,-2.981862557407524,-6.424875677810058
936,-1.7300605322402562,-0.3993830650347574
937,2.107128162321179,-1.1355836452511827
938,2.096811079500979,-1.1069806957249082
939,1.0029669860117156,-0.01878762380832355
940,0.4011683591999571,-8.512058155463187e-05
941,-2.7668512745349485,-4.476278037432923
942,-1.7018206763417572,-0.3653782286493511
943,0.11994190566760032,-6.191614077000196e-08
944,1.216537473698133,-0.056682114086099744
945,2.8129217749109845,-4.8506153079941825
946,-1.9846194581169023,-0.8302801591124511
947,1.2648665240842538,-0.0706569900302022
948,-0.15637896619913771,-3.0374032644608917e-07
949,-2.645244661146247,-3.59141215955007
950,2.0866769977676496,-1.0794258590707908
951,-1.8365189317569757,-0.5503882672295585
952,-0.9006537220440394,-0.010078109769831811
953,0.22890487832147777,-2.977488845590237e-06
954,-2.3202300195158516,-1.8632180499754432
955,-2.703389505449361,-3.9963924787765333
956,-1.6082888836299163,-0.26864660928163975
957,-2.6074225442039363,-3.3449872501405076
958,-2.2453370326002315,-1.5759717307846444
959,1.2735722964586422,-0.07344533196285963
960,1.3923565961887139,-0.12113267359592961
961,-2.654470688166038,-3.653527663884685
962,0.1660839245292527,-4.3574103592014524e-07
963,0.6662796579951751,-0.001725817515057959
964,2.9183565067774397,-5.794448055367002
965,0.2858805395747419,-1.1257531035813173e-05
966,0.8167841467964934,-0.005702629574508955
967,0.067984294201195,-2.055698611336254e-09
968,-2.7478510150946605,-4.3283340415652
969,0.022304268201295052,-2.5648372314890366e-12
970,-2.279298409862055,-1.7017118687942394
971,1.226135130072576,-0.05926305451869346
972,-2.849924288464172,-5.167734074306507
973,-1.7375791073443456,-0.4088408360826521
974,1.1773158003933792,-0.047057902957360453
975,2.458019344643125,-2.4933222453574047
976,-2.6732714181094703,-3.7825873058291153
977,1.2564679896138546,-0.06804825864157543
978,1.1760619375978782,-0.04677355808146022
979,-2.3716235103433103,-2.0821471626424968
980,-0.7689897107197412,-0.004007558810879108
981,2.797716530117267,-4.724590078739017
982,0.5330610860989395,-0.00046148532851175705
983,0.45828013246084254,-0.00018803247411613988
984,-0.6563637998359857,-0.0015798371428511482
985,2.2591637391319708,-1.6262803038039357
986,0.8361395963639402,-0.006538133196185014
987,-2.2526238603948565,-1.6023350925515851
988,0.8255622167422705,-0.006069963159508918
989,2.242354807165226,-1.5652778601130732
990,-0.4821693387699293,-0.0002543575503513029
991,2.699340787989085,-3.9671389573709797
992,1.5752369177746504,-0.23977893388524107
993,-1.154679037085266,-0.04213396567432548
994,-0.8263952611216627,-0.006105807669368968
995,2.046020237866423,-0.9741287841263555
996,0.9420140550622236,-0.013076549375323876
997,-2.553609633313606,-3.0164714443776632
998,-0.33283683506295114,-2.7935603553519428e-05
999,1.902873410169617,-0.6648473465025292
