,data,labels
0,-2.5382511938786108,-2.927318377177879
1,1.4657959838063217,-0.16121473737587078
2,1.26539318313639,-0.07082321752666199
3,2.9867542423998863,-6.475454314241303
4,1.667690948746003,-0.32735606953588514
5,2.569296523854474,-3.109618043455155
6,-2.4586565043144577,-2.4965652719083904
7,0.4700698213119239,-0.00021869368970217629
8,-1.2847346742227488,-0.07714902066119378
9,0.3239299908757478,-2.3757006410551895e-05
10,-0.02837188422115755,-1.0865308652796557e-11
11,-0.11168486959111679,-4.03689989214584e-08
12,0.7084345114370842,-0.0024763796222597723
13,2.1796902019873468,-1.3530683856929642
14,2.369271158576561,-2.0717212262273357
15,1.9708185499154869,-0.8003334218131808
16,-0.6104579022448022,-0.0010297751648390419
17,2.7644714198232823,-4.457544234286429
18,2.111419619921495,-1.147646516135513
19,1.7146116876373405,-0.38048715367194047
20,1.5555231054484633,-0.22376433829441061
21,0.5067936340814305,-0.0003419290427812971
22,1.1840509771934462,-0.04860923888528318
23,-0.7552150536245397,-0.0036047228452458224
24,-1.450506237036859,-0.15210707619167235
25,-2.4389681275500985,-2.3978121551141216
26,-1.6520810645909212,-0.3110370128088922
27,2.0744657952991084,-1.046925426960058
28,0.1275030046467851,-8.933039896685813e-08
29,1.4231631355738,-0.1368424728694964
30,2.109090205576747,-1.1410866463121507
31,2.5226038233676045,-2.8385369916501926
32,-1.2001350612034476,-0.05248126171802253
33,2.431963679906211,-2.3633992641065436
34,0.7783808745114955,-0.004302841325973472
35,-1.8228565453248549,-0.5288545555885444
36,-2.926268580534807,-5.87037797875578
37,-0.01563502593850874,-3.043121310497554e-13
38,-1.295120161637071,-0.08072809369684764
39,-1.4093683532073755,-0.1296188772642886
40,0.1802954362329432,-7.126965273496211e-07
41,-1.462402935392783,-0.1591571468957068
42,-0.6237699967587984,-0.0011697367020487848
43,2.8075631994937273,-4.805920288948629
44,1.07196672413796,-0.02754657854401532
45,-2.4018900266586396,-2.2198608454055244
46,2.2807743104490292,-1.707343745684823
47,-1.24049231954672,-0.06329968644440331
48,-0.17933223146872468,-6.901843619955272e-07
49,-1.9034423610525193,-0.6659025327052595
50,1.7571014334832773,-0.434217550706183
51,2.50936151134246,-2.7649948368925994
52,1.897242817256659,-0.6544744380357534
53,1.4562139755464747,-0.15545784858633127
54,1.815076542459603,-0.5168887073766726
55,2.7388498160500108,-4.259532909568282
56,0.12663695576893552,-8.575342291816668e-08
57,1.218740048283359,-0.05726625698634524
58,2.244708342120062,-1.57371272065684
59,-1.6745452209157314,-0.33473069319013016
60,-1.2329015342833451,-0.06113883145682897
61,-1.8010553078314122,-0.4958568473653757
62,-1.7505450032476222,-0.4255615288799859
63,0.36341072850378264,-4.720750955267139e-05
64,-2.033470604844256,-0.9432780965414298
65,-0.6982251946995124,-0.0022737532990096954
66,-2.9751280834535754,-6.355722262056012
67,-2.3318121595944357,-1.9109579501201246
68,2.8927343132999823,-5.553549490571206
69,2.2648527351241334,-1.6473304045607842
70,-0.4087391846402082,-9.515319868591554e-05
71,1.084491858582366,-0.02944374420653828
72,1.8935427102989744,-0.6477265377649603
73,-1.6275456620522,-0.28668615150928595
74,2.0007009764064243,-0.8662575322879401
75,-2.7664430063595864,-4.473060063572294
76,2.3051321471952466,-1.802350250637159
77,-2.01473699643559,-0.8986297926444841
78,0.3654942148105982,-4.8845666549057754e-05
79,-1.3426262948694172,-0.09883635425109888
80,2.1782907184565916,-1.3485944980572688
81,2.7287771019736065,-4.1835114620152485
82,-1.2864331956044295,-0.07772549193174116
83,-1.923138819079407,-0.7032389792298485
84,-2.300911528463682,-1.785607533485011
85,-1.1173123061685717,-0.034921954908078257
86,-1.5937634290480103,-0.2556409265026371
87,2.2390774404731753,-1.5535894069744758
88,-1.7691076359603743,-0.45042456934128583
89,1.8330951755227964,-0.5449290946597375
90,0.4817555006490153,-0.00025306289258875125
91,-2.6013546208025087,-3.3066630637811443
92,-1.6587975112100743,-0.3179783005248397
93,-2.9869661093195443,-6.477651594575481
94,-1.6238157152853108,-0.2831196207196243
95,-1.0815792353463802,-0.028993398851944296
96,-0.47000632188193014,-0.0002185180997552605
97,-2.7160528987995836,-4.088929775830545
98,-1.7039113160060964,-0.36781501794540206
99,-1.1479371806488359,-0.040750874710867024
100,-0.028149576414620903,-1.0364487046388149e-11
101,-0.9508475535327552,-0.013802737587130465
102,-2.3773511959238887,-2.1076988848558367
103,-0.35224745700658655,-3.918694264337663e-05
104,-1.9658068863904,-0.7896674273062825
105,-0.7390876136389481,-0.003175984377727148
106,1.3030140029177169,-0.08353655382503239
107,2.4993466825866992,-2.7103347934402735
108,2.141703976203636,-1.2355859133874931
109,2.50186655256189,-2.7240108493688626
110,-2.7645302047234197,-4.45800627442783
111,2.8691183628652954,-5.3381680778544025
112,2.860752200761108,-5.263375679992737
113,-2.9039352824300555,-5.657927649451891
114,1.181537217970293,-0.04802548482573088
115,1.7634037555434983,-0.44266713948962827
116,-2.018904641148016,-0.908418922884872
117,-1.20529531502577,-0.053774853421835855
118,-1.343335567851095,-0.09912939167093276
119,-1.5513274607476468,-0.22046778800397654
120,-0.9094739587907981,-0.010664937512969819
121,-2.1094103559454505,-1.14198651623923
122,-0.37235695998063534,-5.457927371810278e-05
123,0.363661392587721,-4.740214697629419e-05
124,-1.6309502165806846,-0.28997232523089106
125,0.4241430131495827,-0.00011861296722970316
126,-1.1161313724874995,-0.034711503908810726
127,2.8242503740293685,-4.946121806151236
128,1.0456812561351798,-0.023886649736857835
129,-2.0995303288059795,-1.1144653083265679
130,2.90479849733328,-5.666031592441296
131,-0.8647863714015069,-0.007956610167229483
132,0.18755038376726052,-9.027333256472758e-07
133,2.290948592328389,-1.746553647951968
134,-0.4905600173470068,-0.00028181537763272146
135,0.9605506416792364,-0.014637974998888525
136,-2.1653102104083057,-1.3076341043121995
137,-0.30022025645904105,-1.508419781803827e-05
138,1.747005174172112,-0.42094452064680754
139,-0.7863383846808336,-0.004566816388775985
140,0.9470111080534496,-0.013483414202228983
141,-2.588806020076304,-3.228451726733552
142,2.7189327168999027,-4.110195031200622
143,0.5250307861787311,-0.00042175120493714857
144,-2.966300537221954,-6.265912376342749
145,-1.879129045765778,-0.621952904285199
146,-0.9161012952134469,-0.011123988031705223
147,0.4022361054235759,-8.647983376586232e-05
148,-2.1746759481646283,-1.3370909815381886
149,2.864723021983818,-5.298776634596776
150,0.4686784892334499,-0.0002148730272267807
151,-1.2076458474307807,-0.054372546563135726
152,-0.32411532143515487,-2.3838320863167617e-05
153,1.2805545616788327,-0.07574490701525771
154,-0.26182144101522375,-6.653929228828126e-06
155,-1.1314542514795733,-0.03752336404161016
156,0.8900160024977826,-0.009405737889793264
157,1.1428009446940761,-0.03972199319697456
158,0.08119608709890658,-5.965015148490238e-09
159,-2.809979359075554,-4.826035009643019
160,1.9178684602046614,-0.6930936753892277
161,0.5230402044167386,-0.0004123529461693698
162,2.947847086913396,-6.081209309277762
163,1.9058727422435888,-0.670424574281083
164,-1.5109644062129164,-0.19067456823009582
165,-2.125494427287872,-1.1878992096798557
166,0.0690371724138008,-2.2542291366889344e-09
167,-2.5786890778103393,-3.1664119055782187
168,-2.594636709290243,-3.264618151643902
169,0.3106588323786945,-1.8502940211884145e-05
170,-0.42102358710597265,-0.0001135110262209249
171,-2.1799260657751267,-1.353823511998027
172,1.2977655991489758,-0.08166071524810103
173,-2.706741551813213,-4.02073381044283
174,0.3599587647741971,-4.4593891710853484e-05
175,-1.1042063765271573,-0.03264332016139815
176,-0.03475491572976441,-3.6710634532255426e-11
177,2.0542526376859858,-0.9947836534200903
178,1.3710651413118287,-0.11114234807971157
179,2.767698416957206,-4.482960720680346
180,0.6390970548218475,-0.0013499642032041015
181,0.5096681120487543,-0.0003536049070020919
182,-0.11576964193189632,-5.007254699762598e-08
183,1.6093780948075924,-0.26964247044775697
184,-1.4377273259097352,-0.14481315621693902
185,0.5932620434778038,-0.0008697232557344226
186,1.3586656616214885,-0.10563480087156907
187,1.3651774376060244,-0.10849928704176026
188,-0.4272060639017292,-0.00012380639050446618
189,1.272600436469527,-0.07312974849125375
190,1.9326452046046159,-0.7218287098026885
191,0.0011845024457857178,0.0
192,2.643945730298995,-3.5827307480672426
193,1.4779831463585626,-0.16878009883632644
194,-1.7053570114500236,-0.36950751278900484
195,-1.5121382777117882,-0.19149334682351588
196,1.068756029776142,-0.027076585103681605
197,0.12995769867549045,-1.0015083307113315e-07
198,0.8566992489140701,-0.007532869537075437
199,-0.09914051041985372,-1.975751340310694e-08
200,-1.5849431097400983,-0.24798916147364347
201,2.638587894548005,-3.5470873402821237
202,-1.3043592267441353,-0.08402286924052732
203,-2.5465168576227244,-2.975049668747187
204,1.2319595184187246,-0.060874862131776786
205,1.7899197228817059,-0.4796335934854279
206,-1.8308756416093857,-0.5414126154850658
207,0.7636654244522103,-0.0038476845549598737
208,-2.767179498393113,-4.478866350724137
209,-0.9658404813324837,-0.01511038882213045
210,2.1330787013831216,-1.2100326393172864
211,1.5103083294237827,-0.19021816277686338
212,-2.737940964556186,-4.252631639752514
213,-0.7156124376302135,-0.0026275560908943785
214,2.283933434784905,-1.7194461752623256
215,0.8312834484834877,-0.006319651677349936
216,0.37007503749419746,-5.261392162536627e-05
217,2.40564941151791,-2.237434372268574
218,2.0714189122139333,-1.03893440741181
219,-1.550381982501508,-0.21973024692945198
220,2.15022811583294,-1.2612428968708014
221,-2.956605176524393,-6.1683599966581815
222,-0.7050714349290628,-0.0024080543340241345
223,2.175789738866401,-1.3406274551661383
224,1.1883982409533482,-0.049632274654116904
225,1.5824256319376078,-0.245838705041942
226,1.47201364937575,-0.1650400194641896
227,2.2305762065229384,-1.5235799120061604
228,2.575699771554943,-3.148252870178087
229,0.09828992539963366,-1.8762405851191488e-08
230,1.3067394757509732,-0.08488891737020537
231,-0.8910374345114991,-0.009468661730860473
232,2.16654687916777,-1.3114949755866607
233,-1.8641964486546294,-0.5960976965236752
234,0.8768883315558567,-0.008626996105277174
235,2.672197326796585,-3.775123726401143
236,-2.8648377522805473,-5.299802106629285
237,0.8076381178159258,-0.005339491977824906
238,0.18298009465457854,-7.786934373976706e-07
239,0.6586260770517867,-0.0016122106030663774
240,0.11132552216827118,-3.959631067473879e-08
241,-1.4419490008398794,-0.1471913145515102
242,-2.991743933260867,-6.527349278092169
243,-2.694018911256374,-3.9289297779392145
244,-0.48473641715106197,-0.00026251164715396236
245,0.07399041049345456,-3.4159716166826115e-09
246,-2.833266243850103,-5.023123794182775
247,-2.280400369175613,-1.7059154897880369
248,0.3608419600562893,-4.5250859486922757e-05
249,2.6109339531017213,-3.367316157798928
250,-1.6269920016567676,-0.2861545250914413
251,-2.544031558732415,-2.9606370026570694
252,-1.950842834154589,-0.7584722698823695
253,-0.9315573601727838,-0.01225751883082904
254,1.8327146064023498,-0.5443248885120715
255,-1.1074531574603588,-0.03319625845279506
256,-0.5759064854704192,-0.000729604065442202
257,2.4389535133093627,-2.3977399644318322
258,1.1856884965555308,-0.048992577900382805
259,2.94014027948539,-6.005277229106362
260,-1.8617581272432642,-0.5919563432981859
261,2.8069555862733644,-4.800871685591893
262,-0.9238801733302013,-0.011683258850581746
263,0.18300734488495696,-7.793885268281286e-07
264,-1.7782104681137085,-0.46302404681402676
265,-2.636694721658346,-3.5345564858225442
266,-1.9912953892294059,-0.8450727689100846
267,2.383206887507349,-2.134065917466503
268,0.5467912733983402,-0.0005365843080978872
269,-0.9378425792936675,-0.0127446253081136
270,0.14575505247605047,-1.9922695237983845e-07
271,0.9466166308609019,-0.013450924814862986
272,-1.4679195014233437,-0.16251317941090931
273,2.3598675795510227,-2.0304370790837907
274,1.1030968658653784,-0.03245608560688318
275,-0.5970211442855264,-0.0009028247053591842
276,-0.9535153123577813,-0.014028400380357908
277,-0.2316516581522996,-3.197893012063524e-06
278,-0.30508503650661734,-1.6605385048995558e-05
279,2.952355304073537,-6.125955314374323
280,0.543518889489941,-0.0005178283211402235
281,2.298499661469073,-1.7760930501308652
282,-0.144733535382088,-1.9100181325448773e-07
283,-1.883093643274166,-0.6289613879895041
284,0.826987911184784,-0.00613141388459193
285,0.5674481609233881,-0.0006684130075321759
286,2.870891313350075,-5.3541187834395245
287,1.593437813192474,-0.25535518061696294
288,-0.5545465965628269,-0.0005832886440352292
289,-1.934031156163532,-0.7245703663187837
290,-2.985906331841736,-6.46666612056193
291,2.08756424421179,-1.0818170761000327
292,-0.9738210476549289,-0.01584655231440457
293,1.041118530127986,-0.02329361791941209
294,-1.0248754259633162,-0.021278684298889794
295,2.094438396499079,-1.100481516395345
296,1.240130433336593,-0.06319529424411507
297,-1.894095267449667,-0.6487307982979823
298,0.42612512740954145,-0.000121952545787396
299,1.886103895458631,-0.6343235949862123
300,-0.39445141689518204,-7.697015594032575e-05
301,-0.14032744926662222,-1.5868882097258563e-07
302,-0.8441898719695939,-0.006913934172826486
303,0.3605481978485532,-4.5031457206579084e-05
304,2.595811599860106,-3.2719423042343574
305,-1.7393292856397942,-0.4110673426353205
306,-1.0091023726722914,-0.019459961163556305
307,-0.1724603965975655,-5.461126224570734e-07
308,0.17254481506235075,-5.477165125888916e-07
309,-0.34080104341453143,-3.217262298882417e-05
310,1.0566349060463072,-0.025360497286249895
311,-2.5166523941465866,-2.8053058246009828
312,-1.8716122655880683,-0.6088314157063929
313,0.6901355332551846,-0.0021230718852036645
314,-2.8352200757819364,-5.039927659112054
315,-0.4644599038304129,-0.0002036251352890428
316,1.3808382597496704,-0.11564292489365657
317,-0.29778808036632487,-1.4368272669873505e-05
318,1.6425767214579272,-0.3014186032114196
319,-2.1616486782938047,-1.2962537036369257
320,0.5743935134856475,-0.000718331246591708
321,-2.0799282948678357,-1.0613698298258327
322,2.3579780244588564,-2.022217089300336
323,2.623094065772494,-3.4455047643598062
324,2.6342510390998184,-3.518430800677662
325,0.2803052469711318,-1.0006755667646416e-05
326,0.17149969100868834,-5.281337021045829e-07
327,2.7033752929818258,-3.9962895076828464
328,2.476549298244387,-2.5889404090876824
329,2.355138940478689,-2.0099137908699185
330,-2.803262418174163,-4.770270269403987
331,-1.2020752470113507,-0.052964659127666014
332,-2.255973127589468,-1.6145644206245668
333,-1.7810876788786731,-0.4670631225360319
334,-1.5459693771071035,-0.21631385012563442
335,1.045032385575806,-0.023801574155138505
336,-2.992691102093987,-6.537234894685844
337,-1.922504139250192,-0.7020111889692067
338,2.2641662184503923,-1.6447792710058486
339,0.7642655629587818,-0.0038654386567659182
340,-2.1308929122904026,-1.2036216959515398
341,-0.9569444063663926,-0.014322873234044242
342,-0.24795774770322687,-4.805015838993398e-06
343,-2.6800033076122745,-3.8296167015478075
344,2.6245100331629443,-3.454696823647395
345,-0.564474183202031,-0.0006479338262009859
346,2.535711263818283,-2.912767300670657
347,0.8794011817241092,-0.008771824903365921
348,-1.1192019798564734,-0.03526085564554049
349,1.4560595379608952,-0.15536641932676265
350,-0.2766104996229002,-9.243340575060266e-06
351,-2.417445110522073,-2.293256440958157
352,-1.938088892175822,-0.7326436021433895
353,-0.28027957920803237,-1.0001276851800966e-05
354,-2.3179070879595827,-1.8537530985179524
355,-1.743670608254232,-0.41663113864989393
356,2.9747183703903612,-6.351532953490723
357,-2.163481799586049,-1.301941728012096
358,-2.981602772080134,-6.422197774009091
359,-0.7235847024496311,-0.0028042825965504115
360,1.2001073763779688,-0.052474389863197524
361,-2.5223256358415993,-2.836977113404739
362,2.984347019381101,-6.4505276274970145
363,-2.6129531706926477,-3.3802066964577926
364,0.1625350748966241,-3.828323477117479e-07
365,-0.008424600760917222,-7.438494264988549e-15
366,-1.6467414099781343,-0.3056040493656568
367,-0.5144996860241213,-0.0003739734660862526
368,-2.8099889635803876,-4.826115092601459
369,0.20775097059587555,-1.66601104023556e-06
370,-1.6008488779209682,-0.261921495854378
371,2.7752363861921783,-4.5427515559213605
372,-1.8586982599224384,-0.5867909757193598
373,-1.1421620292229662,-0.0395954889434611
374,-1.2782032591356318,-0.07496415589658395
375,0.19778209119853107,-1.2409665720580776e-06
376,-1.0354499143907898,-0.022573564021643677
377,-0.3439404361809535,-3.398323537229242e-05
378,2.7314704586669816,-4.20373906981202
379,0.04355198502727298,-1.4213585863842582e-10
380,-2.100269716370314,-1.1165071289346575
381,-1.0887983144793583,-0.030119975675314214
382,-2.890113683269403,-5.529336339207167
383,1.8095435795598256,-0.5085079200814566
384,-0.9008664457290232,-0.010091945163647642
385,0.422848917393424,-0.00011647381839408055
386,1.1744953202180675,-0.04642023807284945
387,-1.6953987008253832,-0.35797199116894146
388,-0.38993174821485743,-7.185931517739164e-05
389,-1.48399023368201,-0.17261133487320424
390,1.05007848658202,-0.024469715076648746
391,0.3439477711092711,-3.3987562748527544e-05
392,-1.8070392267231925,-0.5047495442466401
393,0.7469610032782139,-0.003379721518414147
394,2.514563350983533,-2.7937107613501024
395,1.1417236711282959,-0.03950888323471191
396,0.09724442638962483,-1.7596808010722498e-08
397,-0.26772212970951204,-7.602979372967056e-06
398,1.632940884848182,-0.2919074621809889
399,-2.6319375498746482,-3.5032150122724834
400,-1.6692173260658074,-0.32898717379456544
401,-0.16340747962321478,-3.9531403683845667e-07
402,2.625380418461467,-3.4603562153780314
403,2.9280316859126287,-5.88739797562288
404,-1.5346084577300398,-0.20771084113023186
405,0.8030750213752369,-0.005165542162606007
406,2.927230801992742,-5.8796621799530016
407,1.8776639762426681,-0.6193783896485787
408,-2.4041873033488343,-2.23058720595361
409,-2.4465190102445336,-2.435331253230146
410,2.033595947118201,-0.9435824615311026
411,0.8025264241484309,-0.005144945952564095
412,-1.5780037198825954,-0.24209710455658418
413,-0.004052665304133285,-1.1102230246251565e-16
414,-2.413063610708287,-2.27240015336257
415,-0.5319036989223136,-0.00045557469061985323
416,-2.2229097108054274,-1.4968972624207677
417,-0.4361902295346525,-0.00014013898073672593
418,0.03747363941720261,-5.768163724440001e-11
419,0.7753340696765978,-0.004205147633591699
420,-1.4017383827313394,-0.12575602460783958
421,-2.2185274015592724,-1.4818056613266668
422,2.5102337665123624,-2.7697944343529324
423,-1.1467659096916714,-0.040514373734755194
424,-0.03898895191428542,-7.316869332640863e-11
425,1.6349613331202306,-0.29388192375340166
426,-0.13977380668295503,-1.5497216920845602e-07
427,0.4173846772123495,-0.00010779086383205794
428,2.1899763441316455,-1.3862997401888961
429,-1.7390448975560493,-0.4107049118855492
430,-1.1176957531128568,-0.034990509571459105
431,-1.5527747347244312,-0.22160055502771797
432,1.3397545591244278,-0.09765696474694913
433,-0.5233356799342848,-0.000413736932880826
434,0.13625374874859197,-1.3299716505876802e-07
435,-2.2302219552630307,-1.5223390489368518
436,-2.937981925464997,-5.984138331267941
437,-2.5653304753539743,-3.085867310381518
438,-0.12715055898367966,-8.786001393090714e-08
439,-2.2190608255690982,-1.483636422740959
440,1.8121412934207406,-0.5124293976488161
441,2.2161392251687824,-1.4736302995121784
442,0.7228865719257893,-0.0027884263493960226
443,-2.1174652305353385,-1.1648063386388792
444,2.920126943821659,-5.811374838734556
445,-0.7730563474278638,-0.00413331027669539
446,-2.3161301378991803,-1.8465374211224785
447,2.037090028207116,-0.9520974764411596
448,2.1809005759251843,-1.3569468504148763
449,-1.1727393330371267,-0.04602677254996024
450,2.864744996294837,-5.2989730320043185
451,-1.8314455482664,-0.5423138479061412
452,0.8288410072206629,-0.006212047823264899
453,2.5348572107069307,-2.9078867113287203
454,1.8358895725714142,-0.549381578909748
455,-0.565013151069294,-0.0006516062205960127
456,1.4395745298897857,-0.14584993381744749
457,2.4359365516085454,-2.3828719706948007
458,0.06917414772644914,-2.2811925681764933e-09
459,0.247603119016917,-4.76403441229678e-06
460,2.3763338277938004,-2.103143097657537
461,1.3177598418915633,-0.08899237932387527
462,2.621829207275403,-3.4373091453374642
463,-2.0364204146575897,-0.9504610816315057
464,0.7725790146007752,-0.004118384128033337
465,2.664800737358738,-3.724025014027698
466,0.5699929867073088,-0.0006863591550003711
467,-1.4919798804302686,-0.17781360938478424
468,-0.22709993505427484,-2.8396605060709845e-06
469,-1.6016243864920598,-0.2626162266609944
470,2.5111381094976393,-2.7747772028495743
471,-0.24410659436731397,-4.3753037166638364e-06
472,2.618461314898708,-3.4155580900805025
473,-2.3344851433950304,-1.9221059439480144
474,-2.421152826967637,-2.3110179924242424
475,-0.9439108807501864,-0.013229794283490581
476,1.791240167777839,-0.48153539764076503
477,1.5676779321580803,-0.23353485661846385
478,-1.5886571518227812,-0.2511888061096014
479,-2.168894229540286,-1.3188473222619617
480,0.1543809340930009,-2.8120825212862854e-07
481,2.835478874176486,-5.04215657422029
482,1.7024927387015998,-0.36616018118116966
483,-2.9584560227791696,-6.18689529251172
484,-1.9527951771020824,-0.7624873366255908
485,-2.0995911875677518,-1.1146332618054842
486,1.9696087282886996,-0.7977485192782408
487,-1.6882859273918105,-0.3499069909298257
488,-1.0541218625426474,-0.025016006564243964
489,1.4264478252169877,-0.13860884376615873
490,-1.0486708273361625,-0.024281818326658544
491,0.4647205917982946,-0.00020430574488650155
492,-2.41541954559112,-2.2835967215149067
493,2.5445347045510394,-2.963550590803568
494,2.059641210862159,-1.0084844891685696
495,-0.7204360396969487,-0.0027333514997892605
496,-0.2860291180894854,-1.1292562210774015e-05
497,-0.42599518988062,-0.00012173125727477085
498,1.0254669864720558,-0.021349490330560772
499,-0.048593212086407434,-2.742105431607911e-10
500,0.14787250194383494,-2.1721870047120007e-07
501,-0.11313583497509061,-4.3617960909791975e-08
502,-2.7782928529153947,-4.567163658362384
503,-1.5673022644945072,-0.23322792149652416
504,1.3684659258203267,-0.10996926323049705
505,1.3766951174432318,-0.11371755835594877
506,2.206023916773649,-1.4393831811607893
507,2.0986021809294577,-1.1119062772002717
508,2.406200027118804,-2.2400170558242016
509,-0.8171730838721016,-0.005718509710033182
510,0.8150811585736903,-0.005633522442465622
511,2.016207514763174,-0.9020744868593238
512,1.2171170278465508,-0.056835349877399355
513,-2.54786809457829,-2.9829077767406065
514,2.4244623593951493,-2.3269595396023446
515,1.5728478960199643,-0.23779141670386478
516,-0.07118382245712329,-2.7087664333791395e-09
517,-2.950204545832761,-6.104577799028651
518,-0.5455755741184571,-0.0005295518979339109
519,-2.22277639695667,-1.4964364434542123
520,-1.33282446376605,-0.09485717468906962
521,2.99460422455714,-6.557235966803363
522,1.0888908982200167,-0.030134650833268384
523,-0.7517663433121937,-0.003509261457007695
524,1.443834304315076,-0.1482633291753815
525,-2.778846459630958,-4.571595755853967
526,2.203717370593253,-1.4316596217187445
527,1.9923537040975008,-0.8474363268908626
528,-0.7479770419558345,-0.0034067782691880044
529,-0.09090083172229901,-1.1741334904336043e-08
530,1.1427863093458317,-0.039719091770189174
531,-1.6957425837409659,-0.3583655718799943
532,2.2674458719059007,-1.6569937775076065
533,2.8160138147793674,-4.876545702084953
534,2.3920212375938874,-2.174224173009922
535,1.38511205937513,-0.11765618192064065
536,2.119412174875948,-1.170374129074121
537,-2.9221326702443866,-5.830595428000042
538,-0.17965169196315944,-6.975842388179387e-07
539,2.910660505096894,-5.72129258574564
540,-2.93274058311495,-5.93303420994044
541,2.2332786813485086,-1.533071431662469
542,1.2916830943524173,-0.07952916875948551
543,1.7078039475738223,-0.3723860717462919
544,1.6577042870657692,-0.31684026570160645
545,2.775256116112863,-4.54290882732843
546,1.675479752979319,-0.3357461888884732
547,-0.5820096410413846,-0.0007765731506043094
548,1.931520570393979,-0.719609887046412
549,-2.337827895823711,-1.936116509217868
550,2.908270857967416,-5.69871742116271
551,2.1709427787803603,-1.3252894452033228
552,2.626680860080926,-3.4688248244031743
553,-2.6089173682982265,-3.354479184294915
554,-1.1830693723723855,-0.04838060997459631
555,-0.058214716203143,-8.105345283837551e-10
556,-2.081724743150754,-1.0661533947108457
557,-1.332173350052162,-0.0945974591732246
558,-2.635741075422212,-3.5282568818225095
559,-1.6629832905201463,-0.3223653719680299
560,-1.2330987179382953,-0.0611942021436791
561,-0.1760538789551962,-6.179476542689244e-07
562,1.445866502999321,-0.14942581570501862
563,-1.6850633860946673,-0.34630027486427906
564,-1.0595900837864616,-0.025770511728426482
565,-1.8524143420498442,-0.5762928707720304
566,2.5233133723625976,-2.8425185557724397
567,-1.4896845924486104,-0.17630652391849172
568,-1.3036980158710965,-0.08378355040492891
569,0.09059129470167271,-1.1503557773018258e-08
570,-0.7300001579352076,-0.002953497518156767
571,-2.772412488443086,-4.520283430678097
572,0.22647445833986435,-2.793155284730453e-06
573,1.2968604363628504,-0.08134064245927192
574,0.1918910464102277,-1.035358679235543e-06
575,2.004701336216441,-0.8753907807279304
576,2.430304565600286,-2.3553028620721066
577,-2.2006056653631285,-1.4212900517797409
578,1.893891208122418,-0.6483597845011152
579,1.6426138823921335,-0.30145574895445953
580,0.7780113290243102,-0.004290893740500956
581,1.3489427984549431,-0.10147057374499285
582,-2.937953797846073,-5.983863214102796
583,-0.19015817986248695,-9.805922902561548e-07
584,0.37617782150087553,-5.800646205633697e-05
585,-0.6251592715646948,-0.0011852058971794088
586,-0.38052381893494447,-6.212003787731124e-05
587,-0.4925236314725958,-0.0002885833819014083
588,0.745649257248659,-0.003345051680495814
589,2.2707756662205263,-1.669465399671093
590,-1.5890463466767473,-0.2515259730645027
591,-1.396721433204384,-0.12326649417856289
592,-0.45158638332572076,-0.00017227301363820224
593,-2.294549416645066,-1.760593011174117
594,1.6385777937576247,-0.29744229327766947
595,1.2654831231273533,-0.07085163633382463
596,2.0845564532852423,-1.0737272002266258
597,2.9871881959518714,-6.479955456257424
598,1.7072734637925544,-0.3717605279181354
599,-0.008857896905909879,-1.0103029524088925e-14
