,data,labels
0,-2.635832026900239,-3.5288573273618584
1,0.8200299201543011,-0.005836268036820247
2,1.3587361886314646,-0.10566549804702385
3,0.21542486501625113,-2.070230882944557e-06
4,-2.5469633395709366,-2.9776444606665
5,1.9217639008092018,-0.7005812913441956
6,2.2108239049808773,-1.455557887645785
7,-0.15903057932925257,-3.3594714698992334e-07
8,0.06260423015703065,-1.2536263138684944e-09
9,2.3964201204111166,-2.1944777121131565
10,2.67888041504483,-3.821741931593611
11,-2.4676144922516654,-2.542496879300533
12,-2.2769967689199184,-1.6929572197883154
13,-2.4387087273150625,-2.396531026533237
14,-2.837491231875891,-5.059513110130147
15,-1.4601493931742011,-0.15780213916545777
16,2.4278888196204162,-2.3435515467373724
17,1.3469042893589105,-0.10061437780114663
18,-0.35599862209633315,-4.174468685913535e-05
19,-2.5420000154583313,-2.9488947137214203
20,0.11817260905508808,-5.663722957294226e-08
21,-0.31609240927951454,-2.0522931450495108e-05
22,1.0618190449084697,-0.026083312782236523
23,1.0904396819504116,-0.030381004115926147
24,-2.4618984625671256,-2.5131154744312942
25,2.5600520707706877,-3.054468803673826
26,-2.5027445574490814,-2.7287881974759736
27,0.2597176132207908,-6.340370041546528e-06
28,0.8389181542232369,-0.006665900370661615
29,-1.4131599386634788,-0.1315733056590962
30,-1.6595592784700024,-0.31877318881513955
31,-1.8428963371354585,-0.5606703307397578
32,-0.5488587697205825,-0.0005487214358385062
33,-2.9419344641582326,-6.022891523588719
34,1.211536224346128,-0.055373541620983624
35,-1.920178479507938,-0.6975263608658581
36,2.196086438048277,-1.4063320690254857
37,-1.486718943086475,-0.1743743032047113
38,0.9504647583547268,-0.013770601648490755
39,-0.8220138244319419,-0.005919208101236251
40,1.633262092053438,-0.29222065874037706
41,2.60289321962786,-3.3163493721297503
42,-0.3830400492762136,-6.461042105998516e-05
43,-1.4835598537437664,-0.17233457060013946
44,0.096076176271497,-1.6366359933961405e-08
45,-1.6421924723443482,-0.30103472215858634
46,0.0528192484223422,-4.5223125244575613e-10
47,2.1663968872817074,-1.3110262387056009
48,-2.388817700088741,-2.1595633809546118
49,1.2456929375922225,-0.06481527197141534
50,-2.702678782101305,-3.9912456247148005
51,0.4842457578773205,-0.0002609365976685707
52,-2.665914266294865,-3.731684501110065
53,0.5655042373907206,-0.0006549673297491232
54,-1.7573911796800452,-0.43460323172713156
55,0.9663189668503049,-0.01515372590127051
56,1.2078000034088792,-0.054411931538746905
57,-0.5019464710628387,-0.0003229638712399785
58,-1.3777462910648768,-0.11420361007785357
59,-0.9320236364743377,-0.012293125268456828
60,-2.099832603094204,-1.115299693470488
61,2.69792871412845,-3.956973865646116
62,1.5485068735333263,-0.21827329763522052
63,1.8239822551905078,-0.5306036254892437
64,-1.307143049437458,-0.08503646337436649
65,-1.310488349336339,-0.08626742973159657
66,-2.2207548142690197,-1.4894617738843687
67,1.272784193665549,-0.07318933471811273
68,2.4882131833808243,-2.650527011623129
69,2.5933700493964364,-3.256735680311629
70,-2.493055767880273,-2.6764174937716687
71,0.08721814490500712,-9.1619304365409e-09
72,-2.9289905841182535,-5.896669961872965
73,1.7731331514269169,-0.4559629493262523
74,0.523033223969462,-0.0004123202966345163
75,-2.3468516956025933,-1.9743244051054785
76,-2.432618982628238,-2.3666028851236565
77,-2.1386566388691346,-1.2265111828588973
78,0.5522002898569287,-0.0005688173194655644
79,-1.218094772520739,-0.05709462432151974
80,1.8915050271166134,-0.6440335038308677
81,1.3379274113445305,-0.09691245499973516
82,-2.364535451844633,-2.050851702722017
83,-2.580502009896435,-3.177463029248941
84,-0.19943527000168615,-1.3044112798787921e-06
85,0.3045565872758562,-1.6434210990068365e-05
86,-0.4397006304450417,-0.00014698782003719213
87,0.21808357689782287,-2.2280207248037698e-06
88,2.9266701277520797,-5.874251071637101
89,-1.3730528963161992,-0.11204619269289506
90,0.657012787597032,-0.0015890689023906335
91,2.3985756246722136,-2.204454034442579
92,0.6882871136211106,-0.002089823873145047
93,-0.4774956142722151,-0.00024005056850373574
94,1.6030909751692022,-0.2639340241949698
95,2.682804049051483,-3.8493109035417636
96,-2.531406969661391,-2.8882323636651095
97,1.9169329454271686,-0.6913047360626732
98,2.486546480595666,-2.6416598442000643
99,2.4103886519707114,-2.259737697294335
