,data,labels
0,0.0520306179129868,-4.1320513677334247e-10
1,-1.5299747655376037,-0.2042807360161082
2,0.8136617801743684,-0.005576450265813104
3,-0.45772207027220135,-0.00018667455305243497
4,1.996528393389399,-0.8568094816383706
5,1.5842681497965376,-0.2474111530153828
6,1.816425917926063,-0.5189488240117313
7,-2.942940937697941,-6.032789256124417
8,-1.0079431260673295,-0.01933145001651726
9,-2.4507647712547094,-2.4566210665033013
10,2.8442053341873628,-5.117743297152077
11,-2.794504988521278,-4.698286577032077
12,1.238873087788547,-0.06283366733441337
13,-1.5110576307789299,-0.19073949104310545
14,-2.7787001575579655,-4.57042417099502
15,-0.466097907953281,-0.00020793305028243836
16,2.898749551734938,-5.609424306663006
17,-1.5530378277365953,-0.2218069685706241
18,-0.7252716178129268,-0.0028429029712663256
19,1.8643998383855305,-0.5964441562927905
20,-2.168149978580637,-1.3165127887637809
21,1.1355946323839232,-0.03831392967095948
22,-0.9850700198288926,-0.016933583284237552
23,0.3175737078272398,-2.1104334321453422e-05
24,0.724448684697701,-0.0028240083798738436
25,2.5367390956528943,-2.918649119609687
26,-1.0558522146842226,-0.025252794855017746
27,2.9737349926836023,-6.3414862757413415
28,-0.11353958392202212,-4.4559782974573636e-08
29,2.8100413649037295,-4.826552035494647
30,-1.2446929727439944,-0.06452161574019699
31,1.621478442080722,-0.2809026114254436
32,0.9682757804350164,-0.01533201267342088
33,-0.2345368726903998,-3.4438601635988775e-06
34,-0.12779533687889089,-9.056549299391037e-08
35,-0.3499948529211574,-3.771457454870841e-05
36,2.1128919504774313,-1.151807619727928
37,2.6234842363199693,-3.4480358125048944
38,0.4690888763304448,-0.00021599417077100558
39,-1.6435390296805956,-0.302381678993298
40,1.1617561058938826,-0.043626367502467955
41,-2.1736098154699506,-1.3337125042602251
42,-1.0621254876945472,-0.02612655722541024
43,2.827489412588185,-4.97368381054346
44,-1.1254786725416046,-0.03640569165783669
45,2.8058889590877047,-4.792018715748587
46,-2.929344463589047,-5.9000945021896625
47,-1.1324539921438903,-0.03771303560870409
48,0.28603777484362025,-1.1294606052869582e-05
49,0.7107014647623391,-0.0025233299151535826
50,2.1600508593414185,-1.2913113022229703
51,-1.1323135499250918,-0.03768634409771521
52,-2.1776337169367874,-1.3464980847336172
53,-1.2586242036001487,-0.06871050780832744
54,1.7722489920096276,-0.45474197603139943
55,-1.1379039112473586,-0.03876067985335152
56,0.8084371541469206,-0.005370440594358761
57,2.6596302027678576,-3.6886129024123324
58,2.3162175397144376,-1.8468918358930688
59,1.5767917568502732,-0.24107949171087267
60,1.9171736508259887,-0.691764683390677
61,-0.02352196222287617,-3.5282887722587475e-12
62,2.023091787338614,-0.9183362999732252
63,-0.5866127621055526,-0.0008136276266152986
64,-2.5422659408527513,-2.9504297669641124
65,0.6840384534979576,-0.002015025361617906
66,-1.8909736252080425,-0.6430730960922846
67,-0.3504377449548617,-3.800037154211289e-05
68,-0.47409878206346745,-0.00023007635071548016
69,-0.8860603277804016,-0.009165270952213311
70,-2.579821653484296,-3.173312385678726
71,-0.5671076313013637,-0.0006660412983011677
72,0.3957096582581219,-7.844545773305622e-05
73,-1.197401277835233,-0.05180617994045045
74,-1.6438832368325467,-0.30272674758613427
75,-0.850625551955138,-0.007226928858893422
76,0.7032287320822928,-0.0023712805988523877
77,-2.454399355581372,-2.4749573348067395
78,2.2664838003765206,-1.6534035888510912
79,0.9819600497423053,-0.016627162475178703
80,2.409754735544479,-2.256744746681083
81,0.9214117142196274,-0.01150335544456238
82,0.8374852881230535,-0.006599759529180349
83,-0.32591861855382387,-2.4641672717762297e-05
84,-0.9040820801928291,-0.0103029856455914
85,0.8176924382708419,-0.005739771248118086
86,-0.03959591829036402,-8.02742317063121e-11
87,0.9064468952205367,-0.010460477024491377
88,-0.612121883754388,-0.0010464732686895628
89,0.8586759143205671,-0.007634693210259891
90,0.7054517075532147,-0.002415701340844345
91,-1.1299596516748391,-0.03724124675058671
92,1.416227611759174,-0.1331717036881423
93,-0.35051869727816776,-3.805280383095688e-05
94,-1.687647397062967,-0.34919000848081133
95,-1.2189973175297597,-0.05733480205901581
96,2.848277708616921,-5.153303907186703
97,1.0997879272281317,-0.03190284645559227
98,-0.734557773953223,-0.0030634199161594378
99,-2.4769060501105926,-2.5908079789333267
100,2.1905832900345557,-1.3882798566857353
101,-1.3582771654855956,-0.10546583403147036
102,-2.240613231726516,-1.5590583801730693
103,-1.6213423237806595,-0.28077391953423325
104,0.06342253912734819,-1.355196288521654e-09
105,2.965939143046766,-6.262255754328545
106,1.7277916623333454,-0.3965628992579105
107,0.8572969682176756,-0.007563541778783378
108,-1.9062455728263565,-0.671120373045353
109,1.7382638879028374,-0.4097108604154551
110,-2.4934131089160365,-2.678335493578233
111,0.02514554984237849,-5.266120872704505e-12
112,0.504781353880039,-0.0003339468231275955
113,1.910763747067123,-0.6795969972154667
114,-2.4934614138888778,-2.6785948459861038
115,-2.321333141977914,-1.86772560458695
116,1.8660186267860635,-0.5992072226255395
117,-0.7232829537164713,-0.0027974200690763507
118,1.593543922733006,-0.2554482699155825
119,-0.037514350535140295,-5.805855796126025e-11
120,0.33872632517432333,-3.102062572846176e-05
121,-2.009974875881743,-0.8875439595580797
122,-1.1251902025568905,-0.03635242553591844
123,2.048928847739475,-0.9813883898603322
124,-1.126409515406031,-0.03657800296268465
125,0.832569028043392,-0.006376899617092757
126,-2.9962634456425707,-6.574619215712103
127,0.6205805979884804,-0.0011348531952005692
128,-2.9142994535394746,-5.755797265778297
129,-1.7278352349033492,-0.396616912032725
130,-2.9441216660952882,-6.044415977616723
131,-1.2246469969356342,-0.05885679676046901
132,0.34101678724102635,-3.229442900887225e-05
133,2.97589443059291,-6.363563638153135
134,2.2373012503820755,-1.5472825843410534
135,-0.3911855737033392,-7.32480237136679e-05
136,1.2083221365602048,-0.05454550098173616
137,-1.5091935654623243,-0.18944465299463265
138,0.26063985408985824,-6.476273924249654e-06
139,-0.8294250202678439,-0.006237639383410598
140,1.276464340736796,-0.07439091276075965
141,2.147669071622147,-1.2534980084098688
142,-0.0650234304702133,-1.5737963154904833e-09
143,2.827844834483301,-4.976715141979984
144,1.4389804492715434,-0.14551585294222247
145,2.710477317023564,-4.047991688937693
146,1.9667607035207535,-0.7916888703847005
147,0.9036064707262299,-0.010271546383897268
148,0.9333969536966613,-0.01239848719339931
149,-1.2131413213071396,-0.055790833981187615
150,-0.8503582718923264,-0.007213703033267405
151,-0.18982530133675724,-9.7035319335248e-07
152,0.477671607036521,-0.00024057694758428116
153,0.14926249297791294,-2.2974943203468712e-07
154,-2.0127026440986615,-0.8938810198839346
155,2.3659004622643955,-2.0568507088037014
156,0.4757921421728599,-0.00023500476968241202
157,-0.7697658544389183,-0.004031313377929613
158,2.0421922325891293,-0.9646374370876509
159,2.727237763827347,-4.171983380019634
160,-0.7034467477134134,-0.0023756071383013166
161,-2.790347682921925,-4.664398945052257
162,1.2154556458674577,-0.056396965792051945
163,-1.4303740997707624,-0.1407439984299208
164,-0.5651890479423987,-0.0006528084566134185
165,1.5037061497845947,-0.18567331076417992
166,1.5738869307067223,-0.23865422407370157
167,-0.3165285950460319,-2.069273170268726e-05
168,-0.8218206077536188,-0.0059110881665261905
169,-0.2871173835917675,-1.1551922941777093e-05
170,0.16617865783015517,-4.3723271214712867e-07
171,-0.8972834400282919,-0.009860969046157297
172,-2.6883066488853977,-3.8882240751642128
173,-0.05953600090725342,-9.273514178786968e-10
174,-0.1326790215921978,-1.1340110983582008e-07
175,2.6104733726979568,-3.364381006815554
176,-1.0234931669332175,-0.021113980513203234
177,-0.6260080530704712,-0.0011947396562206336
178,2.442909462066993,-2.417341231792371
179,-2.5272972377826846,-2.86495156470535
180,0.5055381848364098,-0.00033693067820461664
181,2.478635516141236,-2.599875979711512
182,1.1820684068470078,-0.04814836567406733
183,-1.5487121580560872,-0.21843242921477724
184,1.4660216415797391,-0.16135232499889568
185,-2.3511074314273483,-1.9925404692032687
186,-2.508977359780685,-2.7628830205502966
187,1.227180889240226,-0.05954989280615125
188,-0.49981543311818655,-0.0003149062031703176
189,-2.1546986545616846,-1.2748605661600352
190,2.923412774918635,-5.842887095572602
191,-2.979356428824737,-6.399076593652094
192,0.7023502886781556,-0.0023539134873886702
193,2.8812702718774545,-5.4482059393050815
194,-1.9766023001250266,-0.812780403890097
195,-0.9516256990627019,-0.01386825201228914
196,2.5683168968979206,-3.1037388344392762
197,2.895101884620866,-5.575492067349065
198,1.3453140368244076,-0.0999504739075937
199,-2.1538461731263103,-1.2722552021908076
200,-2.9489435593117346,-6.092069916752908
201,1.6256664533260947,-0.28488488183596045
202,-2.771411900981063,-4.51234221598932
203,1.119925083522542,-0.03539124146806116
204,2.1021065009292235,-1.1215918193040424
205,-0.25727004308128354,-5.9911452852112745e-06
206,-1.576373634520342,-0.24072920384594237
207,0.2146141179850094,-2.0240087917899885e-06
208,-1.3217577404256537,-0.09051967575625541
209,-2.4252936278568287,-2.330976640030511
210,0.6638157198355676,-0.0016885458717280644
211,0.39885233148573906,-8.223311594179883e-05
212,1.1514378627684652,-0.041464383799822646
213,0.044486905256492904,-1.61452406999274e-10
214,-1.6111949856188361,-0.27131011614423833
215,2.9413188729804105,-6.0168436886203205
216,2.3777995477658376,-2.109708975983071
217,-1.0464556955856448,-0.023988512129530903
218,0.23651144234159638,-3.6211072252934073e-06
219,2.971958397573805,-6.323365524870045
220,-1.6164622978591339,-0.27619071643628335
221,0.8148346643345219,-0.005623576869744906
222,-0.6622992890866142,-0.0016659387690710625
223,1.0768842205670808,-0.028279229076620283
224,0.3012781077841602,-1.5404705878574454e-05
225,1.293050998481843,-0.08000460098490053
226,-1.6247141482543803,-0.2839754805832976
227,1.8940657806931558,-0.6486771763024086
228,-1.4402164327884885,-0.1462115930601099
229,-0.3930626399394801,-7.53686143112331e-05
230,-2.2531125479063543,-1.6041150566423967
231,-1.3707008408405195,-0.11097733156155681
232,2.2567296981353353,-1.6173367160837344
233,0.6248051304695204,-0.0011812466918557085
234,0.714139975669394,-0.0025959407831037673
235,-0.6174595391421507,-0.0011015529598203955
236,-1.6987116742596031,-0.3617778809864258
237,-2.219259568546547,-1.4843189675978519
238,-1.1784508343942541,-0.04731650153665401
239,-1.9993257026865634,-0.8631346537717619
240,-0.9171370747583789,-0.011197168590442508
241,0.09058838980998729,-1.1501345431597088e-08
242,0.9879926280461033,-0.017225719331045886
243,1.3536186644662163,-0.10345650408542645
244,-1.0070592612491003,-0.019233931543941263
245,1.2327596326670358,-0.06109900933819362
246,-2.452265425274229,-2.4641793319853846
247,0.9862832254131844,-0.017054358292467153
248,1.7939885566027627,-0.4855126849529738
249,0.987117343000421,-0.017137801117030782
250,-0.925265491618982,-0.011785224028876606
251,0.025586522984047733,-5.845102180046524e-12
252,-0.4348866530551252,-0.00013766406910020734
253,2.954331419780895,-6.145645796234476
254,1.045005965282484,-0.023798115322870683
255,0.8218491026764507,-0.005912285091830838
256,-1.107994774890365,-0.033289231358834215
257,1.0729148498754553,-0.02768662686348211
258,-2.606418559070537,-3.33862337465116
259,-2.693742154886791,-3.926950307450664
260,1.013600659156225,-0.01996522725264449
261,1.6617849395272142,-0.32110456602372345
262,-1.8666430071488864,-0.6002756119205439
263,-1.8411303245401287,-0.5578082279436488
264,0.09701093373778402,-1.7344913949557395e-08
265,2.5728174148038407,-3.130817538319743
266,-2.818021995112776,-4.893441762494865
267,0.4306971741293486,-0.00012995421800177098
268,1.2477073961804903,-0.06541011391974311
269,2.7080464302292855,-4.030239200806236
270,2.9511333816932446,-6.1138031960191705
271,-0.6977239945090488,-0.0022641688980872265
272,-2.098062050817397,-1.110419138433705
273,-1.1219488060832778,-0.03575822227539016
274,0.4274389147119688,-0.00012420878257835
275,-2.7095801627964287,-4.041433097814165
276,-1.1550141441978536,-0.042203689380263976
277,-2.6281720559660102,-3.4785547156550507
278,-1.6722373063912606,-0.3322331580087693
279,-0.3469370943849768,-3.578972228956978e-05
280,-0.31815762492041344,-2.133724950925675e-05
281,0.0364220208188244,-4.862621416634738e-11
282,1.351696996672822,-0.1026366089071743
283,-1.7168186014223679,-0.3831427429673615
284,1.978019049281981,-0.8158519774917459
285,1.97548633452221,-0.8103672293212018
286,-2.130958790465934,-1.2038145367693391
287,1.9955788776261478,-0.854670611908637
288,2.5054697123783685,-2.74365626379865
289,0.16863756610396896,-4.774660740114456e-07
290,-1.9293696848277175,-0.715381037749621
291,-2.2721691398595762,-1.6747057132149046
292,-0.024365843357949224,-4.359290706190677e-12
293,2.885901902173342,-5.490586037084364
294,-1.3778075550089866,-0.11423198894744829
295,2.7693246706070402,-4.495810234579968
296,-0.17008515651538314,-5.02560658310891e-07
297,-2.5776278683176104,-3.15995645067096
298,2.8869992224181624,-5.500662411840472
299,-1.4929089974767658,-0.17842656484033864
300,-0.4724635352964235,-0.000225398667599519
301,1.2708829140939768,-0.07257469524311028
302,-0.020733809253719038,-1.6550094628087209e-12
303,1.9147737814711352,-0.6871895151738919
304,-0.253569481355604,-5.493619205099165e-06
305,2.0666864517723775,-1.026615557900087
306,2.7894985358921325,-4.657499680433691
307,1.840360915600284,-0.5565648369677767
308,-2.7941754167180672,-4.6955934604242735
309,-2.566181456419529,-3.0909519214931365
310,2.1633436597621403,-1.3015124286479354
311,-1.3304956237093315,-0.09393087108940257
312,-2.7586719211384185,-4.412136078128608
313,-2.7549556305710343,-4.3832204185320265
314,-1.0727069908343778,-0.027655874549772586
315,1.4457991553536829,-0.1493871748046371
316,1.8776843714229141,-0.6194141725375224
317,-2.901360960280405,-5.633810706476085
318,2.3850029856496135,-2.14220311839474
319,-0.37435296381691696,-5.6347996853722826e-05
320,-0.5013941614898987,-0.0003208593259800274
321,-0.5273334604151181,-0.0004328434373049861
322,0.2173659829414678,-2.1844788089531164e-06
323,0.3349653450283192,-2.901967218882362e-05
324,2.4031414205469694,-2.2256989680780435
325,0.8350442765928734,-0.006488321505454753
326,-2.451255554753347,-2.459091045509754
327,0.6220058552796819,-0.0011503340036491672
328,-2.771440994015064,-4.5125729676785395
329,-0.21931356612049013,-2.3043335104500073e-06
330,-2.529857332187974,-2.8794373634805117
331,-0.5866815310722879,-0.0008141920838242722
332,-0.5778402419527571,-0.000744224555582651
333,-0.607680408582568,-0.001002393277486191
334,-2.445776094920132,-2.4316203390979405
335,1.0474063321135922,-0.02411403172805715
336,-1.394637064336704,-0.12224380956130054
337,-0.07366072032411619,-3.3256767340006377e-09
338,-2.1481166781811014,-1.2548500493629016
339,-0.6707269200682613,-0.001794807185046765
340,-0.9934842573986042,-0.017785745585599422
341,-2.3747974000865257,-2.0962770670951247
342,-0.3329520952521072,-2.7993431513939626e-05
343,-2.213432673454025,-1.4644066324786151
344,0.08378261652306307,-7.199483120778893e-09
345,2.794934405285315,-4.701797306620865
346,0.5161613846812907,-0.00038119924067636646
347,-0.39718505546602456,-8.02052010882015e-05
348,2.7031643584728675,-3.994761493621574
349,2.1960574756869313,-1.406236596543639
350,-2.092016127245859,-1.0938767224963788
351,-0.7989012076508635,-0.00501052979319494
352,-2.823828292153065,-4.942538556043565
353,2.357842317335866,-2.0216277031902217
354,2.8946469618043693,-5.571270874574669
355,1.3283620811515497,-0.0930886156071315
356,-2.4567764284956084,-2.4870051602218757
357,2.5653122284774215,-3.085758354033086
358,-2.4848988149811344,-2.632915908233453
359,2.516403865567252,-2.8039244957478973
360,2.0963646858101903,-1.1057557073051612
361,-1.178135792441157,-0.04724460981340467
362,-0.8886425101937965,-0.009321665223906539
363,1.2737083774306006,-0.07348960745267968
364,-2.0634733942153085,-1.0183159197242615
365,-1.4362520947762285,-0.1439893740471171
366,2.049803202623579,-0.9835787991907194
367,2.5650271086345695,-3.0840562117092296
368,0.3994707198259988,-8.299600102712468e-05
369,-1.6955441779475333,-0.3581384511991488
370,1.6346887772459393,-0.2936149601114102
371,-1.3798042629633975,-0.1151599962469661
372,-1.045443877216233,-0.023855497600156372
373,-2.0924307151743506,-1.09500501707472
374,-0.7132596971345047,-0.0025771902821271064
375,2.026509155964069,-0.9264920026891217
376,1.3006793196061057,-0.08269789360301094
377,-2.498703994013404,-2.7068550151376773
378,-1.6819072845854695,-0.3427962497468858
379,0.12870617725150613,-9.450534954602574e-08
380,0.40870009913017213,-9.509899290749413e-05
381,2.88936063308004,-5.522393086717505
382,2.3250955765920525,-1.8831617570388017
383,2.314039758920817,-1.8380762734522247
384,-1.1148784971685903,-0.03448935565460687
385,2.8322549016077803,-5.014442148515623
386,-2.2249679351158047,-1.5040255381126022
387,-0.5038824261263617,-0.0003304312062561987
388,-1.6855667326100454,-0.34686169747249884
389,2.1465511306101375,-1.2501260174828608
390,1.011719376764665,-0.019752631862692382
391,-1.237552259659692,-0.06245557651830824
392,-1.5657156152832645,-0.23193507990483853
393,2.342854237144249,-1.9573289214918197
394,2.5819316695989976,-3.1861981946562867
395,-1.9801905101457473,-0.8205771687772023
396,-2.3928449842326103,-2.1780061182623767
397,-1.4798960187539834,-0.16999270118838034
398,1.7776354308337527,-0.4622200778704191
399,0.25821798688558406,-6.124449896227624e-06
