,data,labels
0,-1.4850981442148954,-0.1733254214258626
1,-2.893196679721212,-5.557829645777874
2,0.9018753262499994,-0.010157773567408102
3,-1.5995433745267786,-0.2607552478605239
4,2.888482996422998,-5.514309289646639
5,-2.529760758232186,-2.878889922406074
6,0.14117264041640887,-1.6450567175141373e-07
7,2.8270290687065813,-4.969759657519448
8,-1.8956246898929305,-0.6515167836232286
9,-1.715654028879819,-0.3817396053723965
10,1.066976875504884,-0.026818960116495205
11,-2.4236365354765077,-2.3229739219536922
12,-1.705316362063995,-0.36945984079574923
13,-1.1895234822717946,-0.049899884585682674
14,-1.4634729623836535,-0.15980376003669394
15,2.7885992135671582,-4.650201026232674
16,-1.4888734806587949,-0.17577637808725072
17,-1.2730783316470398,-0.07328479481691191
18,-2.3244464090063754,-1.8804915404950862
19,2.716818713898636,-4.0945767081193845
20,-1.051752753182198,-0.024694734177436506
21,-2.8124622608641356,-4.846770508973383
22,0.4156018751882051,-0.00010507696287231916
23,-2.925590375884938,-5.863840706099311
24,2.0355873691110054,-0.948428312943061
25,-0.14983048332861326,-2.3504021551268295e-07
26,-1.1687985431587582,-0.0451535493322156
27,-2.3860330329542707,-2.146880299000346
28,2.0777284780077245,-1.0555346219740611
29,1.8239400515680604,-0.530537970573587
30,-1.9103815632444219,-0.6788767828213202
31,-2.3951462238428043,-2.1885977859354275
32,-2.0625351843406854,-1.0159021781257933
33,-0.5785823146329774,-0.0007498990202902123
34,-1.2412716543546523,-0.06352496969158922
35,0.6231054562284277,-0.0011623963702468432
36,2.5700938792859676,-3.1144095139357133
37,2.4333294978714495,-2.3700801252489803
38,2.7306006052658427,-4.197198357781304
39,2.1494929887829786,-1.2590143184609361
40,-0.01655060735716951,-4.2810199829546036e-13
41,-0.07274643903576727,-3.0856166510773164e-09
42,1.4649783131295173,-0.16071696927323492
43,1.217020551177205,-0.056809818052616645
44,1.4613583599380835,-0.15852792092579165
45,2.1794059810125095,-1.352158869163883
46,1.4077264080116878,-0.12877972467774573
47,2.0333991194642076,-0.9431045444882834
48,1.9079614279752999,-0.6743298176836383
49,1.117829624021165,-0.035014469348501054
50,-2.70405396814793,-4.001208803515514
51,-0.6796446092178647,-0.0019400049176144796
52,-0.4965766286316988,-0.00030297923179301023
53,2.3508576549207785,-1.991467837299548
54,1.6248988655632575,-0.2841516970158564
55,0.4664015856303636,-0.00020873995597581185
56,2.2838178358583665,-1.719002177703172
57,2.1501269180786,-1.260935931466521
58,-1.2998950239821936,-0.08241768009378209
59,-1.5327278759483554,-0.2063132832424764
60,-2.3616211476870284,-2.038088081244777
61,1.4353545798694523,-0.1434900209986506
62,1.304227103492912,-0.08397500476945208
63,-2.327938831848704,-1.894890756381569
64,2.037375102801927,-0.9527947958716834
65,-0.7988675647131229,-0.005009296010544451
66,-0.13733279928342057,-1.394380355623781e-07
67,-2.2474397941769553,-1.5835452944947113
68,-0.06488948233184821,-1.554447570661921e-09
69,2.869844480970211,-5.344696474587275
70,-0.8763657095664668,-0.00859712178888461
71,1.9752585241656817,-0.8098752901451175
72,1.3100003845911132,-0.08608698990653352
73,-1.3156339325054038,-0.08818867619570098
74,1.839923367598133,-0.5558587062382094
75,0.8162616467294992,-0.005681353053398452
76,-2.5570253218143923,-3.03657266872436
77,-1.8366174190139075,-0.5505459317302799
78,-1.356947032737146,-0.10488896045918633
79,-2.6867356560959808,-3.8770845501858733
80,1.6037025898320145,-0.26448512563770177
81,-2.0368951879379606,-0.9516211044933467
82,1.738041204266123,-0.4094277786960404
83,-0.5010732674907845,-0.00031964180232979533
84,1.3709844890447478,-0.11110579829245254
85,-1.3317600422193896,-0.09443289488862044
86,1.378121472565903,-0.11437749112686746
87,0.5955387261610205,-0.000889648921210906
88,1.169220333529549,-0.04524636797488535
89,-2.6986259721026165,-3.961990782416728
90,-2.9086333733301615,-5.702137871987939
91,1.3538978506193846,-0.10357605541380588
92,1.7661768605853378,-0.446425495134728
93,-1.8131391407594957,-0.5139419799778597
94,1.1629173758227953,-0.04387527975658334
95,-1.2258877701751487,-0.059195369767952366
96,0.2554797540170366,-5.745966116021961e-06
97,-2.669550040910326,-3.7567753907251658
98,-1.5228086092737934,-0.19906440153172067
99,2.8421931784525203,-5.100240274115345
100,1.8692078463242705,-0.6046798796255457
101,-0.8625232848469668,-0.007836113812106027
102,2.676553541916628,-3.805462219267626
103,-2.996533460563248,-6.577451317809535
104,-0.14394299058648752,-1.8483234121013936e-07
105,0.2117077617332881,-1.8653072851870789e-06
106,-2.046298923265435,-0.9748225624315691
107,0.9120593393431347,-0.010842139128576012
108,-1.1016090103300307,-0.03220636979038316
109,1.464270782769388,-0.16028723660732486
110,2.8085645792837273,-4.814249275954243
111,0.6865949641822953,-0.0020597639232806664
112,0.9937763388494307,-0.017815941516452827
113,-0.7194665926997152,-0.0027118121215178315
114,0.7926007503223165,-0.004783780340571031
115,-2.881855471973071,-5.453547164351556
116,-1.5280144702685756,-0.20284318782133332
117,1.0911720801185076,-0.03049806807519262
118,-1.0978529506902528,-0.0315828832114563
119,0.3238353091366486,-2.371555351365906e-05
120,-1.9203235869891515,-0.6978055374668576
121,0.11241644252839667,-4.198093106477785e-08
122,-1.2580392648963596,-0.06853034294526389
123,-0.6198212477750973,-0.0011266757958598994
124,-0.012232970694348921,-6.983302824892235e-14
125,-1.366677920503842,-0.10916805309727662
126,-1.9687825205797638,-0.7959869512743115
127,-1.994813426181083,-0.8529493610271472
128,1.2460602537377188,-0.0649234098921635
129,-2.917772784137796,-5.788875223614711
130,-1.0256350641674332,-0.021369643057555843
131,-2.497846812864265,-2.702219114981965
132,-0.19936882411038148,-1.3018102041906232e-06
133,-2.9899378162719477,-6.508529469153098
134,-1.7356109664234314,-0.40634832410200905
135,-2.6241350751366466,-3.4522609186679443
136,1.3841420792762076,-0.11719681891976796
137,2.403434973828886,-2.2270701576961915
138,0.5771139085585526,-0.0007387048600585588
139,-1.8400779430340162,-0.5561080860349779
140,1.6354333158419738,-0.2943446740770559
141,-0.6316576726503209,-0.001259824179490221
142,0.975367542025519,-0.015992530888420564
143,2.4571111303547317,-2.4887050854151886
144,-2.351716822592002,-1.9951592526279864
145,2.8913762298514882,-5.540991764083411
146,2.0924790209942685,-1.0951365386149474
147,2.6690703575495816,-3.7534578472165676
148,-1.4440122391645467,-0.14836482568169312
149,2.6336993116334524,-3.5147976172181856
150,-2.4744556606275463,-2.5780007786887698
151,2.675017785595273,-3.7947458733455837
152,-0.8655008135367463,-0.007994963473113792
153,-2.436190406203318,-2.3841203155756645
154,2.9958456904974184,-6.570239290561773
155,-2.703267587282365,-3.9955092308395352
156,-0.8212650286446612,-0.005887790808112192
157,2.1068638807654754,-1.134843963208385
158,0.45787617605150643,-0.00018704872024255526
159,-0.034593923669613336,-3.570199691438347e-11
160,2.284827773756783,-1.7228841352500501
161,-2.21258466537277,-1.4615257707788056
162,-2.6605090168122514,-3.6946139285818966
163,-2.5997871592156336,-3.296816847676944
164,-0.32508479087032605,-2.4267458960003374e-05
165,-0.6799975726568332,-0.001945945081672562
166,-1.9916677473603541,-0.8459037844225206
167,-1.6920625206693305,-0.35417123184873944
168,-0.25597252095601153,-5.812601954535701e-06
169,0.11217802470857174,-4.1449822574257666e-08
170,0.12488421828589225,-7.887837505382578e-08
171,-2.658274003210557,-3.6793663204281524
172,-2.097161216136757,-1.107942264240594
173,2.526061041471629,-2.8579764115311654
174,-2.3783533431216206,-2.1121938004350764
175,-0.3968055977601628,-7.974951320399715e-05
176,2.577050247227298,-3.156446865653809
177,0.04105431607439147,-9.972878078912117e-11
178,-2.0995544612305723,-1.1145319048745725
179,-1.3292290527400792,-0.0934301364455894
180,2.211393149802344,-1.4574852390915898
181,1.3940011868496693,-0.12193317048741076
182,2.1150111459241536,-1.1578171634167274
183,0.0713734285487666,-2.7523371359805537e-09
184,2.945427506271468,-6.057294006809377
185,-1.6129338034942446,-0.2729137005593126
186,1.5052546792275763,-0.18673148821773383
187,-0.22155200886481108,-2.4487989493948703e-06
188,-0.6999603998830448,-0.0023071938912641032
189,1.1008167093147438,-0.032074029406086835
190,-2.5064697580230817,-2.7491276157895985
191,-2.13620308030763,-1.2192417887355549
192,-1.3090605925949959,-0.08574032526787412
193,-0.15071338854013394,-2.434656627414711e-07
194,2.5391557260006676,-2.9325135285507415
195,-2.522718753048043,-2.8391816237468355
196,2.319488402594608,-1.8601923084837975
197,-2.7287805284126225,-4.1835371490248745
198,1.7229365735185418,-0.3905804598320467
199,2.603605642642963,-3.3208416473899653
200,-2.171191537341766,-1.326073354918752
201,2.879962097102087,-5.436280034315333
202,1.4493286213014374,-0.151422949058376
203,-2.575684875101262,-3.1481625751088447
204,0.557021541126594,-0.0005988820105733428
205,2.904492047664424,-5.663153629215787
206,0.16100858857188527,-3.61782094504548e-07
207,-0.5227628386542391,-0.00041105727334356246
208,0.3583029981585639,-4.338358648214857e-05
209,2.9103640280730216,-5.718488149635792
210,-1.4741830828459985,-0.16639154588763067
211,-2.8505727175202185,-5.173424953508079
212,1.577124621943593,-0.24135864166582582
213,-0.11759129284793435,-5.498693100847163e-08
214,-1.0268014758738067,-0.021509923657050956
215,-1.0343925723357543,-0.02244127881971425
216,1.8218076222836261,-0.5272288342845592
217,-1.5487056636136187,-0.21842739347601398
218,-1.9353173665024748,-0.7271219145355016
219,2.8997187520379786,-5.618465940039722
220,0.6780171100932346,-0.0019128079980682555
221,0.572839497855627,-0.0007069028897782603
222,-2.039879047717163,-0.9589365670366066
223,-1.6525301852867926,-0.3114974192684408
224,1.789322519567297,-0.4787753819699344
225,-0.5397232480020104,-0.0004967559208696182
226,2.2743819484237067,-1.6830528875468198
227,0.3202963902142697,-2.2208699111514463e-05
228,1.7403200694837029,-0.41233197429478563
229,-2.850302852662878,-5.1710559437717025
230,-2.2430995484242273,-1.5679432184177662
231,2.2770597783205373,-1.6931964295546311
232,2.5132812270495943,-2.7866122907487667
233,1.5492253342375708,-0.21883063220200616
234,0.5577947480819367,-0.0006038236675971476
235,2.013151223178106,-0.894926470270362
236,1.939419014306158,-0.7353050777008673
237,-0.6794111237472933,-0.00193608371330789
238,-2.1666703420695317,-1.311880903236217
239,-2.2063928103652977,-1.440621374829807
240,-1.089709336869313,-0.030264631145695664
241,-0.12463996899289143,-7.795785761377516e-08
242,2.9223770241710394,-5.832940252457167
243,-2.129801916295,-1.2004315306526443
244,-2.2725946280929206,-1.6763082963336353
245,1.6838899672208072,-0.3449942346387532
246,2.2375788881721634,-1.5482671224748663
247,-0.120802001215496,-6.462666657380822e-08
248,-0.43180791885047665,-0.00013196251178992924
249,-0.34802897131343125,-3.646745631724624e-05
250,-0.7853657183311737,-0.004533854523284808
251,2.353420130673724,-2.002492822778099
252,0.9104551646134262,-0.010731908481017904
253,1.4704307450838616,-0.16405940473982866
254,1.1527983996505515,-0.04174439701199373
255,-1.2601186821036199,-0.06917254544427748
256,0.14699772807490952,-2.09628535530193e-07
257,-2.4647211191441754,-2.5275922957408534
258,0.5843059383088312,-0.0007948796214495291
259,2.5564639552684882,-3.033262164456105
260,-1.0791742923807317,-0.02862577345357087
261,1.7364416603894863,-0.40739888581037687
262,-1.5435588510982392,-0.21446535692100543
263,0.32590671850961206,-2.4636298560531955e-05
264,-2.492825349721121,-2.6751812903154257
265,-0.734892109594143,-0.0030716142055093876
266,2.090710385864976,-1.0903289904523978
267,2.7915325801789415,-4.6740388619768956
268,-0.08112043696227822,-5.931756308363845e-09
269,-2.9976847627728684,-6.589537097493916
270,-2.0691207760182246,-1.0329381489554013
271,1.8328925877436255,-0.5446073936310835
272,0.5858289499904723,-0.000807216892299456
273,1.059633983148112,-0.025776642814447248
274,0.6058828538080316,-0.0009849947434735773
275,-0.6084867128114446,-0.0010102795224518069
276,-0.5899623758663197,-0.000841499892347719
277,-0.5120212194433087,-0.00036340699300829726
278,2.4303791715375826,-2.3556664859525185
279,0.4450952122191296,-0.00015805236960675373
280,2.0285485118778483,-0.9313854938383068
281,2.8888717444138496,-5.517888912984659
282,-0.24382764896506792,-4.345464413746392e-06
283,0.8299059908551136,-0.006258780428648025
284,0.5036962325290064,-0.0003297068672493131
285,-2.5919894300392063,-3.2481602804757093
286,-1.6041297174744684,-0.26487053075116407
287,-1.5804891582166494,-0.24419458337252298
288,-2.028515376619258,-0.9313058263150632
289,2.0778910222173455,-1.055964940789933
290,-2.706074057109079,-4.015877913763998
291,-1.5368293850946322,-0.20937096321785326
292,2.242467935162237,-1.5656825123246205
293,-2.88257926593705,-5.460158733713731
294,1.8099389633449663,-0.5091032738308461
295,-1.7503384407913378,-0.42529102656960627
296,2.3522881347597115,-1.9976167607327826
297,1.134640265235868,-0.03813051916440846
298,-1.9302937879014423,-0.7171955521114757
299,-2.3247932124887223,-1.881917687729096
300,-0.5099960812927966,-0.0003549578124576458
301,-2.564453390080414,-3.080633292113909
302,1.0226930873710156,-0.021019121124704387
303,-1.8732538181437437,-0.6116784462880756
304,1.8878946826716723,-0.6375303243473779
305,2.1370565360979965,-1.2217666566774488
306,-0.3972122529323676,-8.023794515132909e-05
307,2.2205936293135267,-1.4889067365582882
308,1.3160053720900455,-0.0883286786685546
309,-1.503045142207725,-0.18522306569483432
310,-1.5517970703434756,-0.22083484394658198
311,1.4547574227952556,-0.15459724656551505
312,-2.7310241790675405,-4.200382399384203
313,0.5519430485265753,-0.0005672489605981212
314,1.6571257507800876,-0.3162393117291384
315,1.5364158809161985,-0.20906108021844672
316,0.9656894168818604,-0.015096727708278745
317,1.6416471723591455,-0.3004906045513827
318,2.4417464398014923,-2.411566106350878
319,-1.3488894840215246,-0.10144810716956065
320,2.285879484883533,-1.7269337280483175
321,1.9368054164930975,-0.7300825289066999
322,-2.709914515696325,-4.04387643703813
323,-2.818876024458655,-4.900640410847484
324,0.30478811259335936,-1.6509024656108373e-05
325,2.8116056470913486,-4.839609187012914
326,-2.7118130755148293,-4.057771374260853
327,0.7990145140725433,-0.005014686897546583
328,-2.2618050121763353,-1.636027811163138
329,-2.4579143499046374,-2.4927881458942474
330,2.380539533099662,-2.122024621911346
331,-0.23272613885024285,-3.287724803180403e-06
332,0.3869283615076968,-6.862148575947913e-05
333,1.5161534615160308,-0.19431503045521192
334,-0.09561094430026618,-1.5896749028243562e-08
335,-2.328041443988751,-1.8953150840831097
336,-0.8613509631344836,-0.007774284210754545
337,2.37629820687106,-2.102983721692217
338,0.6487591056355919,-0.0014749160146804163
339,1.711375843748236,-0.3766195316761209
340,0.6441389789951386,-0.001414028827236291
341,0.33863937031183333,-3.097310240540718e-05
342,-0.8308326101209853,-0.006299675500907598
343,-1.4887336192155847,-0.1756850920782444
344,-2.3626455143825598,-2.04256757797322
345,1.2379615659720615,-0.06257254540660717
346,1.7004696129917871,-0.36381021038751976
347,0.5037063128584442,-0.0003297460485197634
348,-1.4479059055763743,-0.1505996986543895
349,-2.0360098531534008,-0.9494588255544728
350,2.060061015340726,-1.0095579240239767
351,-0.0877259752020727,-9.486594287899663e-09
352,0.5746503531275082,-0.000720234688803556
353,-0.5280314401538311,-0.00043625296535276803
354,0.19409166741922723,-1.1085567356294845e-06
355,-0.48249702221402924,-0.00025538656918266955
356,1.6168657888079636,-0.27656741582661115
357,-2.803806442726294,-4.774768895546594
358,2.8614835939121077,-5.269883017351056
359,-1.0468290967638343,-0.024037751637008054
360,-1.6671002888552473,-0.3267265904449155
361,-2.3447461685126676,-1.9653587429801898
362,-2.952558104665854,-6.127973912578573
363,-0.3558727784724498,-4.165668797828648e-05
364,0.31942980039077273,-2.1852106153352757e-05
365,1.9494768897862818,-0.755672879537715
366,1.5848940139837202,-0.24794708195401893
367,0.7247633310125261,-0.002831220439295068
368,2.5848631718750923,-3.2041658221043834
369,0.28534279805194984,-1.1131499249694699e-05
370,0.09721647589022986,-1.756649525841425e-08
371,0.7500586642597247,-0.003462767437757086
372,-2.663839693646021,-3.717423854699386
373,-1.3760349548789856,-0.11341315131926688
374,1.4349627329478585,-0.14327244057255478
375,-1.9111533860549268,-0.6803318695411655
376,-2.859317326731142,-5.250626680556494
377,0.6897008938447748,-0.002115215004263038
378,1.3306885490464548,-0.0940073316163973
379,-2.5061730679677092,-2.7475035394272513
380,-1.074921858516218,-0.02798498873258659
381,-0.9493211792664127,-0.013674960560372873
382,1.6429193708272471,-0.301761248955413
383,-2.741641492756232,-4.28078341101584
384,-2.5919107068145406,-3.247671819478683
385,-0.6043261110138025,-0.0009701292594215261
386,0.8804439144900886,-0.008832503961989202
387,0.650570865893481,-0.0014993752430023655
388,0.8736693566206624,-0.008444333242571322
389,0.8372523899731061,-0.006589059974035694
390,-0.5463726019552522,-0.0005341537672038932
391,-2.466505480887526,-2.5367762502067523
392,-2.8519527917184178,-5.18555254307505
393,-2.8558023092641713,-5.219492284914506
394,-1.765548446539147,-0.44557163824449153
395,-1.8012325135322973,-0.49611842595691935
396,-2.0800383242843337,-1.0616623408991326
397,0.6605267393394714,-0.0016398303187274976
398,0.3164016329746344,-2.0643187328084345e-05
399,-0.5346119076584319,-0.00046950454215366477
400,2.3679119080202646,-2.0657148673663386
401,-2.8863008443274296,-5.4942478218692585
402,0.30728337488620383,-1.7333462371316166e-05
403,-0.8244113751830713,-0.0060207282718166555
404,1.2265864007005023,-0.05938669554364673
405,-2.764912611605715,-4.461012803363687
406,2.0102021397930576,-0.8880706065972417
407,0.4538415510802132,-0.00017745514380274052
408,1.7468490159962418,-0.42074174865687286
409,1.8951275076792262,-0.6506101048104521
410,1.5502326360112697,-0.21961392452605105
411,-1.1649796613342407,-0.04432014583248145
412,-0.6715459537889168,-0.001807757170144586
413,1.8230325223896848,-0.5291276833814865
414,-2.9689187458694066,-6.292450904734587
415,-1.405709004909964,-0.1277546199932884
416,0.852598179271598,-0.007325155810536832
417,0.5037638892592762,-0.00032996991636613515
418,-2.2106016250112606,-1.4548058185843993
419,2.9551975003001436,-6.154290383911808
420,-0.7257044790227654,-0.002852883152613006
421,2.4985449490985356,-2.705994399721328
422,-2.9895911764268472,-6.504922066510568
423,0.7353259056182342,-0.0030822730465098758
424,-0.41842637796173276,-0.00010940335055198425
425,0.3156128269077154,-2.0337576017159797e-05
426,-0.7200680286583392,-0.0027251584380557636
427,2.826196566459487,-4.9626689231113135
428,-2.3431025749280483,-1.958381509637729
429,-2.900505484242841,-5.625813279637058
430,0.7948730820871388,-0.004864568009934067
431,1.8118123562583186,-0.5119315401983886
432,-0.4587035059178586,-0.0001890681138139172
433,-1.4286038532076168,-0.13977810044628763
434,-0.9349268978614331,-0.012516732303402889
435,-2.165172032068015,-1.3072032521692267
436,-1.553906905401181,-0.22248989679260173
437,0.28290190516100777,-1.0574071520941253e-05
438,-1.1847788666386205,-0.04877933610106955
439,0.6171255213856375,-0.0010980374556960326
440,2.435382773619807,-2.380150444741827
441,-2.946427470140146,-6.067169255882334
442,-1.194577979390695,-0.05111635767345146
443,-0.4303642330423587,-0.0001293572034938295
444,-1.6169255275212193,-0.2766232222949427
445,-1.1702504269300467,-0.0454736964442527
446,-2.5618117834223533,-3.0649096777494975
447,-0.8513209910845334,-0.007261434364372099
448,-0.3473724803426874,-3.6058703037022966e-05
449,-1.4572052751841156,-0.15604573083177004
450,0.8443684899923749,-0.006922468682832528
451,-0.33060608774489086,-2.6835798236923836e-05
452,0.007580147833555095,-3.885780586188048e-15
453,-2.208988325563835,-1.4493561984651517
454,2.8383619478525546,-5.067036755489582
455,-0.326248524026159,-2.479104913866159e-05
456,-1.123988136489748,-0.036131141711285064
457,0.38405860513611767,-6.564180495904903e-05
458,-1.451909043587778,-0.15292523106389205
459,0.8693643112914833,-0.008204997923456858
460,-1.6045334678884378,-0.2652352489632309
461,2.3445054572217847,-1.964335723208131
462,0.017014309247918025,-5.053735208093713e-13
463,-2.9224077028473605,-5.833234694938209
464,-0.029499978915958902,-1.3729239967119611e-11
465,-2.429104884439446,-2.349461513613472
466,-1.2826196193665633,-0.07643598034761218
467,2.9038628350595044,-5.657247897892602
468,0.7542935963083757,-0.003579010190021381
469,2.5434311742610154,-2.9571631438557273
470,-1.7052896388922283,-0.36942850354150214
471,2.817072609500249,-4.8854485812523185
472,2.7173650031971217,-4.098608463442636
473,-1.2832376415559568,-0.07664378265014926
474,0.2383730453424393,-3.795102630155256e-06
475,1.57985017727826,-0.243653978615261
476,-0.9890778903637685,-0.01733523831413264
477,-2.575791259461158,-3.1488074680116913
478,0.5908435005672898,-0.0008489613475148872
479,0.6153076801920507,-0.0010790668254779812
480,-1.071739856574211,-0.027513153109030575
481,2.8077582268154515,-4.807541589936406
482,1.0429495429465643,-0.02353014669112896
483,1.1346930888836155,-0.038140652230724825
484,2.652108836796385,-3.637550308076867
485,2.9006994772454187,-5.627626086652907
486,-1.5734072671963826,-0.23825560815220442
487,1.9157719885629296,-0.6890896667925798
488,2.003744250784292,-0.8731989342558912
489,-2.4438894064708148,-2.4222153471721075
490,-0.061228440014443386,-1.0971712427476632e-09
491,1.9735182180800326,-0.8061248296370895
492,1.3499494841662845,-0.1018955359726259
493,-1.3107920869902128,-0.0863798989066854
494,-1.9850266313465292,-0.8311766193056767
495,-2.8628105533485155,-5.2817044623035025
496,-1.9537170416075598,-0.7643888824239357
497,1.246331020430672,-0.06500321647431079
498,2.707901944374644,-4.029185868793033
499,-2.5674952112350375,-3.0988139361386815
500,-1.5324045762473675,-0.20607377390749254
501,2.3612110965833057,-2.0362970352216365
502,0.2917448158807896,-1.2710766419399278e-05
503,-0.18468744038301832,-8.232535456675905e-07
504,2.9273185984248595,-5.880509844180392
505,-0.7598345159878583,-0.003735925275979657
506,-2.72358629910015,-4.144732330296675
507,1.64149484474056,-0.30033874551366013
508,-2.3153030654817064,-1.8431861898317374
509,-2.9160976513019268,-5.772904700169603
510,1.0957858187211844,-0.03124394379010842
511,-1.3014355549177359,-0.08296880443803112
512,1.751802217115447,-0.4272108045140882
513,2.0879697025908497,-1.0829111777719567
514,1.5389375527598208,-0.21095649320386967
515,-2.1182410394830664,-1.1670225291849226
516,-2.4723524789366174,-2.5670463406486896
517,-1.235286232211386,-0.06181118380864936
518,-0.3554635010589693,-4.137155671424253e-05
519,-0.4366323894404789,-0.00014098678005980414
520,1.749585040353165,-0.424305555259332
521,-1.5412553779572027,-0.21271065079103085
522,-0.38417674831454196,-6.576231572319458e-05
523,2.4433244384327377,-2.4194043669071346
524,-2.755340541958139,-4.386208760901843
525,-2.222981045049539,-1.4971438841186944
526,1.8622794141573218,-0.592839836878818
527,1.0660337340166581,-0.026683200021229814
528,-0.80743084484455,-0.005331487735389162
529,-2.5746955850006517,-3.14217032231251
530,-1.6505523858711404,-0.3094739274005313
531,0.3840514012164604,-6.56344626082106e-05
532,-2.4425038346114434,-2.4153258581629005
533,0.8084545880734328,-0.005371117489156307
534,-1.2028454775197142,-0.053157554120208894
535,-2.5358028999578717,-2.913291331462381
536,-0.40490062461221,-8.995056295690862e-05
537,-0.2692988178078215,-7.874793049977846e-06
538,0.3572882451610342,-4.265541886083746e-05
539,-2.9528265869398034,-6.130647038476812
540,-1.9325543232899753,-0.7216492112342119
541,-0.5793215370196858,-0.0007555871954104676
542,1.6531418694936182,-0.3121253355190111
543,-0.2650527433253047,-7.160589923116412e-06
544,-0.4405349713802895,-0.00014865580228196063
545,0.07465733727011337,-3.6048833917945444e-09
546,0.9797770399457009,-0.016414783137213118
547,0.20384681026732743,-1.48706511726715e-06
548,-1.422074466309851,-0.1362610030628797
549,1.843692950742419,-0.5619650987897626
550,-2.6309732110996107,-3.4968871228282232
551,2.8035530473743426,-4.772673136463369
552,-1.3052073027936366,-0.08433062380448264
553,2.339806741014635,-1.9444468481674977
554,-0.11932800905675478,-6.003998065384764e-08
555,-0.5680108475140848,-0.0006723472871529301
556,0.3644684893421619,-4.803338139069968e-05
557,0.30805472792616406,-1.759513586774286e-05
558,-1.0775818047495749,-0.028384428506280757
559,1.9426459143074357,-0.7417929276038426
560,-2.4177978941666716,-2.2949419782395446
561,-2.2391132592306846,-1.553716791584178
562,-1.6701196092490571,-0.32995436045132265
563,-0.27202574991973627,-8.36397774306441e-06
564,-1.5212994373267916,-0.19797942524619244
565,-0.030234467292970635,-1.591193843353267e-11
566,2.8029304153137335,-4.767526433790541
567,-1.4747042884328456,-0.16671755510024583
568,1.403009247148697,-0.12639297678097927
569,-1.4980513102159216,-0.181849416673171
570,-0.7415630687327859,-0.0032389212409045243
571,1.3364870377378928,-0.09632875124523244
572,-1.7999402035207048,-0.49421327359188527
573,-1.6988248320094614,-0.361908432565746
574,2.782094181199919,-4.597661059253241
575,2.7189662962417813,-4.110443474318978
576,-0.23677432106738738,-3.6452667933062344e-06
577,-1.446508130488832,-0.14979435001747216
578,-2.9448658717355674,-6.0517527502046855
579,-0.4818591143781932,-0.0002533865258850243
580,1.8761923235974,-0.6168006373222958
581,2.0788346474127435,-1.058465749077754
582,-2.4387959581439,-2.396961785470697
583,0.7438562093310663,-0.0032981343643385674
584,2.732759832382383,-4.213448264852444
585,0.4186900628860837,-0.00010981467667092737
586,0.6190900613376362,-0.001118847720354199
587,-0.9290603327096827,-0.012068266719742704
588,1.3978309222036742,-0.12381363472462303
589,0.9917504403562152,-0.01760735667107305
590,1.7648807054789968,-0.44466574365770684
591,1.7132858474512576,-0.37889870871850195
592,2.5263183244375176,-2.859427061069102
593,-2.4546046765365803,-2.475996234166584
594,1.1197168910129003,-0.035353661489271104
595,1.835689535701965,-0.5490619109938083
596,-0.6727037929444553,-0.001826195408011544
597,0.1619006055161334,-3.739624903076333e-07
598,-2.174762043642851,-1.3373640950191241
599,0.9888557190473524,-0.01731277193113634
600,-1.267320347179002,-0.07143416088769267
601,-2.639979669220531,-3.5563206191949512
602,-1.9926830573745544,-0.8481729173671604
603,-0.9893515389103671,-0.017362942786910418
604,-0.8759494730162629,-0.008573389305172485
605,-2.952442530155925,-6.126823468497281
606,-1.8836093656371435,-0.6298775474137766
607,-1.1049403835840197,-0.03276766690813293
608,1.6870274142202515,-0.3484949553593959
609,-0.4001086273297716,-8.378911251505361e-05
610,-1.7881767189525064,-0.47713216082164167
611,-1.1616273747999901,-0.04359884500622491
612,0.8876891747943692,-0.00926367277406892
613,-1.982744945421183,-0.826162717401044
614,1.6293671836500225,-0.2884406698969017
615,-2.0237576252674057,-0.9199210021704649
616,-2.8962821267842407,-5.586454501920616
617,-2.6779723804830216,-3.8153827931598143
618,-0.22960409337215548,-3.032356627130639e-06
619,2.016617125562534,-0.9030358089827463
620,0.06287730061276697,-1.286789452770165e-09
621,2.691117052466444,-3.9082115316098918
622,0.7030132680848453,-0.0023670110729109295
623,0.6262171994546151,-0.0011970985423578329
624,1.1357127016082265,-0.03833666973507999
625,-0.6569246006104628,-0.0015878118498104943
626,-1.0786332416931745,-0.02854359018180619
627,-0.9187600699006251,-0.011312627836232214
628,1.2674802858351981,-0.07148505370875252
629,-0.3995130298083862,-8.30484114152652e-05
630,-2.2756700368876164,-1.6879263521121528
631,-2.376133453354897,-2.102246696401131
632,1.596999604205207,-0.258494577439121
633,-2.923946073830211,-5.8480135377230615
634,1.6881563366418666,-0.34976138489726305
635,-2.1496561760035124,-1.259508769484448
636,-1.4537462389876752,-0.15400202044321026
637,0.7798548059906572,-0.004350766351914781
638,2.4598681785258965,-2.5027412356239997
639,-2.7118107996454093,-4.057754696631555
640,1.965419477281566,-0.7888475223807938
641,2.60251502075203,-3.3139664399049407
642,-2.278371142165917,-1.6981807375671139
643,-0.6737720970670176,-0.0018433450342021374
644,-0.3773526631985038,-5.9095474136960924e-05
645,0.5791067796641962,-0.0007539310161471802
646,-1.3377782787421142,-0.09685188881275741
647,0.7281576849435059,-0.002909991175318649
648,-1.616047427782851,-0.27580381493488576
649,1.6286513944713672,-0.28775020549710617
650,2.0302942940770192,-0.9355903196653791
651,-2.0028825437053905,-0.8712291348364817
652,0.4907041616069385,-0.0002823076858440299
653,1.1087445535828646,-0.033418284594003644
654,-1.0097257517435636,-0.019529354157557632
655,-2.2255391868762384,-1.506008535695245
656,-0.06876537116713388,-2.201510973520726e-09
657,-1.1928805966303928,-0.050705209686310204
658,0.41303285426743175,-0.00010126612683425407
659,1.582355197307372,-0.24577875136028837
660,1.4273654122596042,-0.13910551375564134
661,1.7198802685898835,-0.38685086776632704
662,-2.6200706085629406,-3.4259385965821094
663,-0.8929197473358803,-0.00958552032778437
664,-2.880617486499944,-5.4422524324898145
665,2.005661330024431,-0.8775935422759226
666,2.8567841040547917,-5.228174733150274
667,-0.4820656943278596,-0.00025403279349944796
668,0.17060286759301402,-5.117977949220531e-07
669,1.2192198186237722,-0.05739413699475415
670,0.9162365963295267,-0.01113352517195465
671,-2.6145553108522135,-3.3904608918875905
672,1.541007175840849,-0.2125222588172574
673,0.3381182791697386,-3.0689576942077856e-05
674,-2.018749309291751,-0.9080526073410804
675,0.9679353913381599,-0.015300877376941413
676,2.504856677788476,-2.7403063374960674
677,2.0703803751424985,-1.0362213748785956
678,2.6492388810571796,-3.618206093812605
679,-1.2305413919578037,-0.060479208239219706
680,-0.1046545172782487,-2.733457338255363e-08
681,0.2510669959646661,-5.177053408744747e-06
682,0.800944674558806,-0.0050859385238754
683,-1.3997970341177266,-0.12478797123860214
684,-2.1049375510578603,-1.1294636150536788
685,0.0667739798967828,-1.8456967065816343e-09
686,1.6725227564485312,-0.3325412656774671
687,-0.0555950015193325,-6.14901352058439e-10
688,-0.7115338052936866,-0.002540751122662388
689,2.993563163092422,-6.546346401116202
690,0.5152447741164177,-0.00037719927237545026
691,1.1561421093638717,-0.042439063370002694
692,-1.0640324161988453,-0.026396967464448973
693,-1.2914916529207678,-0.07946281204158556
694,0.8993868021984408,-0.009996030914730558
695,0.4129113070727972,-0.00010108870735425768
696,2.4217655405606227,-2.3139631142561385
697,0.2695467453514624,-7.91826092372272e-06
698,2.272233556449624,-1.6749482607476767
699,1.997820786657135,-0.8597273387272739
700,-0.7585279631248887,-0.0036984248625361316
701,2.889094811454542,-5.519943710796247
702,-1.658689942453002,-0.3178661803508148
703,2.166959628484828,-1.3127855114706408
704,-1.874238577393625,-0.613391316394963
705,-0.9394962117010426,-0.012875372226222814
706,2.769054573154042,-4.493674217909369
707,-0.36702497007301993,-5.007908736665012e-05
708,0.7319874334065286,-0.0030010214150728576
709,-0.2791607121762296,-9.764865723682625e-06
710,1.5883855428021194,-0.25095371730807015
711,-1.8493757442550236,-0.571269129963442
712,-1.7617655298562984,-0.4404585100196589
713,2.9813150803619664,-6.41923317130006
714,-0.271756431445334,-8.314567499501102e-06
715,2.3629470819822185,-2.043887733306454
716,-0.08511487063273737,-7.91404008992913e-09
717,-2.6180002283504327,-3.4125882631254862
718,-2.782608171851132,-4.601796317921889
719,-1.756455353842081,-0.43335851715437884
720,-2.2369080303772586,-1.5458889924395767
721,0.017755636083355952,-6.52811138479592e-13
722,-0.4257038703429048,-0.00012123633951210966
723,-2.0504123580148215,-0.9851070568505814
724,-1.447216888545903,-0.1502022822236041
725,2.895654818952625,-5.5806258946952205
726,-2.7916490156855387,-4.674986940364558
727,-1.2524513436341875,-0.06682828460920165
728,-2.9769864144580973,-6.374749346417039
729,-0.24683686463340848,-4.676477232568033e-06
730,-0.808526197376711,-0.005373898547267109
731,2.5994020799375512,-3.2944012844802644
732,0.40911123618502465,-9.567046367942034e-05
733,1.0767118105872644,-0.02825327751256912
734,0.23911630087851332,-3.866487167325516e-06
735,-2.41874348267888,-2.299464441181928
736,-2.268165241688851,-1.6596821368204775
737,2.1968987550038586,-1.4090118310360917
738,-0.14199127744401796,-1.703080134696222e-07
739,2.0924025081438895,-1.0949282238102622
740,1.894437127270196,-0.6493527250202631
741,-1.1996090980658332,-0.05235083244854766
742,1.3478209164339061,-0.10099865338587288
743,-2.5735086761905497,-3.134992353956388
744,1.4484540461572344,-0.15091645609867205
745,-0.6536369387016587,-0.001541529764977012
746,-1.4713462715320345,-0.16462601067332355
747,2.93256163678988,-5.931295177232499
748,-1.124913215850362,-0.03630133915317879
749,1.1767606725806035,-0.046931842243228106
750,2.3250333921618926,-1.8829058499261815
751,2.404305196956569,-2.231138723860958
752,-2.864568368887957,-5.297394561297015
753,2.677996229974587,-3.8155497145754773
754,-2.214411140142294,-1.4677360622059628
755,-0.5187033425658729,-0.000392476150971377
756,0.21937391185625055,-2.308132843520383e-06
757,-1.57803986086848,-0.24212750195185506
758,0.08041021352634203,-5.626976773420722e-09
759,-0.6972908200683241,-0.0022559121720133746
760,0.5308918840564596,-0.0004504589277715132
761,-2.0988692797383974,-1.112642243355385
762,-0.00855553330171066,-8.104628079763643e-15
763,2.216843266466067,-1.476036839848992
764,2.4017954591298096,-2.219420130226496
765,1.9476415920837669,-0.7519241640993701
766,1.7438692716524091,-0.4168871449154251
767,-0.5534377237794672,-0.0005764119669313672
768,1.781486029371477,-0.46762449248895904
769,-1.960820143917723,-0.7791637078872976
770,-1.954431755115669,-0.7658656533973598
771,-0.8062715729475891,-0.005286901479020778
772,-1.38069998148283,-0.11557824850619053
773,-0.18056564892567817,-7.191206469192579e-07
774,-0.848995472539404,-0.0071465753915550545
775,2.124231082726105,-1.1842426603063922
776,-0.40022410843319456,-8.393336062528789e-05
777,2.2069717301819374,-1.4425661589833016
778,0.3135240752122277,-1.9546432442507644e-05
779,-2.5557611219573197,-3.02912121608546
780,-2.906990744861877,-5.6866513063801145
781,-0.4712797374924089,-0.0002220617844103101
782,-2.724238810872822,-4.149592289332451
783,-0.8478372772800578,-0.007089928888279529
784,-2.6543582789336257,-3.652766056073579
785,-2.8764353250323835,-5.404224914080206
786,2.7490587182251787,-4.3376277771233225
787,2.8285995812772304,-4.983156798995504
788,-0.44869428997849337,-0.0001658115179614672
789,-0.11957384352422462,-6.078551861854464e-08
790,0.6623303750199554,-0.0016663996827496197
791,-2.3278588645616898,-1.894560120891728
792,-2.5605236287978115,-3.0572640709100236
793,-2.5851888900102225,-3.2061668741330838
794,-1.781581114464842,-0.46775856762366047
795,0.6127660432313768,-0.0010529971577993846
796,-1.6413792312968998,-0.3002235280043481
797,-0.8786362167629065,-0.008727526982486022
798,0.1792070604252607,-6.87302821211766e-07
799,-2.6372876559783904,-3.5384775342208488
