,data,labels
0,-2.335876574900779,-1.9279285270585285
1,0.40364781020595597,-8.830456001585052e-05
2,-1.324230532377619,-0.09147480032238636
3,1.602614771820292,-0.2635055634511452
4,2.4307453640099403,-2.357451895053891
5,1.5478033283533321,-0.21772862171215263
6,2.81921057408361,-4.903462487986338
7,-0.28804504307186374,-1.1776900510351851e-05
8,-1.880255650523377,-0.6239382863652354
9,2.309135199938403,-1.8183396500942255
10,1.7925164344972435,-0.4833791552177208
11,-0.26001690146484435,-6.384211363008596e-06
12,-2.5426646202806196,-2.95273226566743
13,-0.47479024240488643,-0.0002320783508513724
14,1.9978336133647554,-0.8597563361104941
15,-1.91733910295173,-0.6920809717676721
16,2.7066384584962115,-4.0199835403761455
17,0.09556335566697083,-1.5849352164032382e-08
18,0.9904335249221408,-0.017472837471426694
19,1.8357696430935926,-0.5491899088410237
20,1.011962073408247,-0.019779954034932823
21,2.1474425341395857,-1.2528141535005848
22,2.3362792848034983,-1.9296161959709364
23,-2.128493401088975,-1.1966138570522655
24,2.996470602187479,-6.57679193536364
25,0.6100645125056476,-0.0010258598180864498
26,2.8783792516132243,-5.421876020666342
27,-2.41307557617125,-2.272456914296328
28,-1.0543835438863873,-0.025051699956473494
29,2.3677445340914005,-2.0649761742966843
30,2.459074700957631,-2.4986955425297737
31,2.844888697490809,-5.123697766918619
32,0.4370456324924352,-0.00014178297553568697
33,0.5886150842915017,-0.0008301957058749476
34,0.12044605735215086,-6.349319325860137e-08
35,0.2612545434235596,-6.568195204392779e-06
36,-1.8137125695939438,-0.5148127809877877
37,-0.2903307605911909,-1.2346832686138676e-05
38,1.8833368226121348,-0.6293932571667645
39,0.2338320009296888,-3.3823633013296828e-06
40,0.22927501360332858,-3.006429682872458e-06
41,1.8557800245334413,-0.5818973733995254
42,1.663477903102077,-0.32288689466505305
43,1.1287645110261257,-0.037016891129415086
44,1.5579884042231376,-0.22571943486956297
45,0.09779836353581972,-1.820661665874468e-08
46,2.6327997384439774,-3.5088798506884102
47,-2.9385288768729936,-5.989489944184171
48,2.9420313042792863,-6.023843332784724
49,0.28499136304275785,-1.1049768350646083e-05
50,2.002145833403132,-0.8695477845971392
51,-2.763283551606457,-4.448215412818164
52,-0.42082489391572375,-0.00011319232586748385
53,-2.1183951768610942,-1.1674632250263532
54,2.961937153638326,-6.221868773542802
55,0.9478198967151519,-0.01355022670089956
56,1.9531625858960435,-0.7632447586108998
57,-0.6866512183526003,-0.0020607574858009237
58,1.9674984535969742,-0.793255135869175
59,1.6881530643220115,-0.34975770878777945
60,-2.6401973493149526,-3.5577663708766276
61,-0.5180697943171788,-0.0003896400318712523
62,1.1915226486406523,-0.050378204451755615
63,-2.2466184098890647,-1.5805836095650263
64,-1.1697077333284294,-0.04535381628069679
65,1.6775137787793124,-0.3379647921066854
66,1.3882178305025192,-0.11913668594874349
67,2.5812874193795308,-3.1822596264434764
68,1.9152471616237312,-0.688090118506221
69,-0.160249656471815,-3.51680804810961e-07
70,0.21361165460464315,-1.968047409151019e-06
71,-2.3635976304182105,-2.046737799552062
72,1.4731816386921048,-0.16576657264117162
73,2.2453143014581354,-1.5758900103164901
74,0.9134917650496677,-0.010941348030772402
75,-1.782273324265231,-0.4687355249187948
76,-0.642177791695496,-0.0013888177178017491
77,1.1613187799385623,-0.04353292501699946
78,-2.085931736495901,-1.0774204398411436
79,-2.4495090151455248,-2.45030969830012
80,2.832262814004511,-5.014510027446736
81,-2.5685412241869936,-3.1050843933283256
82,-0.45591329905889566,-0.0001823290561466795
83,-1.479898066288574,-0.16999400284973076
84,-1.7003711539323934,-0.3636961471965378
85,2.9433519085047646,-6.036834235094118
86,-2.3440361071665565,-1.9623421509369474
87,1.0761493453820279,-0.028168748123992837
88,1.1886576942837657,-0.04969387610730558
89,-2.5565378198441264,-3.0336976056714016
90,2.318427522399622,-1.8558704715162826
91,0.5107376129767855,-0.00035803250998522884
92,-2.679151569449999,-3.8236424108679103
93,-0.9938330679040894,-0.017821811109366426
94,1.503641583079144,-0.1856292929831383
95,-2.8793068442605443,-5.430313743918404
96,0.5932737549719702,-0.00086982480365283
97,-0.0016867938538345228,-1.1102230246251565e-16
98,-1.3594990756296033,-0.10599800362436379
99,-2.186261210237534,-1.3742262892361838
100,2.8613882015471104,-5.269033955666823
101,2.4538117288402157,-2.471985828546802
102,2.7506285011838916,-4.349730063127126
103,1.510276002909686,-0.19019569695723693
104,1.776428268520311,-0.46053586796712775
105,1.3552271312002588,-0.10414678704515662
106,-1.5570247084030733,-0.22495357886988276
107,-0.2550593566564685,-5.689620226734249e-06
108,1.7095896308096457,-0.3744978020624036
109,0.8797724439089691,-0.0087933903040458
110,2.7493111872364047,-4.339572499369141
111,1.6818326058743551,-0.3427136768110087
112,2.8103911669266646,-4.829469576238081
113,0.49893794139961045,-0.00031163707894954484
114,-1.4102871806557085,-0.13009036236947313
115,-2.4554877654100955,-2.4804683025822056
116,1.6645903150265813,-0.3240622501589043
117,-0.9379770092684963,-0.012755213591338133
118,-2.4674354766903708,-2.541572804171149
119,-2.974167996703579,-6.3459086103475295
120,-1.5098195891053647,-0.18987872933416694
121,-0.20637376429927556,-1.6009482132206543e-06
122,-1.659286336517092,-0.31848820031866815
123,-1.4359210847622885,-0.1438050483359425
124,1.0134004651751072,-0.019942516141342903
125,-0.6749864624714808,-0.0018630003651718408
126,0.0708515069861928,-2.6337881875448943e-09
127,2.974360381109207,-6.3478741932970735
128,2.1724898768883705,-1.3301705425066361
129,-0.8546536780874616,-0.007428669682375544
130,-0.45178208965515854,-0.00017271769325233333
131,1.8193589072376533,-0.5234487183273051
132,-0.16364840815541815,-3.988201462412633e-07
133,-1.841999122566324,-0.5592148296942394
134,2.9203146851662156,-5.8131719419762895
135,1.3125930871042115,-0.0870491962656631
136,2.6593456139002836,-3.6866711349063133
137,-0.6976216198130922,-0.0022622152947857632
138,2.731505149286318,-4.204000077348096
139,-0.19989962712697817,-1.3227099499024675e-06
140,-0.5509105704544703,-0.0005609900470242568
141,-2.8518732065547683,-5.184852604558801
142,-1.6091235084064401,-0.26940944314546755
143,-0.20103403841295142,-1.3683137189968164e-06
144,2.874015724817183,-5.382314245882347
145,-2.3139955433648494,-1.837897621788768
146,2.090830819005353,-1.090655840533277
147,2.7243683376246315,-4.150557519914926
148,-0.6984468017543897,-0.0022780017067923763
149,0.8155284662918465,-0.005651607291627392
150,-2.745466775236808,-4.310029966628731
151,1.7116586043206672,-0.3769562664689059
152,-0.08242603107761504,-6.52794318600769e-09
153,2.0849942935524783,-1.0749019386156506
154,-0.44632593831900547,-0.0001606710224881791
155,2.2036159008501084,-1.4313205732042658
156,-0.8846710354848089,-0.009082018045534657
157,0.06435329120671263,-1.4789672819759403e-09
158,-1.205903189225688,-0.053928913649785803
159,2.52766215093646,-2.8670130037419628
160,1.9022198940149977,-0.663636922877764
161,1.0224339427382816,-0.020988470688664718
162,-2.6779416920870136,-3.8151680146112734
163,0.10362540660193886,-2.5761641930799328e-08
164,-1.0229377217173783,-0.021048088726689285
165,1.723607814811161,-0.39140332809084233
166,0.17970427913567866,-6.988086591608322e-07
167,2.218354893038497,-1.4812139641596107
168,-0.6991571046927749,-0.002291662933514904
169,0.14295642092478467,-1.773667374083132e-07
170,0.9892300415217274,-0.017350637815091274
171,2.2049510731480186,-1.4357867832398097
172,0.6625619549880586,-0.001669836647852141
173,-0.24911223141382965,-4.940467299818785e-06
174,2.379640990384117,-2.117979894695509
175,2.7650701760187744,-4.462252032805301
176,-2.103114893587634,-1.1243908415675585
177,0.37670130029106597,-5.848962027410476e-05
178,-0.6859824192511415,-0.0020489706585972156
179,0.8265455544377307,-0.006112292976023892
180,-1.264697849094265,-0.07060381805473909
181,-2.4585468027916164,-2.4960066849160896
182,2.6821710472423517,-3.8448531749259787
183,-2.144370199857422,-1.2435677432112489
184,-2.3826221441683657,-2.131421790861346
185,-2.2747748697205283,-1.6845383655721677
186,2.8428456596643903,-5.105911095312627
187,-2.094395938869625,-1.1003654847653264
188,-0.3321622812785878,-2.759915560579529e-05
189,1.7101999813738953,-0.3752217431840521
190,-1.4672040397252972,-0.1620747801487692
191,-2.4491928766431306,-2.448722728326557
192,-2.9830430571358617,-6.437054847488474
193,-2.347946844136769,-1.9789999372542415
194,2.772905485803225,-4.524199953290688
195,-0.3984378648827098,-8.172506751513708e-05
196,2.9918048640538615,-6.527984880644257
197,1.5867847148840006,-0.24957165839287443
198,2.489974194528908,-2.659920219404902
199,0.038680418862210963,-6.976286215376604e-11
200,-1.2918831920324905,-0.07959857336862053
201,2.589547907746109,-3.2330367404041835
202,2.2782253274780953,-1.6976259667913867
203,-0.5693443096789759,-0.0006817472944798952
204,0.7879078434785485,-0.004620417100802521
205,-0.476244844340199,-0.00023633704720982252
206,-2.70980175830807,-4.043052320643
207,-0.07248120924426127,-3.0187433663897423e-09
208,-1.5788275286354638,-0.2427907407578559
209,-0.025940712240880348,-6.3477001432943325e-12
210,2.241310447526862,-1.5615460027734878
211,-2.416509268388186,-2.2887896789272038
212,-1.8720456485743608,-0.6095820533732779
213,0.3581899778715689,-4.3301977850296325e-05
214,2.3564808645566364,-2.015722000953203
215,-1.88297459999154,-0.6287500594042962
216,-1.3158677436697221,-0.08827678321710403
217,-1.6141865923046201,-0.2740736760105175
218,1.8439630261465503,-0.5624045902810719
219,1.735121130827057,-0.4057298328460808
220,-0.7195229907074836,-0.002713061345841039
221,-1.3712256704043897,-0.11121512481659418
222,-2.586677077500113,-3.2153214799157124
223,1.794427632624286,-0.48615045180166927
224,-1.3545013180717331,-0.10383484575736929
225,-1.2636419801334795,-0.0702717027822578
226,-0.4113567294770304,-9.884217885025581e-05
227,-0.22061945441733277,-2.38772396110587e-06
228,2.032844105364548,-0.941757917730887
229,1.9964281786925673,-0.8565835445282851
230,0.3611298589789307,-4.5466743449518177e-05
231,2.46413118993011,-2.52456149446249
232,-2.789952616542843,-4.661188111169999
233,0.5269749882663883,-0.000431100944334295
234,2.942742342784051,-6.030835306014796
235,-2.8872034809885943,-5.5025395727905115
236,2.4442580428366476,-2.424050811821382
237,1.3482040764993197,-0.10115963213968998
238,0.8957285021144497,-0.009762084793335735
239,2.309920756046097,-1.8214899793411155
240,-2.729156311906171,-4.186355001351567
241,2.871613694044072,-5.3606279592846064
242,1.347821380351503,-0.10099884816971844
243,-2.39929081131909,-2.2077716871246187
244,2.0666123653446764,-1.0264236025879172
245,1.879105082287376,-0.6219107274522414
246,-1.4115332020986515,-0.13073192524848565
247,-1.337727635749867,-0.09683132841560194
248,0.8557213839821944,-0.007482909563499174
249,-0.940511919876136,-0.012956221784247268
250,1.160444673611094,-0.043346640936100966
251,-1.7790100028506377,-0.46414370189130216
252,1.9771228768292257,-0.8139079982031697
253,-0.31237903879326545,-1.9123705933821178e-05
254,-0.9226373025491945,-0.011592392460041179
255,2.244061242897117,-1.5713901370602592
256,-0.9873561869473271,-0.01716175552566157
257,-2.3411929572752843,-1.9502985407342484
258,1.0427847425772496,-0.023508778365799787
259,2.5239395590216906,-2.8460358232483998
260,-2.9573233538143158,-6.175547291823115
261,0.004159273102648964,-1.1102230246251565e-16
262,1.6876062710449435,-0.34914386910107975
263,-0.5213164869530007,-0.00040435533158789116
264,-1.3834276317423584,-0.1168593872073711
265,2.165091787603428,-1.3069530926765467
266,-1.1635722887423965,-0.04401616186435242
267,0.593402089865263,-0.0008709382106126817
268,0.1539557615307494,-2.765978861507534e-07
269,1.045952167366079,-0.023922242799838123
270,2.027703157523563,-0.929354636099724
271,0.026200020585090744,-6.7380545587525376e-12
272,-0.40309763935431686,-8.758966357891307e-05
273,0.047890725035071746,-2.5127122604828855e-10
274,-1.5437424529909731,-0.21460570953481228
275,0.47551411032749247,-0.0002341896266454535
276,-1.161683107793623,-0.043610758907139835
277,-2.468362701020233,-2.5463618574505027
278,0.3737940589147275,-5.584800396474243e-05
279,2.112025771030787,-1.1493582251461354
280,-0.37089824546363115,-5.3316032178063466e-05
281,-2.454388894505226,-2.4749044118101935
282,-0.5506384327131988,-0.0005593498868595725
283,1.8814597502564023,-0.6260656663913021
284,-0.21625711336322428,-2.1185893290809332e-06
285,-1.5317143040714498,-0.205563137662733
286,-1.6277038232208225,-0.2868381610046661
287,0.07266652875969815,-3.0653399818447724e-09
288,1.926743348146963,-0.7102434990520836
289,-1.9316215082647976,-0.7198088144951125
290,0.9193681963877482,-0.01135613930129642
291,-1.0711499154563209,-0.027426388344075958
292,2.6140723866712,-3.3873675792930342
293,1.2901455271477689,-0.07899747577136224
294,-1.5063830329652794,-0.18750554732043517
295,-1.060890977559838,-0.025952700383325866
296,1.5568795985250325,-0.22483843711113505
297,2.031742828588677,-0.9390902761035445
298,-0.9091566961102671,-0.01064335633966551
299,2.1404141153635976,-1.2317385657128281
300,0.8388436456178239,-0.006662447735648169
301,-2.3246500295443417,-1.881328782481683
302,-1.1438696155429129,-0.03993431834202221
303,0.8101721816381273,-0.005438149234764378
304,1.473754376305319,-0.1661237735347229
305,0.8810564019235252,-0.008868305796469245
306,0.9695763691401913,-0.015451453034560414
307,-0.1633676038557481,-3.947362288148071e-07
308,1.716111693767271,-0.38229054309819577
309,2.3177851240069716,-1.8532571564833196
310,-0.6598022616965196,-0.0016292568385281037
311,0.6678534161542791,-0.0017499764767286985
312,0.037886204539119284,-6.159805998606771e-11
313,-2.0127063969972827,-0.8938897624202895
314,1.3811750640911749,-0.11580057802812155
315,-2.339612066592392,-1.9436261265611332
316,0.26967770689620707,-7.941302181069254e-06
317,-2.796372204750419,-4.713566352509722
318,-0.15063932087941856,-2.427493174250728e-07
319,-2.1076169213802127,-1.1369525770543571
320,2.8902828678753654,-5.530897140914127
321,1.9285456992366106,-0.7137661046507571
322,2.4634991021081234,-2.521317137726203
323,0.20256794198742512,-1.4320523326061263e-06
324,1.9283044336045903,-0.7132937811883615
325,1.4721552629474939,-0.16512797588150513
326,-2.041333192388383,-0.962517290512253
327,1.8796606578719004,-0.6228891369472103
328,1.011868447264173,-0.01976941020216405
329,2.595729676708868,-3.271431204605206
330,2.5768171588695976,-3.1550314647971125
331,0.5534981931613627,-0.0005767852311429067
332,-0.357498554676122,-4.280549282464907e-05
333,2.0008249584874225,-0.8665394895424722
334,1.1540858146418795,-0.042010765631896874
335,1.9272129893187744,-0.7111600908928342
336,2.6700608602746545,-3.76031068173772
337,-0.915341311565049,-0.011070542017064366
338,-2.153451513074654,-1.2710504160168457
339,1.2303506458198692,-0.060426148772399435
340,-2.5497095244823402,-2.993641657341043
341,-1.6686425872192099,-0.3283722540393395
342,0.4869152828008847,-0.0002696014388356982
343,-2.4489379259128112,-2.4474434763202444
344,0.21009150743097926,-1.781630224795272e-06
345,-2.57116542107351,-3.1208573397720474
346,2.0488659327133316,-0.9812309215777629
347,2.4620659914115777,-2.5139729482627327
348,1.7150119215866564,-0.38096768382736673
349,0.5311545080063302,-0.00045178217010155564
350,-2.5776777466621,-3.1602596450819944
351,1.967827876978431,-0.7939552834500647
352,0.6962080229905814,-0.0022353814031291774
353,1.3198323624596418,-0.08978153538755862
354,-2.5404032563054066,-2.9396900289082835
355,-2.1025340865753126,-1.1227780274562265
356,-0.47009067875009025,-0.00021875139063165516
357,1.843622033800651,-0.5618497404936529
358,1.8594726432793625,-0.5880948924493286
359,-2.005378315150362,-0.8769437049599287
360,-0.04953356258218333,-3.076259247336566e-10
361,-1.6405735744935734,-0.29942159503578347
362,1.4348992959001157,-0.14323724065587506
363,0.9082802989267167,-0.010583926459070914
364,0.2562901864149558,-5.855899045781321e-06
365,-2.319798644598639,-1.8614576192522103
366,2.8110960481213887,-4.835352655148265
367,2.177584314870071,-1.346340549237645
368,2.3067710033324555,-1.8088833921690162
369,-1.2504352097682885,-0.06622258665571884
370,-1.6831998163514807,-0.34422788863142595
371,1.1956238552890035,-0.051371029823047865
372,-1.8250905537035265,-0.5323300366243856
373,1.0928062628311057,-0.030760587978862275
374,1.8775712551306816,-0.6192157327413119
375,-0.533571679278678,-0.00046411296281723136
376,1.008005866866399,-0.019338387585580263
377,1.3701385379339586,-0.110723010374498
378,2.1403776508961148,-1.2316299341928452
379,2.162858840819627,-1.3000066044314285
380,-1.8863671208297383,-0.6347941620249273
381,1.6215027211288175,-0.28092557072497704
382,1.6380341513907517,-0.2969049272470208
383,2.8073903053547538,-4.804483325522449
384,-1.4682728705248131,-0.16273005357689757
385,1.1574222529834124,-0.04270747591920543
386,1.45581589969831,-0.15522226889050011
387,-1.5030926674097507,-0.1852554085640138
388,2.0655243326486374,-1.0236077205251526
389,1.5985204140953453,-0.2598442683271408
390,-1.5279468930787696,-0.20279377444867053
391,2.207518900356275,-1.4444061238746293
392,2.062449892700849,-1.0156829655259991
393,0.42746868796019655,-0.00012426031219947564
394,0.44366183641106627,-0.00015504724422710225
395,-1.259281461610864,-0.06891340130698292
396,-0.6534423724702378,-0.001538826014660044
397,-1.2252619174674555,-0.059024396353775765
398,-2.2086404581381935,-1.4481831663124538
399,-0.029103103682316167,-1.2657541681448947e-11
400,-1.1521437715311207,-0.04160947741890686
401,0.8601595912471804,-0.007711859572693713
402,-1.3807564604557465,-0.1156046617206059
403,-0.8863241527473669,-0.009181150859846166
404,2.134240003228319,-1.2134493575638434
405,2.148360863687035,-1.255588106148162
406,-1.7778672699376443,-0.4625440847332239
407,2.4307043372824078,-2.357251814286402
408,-1.6392129031232072,-0.2980710388509735
409,1.286303097702623,-0.07768121539649597
410,-1.9501939998341402,-0.757141540304777
411,-0.635799599366293,-0.0013093755726346634
412,-2.3361961368103477,-1.9292676493565684
413,-2.5862299197235874,-3.2125687273810413
414,-1.6360327527870708,-0.29493321159662855
415,2.0221336742752127,-0.9160596663669444
416,2.0674030304431463,-1.0284736104327115
417,0.5723309595578208,-0.00070319586416423
418,-0.24101782485042555,-4.054218009308386e-06
419,-0.008057273171250934,-5.773159728050814e-15
420,-1.3422216552188975,-0.0986694872928141
421,-2.240416143660199,-1.5583557290528345
422,-1.6984265815605248,-0.3614491294474558
423,2.3059628741163998,-1.8056596230228592
424,-1.5366161270247196,-0.20921110074232274
425,-1.7732572599097522,-0.4561345405645648
426,1.3192806664176482,-0.08957092026538116
427,-2.8169836696301154,-4.884700265563716
428,-0.0046897104906911125,-2.220446049250313e-16
429,0.024330329758088354,-4.321321078748497e-12
430,-0.8491329820979385,-0.007153325429195001
431,0.41466281243193137,-0.00010367041507630681
432,2.4908584997346015,-2.6646465217124944
433,-1.5638385977307079,-0.2304129552186811
434,-2.097588745522593,-1.1091172417032888
435,-2.9550841616184638,-6.1531586075511555
436,1.765888114292462,-0.4460330029377673
437,0.6804185355141783,-0.0019530492225392493
438,-0.726514710985132,-0.002871641583354956
439,-2.5196719409843515,-2.8221294191498387
440,-2.289263243917734,-1.7400118549742167
441,2.5826877231848115,-3.1908249201929855
442,-2.3879153870921677,-2.155447512552565
443,1.772744129772204,-0.45542541800486547
444,1.2432917402176908,-0.06411192130417737
445,1.3786846550976266,-0.11463889950474698
446,-2.177140986130607,-1.3449274723183835
447,-2.3553780910661004,-2.0109479709219973
448,-0.4646443821423718,-0.00020410658036917884
449,-0.8136730399998582,-0.005576901141974289
450,-0.09609572357474239,-1.63863413948917e-08
451,-2.4385546134989524,-2.3957701319586717
452,-1.4799492516391333,-0.17002654503822962
453,0.8352804967478358,-0.006499037666024998
454,2.989928155374204,-6.508428910320339
455,-1.6623620633259146,-0.3217112835885569
456,2.982735220377588,-6.43387726211762
457,2.746661149013292,-4.319192083694404
458,2.601414826060931,-3.307041689593601
459,1.6332061064920742,-0.2921660503970502
460,-0.014196188800691623,-1.7053025658242404e-13
461,1.1993511342241696,-0.05228695767175384
462,1.2726529297977027,-0.073146766322089
463,2.132846124062934,-1.2093492485320236
464,-1.313680575368801,-0.08745534192786192
465,-1.5898875739833491,-0.2522559641054041
466,-0.02871010412549424,-1.166600149815622e-11
467,-1.998553676458601,-0.8613853942844607
468,0.5378236666621179,-0.0004864794340645462
469,-2.80352527473278,-4.7724434786458305
470,1.4564171386162048,-0.15557818915352994
471,-0.8691253293761951,-0.008191876325155611
472,-0.5547531895942122,-0.0005845772982044917
473,-0.7872476201866201,-0.004597806347234168
474,0.2705364010457991,-8.093766044603434e-06
475,-0.7701056454652004,-0.0040417493202523636
476,1.6473070191992543,-0.3061759835452765
477,1.1188260862820316,-0.0351932304217657
478,2.004241845835346,-0.8743379615231645
479,0.2858139305630871,-1.1241855628729702e-05
480,-2.3550070455986987,-2.00934359834201
481,-2.0464144636504717,-0.975110307809407
482,0.9862442428929734,-0.017050466694891853
483,1.7079160632345767,-0.37251838346017707
484,-0.4411930290642494,-0.00014998241162966774
485,-1.9596835037568878,-0.7767847395331082
486,-0.24434240903630844,-4.400662052317372e-06
487,-0.7942322825132315,-0.004841673321066331
488,-1.2028026340575575,-0.053146809643073833
489,-1.27711836739276,-0.07460610160553366
490,2.2038666666035835,-1.4321585870279534
491,-1.6202501553779962,-0.2797430177946832
492,-1.3230702747109926,-0.09102564709157573
493,-2.5695240834770745,-3.1109849314569904
494,-1.9247272196768963,-0.7063190284495058
495,2.600435508167939,-3.3008868707583296
496,2.4500676939182533,-2.453116079993846
497,-2.681010397232985,-3.8366896527291727
498,-2.5707598384915498,-3.118415637705406
499,-2.575712291406238,-3.148328760938832
500,-0.2329560591937887,-3.3072174405734955e-06
501,-1.509428352722247,-0.18960735905760595
502,2.5055485184534803,-2.7440871225940633
503,0.10448286284330743,-2.7066790142526997e-08
504,-1.6054208967501167,-0.26603827744786585
505,0.3544590491647339,-4.067865025925155e-05
506,1.4527859237506,-0.1534384256952535
507,1.2708367970438292,-0.07255983832508134
508,2.945025150484181,-6.053323860987533
509,2.0694968910057128,-1.033917679484833
510,2.2663927057716977,-1.6530639551613862
511,1.9315116631721176,-0.719592334815331
512,-1.3638616798832506,-0.10791555001243397
513,2.928105293495391,-5.888109334874363
514,2.6835088423572557,-3.854278741013603
515,0.6193248968617242,-0.0011213569572123827
516,-2.3338566221629184,-1.9194802050128255
517,-0.8193057107349189,-0.0058062298321365224
518,-1.5249421752538659,-0.20060629516381412
519,-1.379061994022175,-0.11481431284628202
520,0.892565092240222,-0.0095634128030464
521,-2.481491956706962,-2.6149052421500825
522,0.8245574624513963,-0.006026959922548536
523,-0.1531767889877873,-2.683143570658686e-07
524,-2.600220441188438,-3.299536366864611
525,1.5234474143196968,-0.1995250679702596
526,2.377707591522104,-2.1092965914678508
527,-2.7918914315425276,-4.676961275198056
528,2.1101054926996143,-1.1439422587896222
529,1.1438286350400926,-0.03992615939758015
530,2.739000593332559,-4.260678627857006
531,-1.5763156627859505,-0.24068066894028062
532,-2.819388750423059,-4.904965978760681
533,-2.8627324969326766,-5.281008538933797
534,1.5494782222905066,-0.2190270736019017
535,0.22993919294287757,-3.0589487961529827e-06
536,-0.16117160436984035,-3.6398303349116645e-07
537,1.6653113994372761,-0.3248259288084566
538,-2.9237248217203993,-5.845886303217898
539,-1.6930923308000623,-0.35534105542375627
540,1.1693560092837005,-0.04527625731991536
541,-2.9237131336444877,-5.845773943841582
542,0.6904326344502287,-0.002128456337343043
543,2.0123536895238887,-0.8930684030033651
544,2.540641991076157,-2.9410648675683353
545,-0.5535083056684043,-0.0005768476729345329
546,-1.7032892273908375,-0.36708860259205034
547,-0.5586309791628175,-0.000609206025811937
548,-0.5575708045317636,-0.0006023889619308775
549,-0.8273563007821894,-0.006147374947417794
550,1.7503890397088089,-0.4253572755722437
551,-2.144978404745234,-1.2453940244895443
552,-1.364299279995361,-0.10810941251759837
553,-1.314812963038042,-0.0878798681200823
554,0.7625696776301201,-0.003815441538731257
555,1.8715598776782238,-0.6087407262474079
556,-2.896783448189815,-5.591115756128554
557,-1.1911685389598536,-0.05029321199690068
558,-2.6756933668580105,-3.799457228269721
559,1.8943551658726596,-0.6492035750748475
560,1.8979310486091139,-0.6557355537929115
561,-0.006454889715979739,-1.4432899320127035e-15
562,0.5573596955527078,-0.0006010390640801555
563,0.03056091206078726,-1.6970980176722605e-11
564,0.6698646808987365,-0.0017812567792444556
565,-2.2255633824101717,-1.5060925700462309
566,-1.1382545848779861,-0.03882888748253022
567,-1.3119365366802034,-0.08680472598344413
568,1.3501380559064655,-0.10197529763029628
569,0.24223307295923302,-4.178120993847401e-06
570,1.9275992570109626,-0.711914649496254
571,1.7360104629138027,-0.40685329436027756
572,-1.0774697553719712,-0.028367509504273025
573,-1.0495699117815156,-0.0244016939429178
574,-2.177200872960598,-1.3451182909216572
575,0.45230185841164605,-0.00017390332290312394
576,2.5395491836587674,-2.9347754984805343
577,1.9082079508676824,-0.6747919045471422
578,-1.9807827052658702,-0.8218694661642846
579,1.994657254089546,-0.8525985092466348
580,-2.1263199484693365,-1.1902932119828817
581,0.2590283128780815,-6.240349615493912e-06
582,-0.7384410722729431,-0.003159713194398228
583,2.1906718375918572,-1.3885689167915338
584,-2.9208346120820305,-5.818150951871259
585,2.5959609264963532,-3.272874072486299
586,1.5676281354839317,-0.2334941524643699
587,-1.6937340818695952,-0.35607159001937216
588,2.8235152272258794,-4.939882048190625
589,0.05472445274552484,-5.593514540436217e-10
590,-0.27204441180130345,-8.367410554765975e-06
591,-2.619235991645289,-3.42055208364397
592,-1.947206064034021,-0.7510366829248964
593,2.8011464214773145,-4.7528027206069
594,0.3614684682589342,-4.5721747226501464e-05
595,1.5029505183925504,-0.18515868359570747
596,0.8149213744426405,-0.005627073814377326
597,2.7443075808834934,-4.301151566616808
598,0.6027022910647228,-0.0009548211755182612
599,-0.7243060772389529,-0.0028207446324803875
600,1.0063667781770578,-0.019157808484704275
601,0.7069313093358209,-0.0024456455495941443
602,1.4084913504451535,-0.12917012512246584
603,0.8793330594550359,-0.008767872605652482
604,-1.2471394261403597,-0.06524195775301511
605,1.8789229760441648,-0.6215902845077693
606,0.7771037175275497,-0.004261665791328695
607,1.2242520909759627,-0.05874936534752806
608,1.8777754342431159,-0.6195739597904043
609,-0.5119696071807205,-0.00036318961028758423
610,-2.2933403139479958,-1.7558692910485214
611,-2.136358246382754,-1.2197005357713546
612,1.2176378441838054,-0.056973339616437135
613,-2.4076530091868085,-2.2468431273926623
614,-1.7593718783779024,-0.4372469111470744
615,0.5250593892073905,-0.0004218875310287862
616,-2.499761655132871,-2.7125834102284263
617,1.2476077161678933,-0.06538057695591548
618,2.571944300623418,-3.1255503953719477
619,-1.1709932300283756,-0.04563819494142396
620,-1.664528196605138,-0.32399652844742954
621,-1.3266920786900365,-0.09243357816062048
622,-2.0701892185126747,-1.035722598059174
623,-1.2584321420124243,-0.06865130969913452
624,-1.208064400341196,-0.054479535244659094
625,1.3378699857135343,-0.0968891295410152
626,-0.7819552542912436,-0.004419819234801059
627,2.593083235875538,-3.254952810269058
628,0.6157049127022152,-0.0010831889839545417
629,-2.7991374612367217,-4.736262821094609
630,0.49284988013258246,-0.00028972079953826224
631,-1.4783205008232847,-0.1689934533333412
632,-1.138181509807303,-0.038814666049340474
633,2.4809001728231728,-2.6117861961113054
634,0.5799335977953897,-0.000760323828838616
635,-0.60381645944799,-0.0009653030032455989
636,-2.5584915465405667,-3.045232106851247
637,0.8132316155157278,-0.005559247593418859
638,-0.9896464466642465,-0.01739283990834306
639,2.7445955480654742,-4.303355866466225
640,0.02089222908420396,-1.7322809853226318e-12
641,-0.9193124343618155,-0.01135214384490657
642,-1.981088580197831,-0.8225375656302407
643,0.49665914683362544,-0.00030327839100385834
644,2.694494607161209,-3.9323338820556777
645,-1.2603927110206703,-0.06925753522576311
646,1.7100532592691389,-0.37504761506328993
647,0.23663230038502014,-3.632197943082005e-06
648,2.265263700361407,-1.6488590117541586
649,-1.0998415309777902,-0.03191174747390124
650,0.9433109461909375,-0.013181167903369206
651,1.6055315394885543,-0.2661385315039217
652,-0.7170828904308402,-0.0026594438056587455
653,2.9615017355866584,-6.2174863178100335
654,0.4211899116796185,-0.00011377837999770879
655,-2.784855851005365,-4.6199123113845175
656,2.7343144421385492,-4.2251769435374555
657,2.069477316251831,-1.0338666826313285
658,-0.6718900459132842,-0.0018132206357586167
659,2.159021501483423,-1.2881349066463141
660,-1.8507346059282956,-0.573511524322123
661,-0.4608644384216225,-0.00019442806034331017
662,2.250912494445614,-1.59611355714525
663,1.5445594188392597,-0.2152311118197867
664,-2.330680589954546,-1.9062533874970873
665,1.2073831738126284,-0.054305489558775066
666,0.0619880705717577,-1.1814053069159058e-09
667,-0.829479098032198,-0.006240013445291126
668,-0.7047045470708868,-0.002400695385185836
669,2.7390866281732205,-4.26133248765923
670,-2.0498459177578328,-0.9836859040967781
671,2.1950204188787703,-1.4028212634205481
672,1.463571202552389,-0.159863230632651
673,0.9051864750505594,-0.010376292937954945
674,0.4234062314639777,-0.00011739110368857997
675,1.243398500960578,-0.06414306235969564
676,-2.495168131089436,-2.687770444044761
677,0.9095639560475517,-0.010671065904543031
678,1.7803490207812125,-0.4660235700430418
679,1.6545732663409707,-0.3135986045110254
680,1.8697872797474222,-0.6056783297379766
681,2.1646692874989863,-1.3056365653273239
682,2.6184662969296397,-3.4155901895584693
683,-1.48046808454826,-0.17035668339235854
684,1.2541394817093394,-0.06733886199424577
685,1.8233891032361793,-0.5296814564805825
686,0.7294995694885813,-0.0029416245320097456
687,-2.847701957071223,-5.148265249696284
688,-0.50216092057572,-0.00032378409425759536
689,-1.072819768372001,-0.027672556312942742
690,-2.262535560014334,-1.6387316885130065
691,2.2691899113601863,-1.6635171530020325
692,-0.6815155418189844,-0.001971662691223619
693,1.2302925705247079,-0.06041000152531334
694,0.716515552684795,-0.0026471032046819776
695,2.9933145625892035,-6.543748005338621
696,-0.43012244691768187,-0.00012892507138773102
697,-0.8477200137316339,-0.007084214172407788
698,1.4399417015134173,-0.14605671746385895
699,-2.645216314610688,-3.591222537648068
