,data,labels
0,-0.4479115741952677,-0.00016409776885573102
1,-0.7077892114897089,-0.0024631472776260877
2,1.3761935664054166,-0.11348622910934503
3,-1.712856257653892,-0.3783851470303219
4,1.8352489525895788,-0.5483583494746167
5,-2.0437878942681444,-0.968585120430433
6,2.344366061261657,-1.9637434765585062
7,1.965521452499062,-0.7890632769509135
8,-2.2462900353828217,-1.5794007611760412
9,1.640731433637912,-0.29957859168104606
10,-1.999366402363239,-0.8632269471130101
11,1.1532671242619514,-0.04184121862014378
12,1.9624569493770938,-0.7825993921844988
13,0.20051599698319267,-1.3473285545018143e-06
14,-0.42351264457930426,-0.0001175669290033321
15,1.7250629601721776,-0.3931918357205362
16,-1.5076444783825536,-0.18837391667035125
17,-0.8856435951856292,-0.009140233132954645
18,0.9000498712144349,-0.010038920180385436
19,-1.6837355123432105,-0.3448226112537861
20,-0.7352212885961755,-0.003079699713127826
21,0.9825283792036599,-0.01668281929575588
22,0.3663603270646343,-4.9540405689274536e-05
23,1.8384714608803243,-0.553520555716138
24,1.8344359372470418,-0.5470618963419371
25,2.6480149431942808,-3.6099798790382285
26,-1.1527457147185136,-0.04173352552892762
27,2.811920500491719,-4.842240457763082
28,-0.47189558102593,-0.00022379257327831414
29,-0.38297072081895145,-6.454071145112206e-05
30,-0.3167310197602653,-2.0771928252782956e-05
31,2.642300475031285,-3.5717572068883263
32,-1.5356559259059677,-0.2084925108353201
33,0.710686686811421,-0.0025230214976657006
34,2.1278684707429774,-1.1947938652475925
35,2.11807308421211,-1.166542471449448
36,2.574525535982814,-3.1411411759642216
37,0.8368294202080442,-0.0065696646975561546
38,-0.17546576702864947,-6.05680638199324e-07
39,-1.5132599569152665,-0.19227832131929606
40,0.5034599559700719,-0.00032878958666049396
41,1.9037767543582245,-0.6665233093302666
42,1.9690662556716951,-0.796591567686737
43,-1.1822169591886764,-0.048182775886965123
44,-2.9651443221439715,-6.254219236742471
45,-0.9310223036407903,-0.012216763860980584
46,-1.1572183532764337,-0.04266463194593528
47,-1.172623092791689,-0.04600082178740694
48,0.060598534920434766,-1.031174590160333e-09
49,-1.1555850311427442,-0.042322684969979596
50,-1.9606165263484816,-0.7787371267524855
51,-2.7560519405506767,-4.391735850373453
52,2.3524649812836333,-1.9983779327855005
53,-2.74609976465199,-4.314883863316693
54,2.6105342798161812,-3.364769041046455
55,-2.3329482741688734,-1.9156902497320953
56,0.19573930118785654,-1.1661381699168416e-06
57,0.6833820112099245,-0.0020036678417841847
58,2.510790617538424,-2.7728617880192363
59,-1.2804970805290832,-0.07572574288051998
60,-2.6820765017974972,-3.8441876974637292
61,-0.09398887400979827,-1.4346238308426962e-08
62,1.4872644961829575,-0.1747284823479906
63,0.21753604316931385,-2.194733068394683e-06
64,-2.937030404632643,-5.9748366774123625
65,2.664672713332071,-3.7231451451210904
66,-2.1956302151858793,-1.404828735032664
67,-2.4697156251486874,-2.553361805019767
68,2.9125838547632004,-5.7395107122278315
69,0.34585601259619736,-3.512903199986983e-05
70,0.7638100331089683,-0.003851956422839309
71,-0.33814025827314875,-3.0701492038320843e-05
72,1.6454327196689764,-0.30428394430456246
73,-2.258138564941878,-1.622508856245294
74,0.370769687744124,-5.320587603152571e-05
75,-1.0568950300727078,-0.025396374139245115
76,2.628947679354294,-3.483623637261882
77,-1.819818087945804,-0.5241559500591324
78,0.9048682404360813,-0.010355125657868225
79,0.5570678925625332,-0.0005991773025848524
80,0.36189722815878334,-4.604634611782288e-05
81,-0.3145405265517889,-1.9928168441207816e-05
82,-1.630001032003158,-0.2890531804206918
83,-1.983951533709557,-0.8288112262157863
84,0.13718223316468592,-1.385240154805345e-07
85,0.0517261188119047,-3.9890812875142956e-10
86,-2.3236561905182302,-1.877245012498699
87,1.675138691390515,-0.3353752994638418
88,-1.1077490869434525,-0.033247030994596694
89,-0.8881621811383846,-0.009292409287376069
90,1.6565341098779074,-0.3156256719341408
91,1.8189679216258883,-0.5228471065828325
92,-1.8525201084946192,-0.5764683513491244
93,-2.902739712852166,-5.646717730107872
94,2.4997432392975165,-2.712483590389452
95,-1.9755233354673547,-0.8104471518112183
96,1.4799449269333014,-0.17002379532217304
97,1.2896908841775891,-0.0788408069739065
98,1.4949841717218852,-0.17980164735994303
99,-2.2020513750756967,-1.4261006468141757
100,-0.9344211945527467,-0.01247754653376365
101,0.2776927398195346,-9.461756385609199e-06
102,1.0800074675285973,-0.028752704253426353
103,1.346447800369793,-0.1004234415077912
104,0.5817826602712857,-0.0007747827063898649
105,0.20367193221829671,-1.4794402276585572e-06
106,-1.6590213343705287,-0.3182116936042251
107,-2.4035356929790455,-2.2275407645114518
108,2.2260397298044197,-1.5077477158080923
109,-0.6798786101300207,-0.0019439413413960827
110,-2.367467528593103,-2.0637540688258764
111,2.076736316349594,-1.0529108936084435
112,-0.6341899031035529,-0.001289930625302027
113,0.6445327398140854,-0.0014191358550241784
114,-2.923501703006804,-5.843741703061384
115,-0.6164669573435253,-0.001091133264998434
116,1.0782773231723226,-0.028489632075553772
117,-0.44893856013453926,-0.0001663493734748167
118,-1.736127324954661,-0.40700110268065165
119,-0.5247590828826763,-0.0004204580456499407
120,2.2333107490276136,-1.5331843278882764
121,1.9356307193229956,-0.7277445862601263
122,-0.11320316985177792,-4.377386975118469e-08
123,-2.9405353754301164,-6.009152777330221
124,-0.5780128564799032,-0.0007455413224073393
125,0.4367252484111841,-0.00014116536763530974
126,2.3215871916103215,-1.8687648661326515
127,2.034396952094668,-0.9455293024129395
128,0.47159695044561367,-0.00022295190027998846
129,0.6438550102797951,-0.001410355206024061
130,-1.408314699068623,-0.1290798846601458
131,-0.6627297204751663,-0.0016723301669282487
132,1.6752287482996282,-0.3354732011174169
133,-1.7101521930373196,-0.3751650215790324
134,-2.642284393809102,-3.5716500723423117
135,-1.0206877546513857,-0.020782885433912157
136,-2.9293549919456683,-5.90019640911709
137,-1.9056797740183038,-0.6700646649156962
138,2.652415796624675,-3.6396238594973993
139,-2.6290153410998744,-3.4840660880566756
140,0.2057763789715894,-1.5733915610383065e-06
141,2.947242603256729,-6.075228008512724
142,0.9988323535058115,-0.018345290511814993
143,1.31782885912276,-0.08901856935624125
144,2.422019587996628,-2.315185070362196
145,-1.5355770561423676,-0.20843357363083792
146,-2.8142418624007153,-4.8616732234856626
147,-1.4819623589237534,-0.17131034816748303
148,-0.7146887865268705,-0.0026076875223272067
149,-0.7786579607301043,-0.004311817566841514
150,-2.266855935771182,-1.654791595104926
151,0.7258181766987075,-0.0028555093754684124
152,2.3511700471271144,-1.9928094324944756
153,-1.1964094157232865,-0.05156298660253089
154,-0.09699250585583119,-1.7325162415815498e-08
155,1.4770193179595612,-0.16817171871317116
156,-2.8811126623052044,-5.446768072531105
157,-0.01258347226156964,-8.271161533457416e-14
158,-2.9198425992678407,-5.808653811635581
159,-2.112372968050992,-1.1503395543727932
160,-2.9313499466485267,-5.919529689854716
161,1.0948395891147022,-0.03108978057460965
162,-0.5713783039317284,-0.0006962946590052255
163,2.965323472425048,-6.2560299770147765
164,-0.8657601691253407,-0.008008923801358647
165,2.71793402170879,-4.102811113036893
166,1.5701200658203422,-0.23553796112440184
167,0.3126339382204635,-1.92171462106705e-05
168,-2.1635243692309487,-1.302074044180597
169,-1.7552938778687552,-0.4318175468734101
170,2.987826228949407,-6.486577597300402
171,-0.4205941203901382,-0.00011282310145310781
172,-2.083265532116537,-1.070269350701898
173,0.04255591113137136,-1.2371426105772798e-10
174,-2.596122161828988,-3.2738803717196068
175,-1.9428723139893185,-0.7422497712008876
176,-2.874703571350782,-5.388536314369224
177,-0.6922152044961241,-0.002160999111493034
178,1.2197162229346246,-0.05752669259256066
179,0.4373226051093937,-0.0001423187032704165
180,-1.2314578789347879,-0.060734668600522845
181,-2.8047580561148564,-4.782645523994373
182,0.6106194488834191,-0.001031386583268179
183,-0.6694049594568394,-0.0017740666232372027
184,-2.8568892413364892,-5.229105144198918
185,1.9605366306736745,-0.7785697936694062
186,1.3073185619959649,-0.08510069462088499
187,-2.3419675142229597,-1.9535740103901644
188,-2.874229690287711,-5.384249146382656
189,-0.06293544859835265,-1.2939449511861767e-09
190,-0.36875785325269383,-5.1506481565821716e-05
191,1.1855269189917808,-0.048954644951569204
192,2.4445159618463537,-2.425335630498367
193,0.8616376195153745,-0.007789365785751401
194,-2.021943281241656,-0.9156077790563553
195,-2.077062628903948,-1.0537732601465013
196,1.3509616611102322,-0.10232424966636317
197,-2.9799226986701814,-6.404899282755723
198,-2.452544786902677,-2.465588309787437
199,-0.1978072741231589,-1.2419133803565074e-06
