,data,labels
0,-1.0316486579385573,-0.022100920289740977
1,-2.9295039142055623,-5.901638009314667
2,-0.15348549487582197,-2.715720351931239e-07
3,0.48781503117881053,-0.00027257503017152906
4,-0.9058407425778414,-0.010419922414932503
5,-0.8455807389070502,-0.006980619198020066
6,0.2783231315562551,-9.59094730434984e-06
7,-1.9927733330573063,-0.8483749028426915
8,-2.802477839376925,-4.763788013417393
9,0.7597623483412494,-0.0037338458157629706
10,1.2738943650541286,-0.0735501552917096
11,-2.1030693599645387,-1.124264337433469
12,1.5621808824519494,-0.2290752405986869
13,-2.233493271686876,-1.5338270305644512
14,1.7501618611302785,-0.42505989454437276
15,-1.4565332451715198,-0.15564699635315427
16,1.7940277826570785,-0.485569635050876
17,1.3469787977934509,-0.10064557008790714
18,-0.717056807203555,-0.0026588754129101
19,0.2777961749049016,-9.482854281150921e-06
20,-0.9274400695537701,-0.01194674643123017
21,-1.5423323004530796,-0.2135295939810688
22,2.0118244609122327,-0.8918370642162217
23,-0.722342573291634,-0.002776122013609439
24,1.9925096866392398,-0.8477851165120533
25,-0.9599580830285275,-0.014585814673405695
26,-2.124798231564252,-1.1858831151614364
27,-2.4094971825155955,-2.255529599916343
28,-2.671127842152739,-3.7677030906963815
29,0.6231016853338471,-0.0011623548267342132
30,0.03336404883134225,-2.8732238810391664e-11
31,-1.1948142366926617,-0.051173797456036896
32,-2.10580971200768,-1.1318971837528748
33,-1.7680766535276997,-0.44901460767680357
34,1.4708898172231528,-0.16434332385740413
35,1.453287254934227,-0.15373244459021507
36,-1.2242722576557825,-0.05875484772509121
37,-1.65422111965142,-0.3132356508479252
38,2.7620662183524622,-4.438670280324567
39,-1.410010712189145,-0.12994835244551728
40,-1.7824845726695864,-0.4690339892355555
41,-2.6379560873564065,-3.5429017405039924
42,-2.5174947900336226,-2.809991687995687
43,2.1121404009926907,-1.1496821481765165
44,-2.5786544226728685,-3.1662009385711025
45,-1.4733507532524237,-0.1658719812844766
46,2.8402657828169424,-5.083516282926577
47,1.2108871525405176,-0.05520551172768151
48,-1.2672329367121646,-0.071406358990178
49,2.497939760579966,-2.7027215161605502
50,0.8818555131555352,-0.008915194747769695
51,-0.8512819261096727,-0.00725949251364566
52,1.5379385141673394,-0.21020394743229803
53,-1.5432245575516441,-0.21420999601662744
54,-0.5965369872545603,-0.0008985038949860247
55,-2.8120930529347583,-4.843682952038898
56,1.0882208472484205,-0.0300285738127426
57,2.891361960459382,-5.540859931894395
58,-1.4458207890763697,-0.1493995863472029
59,-2.729548225231977,-4.189295311824089
60,-2.2726156444390004,-1.676387483671607
61,-0.13293888831167822,-1.1473931615935129e-07
62,-0.3641391071900535,-4.777493204899397e-05
63,-0.9117535252347007,-0.010821054120387252
64,-0.4223275497395904,-0.0001156210888310083
65,-2.111399209471596,-1.1475889130964427
66,2.51093783606602,-2.773673151795139
67,-0.9650155299969061,-0.015035909072628195
68,2.6431273189743516,-3.5772689537832782
69,-1.4312124622013052,-0.14120328321287462
70,2.7267141015482164,-4.168067083912447
71,-0.300254012588125,-1.509433890301004e-05
72,2.30144772278972,-1.787727988390947
73,-2.064831105763608,-1.021816710679602
74,-0.2836150117164822,-1.073446728383498e-05
75,2.7305070573093406,-4.196495392150743
76,-2.74201946414127,-4.283666623881908
77,-0.6056676302318724,-0.0009829284187701237
78,0.5550231651658271,-0.0005862648583381258
79,0.10792657393447858,-3.287736805024366e-08
80,-0.4531341963043083,-0.00017581599653393454
81,-1.6068700041386388,-0.26735368261094944
82,-1.0757634359677961,-0.02811087090632247
83,-2.0785616033234806,-1.0577416573123721
84,-0.5371056093764617,-0.0004826409455011005
85,-1.6067121397854358,-0.26721013541881855
86,1.6511632556523024,-0.31009780390726444
87,2.946170199004765,-6.064627408907961
88,-2.370967698353086,-2.0792365380554427
89,1.5599899937798618,-0.22731669605143795
90,-2.831716502205759,-5.0098249270830815
91,-2.8403108242021613,-5.0839066410243765
92,-0.3006104446232589,-1.5201765337202744e-05
93,1.2110027834555375,-0.055235415832017076
94,0.5216921184979846,-0.0004060871319898629
95,-1.1977153295645304,-0.05188337426209266
96,0.015410648247429215,-2.7911006839076435e-13
97,2.380013056948094,-2.1196540189417523
98,0.908193238012835,-0.010578037554793585
99,0.5915282258614236,-0.000854797341601321
100,-0.47979882450148104,-0.0002470152904566758
101,-1.9616039974217367,-0.7808075743644927
102,-1.772540972344657,-0.4551449015346281
103,-0.5105811244810408,-0.0003573818149452679
104,0.3575653298399497,-4.285323429498167e-05
105,-2.433593817411979,-2.371374679531615
106,0.04729720645020663,-2.331579374015291e-10
107,-1.6569738015121076,-0.3160816231770402
108,2.1564191568907454,-1.2801312000431495
109,-2.8331199467015735,-5.021867247999786
110,-2.4422733896952704,-2.4141814490235327
111,0.11508603810213947,-4.83254535277311e-08
112,-1.7960027761021755,-0.4884437546918615
113,1.6113471264319106,-0.27145012743240016
114,-2.5455727494406477,-2.9695684400193825
115,0.7271152892600732,-0.0028856115096699275
116,-1.1755835553697402,-0.04666543895869546
117,-1.2154643076032885,-0.05639924425688175
118,-2.7812132169196055,-4.590579784532868
119,0.484056211362474,-0.0002603302409266428
120,-1.306181191117617,-0.08468514752762324
121,2.357654353595536,-2.0208115773510733
122,0.3752713309236393,-5.717763266965825e-05
123,1.5330153415461414,-0.20652643065275
124,1.1104147338147188,-0.03370721531643106
125,-0.8654072853979748,-0.00798993402430126
126,2.2750571699796476,-1.6856062442733057
127,-0.13187424778283496,-1.0933904048826548e-07
128,-1.2321264443950752,-0.0609215707396043
129,-1.6656296595299585,-0.3251634376420803
130,-0.8906458475887153,-0.009444498034594129
131,-0.129081128962647,-9.616816620816593e-08
132,1.6173657341726173,-0.27703472625268866
133,1.826509955043079,-0.5345474362702337
134,-2.126465190190059,-1.1907147929797537
135,0.24607548141674762,-4.590807031079613e-06
136,-0.39977968201080216,-8.337935241509165e-05
137,1.175920823977207,-0.0467416440098144
138,2.9381148742636576,-5.985438834677734
139,-2.0555295170399104,-0.9980172068454067
140,-2.3136003716605673,-1.8363015264688907
141,-1.2075548288588966,-0.054349303210999345
142,-1.7818803047199474,-0.4681806377251302
143,1.9020438130147923,-0.6633110829017224
144,-2.110212167701466,-1.1442426119875406
145,-1.4078409045705575,-0.12883809988374018
146,-0.5330005568345895,-0.0004611746483597079
147,2.67033484741411,-3.7622079220527977
148,1.2922612390085524,-0.0797298329248084
149,0.4616438178951965,-0.00019639186108577622
150,2.1211704395857147,-1.1754198265996043
151,-0.8632646104005559,-0.00787541948145054
152,0.2129559544592432,-1.932145161309684e-06
153,1.578405273846677,-0.24243501208002893
154,-0.6529668178067531,-0.0015322340219042774
155,-0.5824081440742273,-0.0007797248486489661
156,2.9424883905706,-6.028337385620926
157,-2.4229997149611116,-2.3199039961575796
158,-0.38694852110212175,-6.86428079283985e-05
159,-2.2262079653102274,-1.5083326079311503
160,1.0934454030458234,-0.030863758043549683
161,1.1075438444015973,-0.03321181091120451
162,-1.5495581556726887,-0.21908919419731782
163,-1.8184460169907162,-0.5220448878435588
164,-2.6652501786863407,-3.727115112923226
165,-2.932178594791057,-5.9275739755523675
166,-2.2825508078475623,-1.714141421967136
167,-0.7720672598334835,-0.004102430811902202
168,0.24378416694395533,-4.3408283542101245e-06
169,1.705024156882006,-0.36911729591338505
170,2.850173381286754,-5.169919664797348
171,1.3831012318287712,-0.11670548762147825
172,2.9644165260232374,-6.246867113822326
173,2.208401642664789,-1.4473782834729527
174,0.0866454391270075,-8.806950613227116e-09
175,-0.5079484442265958,-0.00034658079314298096
176,1.0347690928610511,-0.022488313303748897
177,-2.959329883313883,-6.195660886696129
178,1.5197188923649732,-0.19684816298181163
179,-2.47660972947333,-2.589256690850259
180,0.34135151634437344,-3.248417082168942e-05
181,2.208062339530035,-1.4462353119916043
182,1.5390927134170695,-0.21107356202447974
183,2.2225776722733386,-1.495749722815174
184,-2.051673853737437,-0.9882777157544324
185,2.875090637315349,-5.392039951717067
186,0.99321400968992,-0.017757843983256527
187,-2.7120308814037193,-4.0593676979610285
188,2.361998935061031,-2.0397392580625398
189,-0.5264573723828674,-0.00042859511853776677
190,0.598717023658077,-0.0009180950037044333
191,-0.36197045987790144,-4.610197816234951e-05
192,2.333746121143852,-1.9190188518274494
193,-0.5499904264700226,-0.0005554603473473252
194,-0.9330583789284939,-0.012372443294401791
195,0.824577449543316,-0.006027812923782849
196,-2.32495260105609,-1.8825734102539933
197,2.516517880078476,-2.8045581281652567
198,-2.58338317630187,-3.195085239987237
199,-2.6652517427562286,-3.727125869907397
200,-1.877556672287751,-0.6191901536640392
201,1.8655908900244036,-0.5984761663961042
202,0.46825017897405496,-0.0002137080672042213
203,1.844143072057296,-0.5626977258922888
204,-1.4258801629079512,-0.1383022880284817
205,2.6245528788802037,-3.45497525156142
206,2.7574419918905324,-4.402550583635757
207,-2.993686272060916,-6.547633430211043
208,1.1004933910544423,-0.03202015129420044
209,-1.8822779950278687,-0.6275145326758698
210,2.8678980570868076,-5.327209863969649
211,-1.463061096847374,-0.15955462470385456
212,-0.3904686853280257,-7.245131372368707e-05
213,-1.0754719517483462,-0.028067219171383218
214,2.323889128409685,-1.8782015711316749
215,0.20352343809390794,-1.4729912862776473e-06
216,1.952636977080024,-0.7621613823911708
217,0.030447689704082403,-1.6597168084331315e-11
218,0.47988706559219985,-0.00024728541841156915
219,-0.7867686145921913,-0.0045814587010896135
220,1.2639234103325983,-0.07036010151968553
221,-0.9050950717871271,-0.010370209661709207
222,-2.7002172808955223,-3.9734583566629103
223,1.199818177407522,-0.052402648994215484
224,-1.1092136558525298,-0.0334992330732794
225,-0.9411207260690793,-0.013004880474198344
226,0.24535786170601437,-4.511260487616298e-06
227,0.44793045281580657,-0.00016413892986322232
228,2.2653508540273064,-1.6491833229395914
229,-1.340509045302412,-0.09796572750619009
230,-2.842070289544255,-5.099172750240656
231,-0.02710937726204321,-8.268608020500778e-12
232,0.7664525375161926,-0.00393070719747346
233,0.9543933907309956,-0.014103330644684386
234,-2.1708816220406133,-1.3250967769299087
235,2.246198934095057,-1.5790727216122997
236,1.0235336201907916,-0.021118785976373733
237,1.8409447536612404,-0.5575081416981587
238,-1.3394165868901018,-0.09751890711331496
239,-2.4852605067472706,-2.6348334891772
240,-0.32790477550132024,-2.555239873280879e-05
241,2.645660885546371,-3.5941973215664413
242,-1.4240318295204517,-0.13730786736534584
243,0.2952169852803692,-1.3642406054059641e-05
244,-1.3426116648517126,-0.09883031713423013
245,-1.2104607684122788,-0.05509535427861967
246,2.0673017065414285,-1.0282107260700137
247,0.6545087926888749,-0.0015536934645026257
248,2.6234524965397794,-3.447829863631344
249,2.407095860642827,-2.2442238050358263
250,-2.3406524140366667,-1.9480151395586751
251,2.0437506354068606,-0.968492800280901
252,-0.7383306042980786,-0.003156939971361794
253,2.4405676257239204,-2.4057231811535726
254,-1.03618111767938,-0.022665415632090458
255,-2.9956749622209657,-6.5684499232606965
256,-0.1599315917986548,-3.4751783506425937e-07
257,0.6692915260540451,-0.001772296181598576
258,-0.6586179893394348,-0.001612093900424938
259,2.3949519926617855,-2.187702319152947
260,2.7791985045969767,-4.5744158427720425
261,-1.4480367914609316,-0.15067528641267303
262,2.7579592188697024,-4.406579717725623
263,-2.024438853274571,-0.9215445096409074
264,2.7634820263994735,-4.449773105176717
265,2.756614454197539,-4.396109874677901
266,2.5394885527001145,-2.9344268485758045
267,-1.025561490047967,-0.021360819526305308
268,0.2971318412597652,-1.4180022477217058e-05
269,0.09069555358128234,-1.1583193959552318e-08
270,1.3852163920538754,-0.11770567722685626
271,-1.3421473227995644,-0.0986388582990263
272,-0.2478436075706032,-4.791793747238593e-06
273,-1.7204499556868842,-0.38754393099592566
274,-2.5605042759553176,-3.05714931480886
275,-0.5939488254864056,-0.0008756947774788415
276,2.382402561631329,-2.1304295092887764
277,0.4253610585172458,-0.00012065608147548978
278,-2.244441453145814,-1.5727544804076419
279,1.8649728007121595,-0.5974209969207812
280,1.6764825947543756,-0.33683860023142587
281,-0.23539311583361577,-3.519812432961622e-06
282,-0.892354852519178,-0.009550327141834236
283,-2.560882591495125,-3.0593931893900845
284,-2.9891212019939837,-6.500033511845237
285,1.5882636191554198,-0.25084824382422627
286,0.5671036121947641,-0.0006660133477629504
287,-0.8432414082069957,-0.006868760083103553
288,-2.173384044874852,-1.3329978946356398
289,1.0919931723575278,-0.030629742864308973
290,1.7620346076516054,-0.44082068444074274
291,-0.47104255448109233,-0.0002213981627696704
292,1.7604584956342517,-0.4387025673057756
293,-1.1598967605706347,-0.043230201708517546
294,1.536043607049388,-0.20878240602021098
295,-0.28861533384604776,-1.191700810498908e-05
296,-0.2927537598740919,-1.297585341886176e-05
297,1.983668881098163,-0.8281902062151577
298,0.7016511419780169,-0.0023401660955154613
299,2.15943129132444,-1.2893987214771225
300,1.8781251785076822,-0.6201879507093289
301,0.09025370210896,-1.1248816766951109e-08
302,-2.4250999923392644,-2.330040430546755
303,-0.9457169536651158,-0.013377065672469435
304,-2.2355403964171954,-1.5410494631109737
305,0.9038519307331181,-0.010287762248289756
306,2.1613868608701843,-1.2954428573083516
307,-0.671946738053101,-0.001814122093125703
308,-1.6336094942329884,-0.2925596945378467
309,1.251739109996425,-0.06661380501325148
310,-0.5680942671280222,-0.0006729321794834986
311,-0.8254015370390295,-0.006063069264194754
312,-2.630084248788108,-3.491061422137901
313,-2.8392124381862067,-5.074393657056617
314,1.4208197830433686,-0.13559330569899353
315,-0.317131407990046,-2.092931814312582e-05
316,0.18816400149212997,-9.205735470585452e-07
317,-0.35172076207195424,-3.88384739725689e-05
318,0.5692860662067574,-0.0006813344608369576
319,1.162913560553319,-0.04387446009989615
320,-0.5037290439531574,-0.0003298344162487865
321,-0.9504763006768329,-0.013771569741992673
322,0.1726507523098384,-5.497347922434059e-07
323,1.4780378264484817,-0.1688146658666282
324,-0.7534511416194931,-0.003555634142368369
325,-2.9341569262762057,-5.946811821873686
326,0.3665760304535084,-4.97146994359321e-05
327,2.2103878750166333,-1.454082889365538
328,0.5935013646117744,-0.0008718003052103906
329,1.1747920779241925,-0.0464870001058183
330,1.7587165663193352,-0.43637086614701825
331,2.477796659756975,-2.5954746793079786
332,-0.18029708350042917,-7.127355449165762e-07
333,-0.8912765156420135,-0.009483439568873986
334,-1.0260673956195367,-0.02142155118417577
335,0.8717810019597083,-0.00833865833332692
336,2.1482011608066625,-1.2551053626814284
337,-1.92625755258183,-0.7092963407733641
338,-1.4494534827634509,-0.15149537023160997
339,1.631204832847522,-0.2902192741855567
340,1.817424061397424,-0.5204768166315779
341,1.676632447706595,-0.33700207668109405
342,-2.0075568946199134,-0.881955560289262
343,0.6031215937670709,-0.0009587547856462209
344,-2.6340369183904713,-3.5170204599405293
345,-0.21608105638203456,-2.108281774715337e-06
346,-2.361589722349104,-2.0379507776123704
347,2.2218092943984047,-1.4930967439830263
348,-0.053189308437280314,-4.715754453599175e-10
349,1.6296232247568518,-0.288687968565047
350,-1.1486087725376617,-0.0408869837380923
351,-2.470037757460823,-2.5550306308392607
352,-1.2274965895693808,-0.05963670454626141
353,0.34400107890667986,-3.4019026424858545e-05
354,-2.618250080463377,-3.4141973035712048
355,2.5990352147480937,-3.292101209387917
356,0.32381583894205557,-2.3707036665987502e-05
357,-2.97058346302924,-6.309367929973148
358,-2.811835148651967,-4.841527056296586
359,-2.543973605298759,-2.960301547319736
360,-2.5077156487352514,-2.75595547808892
361,1.5244464583293054,-0.2002472082046039
362,0.9175666951907684,-0.011227637535494717
363,2.072520314982568,-1.0418176204516383
364,0.7312489445573043,-0.002983288234950643
365,0.340087824243684,-3.177266269449586e-05
366,1.582092596340864,-0.24555532813182218
367,-2.559565052734232,-3.051583906085043
368,1.4567699716562945,-0.15578736040081814
369,-1.8372066216831227,-0.5514898975050548
370,2.5697077814391553,-3.1120886830636936
371,0.7197609458542118,-0.002718337303056595
372,-0.455032791334542,-0.00018024422473461588
373,2.6952635276445314,-3.9378409697946686
374,2.8685314196062084,-5.332895304543764
375,0.587437283262739,-0.0008204166618210884
376,-1.4738125707186869,-0.16616010198608117
377,0.8626917490653834,-0.007845031789448287
378,2.465837604882749,-2.5333358139731534
379,1.8904899969388396,-0.6421999954093249
380,1.5081476409008419,-0.18872117771901725
381,0.5679154932752808,-0.0006716792306611374
382,-1.9321379415763145,-0.7208272621482164
383,-2.9839890454117453,-6.44682689772472
384,-2.654976167443867,-3.656953911255703
385,2.58998170155135,-3.23571993143859
386,2.557275647212931,-3.0380497669783746
387,-0.23918046199972265,-3.8727014266548565e-06
388,1.910046160369535,-0.6782452128133072
389,0.5624635175515897,-0.0006343842900273788
390,-0.7789212081550314,-0.004320359736255552
391,2.0034568764383334,-0.8725416366418153
392,-1.7996103054726376,-0.4937278451314118
393,1.7480170509460349,-0.42226029822822714
394,2.0808151470884084,-1.0637292691179454
395,-0.8165067601022624,-0.005691326098887561
396,2.8027353733567404,-4.765915058120471
397,-0.16665393145348517,-4.4478074234799436e-07
398,2.3940493770258975,-2.183544607284812
399,-2.406635827250589,-2.2420627877761854
400,1.2711358755410593,-0.0726562319246003
401,-2.105710151965247,-1.1316191809835026
402,-1.922121682139799,-0.7012721257248307
403,1.8545455803961008,-0.5798368947693198
404,2.4840842773691367,-2.6286013190580895
405,2.2407037722370973,-1.5593812526462563
406,2.0335319940112164,-0.9434271566309876
407,-2.241787100522067,-1.5632484078586837
408,1.4667466779118303,-0.16179502418098562
409,-2.07686924008977,-1.0532621140855571
410,2.0505868684386552,-0.9855452070700197
411,-0.5405328185719158,-0.0005011898360069988
412,-0.30627734364935755,-1.69970457009061e-05
413,-1.466383507741668,-0.16157315604517075
414,1.195266787514072,-0.051283968633595134
415,-0.11743348621133975,-5.454591411879761e-08
416,0.725128742900548,-0.002839615115421301
417,0.8506176470332631,-0.007226537414712464
418,2.9117289222904574,-5.731407419550526
419,2.0904015371776765,-1.0894911323287635
420,2.4514930069053786,-2.4602867484763395
421,2.8122233678765136,-4.8447725633412055
422,-2.232705684546235,-1.531055227588454
423,1.4563316750232183,-0.155527557070046
424,-0.15605088325449934,-2.999406788495307e-07
425,1.8091054268195972,-0.5078487999773471
426,-0.9686304238201111,-0.01536450670106504
427,1.4444992836162127,-0.1486429252683728
428,-1.5338079369569366,-0.20711501989060854
429,1.3071590680272358,-0.08504232398711864
430,-2.230056805378943,-1.5217608287130464
431,-1.3300565455981253,-0.09375704037619992
432,2.0520925898305276,-0.9893319033793473
433,0.9480435558085452,-0.013568750334766122
434,-2.0345224446319174,-0.9458345914056063
435,2.5227478966289407,-2.839345105415554
436,2.855900235029832,-5.220357805001737
437,2.5852028687309536,-3.2062527734661557
438,-0.06812653915858302,-2.0816361967490593e-09
439,1.717304734726774,-0.38372965490413036
440,0.5238995727961733,-0.00041638883896943923
441,0.316155908856838,-2.054757855185496e-05
442,-0.7652398121110235,-0.003894403486010667
443,2.0645342597372656,-1.0210505201252422
444,-1.1617849574055878,-0.043632537832232865
445,1.0096025930664654,-0.019515628513551375
446,1.271995083525347,-0.07293372849212015
447,-0.8655026231973699,-0.007995060812639232
448,0.3822753215994652,-6.384493700273275e-05
449,0.9811689451215448,-0.016549940986973266
450,-2.154415356925634,-1.2739942967136402
451,-2.2261933907943554,-1.5082819309415236
452,-2.016354180605795,-0.9024186086910964
453,-2.4154567713701782,-2.2837739701994084
454,0.4828355333163108,-0.00025645320957012885
455,-0.8172060747363004,-0.005719858379538367
456,1.8876909505177508,-0.6371648727173083
457,2.698003264492157,-3.957510044646209
458,1.1018357047977885,-0.03224431649172965
459,-2.0480870892821748,-0.9792831831198081
460,2.8402608602949027,-5.083473622481359
461,1.3672368821979113,-0.10941802271643519
462,2.7496021189849786,-4.341814298343858
463,1.262327561157381,-0.06986001722708712
464,-1.8193695570359558,-0.5234651127659041
465,0.4465908509058467,-0.00016123936396916783
466,-0.8393020539155271,-0.0066837130414372226
467,2.0430698711523583,-0.9668071903454318
468,0.5667040069389486,-0.0006632391638364821
469,2.5668871248806973,-3.095173051836273
470,-0.7839625158597032,-0.0044866469117155194
471,2.5347476379795166,-2.907260989404766
472,-0.07535644698331545,-3.812176796458289e-09
473,-2.580118167835641,-3.175120828006128
474,-0.97860380900687,-0.01630155863503202
475,0.23402374861971076,-3.399001195614204e-06
476,1.2548184034531564,-0.06754508366233669
477,2.5311495659415097,-2.8867700684401734
478,1.0627708589658038,-0.026217820688986038
479,1.2115776783357397,-0.055384287091570006
480,-2.229087409703208,-1.5183701650149408
481,-2.6528053125383586,-3.6422563589821326
482,1.5088918631686372,-0.18923573769446933
483,-1.233809161031863,-0.06139403466108906
484,2.4159806521811564,-2.286269503532177
485,2.4138362512990774,-2.2760675485649493
486,2.7499217302965953,-4.344278084398652
487,1.927230235780594,-0.7111937679709286
488,0.05614279737968797,-6.521566620065755e-10
489,-1.0942963561872319,-0.03100155388801107
490,-1.5036891229169134,-0.1856617020444058
491,0.8142249793070899,-0.005599039075958601
492,-2.8358491718330896,-5.0453470562615665
493,2.6198861614803786,-3.4247476523004776
494,0.3208907384137909,-2.2456052856556497e-05
495,0.4408816124461512,-0.00014935339387511792
496,-2.49635846971835,-2.6941838792952533
497,2.3186165116451622,-1.856639822434142
498,2.4970649208498994,-2.6979956097877373
499,-0.4516142593598973,-0.0001723362949110907
