,data,labels
0,-2.8812964815057063,-5.448445076163657
1,1.340486291506414,-0.0979564044325939
2,0.06138705215759099,-1.1143327371954115e-09
3,1.3064724176233682,-0.08479139412396702
4,2.4837293537785357,-2.6267229606136455
5,-0.6696063915946215,-0.0017772141209169146
6,1.6223593012720405,-0.2817365353442575
7,-2.3180390407958034,-1.8542897716175573
8,0.3798014720924434,-6.142002489961662e-05
9,-1.0900573826028759,-0.030320043513777595
10,2.9770917091290983,-6.375828698461736
11,-0.7257860723728178,-0.0028547676187388182
12,2.8734586589848785,-5.377279092356718
13,-2.5975959742220853,-3.2830894473106014
14,2.763518202601009,-4.450057071096047
15,-1.243828328045481,-0.06426856176239709
16,0.4222073917472664,-0.00011542529912600408
17,1.2180241913904926,-0.057075876066601305
18,0.029657702841636713,-1.4175438600716461e-11
19,-2.8031358857472735,-4.769224404475061
20,-1.4690873595199614,-0.16323080768609227
21,1.0915251495558334,-0.030554631873444982
22,-0.25669605950302987,-5.911608753406128e-06
23,2.2559629186318153,-1.6145270367384577
24,1.2735028340176404,-0.07342273982562464
25,2.5499629151938397,-2.995120962336914
26,0.7423416489059473,-0.003258926785298044
27,0.9242956016193435,-0.011713760189339673
28,2.407306231440237,-2.245212550267378
29,0.032772181298564185,-2.5806801140504376e-11
30,-2.182148141873873,-1.3609533631068185
31,-0.5733138437157512,-0.0007103752142060271
32,0.8321771920370757,-0.006359405990527867
33,0.18580127911997923,-8.534523684433637e-07
34,-2.8317534237916115,-5.010141459375845
35,-0.4973711906804259,-0.00030586999413828586
36,2.3360761374911387,-1.9287647103633059
37,-2.9475908229976078,-6.078673072996211
38,-2.481923234838707,-2.617180093982577
39,-1.5106878721072134,-0.19048208923919463
40,1.3445814270257337,-0.09964580266649958
41,-2.103313042626858,-1.1249414776320914
42,-0.49775012783893846,-0.0003072566603444793
43,-0.27801359648969637,-9.527329857150768e-06
44,-0.16732757374073248,-4.556648096620819e-07
45,-1.9428145088026805,-0.7421331075724009
46,0.6808408092247844,-0.001960196940718917
47,-2.9584710289787846,-6.187045740421011
48,-0.4750739614756596,-0.00023290397492881088
49,-2.5107607786700736,-2.7726973591469335
50,0.8607636005818744,-0.007743456529775261
51,-0.44553423107162216,-0.00015898239124378932
52,0.0018649143388635991,0.0
53,-0.19790731734874356,-1.2456806712801693e-06
54,-2.963945596128064,-6.24211323900895
55,1.6319683115549823,-0.29096075430890006
56,-0.3791306912092729,-6.0775861169148904e-05
57,-2.6616703075393064,-3.7025550455468363
58,1.2736886086104375,-0.07348317411254435
59,-2.83287820145758,-5.019791409981876
60,-1.7205242818630073,-0.38763442549198973
61,-1.7117398519794131,-0.3770530665325903
62,-1.314359910165156,-0.08770982332994237
63,0.7082454347181901,-0.002472496420459658
64,-2.3923651841940323,-2.175802680191898
65,1.7737416739624026,-0.4568047692229074
66,1.331027447633109,-0.09414176513443206
67,-1.0668232175364951,-0.02679680376168725
68,-2.605089203169788,-3.330211049982153
69,1.7479220832465732,-0.42213667201130783
70,-0.3195551231178415,-2.190337881569082e-05
71,-1.047627733320921,-0.024143341396448914
72,0.2551610851837971,-5.703212563989979e-06
73,1.5596611820404016,-0.2270536943078531
74,1.5050197510216812,-0.18657064473845159
75,-2.8979209190344655,-5.601702584513519
76,2.1750275922871145,-1.338206740960619
77,1.1891920136212413,-0.04982093263746784
78,0.6916008037640418,-0.0021497365956376635
79,2.7649424459877983,-4.461247428333783
80,0.7286312312981211,-0.0029211223630030148
81,0.33227704035972927,-2.765615517563713e-05
82,-1.9393103575492092,-0.7350873836923502
83,-0.4985882435277853,-0.0003103421255752359
84,2.6343921358498976,-3.519360388427579
85,0.5977588234187969,-0.0009094410372609829
86,0.6612706416649701,-0.0016507461003245627
87,0.24017991576004105,-3.970580862100448e-06
88,-2.0701386258070573,-1.0355906195179854
89,-1.9689741490100283,-0.7963952570397097
90,-2.7643174603573732,-4.456334305883513
91,1.6337270432080633,-0.2926744826626573
92,-1.0604731252052602,-0.025894067080652006
93,-2.7582633336111204,-4.408950015464875
94,0.5340025333710874,-0.00046633986075328426
95,-2.628500677746101,-3.480701679337357
96,-1.415372442994631,-0.1327245751092362
97,0.4371469409431805,-0.00014197873466159638
98,-1.5338860681107107,-0.20717311265794158
99,2.7472178083594567,-4.323467206385884
100,-1.438759558357687,-0.14539179045251704
101,1.2645798851821137,-0.07056665100143905
102,1.1182222703013016,-0.035084820480936973
103,-2.3408885345402126,-1.949012327491283
104,0.46706917502699374,-0.00021052294336609823
105,1.7524233767707935,-0.4280275138392462
106,-0.26245316828990006,-6.75056240539984e-06
107,2.806140141205982,-4.7941024252156055
108,2.682239480940998,-3.845334913172922
109,0.19629471296519307,-1.186100906380716e-06
110,-2.272833894625246,-1.6772099949262316
111,-1.2025806674170116,-0.05309117186016826
112,-2.9822937943092014,-6.429322753127983
113,0.2654899010396683,-7.231534970286724e-06
114,1.227509687088765,-0.059640308320398516
115,2.4432473636089505,-2.4190210742430023
116,1.0286038693442503,-0.02172816278016998
117,-0.4627048787534527,-0.00019909181919375296
118,-1.6332894796925201,-0.2922473755815554
119,-0.5150662553146921,-0.0003764242973454124
120,-1.8670192874555935,-0.6009201861203826
121,-2.647124352766805,-3.604002920314706
122,0.7376273134990292,-0.0031393312314083044
123,0.23756843821341755,-3.719065372775887e-06
124,2.4099601372862116,-2.2577141953874804
125,-1.5813362371103188,-0.2449127064782715
126,-2.1207320727906467,-1.1741602890471774
127,0.1609509309030681,-3.61006294524735e-07
128,-0.2412254539174885,-4.075167875927654e-06
129,-0.48608710433278013,-0.0002668881824036129
130,0.2516884305909688,-5.25421117225644e-06
131,-2.1472232209182334,-1.2521523783643727
132,0.8476877258922291,-0.007082641321005667
133,2.2561559243138616,-1.615233910024262
134,-1.1326774333776657,-0.037755532864604646
135,2.2209196220673197,-1.4900294492901915
136,-0.1282040284432142,-9.231601949544199e-08
137,-1.183314543922927,-0.04843763227885539
138,1.7626068566821997,-0.4415916957199799
139,-0.6319722481689225,-0.0012635324079279808
140,0.05692235576468185,-7.084025588355303e-10
141,-1.429461813360354,-0.14024556725046428
142,-0.7767184621583265,-0.004249308883550906
143,2.8297322766984534,-4.992835818203121
144,-0.664731848777631,-0.0017023257308526052
145,2.5168214350036004,-2.806245650514689
146,1.4915457630241153,-0.17752778733534774
147,-1.1865984023646172,-0.04920663588323193
148,-1.6415280727472126,-0.3003718661585936
149,1.8149244399904223,-0.5166568896083632
150,-1.5014859124987936,-0.18416442515208553
151,-1.3996241101798823,-0.12470203176171274
152,1.4582857587198532,-0.15668851388665933
153,-2.135624800204906,-1.2175332712579165
154,-1.610307652823568,-0.2704946596281466
155,1.2702845877913234,-0.07238213000727017
156,-0.3339754788702809,-2.8511257233021503e-05
157,0.39560699670428967,-7.832421326448014e-05
158,1.6680300850890477,-0.32771792461764315
159,-1.0405228257447243,-0.023217083002876504
160,0.5274100808171003,-0.00043321663556095125
161,-0.5163920110986626,-0.00038221117380032865
162,1.5251805194175967,-0.2007791280674846
163,-1.746247663750971,-0.41996160344115563
164,-1.1874621629272382,-0.04941053527079692
165,-2.9578434038781176,-6.180755661458386
166,-0.08819423654135594,-9.794400623874822e-09
167,-2.24152130855449,-1.562298936115818
168,-0.09995287310404688,-2.0748576412543684e-08
169,2.639521205812759,-3.553277109563972
170,-2.260543165107212,-1.631365494933189
171,0.1068692339376125,-3.099239898052275e-08
172,-0.950264652058352,-0.01375382687756399
173,-2.7496567281901463,-4.342235190293757
174,2.702135749838484,-3.987316475175408
175,-2.8501502897219595,-5.169717025902469
176,-0.28952432724763577,-1.2143191518210195e-05
177,2.279327417849446,-1.701822424061283
178,-0.775095592341124,-0.004197578553021275
179,0.70837438004633,-0.00247514411748595
180,-2.7954074002422704,-4.705666571135322
181,2.578917711745799,-3.1678040041260416
182,-1.402838919373454,-0.1263074602534306
183,1.333528976852123,-0.09513883249578747
184,-1.6858681654251526,-0.3471982512230517
185,-0.5078407668012099,-0.0003461448491750563
186,-1.121059181787206,-0.03559652092921706
187,-1.704877266172283,-0.36894519359224753
188,1.7544087066999978,-0.430646036744626
189,-0.5931836406286894,-0.0008690436932377033
190,-1.6472358082593794,-0.3061039300202105
191,-2.875803222038354,-5.3984945353354625
192,0.15751914567299252,-3.172583941113416e-07
193,-0.43707834713341853,-0.00014184616580825704
194,-1.0551182127681507,-0.02515212994728233
195,-1.747326433423209,-0.4213619172173895
196,-2.759282591758608,-4.416901129699717
197,1.9452564573405358,-0.7470738604207767
198,-2.32001390702184,-1.8623359424282169
199,2.1476592957033143,-1.2534684916865786
200,-1.2902143065578522,-0.0790211987093572
201,-0.06028411423773594,-9.99490934461278e-10
202,-2.1888593319794127,-1.3826612004254621
203,2.4979803579870516,-2.7029409753797893
204,-1.023409004754296,-0.021103985693011973
205,2.133165300921654,-1.210287173490641
206,-1.595681718376882,-0.2573294537202023
207,-0.4444864510502109,-0.00015677023326921002
208,1.7756698011462433,-0.4594801207197861
209,-1.8989685281457847,-0.6576401899492405
210,-1.5281749914168892,-0.20296060130520938
211,-1.7924137002246252,-0.4832305368986047
212,1.1539658960212549,-0.04198589640581518
213,2.2189610896075456,-1.4832939886816345
214,-1.8656511402564393,-0.5985790997470116
215,-0.5380267879964569,-0.00048756982246001
216,0.4902753695244151,-0.0002808452843318099
217,-0.12017856618857081,-6.265233165603235e-08
218,2.6437552528527792,-3.581459011191056
219,0.12121940175202361,-6.597726709411944e-08
220,2.3999619403866017,-2.210888390008327
221,-2.3800186528091194,-2.1196792053103586
222,0.5971606661852196,-0.0009040730352288806
223,0.955129727383154,-0.014166416741698051
224,0.4185574455791534,-0.00010960764483392005
225,1.0733912644917147,-0.02775721604712833
226,-2.888444926871019,-5.5139588347344475
227,-2.5704789758548507,-3.1167256182959746
228,0.7508481103279525,-0.0034841978982219635
229,0.49051903885822723,-0.00028167555020208734
230,-1.5937087929436116,-0.2555929627088807
231,2.9785939971848956,-6.39124305446689
232,1.4959541030307637,-0.18044723279046665
233,2.277443611236478,-1.6946541726074644
234,-2.395715251296809,-2.1912227746081747
235,-1.9249042034933312,-0.7066628608802001
236,2.90969967206631,-5.712207572941359
237,0.5454543307290489,-0.0005288547472430682
238,-0.042061808183246896,-1.1534273536284445e-10
239,0.9540336807910763,-0.014072595664675891
240,-0.4950661660376632,-0.0002975462733322276
241,0.7661683524134864,-0.003922175095161462
242,-2.227456171925276,-1.512677553401425
243,0.2608043458255551,-6.500766649431e-06
244,0.2770161995337581,-9.324721416237303e-06
245,0.11069611491616804,-3.8272614411027917e-08
246,1.8776011309378529,-0.619268139046098
247,-2.7079541136395493,-4.02956616992453
248,2.1225668740879264,-1.1794390276691298
249,-1.1742590658423904,-0.04636714290082533
250,-1.0346445087170033,-0.022472741547523767
251,0.6083615861140679,-0.0010090523444690191
252,0.7682846196184254,-0.003986078660872749
253,-1.9034974489188805,-0.6660047684603757
254,-2.273472348734694,-1.679617872718248
255,0.3132163374243593,-1.9432065449076497e-05
256,-2.21593716534002,-1.4729401747476591
257,-1.9455488708385063,-0.747667195519189
258,2.370999031154791,-2.079375529278213
259,-1.714246368232145,-0.3800489571788236
260,1.5953866192472521,-0.2570691291951602
261,-2.562378391981478,-3.0682772160237963
262,0.3073539770869056,-1.735727809282217e-05
263,-1.591153757273352,-0.2533578682598415
264,-0.3525732705999216,-3.940380285072376e-05
265,0.5219138457449999,-0.00040711225500333903
266,-0.4337544818593777,-0.00013554410003102646
267,-2.361418312026688,-2.0372019745257943
268,1.327009360262628,-0.09255774307495729
269,-1.1469345670503603,-0.04054836020974606
270,0.627900415839802,-0.0012162232566520492
271,-2.4187098177730273,-2.299303316831959
272,-2.7433691166988314,-4.293973750640791
273,2.369268544679164,-2.0717096630841443
274,2.3447309307776365,-1.9652939708564872
275,0.3437820123285267,-3.388988195895948e-05
276,0.9463510219537214,-0.013429085092385384
277,0.28437355656433905,-1.0907299046070129e-05
278,1.09353608429684,-0.030878418499877824
279,0.35253216826484834,-3.9376390475687195e-05
280,0.2972904488047394,-1.4225331953165998e-05
281,-2.607641700796293,-3.346377606023897
282,-1.1333721747693488,-0.037887916189093374
283,-2.1326141020256664,-1.2086677835638104
284,-0.657784250336003,-0.0016001006709108756
285,1.2608761949346121,-0.06940769182300938
286,-2.0795111546693863,-1.0602614321065178
287,-1.7260563498433286,-0.3944164719761877
288,-0.7060998498484601,-0.0024287810844947355
289,1.6286283512541155,-0.28772799918568587
290,-2.5688729475108047,-3.107074936034163
291,0.7813861592582785,-0.00440102181527946
292,-1.6178520525785018,-0.2774898956511614
293,-1.8955700984906505,-0.6514171810125493
294,0.7936665638028098,-0.004821534709748443
295,2.7786849295821323,-4.570302238428245
296,-1.6849890425323024,-0.3462174139972616
297,2.5747610670313925,-3.1425666906834238
298,0.4147704595562458,-0.00010383085394150005
299,-2.3392704564968696,-1.9421865775199598
