,data,labels
0,-0.061242881839330465,-1.0987247778260212e-09
1,-0.4008380235510094,-8.470367070623208e-05
2,-0.8693343051039122,-0.008203349453025921
3,-0.005401588824720527,-5.551115123125783e-16
4,-0.0022706429116603477,0.0
5,-0.5875367732078709,-0.0008212390085412524
6,0.3703973330230026,-5.2887885664931744e-05
7,-0.8342787538555878,-0.006453692898652941
8,-0.5877519789509054,-0.000823020149024245
9,-0.9282049622718209,-0.012003988557943268
10,0.6368009298460053,-0.0013215930808797571
11,-0.8358836628829311,-0.006526466189734514
12,0.8202041928265662,-0.0058435153705901355
13,0.18527310095737093,-8.390192518525907e-07
14,-0.63175514664085,-0.001260972245141323
15,-0.7966118712188277,-0.004927140019204357
16,-0.7672948373619255,-0.003956085219361527
17,-0.10599177997573239,-2.9497299713909797e-08
18,-0.5767881977283715,-0.0007362406669538801
19,-0.5686816304325617,-0.0006770623670381282
20,-0.47728220032471014,-0.00023941354658119085
21,-0.37481667319960676,-5.6765644692036155e-05
22,-0.40029946155591545,-8.402759572667673e-05
23,0.23199997426415786,-3.2267873010249915e-06
24,-0.38488941952535694,-6.649317176410374e-05
25,0.3052378716959636,-1.6655166486745365e-05
26,-0.2746489092559252,-8.858141826606492e-06
27,-0.7774989549967293,-0.004274373520457342
28,-0.11377767719686882,-4.512307849591224e-08
29,-0.408984474639303,-9.549396508312658e-05
30,-0.8732214804151288,-0.008419170913566254
31,-0.5063585399073081,-0.000340189882122921
32,0.0793294170412937,-5.188272700351604e-09
33,0.4855459626055565,-0.00026512755886987094
34,-0.6984153009133105,-0.0022773974089383975
35,-0.10547977630637928,-2.8653007966283894e-08
36,0.5818958485461783,-0.0007756751185074018
37,-0.8562293437919974,-0.007508827702036092
38,-0.6478867349991906,-0.0014632567177924605
39,0.30820810829377576,-1.7647557986721907e-05
40,0.5604310773113359,-0.0006209269814813068
41,-0.2577896219189073,-6.0639087510194756e-06
42,0.28719217624669824,-1.156992827677783e-05
43,-0.01436626587589318,-1.8307577676068831e-13
44,-0.9693487208810376,-0.015430492260504303
45,0.08320801551789003,-6.908344563072433e-09
46,0.0770941247539525,-4.370829587152514e-09
47,0.8842129459838304,-0.009054703147317045
48,-0.44770823214806077,-0.00016365496502523946
49,0.33299690380192604,-2.801593954881998e-05
50,-0.6039234242469369,-0.0009663142818905346
51,-0.2860003594835019,-1.1285774569769202e-05
52,-0.933366355939333,-0.012396131710775249
53,0.37970314982728626,-6.13252511287854e-05
54,-0.5487333234767802,-0.0005479785974168427
55,0.32323824552743297,-2.3455533746941093e-05
56,-0.6231383102094648,-0.0011627583706421696
57,0.2788130093655805,-9.6923517057812e-06
58,0.26246366237745056,-6.752177453606123e-06
59,0.02259421400879913,-2.7714497363717783e-12
60,0.1016645805313845,-2.2972905577844926e-08
61,0.05775117057574919,-7.725782236178702e-10
62,0.7485519710929391,-0.00342216714356236
63,0.5828534967805297,-0.0007832595736064762
64,0.7056831007328588,-0.002420364265457775
65,0.7762748614013846,-0.004235117031499036
66,0.7752042706699478,-0.0042010265277280245
67,0.6709585802411409,-0.0017984622528891547
68,0.5000531883462742,-0.00031579684149352083
69,-0.6013531990349166,-0.0009422552442334142
70,-0.8894071763923717,-0.009368394948912062
71,-0.5171894491504792,-0.00038572729497199365
72,-0.4508813015042987,-0.00017067880469412433
73,-0.5095094774898867,-0.0003529520575017431
74,0.4868528665350238,-0.00026939615935539507
75,-0.5347679889913404,-0.00047031797627195004
76,-0.09194230868725439,-1.2571654273152433e-08
77,-0.815467051960878,-0.005649121467392715
78,0.3442559014189581,-3.416976398640248e-05
79,0.022792990439999272,-2.920996777788787e-12
80,-0.9841619032134523,-0.016843636505847748
81,-0.0977227782040544,-1.812238503706709e-08
82,0.8959522024442148,-0.009776260596982778
83,-0.8848261281723604,-0.009091281145138241
84,0.2299411302641543,-3.059103096725302e-06
85,0.7627137317091965,-0.0038196676987665157
86,-0.640580958652446,-0.0013685653209967175
87,-0.019490569750887587,-1.141975403129436e-12
88,-0.40292214498215073,-8.736263792119559e-05
89,0.20611122167639007,-1.5887883760834498e-06
90,-0.9757197459533187,-0.016025929214086743
91,-0.8569220365277861,-0.007544290059149583
92,0.2674036930457748,-7.549041138088519e-06
93,-0.6240747439370402,-0.001173115627729815
94,0.6333907014165325,-0.0012803652541548693
95,0.004795144911658111,-2.220446049250313e-16
96,-0.5207077250373084,-0.00040156169798044594
97,-0.3787021912591424,-6.036730858371975e-05
98,0.15112121244565935,-2.474415444764233e-07
99,-0.46114585252452023,-0.00019513525229908346
