,data,labels
0,0.6702727336761223,-0.0017876589296639267
1,0.4643672717873464,-0.00020338374264083914
2,0.7494621599346176,-0.0034466465785707445
3,0.01352531350764341,-1.2756462552943049e-13
4,-0.6106634050965096,-0.0010318254041288277
5,-0.13765650468308177,-1.4142012705331553e-07
6,-0.838471119395229,-0.006645207306472667
7,0.840361022336664,-0.006733050664619822
8,0.8918866179752618,-0.009521236061681648
9,0.5280444854540975,-0.000436316900676581
10,-0.7861959750656256,-0.004561978135005473
11,0.9914532861393659,-0.017576929803396646
12,-0.8929193383221088,-0.009585494807755168
13,0.414457192415262,-0.00010336452768544557
14,-0.39356693768237583,-7.59469415064773e-05
15,-0.062298856839058336,-1.2173867469655875e-09
16,-0.5126308423594994,-0.0003659827902304791
17,0.7894792750074211,-0.004674601490456065
18,0.39599622617869756,-7.878472242217605e-05
19,-0.19068160944956358,-9.968744493216164e-07
20,-0.49623336231652493,-0.0003017373853955174
21,0.25103286698893346,-5.1728433922981765e-06
22,-0.530118006825431,-0.00044657835001060686
23,0.9638755265616323,-0.014933477879612522
24,0.8293154158983198,-0.006232829924844974
25,0.618132570400793,-0.0011086647762243995
26,-0.5573310258724022,-0.0006008559341295072
27,0.744768504708651,-0.0033219376146210733
28,-0.7570541457408726,-0.003656495475142796
29,0.8604488615847856,-0.007726978697012221
30,-0.8876678028227036,-0.009262376082319168
31,0.9353737644258766,-0.012551442475100427
32,-0.08462973453628408,-7.647296462742759e-09
33,0.044771772837828294,-1.67755143110071e-10
34,-0.3518774984081485,-3.8941902754885405e-05
35,0.7152312799801688,-0.0026193420028681746
36,-0.6678406733727396,-0.0017497797473333687
37,0.8414280903813134,-0.006783067043603985
38,0.5275164258547338,-0.0004337350561505193
39,-0.18242523018094015,-7.646519911697069e-07
40,-0.6804248865914013,-0.0019531565662914696
41,0.8920200641495586,-0.009529519586574886
42,0.2406968025355649,-4.022003157744258e-06
43,0.10399296305493944,-2.6314530776616607e-08
44,0.3463521739604811,-3.5430985434792284e-05
45,0.7016875996990302,-0.0023408813297912667
46,-0.0026177778017006936,0.0
47,0.3319507178190866,-2.749433025484027e-05
48,0.33214606443984995,-2.759110875960591e-05
49,0.08470543182028956,-7.688416792106523e-09
50,-0.7246675123266604,-0.002829022560806971
51,-0.9634954939452329,-0.014899457997379129
52,0.5175374338963588,-0.0003872700238387594
53,0.7934426758874835,-0.00481358369680196
54,0.9394019371848734,-0.012867888975027886
55,-0.4152933741169773,-0.00010461314784748765
56,-0.3565672834589404,-4.2144263657561964e-05
57,0.6773388760337793,-0.0019015672576243592
58,-0.8025775635326347,-0.005146863047189809
59,-0.910787502132848,-0.010754669488219237
60,0.2764865115372168,-9.21858753799576e-06
61,0.19090452878900854,-1.0038767435105456e-06
62,-0.04714403146833246,-2.286643097093588e-10
63,0.0487873641751031,-2.808494548034446e-10
64,0.6151940952489787,-0.0010778905167366792
65,0.6348311206853408,-0.001297647703326743
66,-0.8179888400526245,-0.005751934485304977
67,-0.21899618544195598,-2.2844369758079353e-06
68,0.15342455527982235,-2.7092636256664804e-07
69,-0.41047828937706266,-9.75911691779574e-05
70,0.777824846892933,-0.0042848750325050755
71,-0.16795467824443566,-4.6599542036229735e-07
72,0.7948209383056573,-0.004862701686268456
73,0.568767347125771,-0.0006776668532399999
74,-0.4890559161940202,-0.00027672058153616064
75,0.27844429738870535,-9.615946037766498e-06
76,-0.40858299383230556,-9.493673869587216e-05
77,0.665100833337839,-0.0017079018972080418
78,0.3543294395557479,-4.05899475036664e-05
79,-0.40103699023987605,-8.495457957768959e-05
80,-0.5583385816329063,-0.0006073195318683222
81,-0.4682975576733057,-0.00021383667432794962
82,0.8713754649235452,-0.008316105679759156
83,-0.5341667870260756,-0.00046719114110505
84,0.16101589087334744,-3.6188044794105423e-07
85,-0.21776351432595376,-2.208511690748871e-06
86,0.900709513790344,-0.010081736923946871
87,0.38824754783441984,-7.002839414871342e-05
88,0.8212072081296713,-0.005885370524605471
89,0.6611177536717923,-0.001648497794720094
90,-0.33996336326852084,-3.170329251112047e-05
91,0.08117241350829763,-5.95459070940052e-09
92,0.2881462527295957,-1.1801664953403623e-05
93,0.8090575884786575,-0.005394572867772673
94,0.9575184562552725,-0.014372658442418085
95,-0.8544959738720461,-0.00742068560189213
96,0.2489640806318536,-4.9229096664715755e-06
97,-0.31569961299295723,-2.0371014739284377e-05
98,-0.08478605163759956,-7.73241370932709e-09
99,-0.06645348937232343,-1.7931880424981728e-09
100,0.23846966846738704,-3.804320108047321e-06
101,-0.7617618841932641,-0.0037918141588229037
102,-0.756271079815493,-0.0036343770503155515
103,-0.5559763246344054,-0.0005922551137166332
104,0.7616866855242843,-0.0037896207822486483
105,0.6340323045703791,-0.0012880397300815138
106,0.2899900193390339,-1.226044475122201e-05
107,0.8858227416117992,-0.00915098961287586
108,0.6651260410439599,-0.0017082833897431593
109,-0.9014342781587661,-0.010128952605503616
110,-0.9530958111345826,-0.013992717272514166
111,-0.494619866896193,-0.0002959565221084537
112,0.797532178757361,-0.004960524514854514
113,-0.722550106149181,-0.0027808107769634605
114,-0.37334934153386534,-5.545279969376704e-05
115,0.7625617154192708,-0.003815208060924835
116,-0.6876432246052555,-0.0020783432977764527
117,-0.5204568608881244,-0.0004004151301594261
118,0.2903758691137397,-1.2358306868853752e-05
119,-0.6618426625384399,-0.0016591804315110315
120,-0.022830984339238025,-2.9504176879413535e-12
121,0.7028872802250619,-0.0023645174948345726
122,-0.6524924959860634,-0.0015256823329120595
123,0.21284477218276754,-1.926111887540216e-06
124,0.9041329300420513,-0.010306351625955612
125,-0.9213081173328483,-0.011495854966215968
126,0.1735623256788863,-5.673591254584665e-07
127,0.02093617115505597,-1.7544854458151349e-12
128,-0.4454744791228973,-0.00015885554602479424
129,0.3854745990923829,-6.709831347495587e-05
130,-0.6205390352068998,-0.001134404344212081
131,0.07344245751886258,-3.2670005589707785e-09
132,-0.2236610200294573,-2.5917314576684447e-06
133,0.9530014756343175,-0.013984703221622374
134,-0.935768900601925,-0.012582199907043123
135,-0.09930618133755376,-1.9956358232597893e-08
136,-0.31526871170183846,-2.020543703684652e-05
137,0.8089635783629403,-0.005390910565013618
138,0.7861602581285092,-0.00456076534063754
139,-0.27567961356352133,-9.058841213049895e-06
140,-0.6260438296619151,-0.0011951428951807452
141,0.10734159840409307,-3.182305552407172e-08
142,-0.11190779867700362,-4.085463611858131e-08
143,-0.3521329267130766,-3.9110947678500096e-05
144,-0.9678525880616968,-0.015293311180766156
145,-0.10211810847739056,-2.3594427633888415e-08
146,0.13039162652120284,-1.0217263279876931e-07
147,0.8408781592824088,-0.006757252409535175
148,0.6169713406976571,-0.0010964178464868413
149,-0.07393841186536787,-3.4015961158928576e-09
150,-0.3873290911169398,-6.904635811566529e-05
151,-0.08721860018162597,-9.162217429192765e-09
152,0.7204820265247063,-0.002734376731585386
153,-0.7909408573563985,-0.004725465272303664
154,-0.5205350329118503,-0.0004007721222484273
155,-0.869934596541438,-0.008236379642748703
156,0.542944498809572,-0.0005145928011520695
157,0.8782086706291778,-0.008702848283280162
158,-0.6398263076568187,-0.0013590793332740603
159,0.760366096046899,-0.0037512717227975445
160,0.7092170133326121,-0.0024925038385118503
161,0.9789089570514728,-0.016330946031025695
162,0.4589664641615687,-0.00018971372931364527
163,-0.8302870122399542,-0.0062755698650479586
164,-0.8494332157246136,-0.007168081374303803
165,-0.8499712099163317,-0.007194585177238477
166,0.636650430725509,-0.00131975081728819
167,-0.6290691497138161,-0.0012296501782702585
168,0.34735394414878695,-3.604721727734628e-05
169,0.26687517618095424,-7.460221265076505e-06
170,-0.14905054238671323,-2.2780071984307426e-07
171,-0.4161608459550681,-0.0001059216926936335
172,0.7680960676216342,-0.003980350600514937
173,-0.9634883531276726,-0.014898819368501237
174,0.45936346526961835,-0.00019069190884735132
175,0.760024882442091,-0.0037414151183671196
176,0.7458060439633194,-0.003349180148669806
177,0.9875657488210696,-0.01718279558893321
178,-0.23379023033640078,-3.3787478836977414e-06
179,-0.032354457743343445,-2.3894886069797394e-11
180,0.5917703850325615,-0.0008568692094552688
181,-0.9472101959787562,-0.013499835493928192
182,-0.8253344078944307,-0.00606019101779387
183,-0.030746497624483782,-1.759870027484567e-11
184,0.17313591863667144,-5.590573222136186e-07
185,0.6150835344968484,-0.0010767465441253732
186,0.7781506346389309,-0.004295394355616655
187,0.5795566110467834,-0.0007574034998948376
188,-0.027941284921170872,-9.912737297668173e-12
189,-0.19989929801631168,-1.3226969055590843e-06
190,-0.42091688693640306,-0.00011333978862215766
191,0.43283674662420646,-0.0001338455948669548
192,-0.19421975768424815,-1.1129466180870295e-06
193,-0.3839443287985804,-6.552541303872506e-05
194,-0.10494075838007877,-2.7786021150610907e-08
195,0.16817057235174548,-4.695967681378477e-07
196,0.45126612962191226,-0.0001715473880222751
197,-0.16424455651689152,-4.0760705866116353e-07
198,0.24623780914614368,-4.608961597818428e-06
199,0.40830656524402986,-9.4554646514311e-05
200,-0.2848289023080395,-1.1012154976119959e-05
201,-0.10534406178208733,-2.843262325580298e-08
202,-0.22660693037426238,-2.8029515084515566e-06
203,-0.860422371412247,-0.007725593142173803
204,-0.9934216237934039,-0.017779275832870534
205,0.7489890634845124,-0.003433904798383347
206,-0.7543206659291148,-0.00357976339464694
207,-0.5038201657960628,-0.00033018885171542944
208,-0.21760865733209078,-2.1991237328933266e-06
209,0.261658012906272,-6.629118443290949e-06
210,0.9100700382335816,-0.010705581328509739
211,-0.5677513918077464,-0.0006705308126101484
212,-0.583041484300344,-0.0007847555830291508
213,0.1779252428299254,-6.583663502146564e-07
214,-0.943775938746471,-0.013218844120555295
215,0.3777748449324656,-5.94909354777462e-05
216,0.7160246792141258,-0.002636463899858721
217,-0.9041557813261554,-0.010307864547889123
218,-0.2137073343711442,-1.9733323869397523e-06
219,-0.34967303465893873,-3.7508028285282435e-05
220,0.009911811845975116,-1.9761969838327786e-14
221,-0.06564199442488916,-1.6657718537871347e-09
222,0.10773507075202926,-3.252906233264241e-08
223,-0.7879561619185718,-0.004622075446532148
224,-0.34064436435574064,-3.208440362234555e-05
225,0.44981097569619144,-0.00016828215979347583
226,0.4132184040278857,-0.00010153746755958704
227,0.551840878565024,-0.0005666270400458417
228,0.5876795785519469,-0.0008224205745059887
229,-0.2748302204962254,-8.893176213664589e-06
230,-0.6553833236405806,-0.0015659739146772766
231,-0.6935661698560105,-0.002185934499140174
232,-0.46419991894000123,-0.00020294823415523133
233,0.40019704510469056,-8.38995371875706e-05
234,-0.6756301584239393,-0.0018734888555965723
235,0.13434898487119296,-1.2223227741081644e-07
236,-0.40848273403078994,-9.479800722078657e-05
237,0.887041027062357,-0.009224413951721466
238,0.45581543271823866,-0.00018209634923116447
239,0.7788374188181024,-0.004317639332741874
240,-0.5011531768285558,-0.00031994463289231057
241,-0.01796433039452916,-7.001066393286237e-13
242,-0.842959248117193,-0.006855367928322087
243,-0.4518798257686698,-0.00017294012315882679
244,0.21699662668059982,-2.1623447381546868e-06
245,-0.3650214256044051,-4.846985292594752e-05
246,0.14658521962630955,-2.0612673368169965e-07
247,0.18140699999299703,-7.394328070953193e-07
248,0.9719801452439005,-0.015674200684982598
249,-0.7145746643268125,-0.0026052412569945727
250,-0.5441573650334994,-0.000521444561267348
251,0.12483684560606134,-7.869913454250366e-08
252,-0.979477719332031,-0.016385836058032344
253,-0.95961128859348,-0.0145553582396023
254,0.7288636712385552,-0.002926598901237476
255,-0.5142745365158643,-0.00037300320322741776
256,-0.6540507734251246,-0.001547293564722385
257,0.02312258757399488,-3.183897590020024e-12
258,-0.01605251646376482,-3.5649261320713777e-13
259,0.43791376207700217,-0.000143467752049653
260,0.18491044961565972,-8.292275072152577e-07
261,-0.8838794757907498,-0.009034861316235432
262,0.8138385179946481,-0.005583530811040127
263,0.08628441330277381,-8.589122857394216e-09
264,-0.554746871999366,-0.0005845378564151016
265,0.17374298247048792,-5.709071927428866e-07
266,0.6528158113824671,-0.0015301456953037418
267,-0.1970132529681743,-1.212348214818526e-06
268,-0.29032386688951983,-1.2345079926978642e-05
269,-0.2094975375201471,-1.7516753109125816e-06
270,-0.6657412851245854,-0.001717616275576428
271,0.5402591548376647,-0.0004996873661698986
272,-0.2948076637942585,-1.3529712459159349e-05
273,0.550382479046658,-0.0005578108887712707
274,-0.35647931871173166,-4.208224727486609e-05
275,0.08300457680062223,-6.807647778828141e-09
276,-0.5884921555034472,-0.0008291705735277155
277,-0.06537261858341892,-1.6251824330737463e-09
278,0.7479635146736094,-0.0034064168765686187
279,0.7076175431711815,-0.0024596369131609785
280,0.9954707428810632,-0.017991936482884996
281,0.3949826053484107,-7.759014518904372e-05
282,0.44424902218212914,-0.00015627251855243607
283,-0.19372008712159072,-1.095903500059059e-06
284,-0.9874459706973646,-0.017170767266299847
285,-0.9220732482227632,-0.011551345196220475
286,0.3545998086212667,-4.0775166142981156e-05
287,-0.8875625919784749,-0.009255994836871229
288,0.19240585663079957,-1.0521110344052786e-06
289,0.4106187024255026,-9.77902480382431e-05
290,-0.8105837623959231,-0.0054543132853607235
291,0.41552510087627836,-0.00010496137759175017
292,0.5427533637326483,-0.000513519860873668
293,0.4619198144433543,-0.00019709121886435366
294,0.6961842308454196,-0.0022349320172335707
295,-0.7812178543633617,-0.004395475236622204
296,0.8467368891334761,-0.007036450858527443
297,0.7381191333847701,-0.003151636721758111
298,0.3357833460197792,-2.9445478329948038e-05
299,0.5179799056114078,-0.0003892390172632876
