,data,labels
0,-0.7467880560179934,-0.003375133637683936
1,0.25464847088411857,-5.634994149739114e-06
2,-0.6685506955398473,-0.0017607692518785134
3,-0.4046803101729366,-8.965927341353375e-05
4,-0.05282284558427941,-4.524162156016587e-10
5,-0.9763176311775248,-0.016082754756548412
6,0.3999283132166589,-8.356429263145504e-05
7,0.09987514715965085,-2.065199666834161e-08
8,0.7072204717308737,-0.0024515331636619786
9,-0.8821846847611452,-0.008934568212124128
10,-0.40482486549603425,-8.985030929209437e-05
11,-0.4341702091791728,-0.00013631937248648196
12,-0.8952960172720434,-0.009734726036508379
13,0.9291145958053717,-0.012072353863254226
14,0.32205762487737677,-2.2948347965123794e-05
15,0.6754162027410138,-0.0018699972405796794
16,0.43682528327011694,-0.00014135796586456362
17,0.9281952434450256,-0.012003259830382307
18,0.10333486191395136,-2.533147602790109e-08
19,0.5169519518359675,-0.0003846773164472017
20,0.5122581535576882,-0.00036440630507084126
21,-0.31232918403669396,-1.910547455952205e-05
22,-0.7174610717118381,-0.0026676961861434867
23,-0.04917542368761807,-2.9452085215098123e-10
24,0.002002465858985669,1.1102230246251565e-16
25,0.9314254410836944,-0.01224746033303703
26,-0.7391487468448499,-0.003177526445209078
27,-0.539612237925128,-0.0004961504710818687
28,0.10067842222506074,-2.1668413729969416e-08
29,-0.5757538851529238,-0.0007284604865244182
30,0.9080034074058274,-0.010565206467011645
31,0.9509900139755267,-0.013814712850538036
32,-0.4569433333606019,-0.00018479326468556767
33,-0.600114749087316,-0.0009308404255056191
34,0.8247877882212018,-0.0060367956772395814
35,0.817299324770371,-0.005723671859837576
36,0.31548521912615235,-2.028849155233381e-05
37,0.6315889927034584,-0.0012590157732114138
38,0.8467362183686287,-0.007036418360916508
39,0.038528226136796295,-6.813216657519661e-11
40,-0.20367978735748693,-1.4797820213630075e-06
41,0.7563604636887462,-0.0036368962077389932
42,-0.3889037358992844,-7.073708469662598e-05
43,0.8998105370386007,-0.010023422027519269
44,-0.610137741703604,-0.001026587724202055
45,-0.27441185725207196,-8.812510000066887e-06
46,-0.959466035664355,-0.014542617144855163
47,0.0852005676901475,-7.961955095225903e-09
48,-0.9584076429929267,-0.014450052736505237
49,0.44683268903434414,-0.00016175965628795197
50,0.8014678562086666,-0.005105394118967599
51,0.6243643079385695,-0.0011763336680651326
52,-0.8429933404275183,-0.006856984913552022
53,-0.2669303873204778,-7.469458908726523e-06
54,-0.7083361893675371,-0.0024743596865896
55,0.46860237394738236,-0.00021466561778116233
56,0.07218376603846233,-2.9451890926068813e-09
57,0.03590172904310607,-4.460476432655014e-11
58,-0.014328922684949452,-1.8030021919912542e-13
59,-0.11979177223685689,-6.145286035597053e-08
60,0.6554184276151713,-0.001566468522070652
61,-0.9197172851936337,-0.01138117829037577
62,-0.522772960566751,-0.00041110449703118945
63,0.7310078382945433,-0.0029775172992100307
64,-0.18580743192163096,-8.536217113164213e-07
65,-0.7653149466586953,-0.003896644652282122
66,0.45081717639044205,-0.00017053442500525318
67,0.2528904183005085,-5.406167382315807e-06
68,-0.7949384427276358,-0.004866908219925525
69,0.8703633756197651,-0.008260039168138777
70,-0.9231640072918281,-0.011630829174317237
71,-0.47552364837199756,-0.00023421755173791414
72,-0.25317243734159156,-5.4423449438179006e-06
73,0.09533303374460567,-1.562161866530687e-08
74,0.5489674255132952,-0.0005493655214613424
75,0.032527128865311505,-2.467048787480053e-11
76,0.6613979656196349,-0.0016526204008586731
77,0.7441231954491931,-0.003305085898813842
78,0.017461854193281834,-5.906386491005833e-13
79,-0.7203216063163063,-0.002730801691129159
80,0.8258216550133399,-0.0060811078115180495
81,-0.7630149606325438,-0.0038285173775373105
82,0.01457037337830891,-1.992850329202156e-13
83,-0.6663440612266986,-0.0017268007520134798
84,0.054224243535993866,-5.293711025089465e-10
85,-0.3602468934451808,-4.480734056577784e-05
86,0.709502978170599,-0.00249841794196326
87,0.1295546755044581,-9.830298575153051e-08
88,0.5986188971509925,-0.0009172056620548874
89,0.45736901188248935,-0.00018581966973030273
90,-0.11614031787260237,-5.104167799530046e-08
91,0.20357654605450737,-1.4752950147078892e-06
92,0.7093560851966911,-0.0024953785740851053
93,0.769032845030521,-0.004008875950106905
94,-0.826728006532532,-0.006120173552581654
95,0.21595469080360497,-2.1009092491253156e-06
96,0.07807694831069845,-4.715903112462172e-09
97,-0.0893639629849603,-1.0599853994541775e-08
98,-0.15308685983995818,-2.6737150793376685e-07
99,0.4311229361254658,-0.00013072100320610236
100,0.38401402453138855,-6.559637863579049e-05
101,-0.39422053240811805,-7.670195887077291e-05
102,0.41568324109016275,-0.0001051995761452984
103,-0.8685608064410135,-0.008160948670241197
104,0.17648944944006328,-6.271656616263499e-07
105,0.99453519514211,-0.017894588594942196
106,-0.3543834020725407,-4.062685904837604e-05
107,0.8459179945929309,-0.006996867995696765
108,0.8631320438439765,-0.007868378874788973
109,-0.040930619068990204,-9.793943434033281e-11
110,0.24419539487118014,-4.384838569349014e-06
111,0.5939904622325227,-0.0008760578922769602
112,-0.35081216609652444,-3.824338583380271e-05
113,-0.6355199951989672,-0.001305980740621382
114,0.9582888264052607,-0.0144396913885394
115,0.9801341934401251,-0.016449377675650356
116,0.9480414910388766,-0.013568579234409683
117,-0.00786181028932642,-4.9960036108132044e-15
118,0.6036216401586134,-0.0009634633665434045
119,0.22388845476172348,-2.607551420008569e-06
120,0.37706587953229054,-5.88280884085135e-05
121,-0.8687958252720038,-0.008173812657559676
122,-0.7062024366783322,-0.0024308566574110513
123,0.40687749794403305,-9.259961670471384e-05
124,-0.23804399966571022,-3.763852211235985e-06
125,-0.886916535293216,-0.009216888984388438
126,0.23740063288658408,-3.7033682556142367e-06
127,-0.5224272202763498,-0.00040949398966161343
128,0.061683412547087535,-1.1469978300482353e-09
129,-0.1459799579561285,-2.010769235560872e-07
130,-0.37008995216648755,-5.2626573628145046e-05
131,0.7654954752315122,-0.0039020339176822905
132,-0.5467296783020337,-0.0005362261531639545
133,0.5613082741211817,-0.0006267058704683137
134,0.9142948593840432,-0.01099729341500677
135,-0.37072807609756064,-5.317026113627055e-05
136,0.18732091748000235,-8.961362539805506e-07
137,0.4848168805371602,-0.0002627706902391669
138,-0.4779018970559088,-0.0002412671693023949
139,0.7119089123752709,-0.0025486345535613575
140,-0.49213918620639974,-0.00028724782036992913
141,-0.6445219059167393,-0.001418995137490886
142,-0.29699556473850675,-1.4141188220406775e-05
143,-0.24617429018530146,-4.601850601471114e-06
144,-0.7689798375611774,-0.004007257376418827
145,0.5750055297595387,-0.0007228737751988623
146,0.6841454775973992,-0.0020168820710529944
147,-0.8545991636105101,-0.007425908986679386
148,-0.7243341126980316,-0.0028213860133060598
149,-0.5575945915167067,-0.0006025412205040714
150,-0.1621964227185162,-3.780764614713661e-07
151,-0.4126423719256418,-0.00010069706586068872
152,0.8312920824330134,-0.006320034744595415
153,0.5624467323411038,-0.0006342721715224542
154,0.8185922338481826,-0.005776760852231333
155,-0.9119840732546967,-0.010836946636355704
156,0.9005062271591153,-0.010068525912639625
157,0.34115333881505827,-3.237172199743732e-05
158,0.44936197928846533,-0.00016728512210073543
159,-0.33498929276472067,-2.903206492943511e-05
160,-0.48399700165517423,-0.00026014106934313386
161,0.12148691221661623,-6.685516218407628e-08
162,-0.96450714037429,-0.01499015892025668
163,-0.6669781336191019,-0.0017365057412527252
164,-0.12116276428006412,-6.579263589490125e-08
165,0.37044406842934263,-5.292771079412617e-05
166,0.8840075039502431,-0.009042474918337984
167,0.39375557525445215,-7.616421502532056e-05
168,-0.29755969059324294,-1.4302521966547133e-05
169,0.17557187704168653,-6.078787915253514e-07
170,-0.9620902692159683,-0.014774212769375406
171,0.6365719819440505,-0.0013187913641650173
172,-0.127887412727123,-9.095744313292187e-08
173,0.027560251649610956,-9.128919842282812e-12
174,0.5721092259240341,-0.000701584559981594
175,-0.29783661660532323,-1.4382278007207816e-05
176,-0.5343634985116812,-0.0004682123329800003
177,0.13839845193658018,-1.4605185816307653e-07
178,-0.038890252336646114,-7.206446550611645e-11
179,0.8769126827294176,-0.008628390144123643
180,-0.18721701100505062,-8.931622123009575e-07
181,0.42077790759267364,-0.00011311706927985554
182,-0.9249894089257142,-0.011764845449450445
183,-0.8212651859209734,-0.005887797392584826
184,0.5417489066936603,-0.0005079116946121731
185,-0.06730166813837246,-1.9349417623715226e-09
186,0.7872409559944464,-0.004597578581694961
187,-0.30306887347936917,-1.596017385696591e-05
188,0.18019141669092997,-7.102363077660101e-07
189,-0.6728295453668813,-0.0018282072733164512
190,0.7511164573457998,-0.0034915072776432465
191,-0.169767979451672,-4.969703992774299e-07
192,-0.8122794289702036,-0.005521323544108059
193,-0.5878991632067427,-0.000824240149845834
194,-0.46533939091462884,-0.00020592887218140454
195,-0.4816265540096336,-0.0002526606113745222
196,0.9677756637567294,-0.01528628491102002
197,-0.8177651240383907,-0.005742752050677646
198,-0.8435802581946175,-0.0068848712217604024
199,-0.6199838913113824,-0.0011284231884467477
200,0.37849096415275807,-6.0166755199042576e-05
201,-0.2944209502088566,-1.3423955420699407e-05
202,0.4080486920621631,-9.419935390797551e-05
203,0.618719738206321,-0.0011149002063796098
204,0.9361742082997866,-0.012613812962687043
205,-0.08352682030036784,-7.068639007457023e-09
206,-0.13046742020339686,-1.0252924165232713e-07
207,0.6203097345885156,-0.0011319306804031815
208,0.5835145336969545,-0.0007885305721254676
209,-0.613227590618382,-0.001057692216920647
210,0.7617635602916533,-0.0037918630587358004
211,0.06299448697778254,-1.301243668372365e-09
212,-0.8312748477752605,-0.00631927010385791
213,-0.28900535063029764,-1.2013622333495455e-05
214,-0.24514527092182758,-4.487916723805441e-06
215,0.7704773886215353,-0.004053192011134854
216,0.4059781889321137,-9.138660904606244e-05
217,0.8535060148707381,-0.007370727331641236
218,0.27299670017225175,-8.54414456619157e-06
219,-0.20308113720728604,-1.4539211277142527e-06
220,0.8251285578358802,-0.006051371920159254
221,0.2994563939511148,-1.4856226523640714e-05
222,-0.4708652778252098,-0.00022090322902990067
223,-0.6019053900091165,-0.0009473819336882627
224,0.4291816988765018,-0.0001272550960287333
225,0.9963910513120366,-0.01808811876107419
226,0.7207866072842384,-0.002741175055823275
227,-0.8028921070701336,-0.005158667433134312
228,0.9778840782884062,-0.01623241527522279
229,0.4948957955043183,-0.00029693856805779184
230,-0.613356087393029,-0.0010590024129324416
231,-0.792792287761328,-0.004790547237816689
232,0.8273337584846521,-0.006146397289514605
233,0.08496982515102336,-7.83348952371199e-09
234,0.4039132544016726,-8.865120827217243e-05
235,-0.22378153801048617,-2.600104497374467e-06
236,0.6567694202471557,-0.001585601837755246
237,0.8790905465395022,-0.008753814383483216
238,-0.41592471280891763,-0.00010556415795293095
239,0.9421282288080444,-0.01308573234156718
240,-0.6727461921164306,-0.0018268735322871654
241,-0.0967234187972994,-1.7038874311481322e-08
242,0.6658124102198155,-0.001718697905837674
243,0.2104024206818842,-1.7974793395936217e-06
244,-0.1723439464420986,-5.439065733359172e-07
245,-0.9253730659175459,-0.011793172242375083
246,-0.795696558116064,-0.004894119793200646
247,-0.35968379601454203,-4.4390980165953664e-05
248,-0.87932774027775,-0.008767564060511157
249,0.5875305011047818,-0.0008211871455731101
250,-0.8935430401623878,-0.009624474686368956
251,0.23259889482259122,-3.276978223332172e-06
252,0.11181472566566475,-4.065129399766221e-08
253,-0.80092056002644,-0.005085043243602705
254,0.051576042856584126,-3.9201475399153196e-10
255,-0.7847734545137859,-0.004513879647637387
256,-0.7995380765730253,-0.005033932674201824
257,0.681158101056532,-0.001965581827577889
258,-0.601108288207211,-0.0009399887732828294
259,-0.9682481222716968,-0.015329480863449318
260,-0.9433074071336083,-0.013180881486032248
261,0.04728152935868368,-2.3269464133335305e-10
262,0.6522733650363817,-0.0015226633435767578
263,0.09022320805415229,-1.1226039875467109e-08
264,-0.9028320981129518,-0.010220525700769145
265,-0.10480917707357218,-2.757773132078256e-08
266,-0.864845804457637,-0.007959794950867627
267,-0.405052356727045,-9.015163251091529e-05
268,0.07805006614656218,-4.7061717856067276e-09
269,0.14288533288554572,-1.7683864761419699e-07
270,0.9015319973107876,-0.010135332442905431
271,0.832850365825742,-0.006389484325521444
272,0.6926066721653124,-0.002168200377392293
273,-0.9636214047699629,-0.014910722318748015
274,0.21983706608589926,-2.3374667194042686e-06
275,-0.4420009348874341,-0.0001516245186271581
276,0.3676930888819856,-5.062548025336344e-05
277,0.7016981028603362,-0.0023410874161335915
278,0.005417912096156607,-5.551115123125783e-16
279,0.4759501606548995,-0.00023546910044902614
280,0.6034354047031378,-0.0009617074930584613
281,0.18521305396299814,-8.373913394921217e-07
282,0.9023064248479902,-0.010186009094476867
283,0.26646586591046306,-7.392033504083351e-06
284,0.5608837363212227,-0.0006239035279672622
285,-0.16366878793943473,-3.991179068352224e-07
286,-0.8232104663712034,-0.00596970094583027
287,-0.7933910060937086,-0.004811750257752712
288,-0.4524607338507627,-0.00017426707271606112
289,-0.6790682608103591,-0.0019303374384849192
290,-0.09020826083545974,-1.1214889461541588e-08
291,0.3623837554013989,-4.641699468377336e-05
292,-0.7116969351728777,-0.0025441770686505105
293,-0.13060244304842983,-1.0316709220248299e-07
294,-0.49626318773085565,-0.0003018451183028903
295,-0.011614303091341593,-5.1181281435219717e-14
296,0.6910735504351282,-0.002140110156911401
297,-0.46856752569958693,-0.00021457071385311277
298,0.7375048678355971,-0.0031362737529287976
299,-0.5244370572151407,-0.0004189296309152768
300,0.051874516930937586,-4.0582337490491227e-10
301,-0.8032144168901254,-0.0051707863082481875
302,0.008344779131163715,-6.994405055138486e-15
303,-0.47499312487472967,-0.00023266849241510013
304,0.6214456456269366,-0.0011442284795005753
305,-0.17992561825186826,-7.039818735732339e-07
306,0.3711885244359594,-5.356545784518385e-05
307,0.13676181976464608,-1.3599825332555326e-07
308,0.3135352830506468,-1.955060823577437e-05
309,0.9908806479434544,-0.017518415688527744
310,0.06785697603422003,-2.032712109745205e-09
311,-0.23374469441238177,-3.3748102257202817e-06
312,0.08492100214958898,-7.80653008902732e-09
313,0.990325272884544,-0.01746181715073125
314,0.9177204436236888,-0.011238557905776658
315,-0.289966691296925,-1.2254548838463997e-05
316,-0.5430046703336309,-0.0005149309586832684
317,0.7522049385411897,-0.0035212852881911783
318,-0.44053665645617257,-0.00014865918683493184
319,0.8677854240041607,-0.00811862478621972
320,-0.47280158884578105,-0.00022635916176771964
321,-0.21067659777086778,-1.8115530057150053e-06
322,-0.8142209282680839,-0.005598876329251379
323,0.5581308069633093,-0.0006059819469144134
324,0.04491790656542549,-1.7106693839252785e-10
325,-0.8846162394884463,-0.009078747133723253
326,-0.8116174768831141,-0.005495084292248209
327,-0.7719627621273744,-0.004099179475121173
328,0.42014903293196393,-0.00011211380885456368
329,-0.8349210344572449,-0.006482736358659924
330,0.9668351096626051,-0.015200587158767376
331,-0.7937696921934234,-0.0048252007698698085
332,0.3919814350287516,-7.41410053571867e-05
333,0.6596876403080729,-0.0016275891442774082
334,-0.11416420758173262,-4.6050183222234864e-08
335,0.57935984964294,-0.0007558829729206185
336,0.1424427631864531,-1.7358031123571038e-07
337,-0.46215584311889923,-0.00019769093704191665
338,0.19975471793242838,-1.3169767989484882e-06
339,-0.44303159229256295,-0.0001537409958073388
340,-0.5790415980531372,-0.0007534289384326653
341,-0.1826426999119799,-7.701299584716992e-07
342,0.9298665405827824,-0.012129107404096895
343,-0.2432635434356165,-4.28563827570283e-06
344,-0.4406277997571679,-0.00014884234760326187
345,0.10488977314249115,-2.770515783456773e-08
346,0.9074389063760682,-0.010527125648797986
347,0.2998761843084392,-1.4981153710125206e-05
348,0.17174587753859138,-5.326932354110525e-07
349,0.8856568567738448,-0.009141029043307713
350,-0.8593141126224615,-0.007667808198009607
351,0.6805680754770791,-0.0019555779868332124
352,0.4999623128953883,-0.00031545617331152354
353,-0.23200710084273024,-3.2273807408778055e-06
354,0.6883707198274724,-0.0020913184004643925
355,0.7508404496998999,-0.003483989418748279
356,0.8846798399195321,-0.009082543694393319
357,-0.24817234612272343,-4.829957302665555e-06
358,-0.4438040805742831,-0.00015534332985744914
359,-0.008506335519731234,-7.882583474838611e-15
360,-0.3596851577444933,-4.439198315342452e-05
361,-0.9926065530635666,-0.017695257431201705
362,-0.1215196573945605,-6.696328802568985e-08
363,-0.941952882520309,-0.013071631446201715
364,-0.4992634808294587,-0.0003128465910908762
365,0.9408239271412377,-0.012981140300716842
366,-0.21641657889276544,-2.1279616787550637e-06
367,0.45161360467976186,-0.00017233480850331606
368,0.21541723087565678,-2.0697915859013705e-06
369,-0.37970471384799764,-6.132675775227803e-05
370,-0.8181638849846413,-0.005759127604776149
371,-0.8955985232620152,-0.009753855804032763
372,-0.4285037152920015,-0.0001260627282549942
373,0.31570775488282754,-2.0374154156899138e-05
374,-0.6226147674339706,-0.0011570007940933102
375,0.6296999077269729,-0.0012369472732222109
376,0.5618371386124554,-0.0006302114167894279
377,-0.3416665142942852,-3.266357310949264e-05
378,0.4132572582149754,-0.00010159436273005085
379,0.21508963471153209,-2.051013436754623e-06
380,0.5829365107471929,-0.0007839199099983762
381,0.6671670654873074,-0.0017394061741843325
382,-0.4148896264377784,-0.00010400870224980263
383,-0.7129534046276444,-0.0025706922544437294
384,0.25421681961804143,-5.5780780539027575e-06
385,0.057797837900505744,-7.763312215303131e-10
386,-0.22844290241054788,-2.9416926442538127e-06
387,0.60341540170188,-0.000961519057146476
388,0.1646288562303222,-4.1335643718998227e-07
389,0.4096914555427007,-9.64818014491664e-05
390,0.24948863361725726,-4.985309938643212e-06
391,0.2603891348460792,-6.439089684562305e-06
392,0.28850464924413677,-1.1889707537626748e-05
393,0.24597584974650233,-4.579693824613429e-06
394,-0.13351457909841602,-1.177507903404873e-07
395,-0.08536308208536059,-8.053484212844353e-09
396,0.7621861989600347,-0.0038042100263037115
397,0.5829913136809703,-0.0007843560931731774
398,0.4035612821232859,-8.819180490338141e-05
399,0.046936686460130606,-2.2269674992969613e-10
400,0.7265982471167125,-0.0028735813618860906
401,0.485672668759473,-0.0002655389364891736
402,-0.26834075049821915,-7.70868075150588e-06
403,-0.9878070930726834,-0.017207052626270092
404,-0.7995295565612539,-0.005033619000408551
405,-0.8876696252396918,-0.009262486647193646
406,0.36831354050970866,-5.1137315572269415e-05
407,-0.36969900998754257,-5.229577402510177e-05
408,-0.0028715808291546185,0.0
409,-0.2549990956518511,-5.68158124270024e-06
410,-0.7631192617287723,-0.003831585519306513
411,-0.9379547806371726,-0.012753462273565552
412,-0.6071569366301028,-0.000997300607927798
413,0.8794121365552907,-0.00877246061351955
414,0.14417957655716473,-1.8666101164743765e-07
415,0.39784729315277323,-8.100565464597143e-05
416,0.6886272133112428,-0.0020959089197882808
417,-0.0834428053502616,-7.026098924889368e-09
418,0.4975294632322904,-0.0003064485381337745
419,0.7928869427733249,-0.004793894239112029
420,0.4816170462521514,-0.0002526309705397356
421,0.8721275739412637,-0.008357971466513292
422,-0.7748181812114718,-0.00418878782630927
423,0.7922354498807864,-0.004770896253834533
424,-0.21359069527196306,-1.9668912717429876e-06
425,0.23027470255049032,-3.085767652288851e-06
426,0.6310056002840683,-0.0012521661222280045
427,0.3469834990738827,-3.581831141541425e-05
428,0.018325614315656935,-7.889244812986362e-13
429,-0.4690549538045865,-0.00021590131381321598
430,0.6448567160877732,-0.0014233491865207615
431,-0.07000173701390322,-2.449884961563953e-09
432,0.4697086601035567,-0.00021769655602787985
433,0.47797777690511767,-0.00024149495431147194
434,-0.37832644721313025,-6.001093517249423e-05
435,-0.23775316443463645,-3.7364093151692757e-06
436,-0.6092124320160632,-0.0010174213296711976
437,-0.9938748188946653,-0.017826131970261505
438,0.28485407124051765,-1.1017975178884143e-05
439,-0.8501249336753609,-0.007202172964010267
440,-0.536803513519335,-0.0004810335514772168
441,-0.71336713754067,-0.00257947284179616
442,0.035215555901287665,-3.97282207131866e-11
443,-0.7054474804163622,-0.0024156162264429293
444,-0.5116195325957766,-0.0003617179911039603
445,0.21791073618996237,-2.217467688803154e-06
446,-0.43466605686585225,-0.0001372488641483427
447,0.1531695895253511,-2.682387735264413e-07
448,-0.9564670646684608,-0.014281582309056184
449,0.34983655044623063,-3.761285663106406e-05
450,0.9229574456655583,-0.011615742786529437
451,-0.34192044433624447,-3.280879373268597e-05
452,0.5983393178082563,-0.0009146756755322727
453,0.9101475205968907,-0.010710873761346051
454,-0.8486149373971925,-0.007127922955812216
455,-0.8808619697296787,-0.008856927782763035
456,0.2609281889035624,-6.519257619186369e-06
457,-0.30689921086333105,-1.720435069729742e-05
458,-0.06717770398698275,-1.913659897212483e-09
459,0.8475112959797644,-0.007074051865033515
460,0.5047082151860753,-0.0003336596324183816
461,-0.9528914460544866,-0.013975360645863355
462,-0.737430700116527,-0.0031344229699280524
463,-0.8172204619387147,-0.0057204466113337515
464,-0.4174400398462885,-0.00010787606255158178
465,-0.5556622140025969,-0.0005902754786559772
466,-0.7727897100680299,-0.004124967086379661
467,0.2802004809834562,-9.984408925967081e-06
468,-0.2147315225044124,-2.0306485297716392e-06
469,-0.8753571318954505,-0.008539708326204876
470,-0.6916343476348057,-0.002150350234537024
471,-0.5979778473767072,-0.000911413182280052
472,0.5876560742161137,-0.0008222260040169349
473,-0.7454935870299964,-0.0033409567517720395
474,-0.2453987431283653,-4.515761078516256e-06
475,0.7757244402004342,-0.004217561872161268
476,-0.3448661829979731,-3.453302704614636e-05
477,0.2890386843083528,-1.2021909814197151e-05
478,-0.8518990455882065,-0.007290218179511476
479,-0.539026794660586,-0.0004929675501099684
480,-0.20164340525389912,-1.3933459422910133e-06
481,0.5700911714580215,-0.000687059455211414
482,-0.2910444047226284,-1.2529403559891072e-05
483,0.02450782324633849,-4.514055795823424e-12
484,-0.6736934020635363,-0.0018420772218017412
485,0.29451286730445925,-1.3449030084933256e-05
486,0.25275083535379195,-5.388335764466845e-06
487,-0.25234507898156977,-5.336778335696124e-06
488,0.24110272287265322,-4.062773400703712e-06
489,0.7613702197898715,-0.003780401607963002
490,-0.5936361475428953,-0.0008729718784705742
491,-0.832034700737615,-0.006353054186530094
492,-0.5919923274715808,-0.0008587717489302316
493,-0.4746230084346279,-0.0002315928362591757
494,-0.8406258917220104,-0.006745437529592224
495,0.6276728813307138,-0.0012136233668563756
496,0.7717471281346588,-0.004092476938560408
497,0.49445965839727335,-0.00029538756627733864
498,-0.5388899274463506,-0.0004922258762284359
499,0.9575345623923346,-0.014374057299609277
500,0.26688886612027773,-7.462510908662345e-06
501,0.6451570973052452,-0.001427264876232237
502,0.43158122293505063,-0.00013155055482938494
503,0.5114164676463819,-0.0003608666257026716
504,-0.3475938573304098,-3.619611215976981e-05
505,-0.25587668029967214,-5.799591511923552e-06
506,0.6983968460746248,-0.0022770434410051
507,-0.39940881388062843,-8.291936612370154e-05
508,-0.8159590800559684,-0.00566906214442553
509,0.26068314230934875,-6.48271205960782e-06
510,-0.5381567363607767,-0.0004882684665089565
511,-0.43080325593160373,-0.00013014491839524744
512,-0.6816328174699826,-0.0019736611849129337
513,-0.7740508444923946,-0.004164550837882142
514,-0.027708303834212966,-9.42712574669713e-12
515,0.24353020926899727,-4.313833484093088e-06
516,-0.6063487845807918,-0.0009894803564536314
517,0.5881795077436316,-0.0008265680414961674
518,0.8783111344166461,-0.008708757462319028
519,-0.8478869127138029,-0.0070923489559930886
520,0.23406435437521678,-3.40253326991391e-06
521,-0.7521832947091027,-0.003520691142044452
522,0.5329411381601921,-0.0004608698369260589
523,0.7089355630999683,-0.0024866943597467994
524,0.15350264738538688,-2.717540019681053e-07
525,-0.042075439437877726,-1.1556733348072612e-10
526,-0.9250177625205587,-0.01176693699587461
527,0.32201975900000757,-2.2932233200267937e-05
528,0.45617342711754194,-0.0001829487883963088
529,0.7033004058342038,-0.002372702254372361
530,-0.5669312414384149,-0.0006648155221723462
531,-0.03293176587526192,-2.6569857425329246e-11
532,-0.035310732878015116,-4.037681300417262e-11
533,-0.6964677208582941,-0.0022402914157904075
534,-0.2079828966013848,-1.6771813452498563e-06
535,-0.7922901632537758,-0.00477282417011593
536,0.7525468334504297,-0.0035306816045042044
537,-0.6642348052189944,-0.0016948380447960876
538,0.638715555145831,-0.001345215866485061
539,-0.7464768793715313,-0.003366891752598633
540,0.6330958564354112,-0.0012768511694906115
541,0.5831170452350527,-0.0007853575637661869
542,-0.8489125031785856,-0.007142505134415722
543,-0.924577350124892,-0.011734483540243978
544,-0.9040583260711756,-0.010301413561221606
545,0.3016336137992195,-1.551367995034081e-05
546,-0.6176479831969555,-0.0011035404114162484
547,-0.6379299675259831,-0.0013354814420251104
548,-0.48144803069639885,-0.0002521045380683429
549,-0.05383311790614309,-5.068724329149177e-10
550,0.6978386781653003,-0.002266359041371957
551,0.055940222546492224,-6.38166519628669e-10
552,0.3321902142908788,-2.7613020627259566e-05
553,0.15035282159959085,-2.3999494402904276e-07
554,0.11674623682828256,-5.265948066490722e-08
555,0.9844791461561195,-0.01687501433517047
556,-0.7049392877858551,-0.0024054016214564156
557,0.5880540716338258,-0.0008255257894106416
558,0.9057131780764933,-0.010411404103266797
559,0.016674292949222513,-4.476419235288631e-13
560,0.79344539765894,-0.004813680291406497
561,-0.8400525074995424,-0.006718646178642929
562,-0.05440015536647125,-5.397577940158271e-10
563,0.08007400853346791,-5.487318710528655e-09
564,0.8742997504077552,-0.00847985388523731
565,0.536531954010492,-0.0004795924184303191
566,0.5687533916586038,-0.0006775684069231236
567,0.9936748657492016,-0.017805446309704043
568,0.24643877991515128,-4.63152068586048e-06
569,-0.6430554649019522,-0.001400053984827787
570,0.3617043065108003,-4.590005593663182e-05
571,0.32249455402674254,-2.313497596262426e-05
572,0.1347089704245883,-1.24209100893502e-07
573,0.3844632704480846,-6.605534291792559e-05
574,0.7211238731767387,-0.002748719141271949
575,0.8490019872185786,-0.007146895064877312
576,0.038320219452224746,-6.595479717930175e-11
577,0.43203460202191235,-0.00013237551502465195
578,0.17378743575271005,-5.717830738882768e-07
579,0.25001613985060556,-5.048723802358879e-06
580,0.6458352130025875,-0.0014361372928879401
581,0.7209250988609939,-0.0027442708211917743
582,0.6825895076446427,-0.0019900265628983727
583,0.07121337442988485,-2.7155194759487244e-09
584,-0.209388355559748,-1.7462149627389678e-06
585,-0.8217266767178908,-0.005907144012959775
586,-0.08546559498227535,-8.11166978031963e-09
587,0.14985186011728802,-2.3524130288166134e-07
588,-0.31534946193995705,-2.0236380561367007e-05
589,-0.27434436145616004,-8.799553075533595e-06
590,-0.5535079620670258,-0.0005768455512041859
591,0.10004152157824264,-2.085918704430867e-08
592,0.9176800442533908,-0.011235687598801891
593,0.6160834181041437,-0.0010871288950728974
594,-0.8015282259521104,-0.005107643017061014
595,-0.6321780220408773,-0.0012659629476641232
596,-0.06172450864583556,-1.151589712478085e-09
597,-0.7362378266444176,-0.003104779146669401
598,0.379954794249173,-6.156805626711392e-05
599,0.04372367378147213,-1.4553080962542708e-10
