,data,labels
0,-0.3085497398134509,-1.7764787146656857e-05
1,-0.6538227709000055,-0.001544115801073942
2,-0.800364694092581,-0.005064441883794735
3,-0.21824209995518018,-2.237736295040982e-06
4,-0.07214906146308109,-2.9367052123419057e-09
5,-0.2873895741517549,-1.1617561309296143e-05
6,-0.18064212017716952,-7.209474257585669e-07
7,-0.34607956733488443,-3.526481698534756e-05
8,0.9933918586639758,-0.017776201908496936
9,-0.7068548830101931,-0.002444091385227609
10,0.06588439093551446,-1.703014618215093e-09
11,0.8483963350151567,-0.007117225912204761
12,0.2981655542713062,-1.447749383043373e-05
13,0.7285300905475725,-0.0029187420103919948
14,0.8926658001681003,-0.009569686217949402
15,0.8038984926337527,-0.005196585014272892
16,-0.060709522465821175,-1.0425564855864877e-09
17,-0.49324115003702196,-0.0002910897989845118
18,-0.8529120186762813,-0.007340883749791027
19,-0.30183161359990485,-1.557465066137631e-05
20,-0.6808305066119811,-0.0019600222949077706
21,-0.2419048949132394,-4.144354586621546e-06
22,0.6690680557501059,-0.001768812570469236
23,0.9509827086578382,-0.01381409855752902
24,0.4587695973518706,-0.00018923020998484752
25,0.5695280070793518,-0.000683050708884303
26,-0.6986817078071512,-0.0022825122029287437
27,0.05139078408352482,-3.8364256216283366e-10
28,0.683453714351852,-0.002004905851039629
29,0.3949606888613262,-7.756448310869413e-05
30,-0.7895857926987879,-0.00467829310966017
31,0.5421433633405734,-0.0005101079832736666
32,0.056487755102469395,-6.765679128051261e-10
33,-0.5314047465214635,-0.0004530459990422786
34,-0.6860579804724121,-0.002050299550113377
35,-0.19981448157781312,-1.3193387610188623e-06
36,0.007314833390335673,-3.219646771412954e-15
37,0.6602493478675717,-0.0016357752305661277
38,0.9285374473904049,-0.012028940391231036
39,-0.6401952799014148,-0.0013637105258406113
40,0.021881066613109068,-2.2863932969130474e-12
41,-0.7156886377746523,-0.002629200772006679
42,0.46274347468502186,-0.00019919060670381405
43,0.8303545427567829,-0.006278549396280364
44,0.7940874269356955,-0.004836510149461293
45,0.9592340801007155,-0.01452228964152924
46,0.31052333135452015,-1.845476284390024e-05
47,0.689361711800782,-0.0021091003363091776
48,0.08318028319813386,-6.894545157010157e-09
49,0.9133335101628304,-0.010930351100744917
50,0.21065462186070194,-1.8104215990799588e-06
51,-0.8556658567949869,-0.007480080791187671
52,0.6697022078726158,-0.0017787129221694675
53,-0.17842869671784278,-6.696081420454192e-07
54,-0.43031806699943576,-0.00012927460059208862
55,-0.7225535423582568,-0.0027808884655955435
56,-0.6029523790646429,-0.0009571657218326868
57,-0.8001489633442549,-0.005056464995386478
58,-0.9682247493942953,-0.015327341591319987
59,-0.2352328209779151,-3.5054885639818067e-06
60,0.43416154665798623,-0.00013630318067681113
61,0.7678619910708766,-0.0039732489495794
62,0.3232288617750645,-2.3451466139134958e-05
63,0.689347039110416,-0.002108836150541804
64,0.4137523245903947,-0.00010232162008216861
65,-0.6686142080014095,-0.0017617550438129292
66,0.15670679756187122,-3.075770166338643e-07
67,-0.9625011445228564,-0.014810744255033259
68,-0.719958236415007,-0.002722718041343386
69,-0.4041776463374973,-8.899760432312664e-05
70,0.5450510769867187,-0.0005265414938279145
71,-0.33085343604802286,-2.6955942818096545e-05
72,-0.8944033895525092,-0.009678457039308697
73,0.37456329254352827,-5.6537115676991156e-05
74,-0.45464713324019534,-0.00017933732381725243
75,0.3481084099587213,-3.6517177510630994e-05
76,0.1145535662498729,-4.700006051017169e-08
77,-0.4041905712500775,-8.901456679955011e-05
78,0.0706194587086253,-2.5824645755179176e-09
79,0.8191886577181049,-0.005801386717883439
80,-0.20181029509066906,-1.4002677281022002e-06
81,-0.2570251829427028,-5.957106989806782e-06
82,-0.989937868689732,-0.01742242480981293
83,0.8330633456135008,-0.00639902479574006
84,-0.8392886035895795,-0.0066830882974536765
85,-0.4627424113370959,-0.0001991878844869177
86,0.7782109295540067,-0.004297343534742315
87,0.6551708144898836,-0.001562982455509787
88,0.8840418025882544,-0.009044515486889004
89,0.1877820962729242,-9.094359568750932e-07
90,-0.7927759889031516,-0.004789971103778545
91,0.6691872347292589,-0.0017706697125546844
92,0.29550031550681943,-1.3720868207944825e-05
93,-0.028145719879707043,-1.0355938329098535e-11
94,-0.2337161262867984,-3.372341785601307e-06
95,0.9644488275632441,-0.014984918591874341
96,0.05155423751025756,-3.9102143745139983e-10
97,-0.8797015247756195,-0.00878926749746023
98,0.9424474533110445,-0.01311143541076154
99,-0.21886338386483706,-2.276154212665915e-06
100,-0.8415617396772948,-0.006789352939364779
101,-0.15167920624897668,-2.5296892158799267e-07
102,-0.5120266745024007,-0.0003634299751514858
103,-0.6073744520042972,-0.0009994141355060826
104,-0.37262655696914426,-5.48154429895753e-05
105,-0.0860015479215146,-8.421606856323649e-09
106,0.9997300004128014,-0.01844059527230324
107,0.31465357924079673,-1.997100651152106e-05
108,0.8871124998630275,-0.009228736430411999
109,-0.8556890007043993,-0.0074812597261155744
110,0.3440365094815303,-3.403995187511999e-05
111,-0.009588798525484554,-1.6209256159527285e-14
112,-0.5895737201693318,-0.0008382259810008064
113,-0.9131494647401603,-0.0109175733756397
114,0.06582205058344659,-1.6933706659116865e-09
115,-0.5020863306108778,-0.00032349860833602584
116,-0.7426589634405194,-0.0032671092390682555
117,0.08765263388430844,-9.439122483634321e-09
118,0.23743139749657738,-3.7062419535605073e-06
119,-0.3305561230904106,-2.6811582998442773e-05
120,0.8849825976965815,-0.00910063430576602
121,-0.6343319816491344,-0.0012916372716745839
122,-0.9598695202608547,-0.014578031914721068
123,0.6476675365311364,-0.0014603390966295704
124,-0.10994806221183273,-3.674754134319613e-08
125,0.8008844744470749,-0.005083703765702663
126,-0.6363499224845337,-0.0013160786272186087
127,0.43487822861605263,-0.00013764819355577274
128,-0.8164316737679849,-0.005688269501196053
129,0.20825052914135633,-1.6901488045784063e-06
130,-0.6036083365236977,-0.0009633378488668187
131,0.3681801482557272,-5.1026913897467274e-05
132,0.44267573396997406,-0.00015300748169777556
133,-0.6976792432489098,-0.0022633147446396995
134,0.5597607068721075,-0.0006165404109953476
135,0.6391134848359077,-0.0013501690095861774
136,0.3732307225822977,-5.534778058846612e-05
137,-0.9548023860989356,-0.014138343230113204
138,-0.8094884805231541,-0.005411385025280824
139,-0.9234939784345273,-0.011654962058209706
140,-0.13885900801076456,-1.489900002260569e-07
141,-0.9724603968011136,-0.015719015528030233
142,0.7837177329377276,-0.00447845322897189
143,0.24594446922605528,-4.576198189054637e-06
144,-0.5542026051280595,-0.0005811481603547053
145,-0.19841265738533997,-1.2648557989880516e-06
146,-0.9804985327583045,-0.01648472940652357
147,-0.5635959314284633,-0.0006419863047975038
148,0.8874782434457189,-0.009250881528405919
149,-0.7128787982297191,-0.00256911151595951
150,0.602696672726635,-0.0009547685587703025
151,-0.5521197804850944,-0.0005683260817238578
152,-0.6107856664492426,-0.001033046766681811
153,-0.7235108860778998,-0.002802602547689159
154,-0.8546545736510862,-0.007428715042088863
155,0.879048668743525,-0.008751388638936763
156,0.5126147907912981,-0.0003659147754384584
157,0.467253194890793,-0.0002110166338598063
158,-0.14706876736813523,-2.1023656293639448e-07
159,-0.12600130676669563,-8.320466871047927e-08
160,0.37884063928036915,-6.0499061467655935e-05
161,0.588466549194365,-0.0008289571681173724
162,0.2051879956264513,-1.546637272809015e-06
163,0.06347637304102416,-1.3621116456974391e-09
164,0.9841625282262907,-0.016843698277804964
165,0.5248803721279378,-0.0004210349100910449
166,-0.6006145286092053,-0.0009354330773201358
167,-0.15481586526055913,-2.85990478188225e-07
168,0.25541654727949425,-5.7374649827801605e-06
169,-0.6989960520514356,-0.0022885595164167105
170,0.24782999453351873,-4.79021882393571e-06
171,0.6065042234006011,-0.0009909805457052334
172,0.8016598967375292,-0.00511255084636808
173,0.22450690314562505,-2.6509765472804148e-06
174,0.93650639860546,-0.01263977133523142
175,0.7695556849494267,-0.004024869565609657
176,0.18228190690064627,-7.610595081919413e-07
177,0.7078237941985439,-0.0024638549419701006
178,0.5962715770251599,-0.0008961425265779921
179,-0.09202434325705422,-1.2639082336285412e-08
180,-0.42284716625849583,-0.00011647094559497084
181,-0.6236123336240891,-0.0011679917462510403
182,0.6299810631230331,-0.0012402113902357792
183,0.49966928474729544,-0.0003143597600913095
184,0.8136409050097029,-0.0055756144425891385
185,-0.8757821288564642,-0.008563862991369131
186,0.09646922900448973,-1.6772066402381824e-08
187,0.12896132645757752,-9.563424407943444e-08
188,-0.7443732605530717,-0.0033116077805851463
189,0.12613221405230157,-8.372433857317674e-08
190,0.660128625939495,-0.0016340130231499161
191,-0.5639294324688302,-0.0006442394347762059
192,-0.2494782989550235,-4.984074214342549e-06
193,0.0628945603852833,-1.2889098677248967e-09
194,0.5184085080441276,-0.000391154187135867
195,0.831150268572743,-0.006313745220107303
196,-0.5737955807963675,-0.0007139160621608687
197,-0.5141982170401178,-0.0003726747842178746
198,-0.24576105850709484,-4.5558115163713e-06
199,-0.05867250830145054,-8.495322223467383e-10
200,-0.9805223034091679,-0.016487038013834554
201,-0.25645864720026146,-5.878968530104167e-06
202,-0.666662031337224,-0.0017316619365750352
203,-0.9540172143422103,-0.014071190017241775
204,-0.5629167000020816,-0.000637417567826204
205,0.6287793739601506,-0.001226309758980193
206,-0.8147778060512589,-0.005621284791277437
207,-0.12733713055917262,-8.863584843865624e-08
208,-0.23726978584572067,-3.691166641339727e-06
209,-0.033620745447934475,-3.008437943208264e-11
210,0.08085641303898172,-5.816888859477842e-09
211,0.3534492943749228,-3.999183035885423e-05
212,-0.9385913959358032,-0.012803696735672387
213,0.001181467134707903,0.0
214,-0.9766596483138479,-0.01611533524204023
215,0.6986030463516559,-0.0022810009843092782
216,-0.09022325066549408,-1.1226071738867915e-08
217,-0.49489122453262246,-0.00029692227774646973
218,0.16742631174178402,-4.5727860031874457e-07
219,-0.6920151302230417,-0.002157326247673619
220,0.2451883286239609,-4.4926365866393425e-06
221,0.8422014938379883,-0.006819508474699587
222,0.460306393685207,-0.0001930319800181879
223,0.014850026893553636,-2.233768725545815e-13
224,0.6706874837102994,-0.001794185579760521
225,-0.2918580363659249,-1.2740287396728611e-05
226,-0.6156571941433253,-0.00108269311326592
227,0.3911905339803239,-7.325356151921536e-05
228,0.9623306003828245,-0.014795572015131708
229,-0.5122112694230654,-0.0003642083824914044
230,0.3452401215113299,-3.475719074808037e-05
231,0.7275528747171967,-0.002895825261077678
232,0.9985592674288746,-0.018316376133783674
233,0.48462991623550544,-0.00026216910446519304
234,-0.014980627021161208,-2.354783035229957e-13
235,0.016130411272540668,-3.6692870963861424e-13
236,0.5421520875603199,-0.0005101566473745267
237,-0.7499114440726116,-0.0034587829819991978
238,-0.6163021611433877,-0.0010894112086317076
239,-0.6658820402429177,-0.0017197573437238711
240,-0.5248037291415173,-0.0004206703118349031
241,0.5398592990703197,-0.0004974987779500228
242,0.8791463153105981,-0.008757045607721725
243,-0.7514415317262668,-0.003500378704832552
244,0.8860852956755334,-0.009166772833714587
245,-0.9630373182402454,-0.01485852688775502
246,-0.555023563237734,-0.0005862673495726778
247,0.6312037718565249,-0.0012544894108369453
248,-0.1928638848988502,-1.0672047799920037e-06
249,-0.03176686558664077,-2.1406654227007493e-11
250,0.886840598444915,-0.009212301408773271
251,0.5558416255549343,-0.0005914055216698078
252,0.9875830969784507,-0.017184538288973483
253,-0.39354905144831154,-7.592636680420206e-05
254,0.9437414299165137,-0.01321604501378626
255,-0.9464581108432633,-0.013437887005943061
256,-0.47550284896339856,-0.00023415665964099386
257,-0.2575003214384881,-6.023304039315391e-06
258,0.4344798077239209,-0.0001368991162208344
259,0.9562028012759536,-0.01425876481443078
260,-0.9728355569045299,-0.015754096302667442
261,-0.08198404400435888,-6.320770018497512e-09
262,-0.9430099183975897,-0.013156823745849255
263,-0.2571172426419335,-5.969885392143048e-06
264,-0.5169192522793011,-0.00038453293680351663
265,0.823342946915687,-0.00597531266330753
266,-0.7839012984021938,-0.004484596610609626
267,0.36111332729477286,-4.545432388869397e-05
268,-0.17562687349122252,-6.090206977615864e-07
269,0.16221992924808526,-3.7840497990604405e-07
270,0.19532112475985652,-1.1512932572843582e-06
271,0.18728199487722574,-8.950212354585929e-07
272,0.6589854329310927,-0.001617403008476459
273,0.3474399557860999,-3.610053917757483e-05
274,0.8810287587466992,-0.008866687411651752
275,0.4469112052605224,-0.00016192887573118764
276,-0.017293137680289394,-5.571099137569036e-13
277,-0.847353622282887,-0.007066382772598967
278,0.20654737637990284,-1.6090316478090116e-06
279,-0.793670964794394,-0.004821691111712045
280,-0.3459577048783178,-3.519074494862107e-05
281,0.5582244691806346,-0.0006065846115529405
282,-0.3177030542392132,-2.1155745433376616e-05
283,-0.12371038261052503,-7.45358692544329e-08
284,0.3881673072775427,-6.994213939492955e-05
285,-0.08463491176012483,-7.650102995526709e-09
286,0.815014830669458,-0.005630844820678771
287,0.07107611944554337,-2.684273803232884e-09
288,-0.5710195349058809,-0.0006937102300808018
289,-0.606381039568807,-0.0009897915052380357
290,0.34255100993236653,-3.317173108496885e-05
291,0.5392424871619319,-0.0004941382493317548
292,0.7614163536770415,-0.0037817444164105485
293,0.0902685227436617,-1.1259900567495151e-08
294,0.09565934403838372,-1.5945074816059446e-08
295,0.10459270886633942,-2.723789827019374e-08
296,-0.09060214990066573,-1.1511828046373296e-08
297,0.5927128472057266,-0.0008649722755684763
298,0.8407668535803672,-0.006752037350382656
299,0.5794499729728886,-0.0007565791118905318
300,0.30461346563465064,-1.6452564142399595e-05
301,0.9468656287662274,-0.013471424996145398
302,-0.7623778004423023,-0.0038098183444111866
303,-0.43135313872207126,-0.00013113715216972466
304,-0.5561979085923534,-0.0005936549135134861
305,-0.30470122611653805,-1.6480915573602317e-05
306,-0.8480012705150444,-0.007097927257878167
307,0.9348097539861138,-0.012507646173005038
308,0.7862697390429116,-0.004564483682069964
309,0.3659916478065457,-4.9243678694743664e-05
310,-0.15638105976153027,-3.037647008374833e-07
311,-0.24187555620414924,-4.141347002661888e-06
312,-0.19590053314907085,-1.1719041693725174e-06
313,-0.18211148650950926,-7.568061207718912e-07
314,-0.6443814647507795,-0.0014171720399253074
315,-0.32338473786125754,-2.3519110363356965e-05
316,-0.49589529736494,-0.0003005184797363336
317,0.8110895023396962,-0.005474229195797209
318,-0.4341792080258875,-0.00013633619463837565
319,0.3891402128878556,-7.09939375073132e-05
320,-0.7282512624032553,-0.0029121880376175024
321,0.8568313135612255,-0.00753963771554933
322,-0.9028620380434138,-0.010222494480995992
323,-0.8812643206436681,-0.008880486255287812
324,-0.2780762496679623,-9.540178290134982e-06
325,0.7738406428815894,-0.0041579315753971224
326,0.9367225837039772,-0.012656688106595815
327,0.04630607719609303,-2.053384129396818e-10
328,-0.9535907269402772,-0.014034823065921964
329,-0.6694727729559922,-0.0017751257362917938
330,0.11577033125593128,-5.0074334900784834e-08
331,-0.902688173061692,-0.010211065848183765
332,0.8801456448273868,-0.008815112005381875
333,0.42414245528188865,-0.00011861203809815368
334,0.8541840814100841,-0.007404916130673178
335,-0.5327217827162241,-0.00045974601036780083
336,0.8943464376791741,-0.009674875979590714
337,0.2537811423742593,-5.5211169284197226e-06
338,-0.40475941295549234,-8.976376922675833e-05
339,0.954851870378794,-0.014142584198543307
340,0.9566619841286166,-0.01429843145724341
341,0.049435040768220695,-3.0397340200494227e-10
342,-0.8055370742690127,-0.0052588108697332325
343,-0.5322279863585908,-0.00045722443363571674
344,-0.2973345568494823,-1.4237953686047078e-05
345,-0.8168050845778512,-0.005703483533295084
346,-0.5796158556075144,-0.0007578618231045553
347,0.9418635517694613,-0.013064452465732401
348,0.07835374627951408,-4.817083176789083e-09
349,0.9097586300987404,-0.010684332137682717
350,0.8550836316481825,-0.0074504726452434555
351,-0.010729157787001675,-3.175237850427948e-14
352,-0.39485691939993206,-7.744307476775791e-05
353,-0.6607986395799428,-0.0016438131724828553
354,0.07619400161973866,-4.073506087998169e-09
355,-0.2794174118194488,-9.818689917673318e-06
356,0.10619014201123944,-2.982991909039612e-08
357,0.8818331875953043,-0.008913882017368757
358,0.1299367588901421,-1.0005411754665516e-07
359,-0.24526484974058405,-4.5010348063145855e-06
360,-0.8787578759772912,-0.008734559813745713
361,-0.3305009859095196,-2.67848819881511e-05
362,0.162225639053573,-3.784848139343211e-07
363,-0.021154828240083745,-1.8671730828145883e-12
364,0.06650264557513497,-1.8011598879041912e-09
365,-0.2176227097472061,-2.1999742654266186e-06
366,-0.00516944596934632,-4.440892098500626e-16
367,0.8739423472703927,-0.008459700405440973
368,0.03946033580973718,-7.863920625794663e-11
369,0.5736410270406733,-0.0007127784804515924
370,-0.8513657064463311,-0.007263657607880503
371,-0.19892166181886628,-1.2844177519344413e-06
372,0.23504737100387652,-3.48897740376497e-06
373,0.1208450606784528,-6.476492131479716e-08
374,0.6475559720120332,-0.001458855970909445
375,0.01184475703025667,-5.750955267558311e-14
376,-0.09707516526147564,-1.7413906094887466e-08
377,0.4749031957041643,-0.0002324067545028674
378,-0.6342713842657217,-0.0012909091486639213
379,0.39653496870597005,-7.942583149656013e-05
380,0.5901796762432823,-0.0008433349612426699
381,0.8520871505931538,-0.007299604857266884
382,0.39762427182937765,-8.07353493245122e-05
383,-0.7217589369433868,-0.0027629708488194904
384,0.3264921305925208,-2.4901833044599364e-05
385,0.49051527479385637,-0.0002816627092862012
386,0.8527683038544642,-0.007333678109282649
387,-0.08283397776628965,-6.724151235815157e-09
388,0.937584646215972,-0.012724329470528595
389,-0.16519251685856373,-4.219112335057673e-07
390,0.3401722780755032,-3.181980609079371e-05
391,0.5851730562853592,-0.0008018845219450732
392,-0.10433725381845704,-2.684135491648476e-08
393,-0.0946568386905331,-1.496871426809321e-08
394,-0.6635299176108302,-0.0016842658746833994
395,0.749463903597829,-0.003446693611965257
396,-0.4240221470270611,-0.00011841180508120885
397,-0.30709644389109125,-1.7270537464808555e-05
398,-0.12661451930112433,-8.56623656453337e-08
399,-0.3383586888905241,-3.082011458177547e-05
400,-0.7014806522478223,-0.0023368237843225392
401,-0.19829992024524645,-1.2605568353585284e-06
402,0.12281732194721218,-7.13671078900191e-08
403,-0.7361906825936793,-0.0031036123341198207
404,0.24828966831461896,-4.843638425344743e-06
405,-0.23593892000611016,-3.5689510450298556e-06
406,-0.26961228354437394,-7.929784693438968e-06
407,0.04787338254430007,-2.507257734762902e-10
408,-0.23914575057572374,-3.869338456419236e-06
409,-0.30920750607354996,-1.799232002319684e-05
410,0.19869580886160576,-1.2757069653979158e-06
411,0.1811242227714882,-7.325532990209993e-07
412,0.5433261743828057,-0.0005167408939592555
413,-0.9798584371372165,-0.0164226621992537
414,0.7200742125061226,-0.002725295942471617
415,0.4714025589514763,-0.00022240607767343157
416,-0.8136239765191879,-0.005574936716164269
417,-0.31866221560158503,-2.1540239923178994e-05
418,-0.29179337030936825,-1.2723419470339614e-05
419,0.6016323986026653,-0.0009448445363957614
420,-0.35332811855040025,-3.991005981252016e-05
421,0.10546065623387002,-2.862187342689282e-08
422,0.4775196955741299,-0.00024012253717664578
423,0.6455130112335574,-0.0014319159729065944
424,0.35183902796718347,-3.891649532083985e-05
425,0.8395047340828827,-0.006693132972882321
426,-0.6566408414168703,-0.0015837725953350423
427,-0.9056536473915644,-0.010407430799794337
428,-0.21860595770390634,-2.2601698586033336e-06
429,0.9523031516520788,-0.013925495068193294
430,-0.3281649538362852,-2.5673745268406378e-05
431,-0.9156165437090391,-0.011089873499688041
432,0.9316190033212786,-0.012262221276162388
433,-0.11448173317411015,-4.682359988628093e-08
434,-0.8630431370478215,-0.007863659923720734
435,0.6373488310578721,-0.001328317886749919
436,-0.011392769988296303,-4.5630166312093934e-14
437,-0.6294549704216257,-0.0012341094173773381
438,-0.4808935137520354,-0.0002503837635818851
439,0.9916967893415713,-0.01760185994911212
440,-0.34906541873908026,-3.712061601990335e-05
441,-0.9624068268378732,-0.014802351837079453
442,-0.2672948810862896,-7.530683210243971e-06
443,-0.3968298879236136,-7.977861854768786e-05
444,0.43216480706475147,-0.00013261322524982244
445,-0.20488990023916598,-1.5332278479052164e-06
446,0.28901835690780775,-1.2016855412966265e-05
447,-0.41450997962274716,-0.00010344298419906472
448,0.2222444020252834,-2.49498156279504e-06
449,0.669011135712112,-0.0017679261636276422
450,0.04168605450649876,-1.0929734894915555e-10
451,-0.3086138608790616,-1.778686196518553e-05
452,-0.770972630141971,-0.0040684774518287
453,-0.18924816279738477,-9.528118044555001e-07
454,0.7126197539579922,-0.002563629171826398
455,0.6848196927977637,-0.0020286111409414387
456,0.7543185183467112,-0.0035797036340097232
457,0.7398059130465824,-0.0031941421918910695
458,-0.4519031524931827,-0.00017299324570185792
459,-0.9362265178121949,-0.012617897700665348
460,-0.22341482108504374,-2.574696412072086e-06
461,0.7383563777706208,-0.0031575868176952904
462,0.8644012480344154,-0.007935998185657045
463,-0.9258768810308655,-0.01183045529171367
464,0.6489316244662013,-0.0014772307910542182
465,-0.06549021805365585,-1.6427994520284983e-09
466,-0.09201076234293071,-1.2627898615669153e-08
467,-0.27429593829581256,-8.79026722122589e-06
468,0.6898629047000102,-0.002118140834135307
469,-0.9385232818272451,-0.012798314242299158
470,0.6291248399279257,-0.0012302930122863875
471,0.32878905996440455,-2.5966780463848593e-05
472,-0.44164520827169995,-0.00015089965989101284
473,-0.7992399524502158,-0.005022966433276932
474,0.578834728008564,-0.0007518372998986944
475,0.49769253155849524,-0.00030704556010219264
476,-0.0771027718701871,-4.373771123056258e-09
477,-0.7410015693048269,-0.0032245563283189727
478,-0.45997249922738614,-0.00019220064535385717
479,-0.7427835550275639,-0.0032703266436062695
480,0.7698139495126584,-0.004032789167332518
481,-0.9942717172446476,-0.017867250061220696
482,-0.29102270421106713,-1.2523819037046913e-05
483,0.6619620417310685,-0.001660945126547353
484,-0.7502147517544415,-0.003466996003553824
485,-0.8431995283726172,-0.006866770988736226
486,0.726237921934554,-0.0028652220073549506
487,-0.36394697916983176,-4.762471311869909e-05
488,-0.9958878434390901,-0.018035476334755662
489,0.9162678078969488,-0.011135726168661542
490,0.1484003571875372,-2.2190847381864387e-07
491,0.7614389027622084,-0.003782400890023574
492,0.5743106992096978,-0.0007177183960822564
493,-0.848411889628397,-0.007117986623701333
494,0.411372004249555,-9.886404919123848e-05
495,0.5207290802975404,-0.00040165942700842727
496,0.6704497785012009,-0.0017904425703904048
497,0.9316966459447649,-0.012268146335972507
498,0.9876718919058265,-0.017193460390176885
499,0.9200317718683293,-0.011403773965501962
500,0.5222157541002959,-0.0004085115266769801
501,0.900351600892964,-0.0100584866740413
502,-0.8667343525998481,-0.008061539480770374
503,0.6252911154309893,-0.0011866826722599644
504,0.5382764022463291,-0.0004889125610425538
505,-0.39009405427397126,-7.20378402112587e-05
506,-0.45511042672401203,-0.00018042724851619063
507,0.6159595299769585,-0.001085838027392927
508,-0.8480838318720751,-0.007101956782221808
509,-0.13445123701354045,-1.2279110039870034e-07
510,-0.5513560697854356,-0.0005636836339041329
511,0.8988407741821691,-0.009960824748630803
512,-0.9857413810718363,-0.017000331140052505
513,0.7298565842672793,-0.0029500882052465593
514,0.39326184213456794,-7.559662038847392e-05
515,0.17978446039345974,-7.006790141428354e-07
516,-0.9970949621074754,-0.018161967206442364
517,0.4070846280342604,-9.288088305825504e-05
518,0.6116758040188497,-0.0010419750697300278
519,0.5834219636660558,-0.0007877906740291207
520,-0.7227256800836874,-0.0027847825825442207
521,0.4075723769616044,-9.354600935829183e-05
522,-0.017444647035035343,-5.871969577242453e-13
523,-0.3540400164923496,-4.0392450857185125e-05
524,0.6842906801320148,-0.002019403372844897
525,0.3195798725922845,-2.1913516259242094e-05
526,-0.8588832909139237,-0.007645440751051336
527,0.8299863898775801,-0.006262320086465101
528,-0.8683939543588512,-0.008151825916875577
529,0.17893445628720683,-6.810618997654672e-07
530,0.25716465942614986,-5.9764760002023465e-06
531,-0.6552303210556087,-0.0015638196450082908
532,0.8508522835088275,-0.007238163782354534
533,0.5116991150239856,-0.0003620520998061094
534,0.9198051503298537,-0.011387487663071627
535,-0.9611454466976883,-0.01469048587627153
536,-0.9061688689672884,-0.010441859713659962
537,-0.48023879267277225,-0.0002483645761640618
538,-0.2633983072304804,-6.897315203979737e-06
539,-0.19927545581778583,-1.298162528140523e-06
540,0.7849455746563452,-0.004519677163615343
541,0.6035965527226985,-0.0009632266818605517
542,-0.6975602386355066,-0.0022610446313600097
543,-0.9486065383917985,-0.013615468461942282
544,0.22245549340401216,-2.5092046804786605e-06
545,0.37409883854387194,-5.612019911072075e-05
546,0.36815779486832634,-5.1008432568111495e-05
547,-0.2091504575532015,-1.734366394279263e-06
548,0.5834285247310544,-0.0007878430967199757
549,0.3029603368890732,-1.592604015288046e-05
550,0.7881831979370315,-0.004629874132686229
551,-0.6548920986085096,-0.0015590661587858712
552,0.8406738820898962,-0.006747683840450325
553,-0.04028681597122041,-8.905298720662813e-11
554,-0.3802702241497449,-6.187353323605649e-05
555,-0.6330824640938117,-0.0012766917431672464
556,0.09160015811473077,-1.2293647211336634e-08
557,0.8351844404762099,-0.006494678311557922
558,0.842885511299251,-0.006851871687600708
559,-0.6348484975969679,-0.0012978573640693991
560,-0.9434717705509659,-0.013194188842268195
561,0.9671541939337001,-0.015229616243700783
562,-0.002535903517837834,0.0
563,0.23334959488816787,-3.3408045608807058e-06
564,0.8048565120535609,-0.005232892431016767
565,0.8516394444272086,-0.007277279988109342
566,-0.8921545019308297,-0.009537870620899391
567,-0.5168184087195893,-0.0003840879607256431
568,-0.34233093472851994,-3.3044684422334214e-05
569,0.13870444425304695,-1.4799851422164778e-07
570,0.1635509985389103,-3.9739948876071907e-07
571,0.6860987761215964,-0.002051017316301529
572,-0.4947765641619051,-0.0002965138861420469
573,-0.6802729260290279,-0.0019505895133375972
574,-0.9506799034996807,-0.013788655724260024
575,0.7387439843538572,-0.0031673278750520284
576,0.91745189386917,-0.01121948913426385
577,-0.8613774503926046,-0.007775676756220928
578,0.13911859657760317,-1.5066764003091038e-07
579,0.6325474506277151,-0.0012703362090557002
580,-0.06051327690173136,-1.0225017499365663e-09
581,-0.6517112932602616,-0.0015149421414475395
582,0.16272999902048957,-3.8559229598167377e-07
583,-0.3373134990188762,-3.0255935756451358e-05
584,0.7542473141322068,-0.0035777227031356107
585,-0.3570213320190476,-4.246558292764213e-05
586,0.0730876776668885,-3.173465712436041e-09
587,0.5734395600162352,-0.0007112978470221742
588,0.35957354901611094,-4.4309839745682034e-05
589,-0.945813486497459,-0.013384974671578953
590,-0.6937936750471554,-0.002190156884898098
591,0.9998110799116862,-0.018449223426417638
592,0.7993379309093478,-0.005026568322485492
593,0.04343932985614263,-1.399441673655133e-10
594,-0.35234187073948053,-3.924968175539334e-05
595,-0.9473198027155632,-0.01350888310350129
596,-0.626230785089118,-0.001197251902654739
597,0.8730587895358066,-0.008410045909036823
598,0.19612293105119627,-1.1798965281473173e-06
599,0.07249387982174738,-3.0219104996120905e-09
600,0.4966978419496144,-0.0003034187594483928
601,0.962707092541897,-0.014829083056396186
602,-0.47802261143176805,-0.00024162962757212636
603,-0.8331285437735609,-0.006401947692338705
604,-0.049217120148189464,-2.9602220674718183e-10
605,-0.9368265164609892,-0.012664827556378544
606,-0.6499771675584507,-0.0014913235926113932
607,0.9952748224211656,-0.01797151449538137
608,-0.03799693904415502,-6.268618957250283e-11
609,-0.5127525883385275,-0.00036649900138696623
610,-0.7326303196691053,-0.0030165294149883115
611,-0.6368919745762611,-0.0013227085914375714
612,0.3364571741611042,-2.9800124193846145e-05
613,-0.9356942008304914,-0.012576380561182932
614,-0.6108539951575078,-0.001033729874473699
615,0.9859958869590135,-0.017025690470025223
616,0.3235453186343136,-2.358896575083147e-05
617,-0.5597268501205559,-0.0006163195508789299
618,-0.5670735801720326,-0.0006658045232862397
619,0.5643082546344587,-0.0006468066812601592
620,-0.3361447688717447,-2.963526185517651e-05
621,-0.06993109670727526,-2.435091794872335e-09
622,-0.16311908529754504,-3.9115097116848574e-07
623,-0.9860920976899621,-0.017035285063504824
624,0.13275306269601272,-1.137810594631361e-07
625,0.6763468335339302,-0.0018852236806239375
626,0.05599722364402959,-6.420776132998185e-10
627,0.9015854075014218,-0.010138820847456986
628,0.398972128757598,-8.238044945563239e-05
629,0.9691482855372398,-0.015412056308630517
630,-0.20567479017474932,-1.5687449170798118e-06
631,0.9101864196750951,-0.01071353156863164
632,-0.3914065892141734,-7.349510973342355e-05
633,0.23136397234755535,-3.1741909277682723e-06
634,0.9926660642459313,-0.017701380952251156
635,0.6542910325532447,-0.001550647987255127
636,-0.21900951114480205,-2.2852694758768166e-06
637,0.4940071944304787,-0.0002937856005207351
638,0.9982160592293685,-0.01828008982229956
639,-0.8411724973959145,-0.006771059075768693
640,0.05265244319754658,-4.4373071883541115e-10
641,0.8412249831065988,-0.0067735234755413876
642,0.7323246703473283,-0.0030091482021524785
643,0.0866295369165917,-8.797260031556675e-09
644,0.5577841912315311,-0.0006037559711977725
645,-0.686374912259349,-0.0020558811510171804
646,-0.4960385304196031,-0.00030103441290574295
647,-0.9313191464040553,-0.012239360533643606
648,0.8908508159138846,-0.009457139740918219
649,0.28285829549871044,-1.0564327641904292e-05
650,0.2284868079036919,-2.945079182858912e-06
651,0.5349073033219189,-0.00047104501205474936
652,-0.7124006494061952,-0.0025589996212191934
653,0.8562229783154927,-0.007508502455881749
654,-0.6209966988695366,-0.0011393549002968184
655,0.813323398121401,-0.005562914405383035
656,0.8512248316526778,-0.007256655214201935
657,-0.3996521974220655,-8.32209954964025e-05
658,0.8809198585574847,-0.008860314140903158
659,0.664999262217987,-0.0017063654350003565
660,-0.35689894720931603,-4.2378774476659054e-05
661,0.7025731431798605,-0.002358309446794382
662,0.41419086792591564,-0.00010296944779553119
663,-0.19727998477921105,-1.2222138131567917e-06
664,0.8456554332973918,-0.0069842152663576185
665,0.004239227997726802,-1.1102230246251565e-16
666,0.8154186021705403,-0.005647161032372949
667,0.7039438528721704,-0.0023854965428993236
668,0.28017202711319156,-9.978346845240793e-06
669,0.14106452031308891,-1.6375180000860468e-07
670,-0.1761654056241666,-6.20297084696908e-07
671,0.8720731264338013,-0.008354934894007626
672,0.5213707423975162,-0.0004046050908494969
673,0.8742427111793107,-0.008476634888814893
674,-0.08657424672682423,-8.763635817032878e-09
675,0.828723969524243,-0.006206929575216402
676,-0.40209856813168643,-8.630374320339751e-05
677,-0.8874016103166555,-0.009246237939598001
678,-0.40906411659984965,-9.560482433768058e-05
679,-0.40693480541182847,-9.267736490503609e-05
680,0.48428275458396497,-0.00026105508600804406
681,0.0643623809701852,-1.4802208347930446e-09
682,-0.5212818585542942,-0.0004041959901081027
683,-0.8045697002611678,-0.005222000963628903
684,0.14715998036691724,-2.1101941072299013e-07
685,-0.40502451694968644,-9.011471239472879e-05
686,0.8933989587768503,-0.009615458454159453
687,-0.16974492107860506,-4.9656602174597e-07
688,0.7978697659669465,-0.004972817047933842
689,0.4019262536612078,-8.608354710937238e-05
690,0.7450960500456134,-0.0033305181779627047
691,-0.49866308054864716,-0.00031061887630390306
692,-0.1871800286967451,-8.921056787736248e-07
693,0.1658361961078072,-4.3186030751485305e-07
694,0.4767719753862545,-0.00023789624572756463
695,0.9227953107884981,-0.011603912336094147
696,0.6091455235782335,-0.0010167611437214008
697,-0.5502460314234678,-0.0005569918888798098
698,0.8005868179223621,-0.005072665949105382
699,0.6376619401111261,-0.0013321735708066162
700,-0.6283086804537348,-0.0012208997557743295
701,0.7459259438699919,-0.0033523401485443527
702,0.32340131137371686,-2.3526312158184126e-05
703,0.5037620958883244,-0.00032996294150489103
704,0.19623928184158457,-1.1840958973330373e-06
705,0.3176292514582979,-2.112639842211106e-05
706,0.6659927249670246,-0.0017214425469460615
707,0.6001519788897915,-0.0009311819001006638
708,0.5526572224879891,-0.0005716120071590503
709,-0.7219360996663553,-0.0027669574526543173
710,-0.5746324903579454,-0.0007201021728172607
711,0.20217493323035107,-1.4154908059005322e-06
712,0.8158994723809092,-0.005666643325257792
713,-0.6585102395660187,-0.0016105397762231632
714,0.7135148397270277,-0.0025826134743036633
715,0.6450575013658715,-0.0014259655866264431
716,-0.4098350733757734,-9.668350558444949e-05
717,0.7621285395920141,-0.0038025236220999847
718,0.9359302804081335,-0.012594779400157963
719,-0.47775601528398837,-0.00024082974447947603
720,-0.7803541676113497,-0.004367102192934791
721,0.21695991063738584,-2.1601547284255673e-06
722,-0.7033930903169388,-0.0023745417000695657
723,-0.5602614376943409,-0.0006198145129275856
724,-0.9304723528116112,-0.012174989727325225
725,-0.284194826767328,-1.086636915714756e-05
726,0.41783719281293785,-0.0001084888892707303
727,-0.3167728640964509,-2.0788330795107335e-05
728,0.04785427255660779,-2.5012591997608524e-10
729,-0.055218110495798056,-5.903132427320656e-10
730,-0.2525477203242721,-5.362475403059008e-06
731,0.6792711718778384,-0.001933736464070579
732,0.5578987831059397,-0.0006044911338606296
733,0.08373370443831596,-7.1743089247178204e-09
734,-0.6674928140833305,-0.0017444163596802564
735,0.23687499643489907,-3.6545546977517773e-06
736,-0.027878044893159926,-9.778955423200841e-12
737,0.818449909487269,-0.005770897077731929
738,0.8310884035900492,-0.006311003080724409
739,-0.6770391490979408,-0.0018966170937041449
740,-0.14738460404921372,-2.1295763086293107e-07
741,0.43330992318595896,-0.0001347191111724655
742,-0.462759926132128,-0.00019923272705302253
743,-0.36767814178134994,-5.0613202481675224e-05
744,-0.021707313909435255,-2.17970086424657e-12
745,0.7661757126215569,-0.003922395878939278
746,-0.17087477734564005,-5.167056259525182e-07
747,-0.5878377245877671,-0.0008237307075262823
748,0.9759086228460263,-0.016043863171572914
749,-0.7029849090405889,-0.00236644959603749
750,0.7828335801542303,-0.004448960005454805
751,0.07326720913446483,-3.220514743773606e-09
752,-0.4807528963860541,-0.00024994895079955004
753,-0.3609341009708624,-4.531985944977723e-05
754,-0.7938719294809826,-0.004828837410378317
755,-0.12603398866880577,-8.333415557615353e-08
756,-0.3662445757479811,-4.9447085167519944e-05
757,0.14094117872033163,-1.6289531179491945e-07
758,0.7623532798719284,-0.0038091002302270693
759,0.4478352043237426,-0.00016393134715486646
760,0.051682020787247485,-3.968723127911744e-10
761,0.6276246591543506,-0.001213072952707006
762,-0.26457925694958195,-7.084403328860844e-06
763,0.7709481581898343,-0.004067721024021309
764,0.8210438264847311,-0.005878536012426716
765,0.25031804123635415,-5.085317675290746e-06
766,-0.35975895425605997,-4.4446366417205674e-05
767,-0.01785815088101872,-6.757927550893328e-13
768,0.47220466841805364,-0.00022466544811361455
769,0.24339971410220618,-4.300016699598785e-06
770,-0.5353150726969162,-0.000473178373309624
771,-0.6785002921126921,-0.0019208493864047993
772,0.28137846852042503,-1.0238081197155857e-05
773,-0.3524094926209065,-3.929466861396502e-05
774,-0.30806613972366126,-1.7599031712278723e-05
775,-0.10126932162471958,-2.2442417813017812e-08
776,0.8489644398539287,-0.00714505278787092
777,-0.3220460628394757,-2.2943426454813398e-05
778,-0.6930217830996357,-0.00217585815370136
779,-0.25916819916762157,-6.260540814984061e-06
780,0.6442243184452621,-0.001415134380236327
781,0.8439968187688593,-0.006904719631987244
782,0.3923055323056597,-7.450723290358674e-05
783,0.7820951457627741,-0.004424449980684142
784,-0.48876037488781066,-0.0002757285295392764
785,-0.4551037013044079,-0.00018041138738911222
786,-0.7437314738947116,-0.0032948907424379392
787,0.1129301489878709,-4.3144572470232845e-08
788,0.5034382146834266,-0.00032870528821415945
789,0.8099836015751511,-0.0054307562480425675
790,0.691688987215682,-0.0021513500992824675
791,-0.5717574976858619,-0.0006990348662568868
792,-0.859370291954386,-0.007670728866374099
793,-0.23053655048033828,-3.1068340832218766e-06
794,0.7370056732607213,-0.0031238341527151103
795,-0.046559991862838546,-2.1218693468938454e-10
796,0.7599314223175728,-0.0037387190607773846
797,0.9845408579823001,-0.016881123647926044
798,-0.8407957534890156,-0.006753391094572625
799,0.5267440987315681,-0.000429981693211845
800,-0.08413030783418418,-7.380562938585911e-09
801,-0.3265099492387469,-2.4909952475393737e-05
802,-0.767726286521337,-0.003969136576383425
803,0.4339690592240797,-0.00013594379838677284
804,-0.11405184611838237,-4.577905998726095e-08
805,0.13718801359691257,-1.3855901348502897e-07
806,0.7864798459555613,-0.004571626592945188
807,-0.6159882691281395,-0.001086137365747697
808,0.2950211389847994,-1.358838904796933e-05
809,0.9864756564049855,-0.017073579140828077
810,0.9205314745589295,-0.011439752634270328
811,-0.9040145202684868,-0.010298514939729997
812,-0.08965153844395912,-1.0806101569116322e-08
813,-0.44302879134407247,-0.0001537352109783896
814,0.4348796900179539,-0.00013765094740481043
815,0.6200740663616413,-0.0011293929653310997
816,-0.3927174106111184,-7.497481816376439e-05
817,0.6460931985608951,-0.0014395246807245021
818,-0.7732495653747469,-0.004139364800461398
819,-0.8620089316185771,-0.007808936862817473
820,-0.6257112155806377,-0.0011913983214170143
821,-0.5230630481774112,-0.0004124598078873998
822,-0.19333191730904775,-1.0828139963559025e-06
823,-0.7893629984038373,-0.004670574383406567
824,-0.18331049397972832,-7.871560543382117e-07
825,-0.9386788314893884,-0.012810608749700525
826,0.06376008624272123,-1.399044435856922e-09
827,-0.9159424282461834,-0.011112798293201664
828,-0.853242815951847,-0.007357491447773312
829,0.09693913612461613,-1.726806475588205e-08
830,0.09666943364306513,-1.6981915651470558e-08
831,-0.05747059112541031,-7.503319077173387e-10
832,-0.9533382314883021,-0.014013328702061623
833,0.3606433909221036,-4.5102457097434545e-05
834,0.6662989495824827,-0.0017261119891430754
835,-0.08621524082899223,-8.547903940225865e-09
836,-0.3089697230107622,-1.7909788751380162e-05
837,0.6659280964935199,-0.001720458396632707
838,-0.08686110580534079,-8.939256890272418e-09
839,-0.38848769250242654,-7.028706598632972e-05
840,-0.6280613763418916,-0.0012180652228809263
841,-0.9193470504238113,-0.01135462401717624
842,0.9785699972576347,-0.016298305034421867
843,0.3496674401193236,-3.750444598049629e-05
844,0.8167839887079797,-0.005702623127181949
845,-0.1172723815921981,-5.409872394501747e-08
846,0.33546871297120173,-2.9281087530752536e-05
847,0.6096220043180816,-0.0010214703019741922
848,-0.10729340900262208,-3.173747364915158e-08
849,-0.08904281940051173,-1.0373418235509746e-08
850,-0.39534613163697574,-7.801682828800782e-05
851,-0.8241791916584715,-0.006010834878277582
852,-0.05280891537341037,-4.517008989068927e-10
853,0.1346777833336945,-1.2403679350292407e-07
854,0.5776665439262625,-0.0007429014643312026
855,-0.7146139007517924,-0.002606082095869988
856,-0.08493336040566857,-7.81334696942082e-09
857,0.11754210832480316,-5.48491591034761e-08
858,0.34814601565038505,-3.654073480618969e-05
859,0.8303561374768142,-0.006278619771341032
860,-0.4273192673288073,-0.00012400188331207485
861,-0.730321392394651,-0.0029611373188016543
862,-0.500400069045376,-0.0003171000086273912
863,0.1486459673405669,-2.2411919020637328e-07
864,-0.5478580725063482,-0.0005428188526320765
865,-0.29512488260599357,-1.361698071788986e-05
866,0.7976062894050515,-0.004963220960905512
867,-0.40262816402486723,-8.698342824708938e-05
868,0.30835854404415564,-1.7699099764567627e-05
869,0.6327272293678687,-0.0012724689181615734
870,0.8975352049343297,-0.009877056438622356
871,-0.4285878118841928,-0.00012621012321101244
872,0.3070649375722594,-1.725995050105844e-05
873,0.2198505779247515,-2.338327127482387e-06
874,0.8960601205905563,-0.009783105342351828
875,0.18154554984501914,-7.428230828221416e-07
876,0.30134580100247943,-1.5425406829527866e-05
877,-0.9817651471560358,-0.01660811041427024
878,0.7434716898706801,-0.0032881437341960584
879,-0.4854509455324991,-0.0002648194129368786
880,-0.9104072752204706,-0.010728631896477103
881,0.7955892704050287,-0.004890261272861518
882,-0.47598507788831834,-0.0002355718057821532
883,-0.0660765767858944,-1.7330337165333276e-09
884,-0.6896819194407775,-0.002114872554501046
885,-0.8697322665024312,-0.008225234582172725
886,0.8264409457329844,-0.006107778409021769
887,0.5995156184027475,-0.0009253593624203305
888,-0.7154350977652335,-0.0026237317183258613
889,-0.2843073855208673,-1.0892130672846001e-05
890,0.9527544621131312,-0.013963736496821588
891,0.07747618556395497,-4.5023822448087e-09
892,0.5702837006960795,-0.0006884343798720938
893,0.580037351122813,-0.0007611291852209767
894,0.768995739685902,-0.0040077428886066135
895,0.22505276107402694,-2.6898031115774046e-06
896,-0.6344000765992577,-0.0012924558879027215
897,-0.8655744412961595,-0.00799892460717
898,0.08388900571564739,-7.254493672448348e-09
899,0.9509129072669527,-0.01380823018831745
