,data,labels
0,0.5853231658157909,-0.0008031023260001158
1,-0.5579555089038388,-0.0006048553313048322
2,-0.10442588527085483,-2.697838907828043e-08
3,-0.8188273033267135,-0.005786456429629161
4,0.06051970243792715,-1.0231532288074163e-09
5,0.5086151302132058,-0.0003492900787200881
6,-0.8162815472629135,-0.0056821622210813105
7,-0.6677132399838157,-0.0017478133698509701
8,0.4778974659705908,-0.00024125387305584667
9,-0.8328857998007717,-0.006391070788369313
10,-0.9981297942956715,-0.018270978511208624
11,0.8089229427544189,-0.005389328176303998
12,-0.6189896093027059,-0.0011177757984820458
13,0.2398635795547548,-3.9393810111754135e-06
14,0.8085434664873821,-0.005374569396634388
15,-0.2102525591600486,-1.7898254112136414e-06
16,0.5654801911809559,-0.0006548024188198776
17,-0.42600801795284293,-0.00012175308913464633
18,0.11497468796993959,-4.804574460504085e-08
19,0.6410153053170129,-0.0013740497931447049
20,-0.8222842070060068,-0.005930586283666717
21,-0.7844961139361617,-0.004504550840935595
22,-0.9533766544828572,-0.014016597831602029
23,-0.759357439622135,-0.0037221962845713774
24,0.7810063476535556,-0.004388513058579568
25,-0.2516065668107754,-5.24399252765928e-06
26,0.3073791434216986,-1.7365773841593324e-05
27,-0.6638064989747492,-0.0016884076459995345
28,-0.11885789862001972,-5.863548668827434e-08
29,-0.8122595853837962,-0.005520535469045407
30,0.10343032346861314,-2.547214639214701e-08
31,-0.5997950753141432,-0.000927912607890935
32,0.16144962075205171,-3.6776236278512897e-07
33,-0.25728673635703947,-5.99347171625908e-06
34,-0.05749566728608402,-7.522982237162523e-10
35,0.489167867095045,-0.0002770971416685697
36,0.9637172070178519,-0.014919297694652611
37,0.8277282022741639,-0.006163522696308932
38,-0.5249879268142037,-0.0004215469993762433
39,0.8684175702261945,-0.008153116623589862
40,-0.27342721819558147,-8.625056870936731e-06
41,0.6903388791223224,-0.002126755968745009
42,0.5884750880261207,-0.0008290283265076637
43,0.2372542915403959,-3.68972400022205e-06
44,-0.6334494358117637,-0.0012810662273127216
45,0.17226754594471072,-5.424632663064699e-07
46,-0.4974483492043056,-0.00030615192361393984
47,0.15468930695110683,-2.845919899741034e-07
48,-0.3454923851055831,-3.490909623204974e-05
49,-0.263022100898864,-6.8385865185094374e-06
50,0.17382442249598773,-5.725126914768452e-07
51,0.4398303362060336,-0.00014724609898908447
52,0.13353028390399801,-1.1783385645003364e-07
53,0.9457190838912926,-0.01337724016217523
54,-0.5967087998997065,-0.0009000352597737793
55,-0.5655801592256617,-0.0006554882334623979
56,0.9270526865739446,-0.011917841044673083
57,0.7910474314500766,-0.004729191799497046
58,-0.013180836591912382,-1.092459456231154e-13
59,-0.13271522742680886,-1.1358677154404972e-07
60,-0.8834583486231158,-0.009009854622313851
61,-0.4483737410478241,-0.0001651078935955841
62,-0.7364920125905547,-0.0031110764521929957
63,0.3789590794837858,-6.0611963506707056e-05
64,-0.289805380011654,-1.2213843625485943e-05
65,-0.5094937393468637,-0.0003528873427237622
66,-0.9609935554310773,-0.01467706195932017
67,-0.7810011324512274,-0.004388341503929305
68,0.9091291471406815,-0.010641484059616846
69,0.6899307131628747,-0.0021193664080922936
70,-0.6571471996334299,-0.0015909864437732013
71,-0.9539502540057079,-0.014065475171998187
72,0.23327612647720342,-3.3345127902206784e-06
73,-0.235164807820897,-3.4994256172815597e-06
74,0.39896767118688237,-8.237496335905536e-05
75,0.12981460242535703,-9.949145762799816e-08
76,0.42668160978951786,-0.00012290403506964864
77,0.6753709617682337,-0.0018692596251501659
78,-0.03194747660506647,-2.2147395029037398e-11
79,-0.7722983499595804,-0.004109628461148929
80,0.84098568335337,-0.006762293419114052
81,0.3145368770816286,-1.9926786852919598e-05
82,0.37349505535938254,-5.558203365074732e-05
83,0.22492850927999064,-2.6809238128366886e-06
84,-0.1535590214840814,-2.72352776220508e-07
85,0.8253757423860868,-0.006061963153516814
86,-0.4166983378900355,-0.000106739269787548
87,0.05526944803080891,-5.936133806727639e-10
88,0.6857822210381936,-0.0020454532123675984
89,-0.5335697996484015,-0.0004641032671375278
90,0.26904736059823997,-7.83090927181096e-06
91,-0.4036316362362067,-8.82834745599137e-05
92,0.2008709880697348,-1.3616796321613833e-06
93,0.6305949540601776,-0.0012473631619123182
94,-0.4747243379272186,-0.0002318869160017334
95,-0.21866450989807196,-2.26379730372539e-06
96,-0.2750507667786426,-8.935947191424098e-06
97,-0.3839761575415457,-6.555781379258274e-05
98,0.6783550043790856,-0.0019184285027082915
99,-0.19646447584432458,-1.192259022508857e-06
100,0.34487060837827754,-3.4535672872704204e-05
101,-0.32731493056992433,-2.5279060883454108e-05
102,-0.7841270485769747,-0.004492161271655304
103,-0.49251667899507634,-0.00028855918343151377
104,-0.34192221611687823,-3.280980888176188e-05
105,0.21136430653893323,-1.8472575872285901e-06
106,0.7249813268912926,-0.002836226038947842
107,-0.2844141391525321,-1.0916610471256583e-05
108,-0.552233524661879,-0.0005690202080597118
109,-0.7697356440270315,-0.004030386603286362
110,-0.12893044764780548,-9.549702795208503e-08
111,0.3375177870634005,-3.0365527405984416e-05
112,-0.878087278436309,-0.008695851730977977
113,-0.008312573497108566,-6.8833827526759706e-15
114,-0.8210453052157853,-0.005878597840888955
115,-0.4801446406404579,-0.0002480753201880015
116,0.7227409312593074,-0.002785127812423349
117,-0.7469946966824501,-0.003380615920946073
118,0.5987420676091453,-0.0009183220964799066
119,-0.9498188340299332,-0.013716514179315742
120,-0.9476892313223664,-0.013539414431234964
121,0.5077732694431611,-0.00034587181024714475
122,0.28312025489283665,-1.0622970738283222e-05
123,-0.5359457183526806,-0.00047649351510548055
124,0.1592319384900438,-3.385047225856752e-07
125,-0.7202882660348795,-0.0027300591700913923
126,0.8742036998113141,-0.008474433866499376
127,0.6687161157292492,-0.0017633377282878504
128,0.11085388808931329,-3.8600910023944834e-08
129,-0.1342268299742173,-1.2156746154179388e-07
130,-0.6102515616617195,-0.0010277199534212134
131,-0.3311277861449471,-2.708972553699951e-05
132,-0.869813583608928,-0.008229712334480332
133,-0.38308493145267764,-6.465558331547605e-05
134,0.32413895727922815,-2.3848707786822132e-05
135,0.21357348953186928,-1.9659426089280174e-06
136,0.9011888099221101,-0.010112941077094928
137,0.14252237913966592,-1.741627505547072e-07
138,0.47326261675557335,-0.00022767452180072478
139,-0.22614263082265973,-2.7687418583388634e-06
140,0.36774371782050297,-5.066708600054426e-05
141,-0.6303351167688047,-0.0012443319393958818
142,0.8994466622773303,-0.00999989668149781
143,0.2628555860080708,-6.812725413585241e-06
144,-0.2100782229898739,-1.7809556372982982e-06
145,0.45106866064689743,-0.00017110123042751724
146,0.7410138057248432,-0.0032248688148907023
147,-0.8514060276591855,-0.0072656628526187594
148,0.16315496183303724,-3.916668634973419e-07
149,-0.6137494653097126,-0.0010630217589212565
150,0.32019037059556554,-2.21648151821352e-05
151,0.8610104000783432,-0.00775639757113511
152,-0.9774394074729564,-0.016189815990971024
153,-0.5804718610904651,-0.0007645096111001948
154,0.20635439118428467,-1.6000482950806472e-06
155,-0.3016006303906773,-1.5503542573624962e-05
156,0.6051314841208217,-0.000977796533426778
157,-0.9419041771783125,-0.013067716889034409
158,0.15612234861850216,-3.007649542752233e-07
159,0.5846562476757919,-0.0007977034371144942
160,0.028437285413551283,-1.1016632051052966e-11
161,0.33493286242871756,-2.900286975804356e-05
162,-0.549229974019984,-0.000550924427940469
163,0.16731976652720126,-4.55537409682627e-07
164,0.673457421483268,-0.0018382797746063773
165,-0.6655122668943894,-0.001714137307276875
166,0.7260451999950053,-0.002860759177985228
167,0.4590538436605147,-0.00018992866771450068
168,0.8204104340520926,-0.00585210168528183
169,-0.8182143576156793,-0.005761203045424157
170,-0.06971471615810754,-2.3902413381904353e-09
171,0.4108996465575865,-9.818958494733909e-05
172,0.992488857546852,-0.017683151994936752
173,0.06077685295953361,-1.0495122548803693e-09
174,-0.6905459059294061,-0.00213051214892368
175,0.09644190095184646,-1.6743590292023214e-08
176,-0.0650939053159314,-1.584056774639464e-09
177,0.648238132375708,-0.0014679439911980952
178,0.814091394006206,-0.005593674456098041
179,-0.03583659329831912,-4.4121373221628346e-11
180,0.5464468629435291,-0.0005345842136857959
181,0.22610191213643005,-2.76575834934345e-06
182,-0.5120504389354357,-0.00036353010865675106
183,0.5445668338280465,-0.000523774714091263
184,-0.3775804899719375,-5.9308609407393575e-05
185,-0.2516619730015961,-5.2509067939299214e-06
186,0.12152579529639729,-6.698357191137205e-08
187,0.7978184815799225,-0.004970948025620703
188,0.6608711230593738,-0.0016448762715964849
189,0.6906093462551259,-0.0021316642683347764
190,-0.08357944102897497,-7.0953923847483225e-09
191,0.09718278298251715,-1.7530012330624345e-08
192,0.27282514363214894,-8.512078354949715e-06
193,0.5425395330256331,-0.0005123217123764734
194,0.918829973034613,-0.011317622470928046
195,-0.6706253901039874,-0.0017932072051604075
196,-0.5429188614619254,-0.0005144487778243612
197,-0.5769115827296636,-0.0007371733460685981
198,-0.38800627710280655,-6.976930577751173e-05
199,-0.15100559179706274,-2.4630890493870794e-07
200,-0.7372883316023857,-0.0031308728194198165
201,-0.658752267936342,-0.0016140323924190847
202,-0.29338682836850327,-1.3144519068530869e-05
203,0.3221345559769082,-2.298111689413851e-05
204,-0.23483536107445802,-3.4701808684367563e-06
205,0.08422645035925491,-7.431299020588256e-09
206,0.10201329180937702,-2.3449555075494288e-08
207,-0.5963146106390473,-0.0008965250502313005
208,-0.38918499772293336,-7.104266828139583e-05
209,-0.8340326219010648,-0.006442591288966959
210,0.20994987747361593,-1.7744491591642486e-06
211,-0.8575552471165786,-0.0075768270765760315
212,0.5348192773270251,-0.0004705855251933011
213,0.9155494399007769,-0.011085157789400446
214,0.6326987498566772,-0.0012721308698746547
215,0.06712119211721967,-1.9040229393141317e-09
216,0.860265957447262,-0.007717416135266331
217,0.21194307524654366,-1.8777583346007987e-06
218,0.7052376512670206,-0.002411394368646569
219,0.9365470594393417,-0.012642951689980753
220,0.42173022290835904,-0.00011465049616532497
221,0.3588700384845134,-4.3794960739029776e-05
222,0.7500517865408782,-0.003462581211059579
223,0.8973140764391478,-0.009862925520695565
224,0.012079703377884332,-6.472600233564663e-14
225,0.37535708691558334,-5.7255618078122517e-05
226,0.5528170719391279,-0.0005725923542884148
227,-0.8402666294526737,-0.006728640799286589
228,0.353052268345895,-3.972443146438298e-05
229,0.9957575521963473,-0.018021866430798505
230,0.727674882202,-0.0028986783529442173
231,0.20331319057593866,-1.4639004971561675e-06
232,0.6167176548730573,-0.0010937572663007877
233,0.5892559631611667,-0.0008355571234962555
234,0.17407740474796074,-5.775239515504182e-07
235,-0.756713673724549,-0.0036468649740658554
236,0.5218547901014543,-0.0004068390109546183
237,0.9958800858423567,-0.018034665761082258
238,-0.8405413738911607,-0.006741482947693056
239,-0.3783832258042612,-6.006467434493956e-05
240,0.33125391448637886,-2.7151415024184722e-05
241,-0.8517791180735128,-0.007284238806041565
242,0.253552247442133,-5.4913853047011685e-06
243,-0.16551272006381668,-4.268363400505848e-07
244,-0.5288148782936235,-0.00044010639079050673
245,-0.7858347476441963,-0.004549724590225623
246,-0.011182734394921345,-4.0745185003743245e-14
247,-0.5497562793362447,-0.0005540604359574042
248,-0.27339124153373184,-8.618271043814296e-06
249,-0.6895428588710806,-0.002112364184917004
250,-0.5332104458368183,-0.00046225269221444876
251,-0.9864921091015844,-0.017075223326193045
252,0.5901451753192892,-0.0008430433855486363
253,0.7591271929043868,-0.0037155852432140257
254,0.3192066960484792,-2.1761075476134373e-05
255,0.5987857882437595,-0.0009187186563213157
256,0.8971101974422335,-0.00984991155366699
257,-0.005604807226965214,-6.661338147750939e-16
258,0.0317561312558583,-2.1363355529047112e-11
259,-0.20562808016277034,-1.5666122508140035e-06
260,0.06694488714160274,-1.8742175589281374e-09
261,-0.48280066512058517,-0.00025634317049516575
262,0.36234478448613827,-4.638721466720952e-05
263,-0.6619949483783731,-0.0016614318333352251
264,0.2931021789528052,-1.3068457027420877e-05
265,0.8563012282320668,-0.007512501462269339
266,-0.7208650598990345,-0.0027429283898481316
267,-0.22215217723773395,-2.4887886498348166e-06
268,-0.48730838666589626,-0.00027089728994966755
269,0.24806406309303264,-4.817358798314686e-06
270,-0.3963983060989027,-7.926279315084717e-05
271,-0.955183255079209,-0.014171011715753301
272,0.6878447101233822,-0.0020819301961878534
273,0.18585894513929557,-8.550406024321333e-07
274,-0.2898825820945403,-1.2233310710207945e-05
275,0.5783567465386239,-0.0007481703815508389
276,-0.5105002725834982,-0.0003570460083840432
277,-0.5715174353625638,-0.00069729904571314
278,0.28718023659928216,-1.1567052401351141e-05
279,0.4904225670510456,-0.0002813465945139537
280,-0.0111261280810111,-3.941291737419306e-14
281,0.34557561367376755,-3.4959334801132336e-05
282,0.23899692890266655,-3.854947597137226e-06
283,0.700048268621138,-0.002308897996357029
284,-0.8305511011989846,-0.00628722840054019
285,0.09987050294637378,-2.0646237719468274e-08
286,-0.47313888510468005,-0.00022732088240795534
287,-0.8070009773364248,-0.005314918949014591
288,0.5780913596626454,-0.0007461408101041567
289,-0.2772889959327909,-9.379777025420033e-06
290,0.07625767108224824,-4.0939672762974055e-09
291,0.969202741414614,-0.015417063358803773
292,0.5666529945326733,-0.0006628857085320128
293,-0.2286949066567634,-2.961174518589793e-06
294,-0.4262791146649356,-0.00012221522387279027
295,-0.9904888609694911,-0.017478473002060513
296,0.8681372826650084,-0.008137808507742927
297,0.6669277940378877,-0.001735733614081414
298,0.8109074420546747,-0.005467052849111975
299,0.9708309019933272,-0.015567381123083979
300,0.14387908386608084,-1.8434094772867837e-07
301,0.8420841305281099,-0.006813968220507727
302,0.32563343518698007,-2.4513149369354004e-05
303,0.9821710880176155,-0.016647811893312214
304,-0.504948552981981,-0.0003346041259227883
305,0.5849764086754758,-0.0008002914744618117
306,0.7211314350953044,-0.0027488884846063044
307,0.3443194354182304,-3.420743315551977e-05
308,-0.5418446723731809,-0.0005084441862782674
309,0.3714452988782855,-5.378690135948716e-05
310,0.04375239098602646,-1.4610523901836814e-10
311,-0.6500013674471905,-0.0014916510893360213
312,-0.5656292837973176,-0.0006558254622173187
313,0.7608939966808661,-0.003766563171411441
314,-0.2817075887278424,-1.0309905324135116e-05
315,0.9993677389774329,-0.018402084966775756
316,0.44904629512674155,-0.0001665870531478708
317,-0.2739393289615297,-8.722132835536911e-06
318,0.7569426479164378,-0.0036533393786521984
319,-0.3391532476633232,-3.125483105137494e-05
320,-0.6828180974978078,-0.001993953379095359
321,-0.6075573103454086,-0.001001193772274811
322,0.22848358629066223,-2.944830581497193e-06
323,-0.05612731975908236,-6.510789685165719e-10
324,-0.36544040923640764,-4.880277558827473e-05
325,0.8194366246391971,-0.005811650372471888
326,0.8129009828154865,-0.005546054895127606
327,0.6819303807629176,-0.0019787394501554756
328,-0.36444832757168144,-4.801752818650584e-05
329,0.1488472264632963,-2.2594435222789144e-07
330,0.610230889398347,-0.0010275142385439695
331,-0.9978637580551986,-0.01824290300632836
332,-0.2496542947763516,-5.005153004833396e-06
333,0.3376081957999333,-3.0414132943135108e-05
334,0.3904469967334132,-7.242732280943187e-05
335,0.1727560225463971,-5.517464949367223e-07
336,0.9833145101473282,-0.01676005551786297
337,0.21431549456771215,-2.0072017268280007e-06
338,-0.04880576523171931,-2.814856125965548e-10
339,-0.8654363644819305,-0.007991497466233177
340,0.18800689039401997,-9.1597801032961e-07
341,0.13164541590462742,-1.0820641305198109e-07
342,-0.00721455585249231,-2.886579864025407e-15
343,0.815789921967651,-0.005662200087171776
344,0.12646649455945602,-8.506363102789294e-08
345,-0.863056554964704,-0.007864371964839356
346,0.8564402203369597,-0.007519609032073271
347,-0.3991539155321919,-8.260443966101594e-05
348,0.13352971571842698,-1.1783085041017216e-07
349,0.0047818513937936125,-3.3306690738754696e-16
350,-0.3697220678906503,-5.231523665383264e-05
351,-0.13851500250248594,-1.4679079696211517e-07
352,0.7997791058522907,-0.005042813084545017
353,-0.20871366330130092,-1.712785969276709e-06
354,-0.10035089434535904,-2.1249062287509446e-08
355,0.924251754233097,-0.011710537786142394
356,-0.8916407027287647,-0.009505986561566093
357,-0.5478067685662413,-0.000542517659008257
358,-0.7977757490893462,-0.0049693911112604905
359,0.8430727943674599,-0.006860754596041407
360,-0.968883155897049,-0.015387697381454957
361,-0.42363069707536205,-0.00011776224152726389
362,0.017873581809179306,-6.792344464656708e-13
363,0.8798793356596939,-0.00879960732824725
364,-0.9497220366834263,-0.013708423652512347
365,0.6604155683484789,-0.0016382041551648019
366,0.4162703636967571,-0.00010608785682131305
367,0.4801599669394583,-0.00024812238695559596
368,-0.8547027121551289,-0.007431153559634196
369,0.6525630511793481,-0.0015266554288677625
370,0.4432653341366102,-0.00015422438185941356
371,0.3783427245593052,-6.002633709101257e-05
372,-0.01836779655910359,-8.000267115448878e-13
373,-0.8296615186428373,-0.0062480273351605
374,0.4066821525113724,-9.23350010406665e-05
375,-0.14427362355565365,-1.8739211304907855e-07
376,-0.372954043093481,-5.510346461756743e-05
377,-0.8383378890815358,-0.006639050318522521
378,0.5732918679549035,-0.0007102140355659259
379,0.5998710533660465,-0.0009286077831116568
380,-0.3940633918517644,-7.651986731660454e-05
381,0.20758471885889862,-1.6580419862632922e-06
382,0.8903012212467203,-0.009423273870703852
383,-0.17799056800258328,-6.598160824378141e-07
384,0.4094608760769307,-9.615869446488734e-05
385,0.7991956759930676,-0.005021339434746808
386,-0.6294298989615978,-0.0012338192415846105
387,0.0960635379061936,-1.6353451703920996e-08
388,0.5088255925928222,-0.0003501489907109523
389,0.4032092527015916,-8.773430508257629e-05
390,0.06406005512439905,-1.438996921621083e-09
391,-0.8930645172424014,-0.009594556599535675
392,-0.6341420500415424,-0.0012893562337605857
393,-0.30419399915082845,-1.6317612992589048e-05
394,0.8750921427920699,-0.008524675923775815
395,0.8713436588908772,-0.008314339001059157
396,-0.441814448926761,-0.00015124415978073902
397,-0.08483701523626141,-7.760334264084179e-09
398,0.9842810598668408,-0.016855416462750683
399,-0.5378370878580514,-0.00048655141892006704
400,-0.4732044560403319,-0.0002275082349958435
401,-0.6743615386041615,-0.0018528640905617344
402,-0.34136479581673074,-3.249171737618184e-05
403,0.6986018599547235,-0.0022809781979410415
404,-0.7867107531992608,-0.0045794872243015705
405,0.798670603938159,-0.005002077896783641
406,0.8481412568379039,-0.007104760593828141
407,0.7730698171191479,-0.004133732116231248
408,-0.9939775467549257,-0.017836767031836787
409,-0.4286555311056037,-0.00012632891765651522
410,0.5847979524341189,-0.0007988480601125447
411,-0.9055292961589148,-0.010399135124200432
412,0.3132537784007514,-1.9445950135810186e-05
413,-0.4729501087264856,-0.00022678221479954797
414,-0.9215699363264647,-0.011514818533715054
415,-0.3696334632468825,-5.2240480418075386e-05
416,0.5213529607394838,-0.0004045232207837701
417,-0.08542847056135616,-8.09055789030566e-09
418,-0.4179140628634572,-0.00010860783656996276
419,0.3630796436724457,-4.695144430932885e-05
420,0.8290122948519185,-0.006219544744159977
421,0.30767265765404694,-1.7465115075721016e-05
422,-0.9826427952908283,-0.0166940424515718
423,0.3049463281526146,-1.6560312145696976e-05
424,-0.4517696177977393,-0.00017268932660985392
425,-0.036749521542150276,-5.1309179127656535e-11
426,-0.46622901691633567,-0.00020828110377935083
427,0.03953253147600155,-7.950640146248134e-11
428,0.21751195425769154,-2.1932781291145176e-06
429,-0.9585311938683536,-0.014460833363257208
430,-0.2736752266815139,-8.671956630013078e-06
431,0.32439005773180907,-2.3959287952735053e-05
432,-0.05901452480176084,-8.796768868890581e-10
433,0.2728587001605378,-8.518342630936537e-06
434,-0.6981655658528156,-0.002272611274712899
435,0.6564748932127145,-0.001581414285494076
436,-0.3260853833112727,-2.4717087604986254e-05
437,-0.8348884639236607,-0.006481260969759095
438,0.4197550404314119,-0.00011148903214930339
439,0.012339520675633375,-7.349676423018536e-14
440,-0.9569681730617097,-0.014324931637192284
441,0.30902096782381205,-1.792754847174116e-05
442,0.999711834570179,-0.018438662586724774
443,-0.6515958946195,-0.0015133609080104637
444,-0.6395629819224196,-0.001355782114434101
445,0.5660375256568553,-0.0006586335008679223
446,0.1264972842617218,-8.518788208178307e-08
447,-0.8847198742399303,-0.009084934166705194
448,0.5395522116002667,-0.0004958233414663615
449,0.29870979949479026,-1.4636184433203248e-05
450,-0.17962113218310316,-6.968735172252494e-07
451,0.3640167090348727,-4.76791873124105e-05
452,0.35952157687300823,-4.427163164466563e-05
453,-0.5947074128954997,-0.0008823299703617504
454,0.9847038589215116,-0.016897268984903735
455,0.39980352043203826,-8.340899141101588e-05
456,0.9775263024979666,-0.016198133332429254
457,-0.46454641766639493,-0.0002038507987406346
458,0.9129960000598691,-0.010906928111037772
459,0.8126230786080801,-0.0055349860058192535
460,-0.8209173463439909,-0.0058732496179333404
461,-0.04543144675627353,-1.8314116889683874e-10
462,0.17789693406571727,-6.577389307649284e-07
463,0.2723181505189387,-8.417899013957175e-06
464,-0.4866650587165544,-0.0002687792632173336
465,-0.3154239551859326,-2.0264961326454944e-05
466,0.06816520982905772,-2.0887344076570002e-09
467,-0.38603025851885175,-6.767715339561775e-05
468,-0.05118810676526997,-3.746545296223758e-10
469,-0.9451024130159826,-0.01332680527604102
470,0.7807670261649242,-0.004380646221445295
471,0.4355931279669474,-0.00013900080999951214
472,0.9162624965325958,-0.01113535159348078
473,0.9855663381348074,-0.016982907469126562
474,0.7140057831127036,-0.002593075163992431
475,-0.2848227591418986,-1.101073478471104e-05
476,-0.08149992243191084,-6.100163041367068e-09
477,-0.04297577233306771,-1.3122025688261374e-10
478,-0.7243835740990789,-0.0028225178583916044
479,-0.08043058922400159,-5.63553514965065e-09
480,0.6867775509960734,-0.0020629902149649215
481,-0.7142312785929938,-0.0025978920037449393
482,-0.0032014655688386018,-1.1102230246251565e-16
483,0.15492204740010518,-2.871682175387136e-07
484,0.6667911156290556,-0.0017336386171404872
485,0.622271005402983,-0.0011532331416106434
486,0.7760853537598538,-0.004229066105539858
487,0.6491943761100247,-0.0014807620250859577
488,-0.10828167719761117,-3.3531453391688615e-08
489,0.8411732213804444,-0.006771093064544709
490,0.8792780870529342,-0.008764684295110126
491,0.40306309507394666,-8.754493722717971e-05
492,0.6311944412181314,-0.0012543799422173318
493,0.2008556061607456,-1.3610551676812577e-06
494,0.42690610914017935,-0.00012328962971785984
495,0.509174017036647,-0.00035157477964242734
496,0.6777052859148969,-0.0019076331868502772
497,0.9070877504781494,-0.010503493562904254
498,-0.13381248704605198,-1.193348310168929e-07
499,-0.11126460248142389,-3.94665476965983e-08
500,-0.5453641077998643,-0.0005283364573602789
501,0.24296003288915213,-4.253734144366028e-06
502,-0.8585648334269307,-0.007628941398426514
503,-0.9322642413732198,-0.012311531664683573
504,-0.9528563605287848,-0.01397238261570899
505,0.09688886702244326,-1.7214427772138663e-08
506,-0.7786108300486727,-0.004310289678527979
507,0.6536894547939345,-0.0015422602152496134
508,0.33947345320226185,-3.1431455222885596e-05
509,0.13844775398647213,-1.4636405742951553e-07
510,0.23983732039162353,-3.936800299197962e-06
511,0.4728806208608636,-0.00022658419985777112
512,-0.5013805754270626,-0.0003208077005200094
513,-0.18990424435286002,-9.727733328857013e-07
514,-0.5175134893982807,-0.00038716370675973
515,-0.591718616192858,-0.0008564259367951355
516,-0.22346774660469282,-2.578350558946063e-06
517,0.08986203208442922,-1.0959176677260984e-08
518,0.6158230708172385,-0.0010844176391447968
519,-0.4184277652379065,-0.00010940551123517217
520,-0.08843477904798136,-9.955725133181659e-09
521,-0.9854187417952622,-0.016968227118121737
522,0.09602585410002251,-1.631501334031782e-08
523,-0.188538400571308,-9.316022416827607e-07
524,0.8843617397178474,-0.00906356802270969
525,-0.8580020003556077,-0.00759985217866832
526,0.22618728545611066,-2.772016838070712e-06
527,0.5928961530350156,-0.000866555625354648
528,-0.7151177080580011,-0.002616898576791371
529,-0.7864569959942671,-0.004570849328607296
530,-0.0684912093568737,-2.1493796742433346e-09
531,-0.641179893337344,-0.0013761327686027114
532,0.8533995984681986,-0.007365373462570379
533,0.6998879844413615,-0.0023057902622389825
534,-0.5023875141983614,-0.0003246526395436211
535,-0.9451038142203021,-0.013326919698504525
536,0.138510364076889,-1.4676132942259557e-07
537,0.8750661307706544,-0.008523201471511754
538,0.6987101232681321,-0.0022830583143004235
539,0.032746665568513356,-2.568645296463501e-11
540,0.445236201911299,-0.00015835055037627388
541,-0.7532408402575308,-0.0035498184118631926
542,0.9351548111051085,-0.012534425567381602
543,0.7113090004070244,-0.002536036141685072
544,-0.9013891915823671,-0.010126010123056695
545,-0.550499960256533,-0.0005585168442925337
546,0.830500101262448,-0.006284975563099149
547,-0.8114930960014239,-0.005490165366107136
548,0.46003484902434333,-0.00019235565888298112
549,0.9605152887963084,-0.014634858781518267
550,-0.6650461529189207,-0.0017070746070747544
551,-0.5805279717725027,-0.0007649470474010434
552,-0.977993372097216,-0.016242899543018274
553,-0.2665809075611332,-7.411145908853278e-06
554,-0.4146838692902539,-0.00010370178233443106
555,0.11767446112673596,-5.522055124274061e-08
556,-0.3284023373777787,-2.5784877829226893e-05
557,-0.3376878361329303,-3.0457002714534553e-05
558,-0.5554887670232593,-0.0005891847024042107
559,0.8997973701236197,-0.010022569967979789
560,-0.3602104601611571,-4.478030361521057e-05
561,0.8839655333078631,-0.009039978422606176
562,0.7840890376552836,-0.0044908868310336025
563,-0.981712664436637,-0.016602983178136355
564,0.8577972342221254,-0.007589291688821165
565,0.6671108969743813,-0.0017385434729684235
566,0.9337599192651316,-0.012426456958653742
567,-0.04393933048143417,-1.4989065544313007e-10
568,-0.5926218687236826,-0.0008641873142350986
569,0.8637261150915703,-0.007899970218242625
570,-0.9444124761489174,-0.013270562226228577
571,0.3878274150336005,-6.957774899463143e-05
572,0.7188322593342422,-0.002697794112422325
573,0.05487385074411599,-5.685751869322075e-10
574,-0.02334590361347577,-3.3728575488112256e-12
575,-0.6121505069557889,-0.0010467624471550696
576,-0.8195389478725976,-0.00581588999329874
577,0.6719651810478773,-0.001814415433384342
578,-0.9015095764074565,-0.010133868348369268
579,-0.33856321675228984,-3.0931532011391205e-05
580,-0.727066791099471,-0.0028844813330889396
581,0.21233396912067803,-1.8985944371108232e-06
582,-0.6000730981392821,-0.0009304585224175765
583,0.7774267065597513,-0.004272048257670469
584,-0.95290072878436,-0.013976148642807606
585,-0.9794756586394593,-0.01638563691415229
586,-0.7052814998614598,-0.002412276119824308
587,-0.5947180837005559,-0.0008824236008448949
588,-0.2508884916071501,-5.155065310624707e-06
589,0.7006019014899669,-0.002319658872084407
590,-0.4264408413581353,-0.0001224916094031414
591,-0.3818278217677147,-6.340049797526337e-05
592,-0.0669997534247988,-1.88345106177934e-09
593,-0.42865231177897223,-0.00012632326814854267
594,-0.29894119977655764,-1.4704092735517982e-05
595,0.3887498666239946,-7.057037210067563e-05
596,-0.28355143789288784,-1.072008626790133e-05
597,-0.6154071966864243,-0.0010800983093910421
598,0.0432777689397319,-1.3685041988509283e-10
599,0.2738113283660242,-8.697784216082916e-06
600,0.8443889523461581,-0.0069234469408782084
601,0.3258727529357597,-2.4620964788391042e-05
602,0.31739016511164686,-2.1031560163309315e-05
603,-0.24474433612307522,-4.4441651256832415e-06
604,0.7489723248268716,-0.003433454690831672
605,-0.24344986910285926,-4.3053227308798014e-06
606,0.029410399182828284,-1.3480883076510963e-11
607,0.1557344923954438,-2.963140186551527e-07
608,-0.8229322506063645,-0.005957930121315291
609,0.6508647538238148,-0.0015033741540145806
610,-0.8687684272733172,-0.008172312147236904
611,-0.015192210675929907,-2.561284517810236e-13
612,-0.43690437709301344,-0.00014151040032006623
613,-0.5217162089692982,-0.0004061984071378477
614,-0.9354593926575692,-0.01255810257067913
615,-0.14754298550091893,-2.1433315811059117e-07
616,0.726590695058873,-0.0028734059525064026
617,0.8487945316466574,-0.00713672103235341
618,-0.551204173352493,-0.0005627640354949337
619,0.3776301122135568,-5.935511628996082e-05
620,-0.011830339966803383,-5.717648576819556e-14
621,-0.7458782600361007,-0.0033510831326231116
622,-0.4170325368079322,-0.00010725025350488693
623,-0.4473968805865609,-0.0001629788766532858
624,-0.7506568780478742,-0.003478996690461811
625,0.2731703116925819,-8.576697107742781e-06
626,-0.47073008759566415,-0.0002205264117851602
627,0.6466739223104356,-0.0014471737870117574
628,0.9344926014789976,-0.012483073611775253
629,0.4692484557207215,-0.0002164314355536101
630,-0.4634421762669436,-0.0002009859936679126
631,-0.775865254101469,-0.004222047298174547
632,-0.40013623612769256,-8.382358009240143e-05
633,-0.38563178320880276,-6.726163631565196e-05
634,-0.9290350599949633,-0.012066363542471481
635,0.07736303043961157,-4.4630810158707845e-09
636,-0.34992996543284893,-3.767285321809588e-05
637,-0.7516849047946985,-0.0035070325869804853
638,-0.7831798243967405,-0.004460490829664154
639,0.7900479583670046,-0.004694338266889253
640,-0.10753136260587493,-3.216193800170686e-08
641,-0.961368017500529,-0.01471017441747835
642,-0.2304641686246962,-3.1009988181729398e-06
643,0.07330738261894054,-3.2311220365954796e-09
644,-0.9932325592314006,-0.017759757982734548
645,-0.5505218760966375,-0.0005586486203659202
646,-0.928045733687396,-0.011992053985942719
647,-0.5035888213079767,-0.0003292896095284936
648,0.7854780466592066,-0.004537651117532238
649,-0.39197368224260143,-7.413226310182264e-05
650,0.3725422826483047,-5.474152696216539e-05
651,0.9912348853740944,-0.017554594133034285
652,0.04643410460888253,-2.0876811390735384e-10
653,-0.33903200529956456,-3.1188169847817804e-05
654,0.32425235035215083,-2.3898591430149274e-05
655,0.023456986067605712,-3.470224108070852e-12
656,-0.6436888229123894,-0.0014082089425138111
657,-0.6814339443098045,-0.001970273172390069
658,-0.8040547684347079,-0.0052024934713337245
659,-0.054499852070660326,-5.457195806357618e-10
660,0.45061222056550854,-0.00017007363949117504
661,0.2576436565078093,-6.043393436683253e-06
662,-0.2616583423611327,-6.62916838178873e-06
663,-0.9140694451771856,-0.010981567014881621
664,-0.6555443323105485,-0.0015682435516377602
665,-0.8575159071650502,-0.00757480228371199
666,-0.2168531061187715,-2.15379463008869e-06
667,0.20021578206047397,-1.3352903699415108e-06
668,0.44509353232814686,-0.00015804881959435857
669,0.9501776938397333,-0.013746542427101827
670,0.33778582265655466,-3.050981698182742e-05
671,-0.4514719042192741,-0.00017201333706673427
672,0.014036903905954023,-1.5931700403370996e-13
673,-0.6550949606460712,-0.0015619158143090894
674,-0.8505427206164657,-0.0072228279922567085
675,-0.4708677787012834,-0.00022091020477343903
676,-0.8739948267566842,-0.008462657195756895
677,-0.4431688594049279,-0.0001540247163266395
678,-0.16014929349737517,-3.5036274992350513e-07
679,0.8495549733107255,-0.0071740726414470934
680,-0.761627342146493,-0.003787890605009836
681,-0.48392001376328575,-0.000259895267822996
682,-0.1736151309952365,-5.683943078427234e-07
683,0.11200670038929594,-4.1071640310974544e-08
684,0.13882252409986973,-1.487554681656178e-07
685,-0.8398270906611132,-0.006708137488706134
686,0.59251162958659,-0.0008632369608703172
687,0.7439085977565218,-0.0032994974562594592
688,-0.3986822114399904,-8.202426849179822e-05
689,-0.7477284821251093,-0.003400142814990792
690,0.15101659429303416,-2.4641650098189416e-07
691,-0.05388002857619312,-5.095280863898211e-10
692,-0.4831352507665043,-0.00025740069036661595
693,-0.012215326428194784,-6.916689443414725e-14
694,0.2669766506585367,-7.477206777628531e-06
695,-0.19109098204852626,-1.009764978632255e-06
696,-0.131432300251753,-1.071603805691268e-07
697,0.9173877123198027,-0.011214935742917098
698,0.6801737061879742,-0.0019489149041564957
699,0.888440478733576,-0.00930935070615102
700,0.6851387716211139,-0.0020341815929194595
701,-0.49180176151101906,-0.0002860798310269086
702,0.8695711052431072,-0.00821636607685372
703,-0.7805661371933557,-0.004374051658155076
704,0.7538307586569584,-0.003566152000173184
705,0.5320861355044604,-0.00045650219051551755
706,0.6268846994995803,-0.0012046527593115863
707,0.36936509514251425,-5.2014597821337105e-05
708,-0.02293421198607315,-3.031241924134065e-12
709,-0.06709347970626145,-1.8993120409760422e-09
710,0.9214986334117885,-0.011509651529777898
711,0.33502221118176223,-2.904910709466968e-05
712,-0.08669774873736391,-8.838890508400254e-09
713,0.26316186666774444,-6.860356262294864e-06
714,-0.3847317083595312,-6.633085811957873e-05
715,-0.7893208200398008,-0.004669114288076814
716,0.8624200622068854,-0.007830653624117945
717,-0.42507874132667145,-0.00012017995098845269
718,-0.03255948001788256,-2.481792549247075e-11
719,-0.7300929348551581,-0.002955702330336263
720,-0.3719336845443,-5.421018596973859e-05
721,0.50048095227555,-0.0003174045115038604
722,-0.9050238798603236,-0.010365473554957871
723,-0.7303308938169359,-0.0029613635348857414
724,0.46422948914591067,-0.00020302512951564378
725,0.7030633300512554,-0.0023680025107084557
726,-0.3169464986180779,-2.0856508791688988e-05
727,-0.7501637757391821,-0.003465614546015572
728,0.49409431657016567,-0.0002940934990061095
729,-0.14233170345394108,-1.7277055208708703e-07
730,-0.8806363246400561,-0.008843738187128247
731,0.10456477788461394,-2.719430480802032e-08
732,-0.7623401696926171,-0.0038087163285996928
733,-0.2937860845797966,-1.3251825547455631e-05
734,-0.2778686922695002,-9.497669137381592e-06
735,-0.8582601991799346,-0.007613185520376264
736,-0.6572738769326181,-0.0015927953863122957
737,-0.7284794972356095,-0.0029175518931258138
738,0.0735081327015703,-3.2845647313095583e-09
739,-0.6930103521564015,-0.002175646983063051
740,-0.7232976974788681,-0.0027977550580466914
741,-0.7858432107274584,-0.004550011365232476
742,0.5069573789350681,-0.00034258546833532133
743,-0.5375540169852278,-0.0004850350285223737
744,-0.05242579316316531,-4.3239400948635875e-10
745,0.519214599940448,-0.0003947772672738825
746,0.6597672819203648,-0.001628747747811632
747,0.19017581067326872,-9.811370992318658e-07
748,0.6554508584997725,-0.0015669255806773918
749,0.5169285852322352,-0.000384574140383509
750,-0.2490937317437334,-4.938272025856172e-06
751,-0.12958828457289706,-9.845598847313397e-08
752,-0.5562792248320849,-0.0005941692937664333
753,0.7358135133541484,-0.0030942903940972544
754,0.5144927630769072,-0.0003739436011233055
755,-0.6045396952455966,-0.0009721577586331298
756,0.01895996633043384,-9.67781410565749e-13
757,-0.531411171291529,-0.00045307848580788956
758,0.9010842595708144,-0.010106127697029232
759,0.8785016170159352,-0.008719751487433092
760,0.10504047953567297,-2.7944748848263146e-08
761,-0.34097386117274153,-3.2270163050185374e-05
762,-0.7256028717965899,-0.0028505378802491377
763,0.19433346242864702,-1.1168555997809193e-06
764,0.4157699750209294,-0.00010533040940197136
765,0.4487847351744101,-0.00016601049977815752
766,0.6932533951915705,-0.002180140499723038
767,-0.6511581962803343,-0.0015073757752930295
768,0.577575687870679,-0.0007422101710902185
769,-0.06484381682704488,-1.5478966997051202e-09
770,0.502591742627148,-0.00032543711021393307
771,0.6593832935782666,-0.0016231678527144355
772,-0.11971244121759228,-6.120922990682232e-08
773,-0.35632983222288606,-4.197703108377304e-05
774,-0.2163982229726369,-2.1268810823649176e-06
775,-0.844937598797542,-0.006949718717107589
776,-0.011642253724249318,-5.184741524999481e-14
777,-0.7231619947034287,-0.0027946730383676677
778,-0.01953029011644003,-1.1560752355421755e-12
779,-0.4226634441158643,-0.00011616986932416751
780,0.15206085824835136,-2.5680840143316175e-07
781,-0.8025731901366269,-0.005146699075998629
782,-0.9098356145503654,-0.010689582026357725
783,-0.6735521852130917,-0.0018398039557324664
784,0.6813514091278099,-0.0019688685068703915
785,-0.48819576532120035,-0.0002738414785633525
786,0.72934495978097,-0.0029379654359085183
787,0.32889598249835994,-2.6017261362532018e-05
788,-0.1433206155144937,-1.800928680628644e-07
789,0.816589950176327,-0.005694714154327762
790,-0.8690726517604841,-0.008188986306262636
791,0.4131267745081033,-0.00010140339682485067
792,-0.6650704125333518,-0.0017074416033465711
793,0.6842360851675904,-0.002018455079575432
794,0.8638694119326977,-0.007907605934045714
795,0.7860313763200257,-0.004556391266317461
796,-0.15674586692025017,-3.080369344043987e-07
797,0.879267691758111,-0.008764081491430598
798,-0.6893163302562586,-0.002108283317520887
799,-0.5422435566117563,-0.0005106670972464533
800,0.7241248084311038,-0.0028166005524253857
801,-0.058974629911854315,-8.761155134706655e-10
802,0.6831750552276663,-0.002000098121186733
803,-0.9139895689195028,-0.010975998723515179
804,0.6197893528619041,-0.0011263333887440163
805,-0.6762820005279284,-0.0018841596207184175
806,0.7143733467103874,-0.002600930519701672
807,0.5972242979412821,-0.0009046428342919244
808,0.02139076787789551,-1.9957369090661814e-12
809,0.7211208266854687,-0.002748650919875306
810,-0.8349641255691125,-0.006484688734462729
811,0.4842110662314172,-0.0002608255321669972
812,0.9390488243081065,-0.012839891379012092
813,0.6828890264227552,-0.001995173124017202
814,0.8618820321627236,-0.0078022437384657195
815,-0.8048996443291294,-0.005234531958266508
816,0.1422709354923417,-1.723288139965362e-07
817,0.9300260446420441,-0.012141174031762736
818,-0.9450410915398466,-0.013321798543957764
819,0.33917286441586825,-3.1265627809307084e-05
820,0.9977841214917429,-0.01823450558127826
821,-0.30376454096356253,-1.6180402044096986e-05
822,-0.9078118603241521,-0.010552272250013539
823,0.2675565560888544,-7.5748939022401984e-06
824,-0.18285973572876157,-7.756295351546427e-07
825,0.265988470277863,-7.313159052890761e-06
826,0.9247768895812305,-0.011749178294913287
827,-0.9914885121996948,-0.017580534509767487
828,-0.7787357399109398,-0.004314339994581973
829,0.3537761903692338,-4.021311722102183e-05
830,-0.7876813785383243,-0.004612651065168061
831,-0.6820181866027897,-0.0019802400147190813
832,-0.780961783744152,-0.0043870473014082645
833,-0.15058259213764158,-2.422018532399761e-07
834,-0.7754876550822729,-0.004210028243134545
835,-0.5266943516940461,-0.00042974085660407724
836,0.19173380493535763,-1.0302864130729006e-06
837,0.5158343197064579,-0.00037976796234817645
838,0.4650600192370773,-0.00020519475413960375
839,0.6192907832555705,-0.0011209921623969166
840,0.648488154013698,-0.0014712865529004082
841,-0.5416161424118684,-0.0005071742406504987
842,-0.2514978045060092,-5.230441857739798e-06
843,0.022482957655692415,-2.690625500179067e-12
844,-0.5818718265863754,-0.0007754856508120911
845,0.0883786951017036,-9.91791471172121e-09
846,0.7107980938491858,-0.0025253473399492465
847,0.9755590929023272,-0.01601068797995786
848,-0.3499152472342353,-3.766339505406613e-05
849,-0.14081379901254576,-1.6201470265375661e-07
850,-0.8756211634360751,-0.008554707968963404
851,0.3080723556314602,-1.7601154046809064e-05
852,0.22042351918561676,-2.3750543122202927e-06
853,-0.36917781120800064,-5.185744396341008e-05
854,-0.07985306367765577,-5.397121305428243e-09
855,0.9659127607859539,-0.015116928785630535
856,-0.9134061881596611,-0.010935400280414287
857,-0.506950653125281,-0.0003425584851610708
858,-0.9604653193874069,-0.014630455097328965
859,-0.7731390687327846,-0.004135901474646264
860,-0.8298277464151729,-0.006255337203303402
861,-0.1439767633001452,-1.8509246757503206e-07
862,0.7454004088034294,-0.0033385076566927463
863,-0.47030573732735115,-0.00021934707420701027
864,0.37684162106505315,-5.861969934917166e-05
865,0.6893685779674321,-0.0021092239728640605
866,-0.013629539487224118,-1.3355982986240633e-13
867,0.5316609370323471,-0.00045434291807588956
868,-0.344848289793833,-3.45223308537701e-05
869,-0.05553957357856287,-6.112326200735652e-10
870,0.47722676813539233,-0.00023924831573329808
871,0.0647831977922384,-1.5392360719346243e-09
872,0.3900397743024102,-7.197809520032017e-05
873,-0.23874233965977187,-3.8304324246896115e-06
874,-0.7316428167625861,-0.002992735448849926
875,-0.10136889075123623,-2.257508058267632e-08
876,0.6195575540146319,-0.0011238474973030987
877,0.3513796570895231,-3.8614170711381846e-05
878,-0.3102121807821201,-1.8344527866420712e-05
879,0.8097070803346236,-0.005419930572211684
880,-0.871015886232346,-0.008296150620626719
881,0.8992349383564378,-0.009986229019986026
882,-0.811228610419457,-0.005479717682588148
883,0.8218558063804207,-0.005912566708860423
884,0.4778012520901642,-0.0002409653161711267
885,0.9465966137765189,-0.01344927789914696
886,-0.963551090101608,-0.014904430923783907
887,-0.46748883868681745,-0.00021165022237257247
888,-0.5781016750251584,-0.0007462196127324683
889,0.7057001289335876,-0.002420707702105007
890,-0.19838942911003454,-1.2639690469828935e-06
891,-0.43282509596948704,-0.00013382414637119755
892,-0.24523905215711705,-4.498202054170619e-06
893,-0.19261909670784005,-1.0591158268180578e-06
894,0.41096669736579394,-9.828509141540653e-05
895,0.40065246489443473,-8.447022476953947e-05
896,0.5334622388130867,-0.00046354871622900085
897,0.9675832764189916,-0.015268723758034564
898,0.06942510405552538,-2.3312904939842838e-09
899,0.8113884941144669,-0.00548603144151294
900,0.6465567427210157,-0.0014456276415391045
901,0.8498848849843335,-0.0071903270598067115
902,0.24960279254458495,-4.998976987247161e-06
903,0.6314171504437751,-0.0012569949567532435
904,-0.12791244658090428,-9.106425169491672e-08
905,-0.9580952257673521,-0.014422821505747252
906,0.20380791476407123,-1.4853664048741777e-06
907,0.40589824460338897,-9.127941975883846e-05
908,-0.7252399763089155,-0.002842174563049027
909,0.5880436972908416,-0.0008254396373514883
910,-0.6207795809574379,-0.0011370041133150766
911,-0.921320440444511,-0.011496746957777026
912,-0.021898932874148125,-2.2976065494617615e-12
913,0.7792986374121278,-0.004332631255161257
914,-0.05270607700637853,-4.464492109335083e-10
915,-0.4008285153412616,-8.469169570235469e-05
916,0.028307409159621155,-1.0718093079731261e-11
917,0.5379479704846082,-0.0004871464773847922
918,0.7156284179431265,-0.0026279009350032023
919,-0.6774795922432659,-0.0019038949369580838
920,0.2808213524176004,-1.0117449897317776e-05
921,0.31247431675822157,-1.9158588342449434e-05
922,-0.5311194072464576,-0.0004516051273720789
923,-0.3283963572908106,-2.5782073314162268e-05
924,0.8026960188537358,-0.0051513059081822465
925,0.029233384543259744,-1.3001377752175358e-11
926,0.9696909610260411,-0.015462012888057597
927,0.6021686036611404,-0.0009498337756055353
928,-0.5865290459553334,-0.0008129409190420489
929,0.07724170120853158,-4.42125869248855e-09
930,0.018131306794215485,-7.401856905175919e-13
931,0.600386492218097,-0.0009333352537588269
932,0.7969291465295074,-0.004938628408489798
933,-0.9620634885481187,-0.01477183421550965
934,0.8521007468310322,-0.007300283710066635
935,-0.5230669233485037,-0.0004124779379751642
936,-0.7335095129467291,-0.0030378443759006
937,0.7081349369739092,-0.002470229372052102
938,-0.8867729595008473,-0.009208216707140338
939,-0.2435361833941172,-4.314466905741554e-06
940,0.9163949013640971,-0.011144692294715819
941,0.7911654737053269,-0.004733322143585017
942,0.44884654187762085,-0.0001661465900062442
943,0.99688738006251,-0.01814016396793061
944,0.7304865865417505,-0.002965072394656376
945,-0.8789704246261292,-0.008746857871804292
946,-0.5892350002952793,-0.0008353813024700729
947,-0.20772029237438905,-1.664538126888715e-06
948,-0.6676439613058498,-0.0017467451207278106
949,-0.11576437793395944,-5.0058895584292884e-08
950,0.12078524278636205,-6.457292522910052e-08
951,-0.3138163130776306,-1.9655556516395833e-05
952,0.9936968380046614,-0.01780771843933715
953,-0.9839535160726125,-0.01682305123979677
954,-0.6459843930250644,-0.0014380952455418372
955,-0.7526244699666493,-0.003532818161623097
956,-0.9124181202883044,-0.010866918817865723
957,0.6680336915999059,-0.0017527616127107626
958,-0.887469520209224,-0.00925035284723863
959,0.0719626631384358,-2.8914857175266206e-09
960,0.7345504239077814,-0.0030632399748156125
961,0.06330460634843171,-1.3401489917796994e-09
962,-0.06398664732614345,-1.4291330341364983e-09
963,0.28543569219355724,-1.1153186826429184e-05
964,0.9163276370285305,-0.011139946230007247
965,0.9658010272744149,-0.015106819927188653
966,-0.7304805535707346,-0.0029649286081258053
967,0.19484012063394962,-1.1344129086099386e-06
968,0.44477328924812953,-0.00015737327584985916
969,0.4826364028007293,-0.00025582530803458514
970,0.33364037437450556,-2.834082733027543e-05
971,-0.13855987004554793,-1.4707608908537395e-07
972,0.3624406640180142,-4.646051049994604e-05
973,-0.8566630710746941,-0.007531016327902096
974,0.6611248209090759,-0.001648601666813132
975,-0.5746955216161336,-0.0007205698637717806
976,0.046672327173564954,-2.1527679638921882e-10
977,0.2738950457967637,-8.713702766338649e-06
978,-0.8414275484279203,-0.006783041563746983
979,-0.5191991320284044,-0.00039470748435277425
980,-0.36200661814108637,-4.6129467142885794e-05
981,-0.5273036592553786,-0.00043269835541692725
982,-0.8105842282527269,-0.005454331603299556
983,0.33567535417843475,-2.9388968078580824e-05
984,0.6299071791536184,-0.0012393529351414356
985,0.9515712272244701,-0.01386365762523556
986,0.5568423417190278,-0.000597741513165051
987,0.10133647100631671,-2.2531813970161352e-08
988,0.4167409943363849,-0.00010680437798615827
989,-0.5430475644311046,-0.0005151721311431601
990,0.45607844432063205,-0.00018272229813531826
991,-0.8953296333970755,-0.009736850325349655
992,-0.0747379608192158,-3.6282988835623087e-09
993,0.46592630734830154,-0.00020747823261135778
994,-0.664062963678465,-0.0016922556718440562
995,-0.37831455209707965,-5.999968187442306e-05
996,-0.27009220139626056,-8.01459590504816e-06
997,0.891782644965206,-0.009514786131880726
998,-0.00072437609881848,0.0
999,0.7905115383847059,-0.004710477874823815
