,data,labels
0,-0.9022886250921447,-0.010184842001562111
1,0.9439715347272928,-0.013234718592437744
2,0.7705752346751618,-0.004056208247013582
3,0.5717901325504688,-0.0006992711149848008
4,0.992419071631728,-0.01767597742938587
5,0.48432010471156994,-0.0002611747514537077
6,0.04728534241925941,-2.328073289703525e-10
7,-0.8900211763671382,-0.009406055754787368
8,0.7332119038494218,-0.003030615385297475
9,-0.07377152860723513,-3.3558000822608847e-09
10,0.7217652754715238,-0.002763113399970152
11,-0.27683690825805507,-9.288683543329235e-06
12,-0.8237754748887238,-0.0059936641461588724
13,0.9362526105444253,-0.012619935629784251
14,-0.8795064974460456,-0.00877793794762094
15,-0.7896280911615059,-0.004679759725241706
16,0.12183100695001259,-6.79986742468941e-08
17,0.16068607526720635,-3.574603634204365e-07
18,-0.10667236879356845,-3.0651584714824764e-08
19,0.21851003571008198,-2.254237722154606e-06
20,-0.05385978922461243,-5.083808929384759e-10
21,-0.19848770263652793,-1.2677242329228733e-06
22,-0.13631106177845642,-1.3333291748462983e-07
23,0.7577231384329506,-0.00367547930658374
24,-0.6314584830327523,-0.0012574807716810854
25,-0.5864953706543266,-0.0008126648220910804
26,0.9781581424728678,-0.01625871595715589
27,-0.41730721134736504,-0.00010767174370995836
28,0.6516296429231156,-0.0015138231984446193
29,0.2604634104399699,-6.450086954545853e-06
30,-0.7539835440401854,-0.003570392358045904
31,-0.9576200233554992,-0.01438148164930586
32,-0.9604313900255539,-0.014627465599775125
33,-0.03841401327222749,-6.692935095031771e-11
34,-0.15558976379734646,-2.946672698067587e-07
35,-0.5091797595291985,-0.0003515983187213356
36,-0.6080368709870101,-0.0010058734472496722
37,0.9449581737387689,-0.013315030970635466
38,-0.42538860256782596,-0.00012070261843100116
39,0.16564604272820516,-4.2890107021520407e-07
40,0.1508751425417727,-2.4503618922810944e-07
41,-0.08881585688255234,-1.0215831514059914e-08
42,-0.5490073599670318,-0.000549602400475746
43,0.592470641431224,-0.0008628838290378749
44,0.26555318913003934,-7.241854092288058e-06
45,-0.7086370472270414,-0.002480544810232299
46,-0.5351794105488006,-0.0004724677326510829
47,-0.17415394366675496,-5.790472680233805e-07
48,0.7543392461188547,-0.0035802804586232417
49,-0.44188861563982607,-0.00015139533615160516
50,0.41809483616112475,-0.00010888798834918223
51,-0.3827319578897268,-6.430111354294166e-05
52,0.031631971909988676,-2.0867085837039667e-11
53,0.619806173590778,-0.00112651395658947
54,-0.5955457366146211,-0.0008897108543933774
55,-0.5976398447568894,-0.000908371202847591
56,0.9513342527369442,-0.013843684629445074
57,0.26922632241387623,-7.862120374291237e-06
58,-0.8513084496205097,-0.007260810904052284
59,-0.647399428867035,-0.0014567769994306978
60,0.025129025538053185,-5.245470724446477e-12
61,-0.5571158092341928,-0.0005994826928407138
62,0.9742721409923478,-0.015889019859733233
63,0.83092115113794,-0.006303594571702487
64,0.8010973549520912,-0.0050916099644535695
65,-0.66167750880083,-0.0016567416336437102
66,-0.8305666373781133,-0.006287914816927476
67,0.45947469088558,-0.00019096670854223952
68,0.754666154873233,-0.0035893879753845503
69,-0.7190455362914616,-0.0027025006084231418
70,-0.3324494031524017,-2.774194966570498e-05
71,-0.5153641420633039,-0.00037771820182064264
72,-0.10727633168242812,-3.170719142797651e-08
73,-0.6195234222960211,-0.001123481839742424
74,0.5691515789351624,-0.0006803819955301105
75,-0.9722227246414714,-0.015696824037711
76,0.756504538369217,-0.0036409597683677575
77,-0.6147808549917815,-0.0010736198453031864
78,-0.7558396655943331,-0.003622238408262146
79,0.08696480115370653,-9.003458423251232e-09
80,0.20960963756509066,-1.757296377191686e-06
81,-0.3863083715010196,-6.796842152101412e-05
82,-0.8324004451521967,-0.006369368360482075
83,-0.6517155243678225,-0.0015150001434803828
84,-0.39364132399163343,-7.60325584310273e-05
85,-0.6870955556516254,-0.0020686192658444513
86,0.24019320021618662,-3.971895576881934e-06
87,0.5653496480098097,-0.0006539077417342387
88,0.6657145372906015,-0.0017172096548483395
89,-0.6895385200324675,-0.0021122859605421374
90,0.3368381802759641,-3.000221936866332e-05
91,0.36857429917562556,-5.135370465270128e-05
92,0.42118365086381426,-0.00011376830677056748
93,-0.44761976412051974,-0.00016346262390498634
94,0.8200621292328516,-0.0058376069337527925
95,0.5236726279452155,-0.0004153198637987243
96,0.7753890102829242,-0.004206892992269062
97,-0.3335003618258181,-2.8269869933983394e-05
98,0.37865985288686255,-6.03270652352883e-05
99,-0.5784264637148198,-0.0007487043063827414
100,-0.7010463345790792,-0.0023283270989350457
101,0.8602969914277183,-0.007719037965593589
102,0.7529594226052929,-0.0035420482454640023
103,0.6640915812371406,-0.0016926855009796737
104,0.7445261343688074,-0.0033156000508082206
105,-0.5810334887157937,-0.0007688973692393519
106,-0.6214697746129592,-0.0011444909002328307
107,0.8568409314778183,-0.007540130818388668
108,0.9632397014659537,-0.014876595470341814
109,-0.644796246049347,-0.0014225619876961915
110,-0.6441804839360743,-0.0014145664251998813
111,0.6010402113427507,-0.0009393595720090797
112,0.3755422744693453,-5.742432664102015e-05
113,-0.7118085796165587,-0.002546523942397516
114,0.4989265789186237,-0.0003115949327362477
115,-0.1838772506134776,-8.018508860230256e-07
116,-0.8714285050495445,-0.008319052497775759
117,-0.26079007438865,-6.498638592700168e-06
118,0.6902637722824689,-0.002125394620811294
119,-0.5831263760181533,-0.0007854319269451349
120,-0.5322610495103723,-0.0004573929127016374
121,0.874405458327145,-0.008485822132693999
122,-0.3313048581505216,-2.7176364694958544e-05
123,0.9068266951929169,-0.010485953170255802
124,-0.656846220843422,-0.0015866952816112612
125,-0.19350743889912514,-1.0887165567963208e-06
126,-0.9002239246755097,-0.010050203357179543
127,-0.8730644492619681,-0.008410363215797578
128,-0.7761683197057587,-0.004231714310647394
129,0.7893209147825526,-0.004669117567382308
130,-0.2119794071036325,-1.879686898242916e-06
131,-0.83244095711419,-0.006371177522476401
132,-0.21208220958656088,-1.8851527838759097e-06
133,-0.08903927303829495,-1.0370940439763388e-08
134,-0.053840970671867217,-5.073161890578604e-10
135,0.028616466413454722,-1.1439516001132688e-11
136,-0.6189765408709276,-0.0011176364078224754
137,0.3349550906307359,-2.9014366973556527e-05
138,0.2121948466912893,-1.8911567474244606e-06
139,0.3093641048297602,-1.804684581230287e-05
140,0.9059193641912817,-0.010425175327289371
141,-0.014066563612214589,-1.6142642778049776e-13
142,-0.407387597530825,-9.329356852993964e-05
143,-0.28139022872831765,-1.0240640446079752e-05
144,0.16284120548978298,-3.8717428785250974e-07
145,0.7274873345429895,-0.0028942935867225517
146,-0.9440855132502828,-0.013243976201131935
147,0.2985950609874142,-1.460260932295565e-05
148,-0.9532130092646911,-0.014002678780125954
149,-0.8994804218082193,-0.010002077412414101
150,-0.7839460500573181,-0.004486095361800446
151,0.17274694241367405,-5.515727332650044e-07
152,-0.1532993715951083,-2.696040152239121e-07
153,-0.6088231552199579,-0.0010135852891507424
154,0.7779788059956914,-0.004289843560749018
155,0.2631502379430286,-6.858542790477706e-06
156,0.6596499786971612,-0.0016270414905643626
157,0.07161652605852353,-2.809052657148925e-09
158,-0.25945229221134514,-6.3017141377352814e-06
159,0.9586981618366996,-0.01447541283395104
160,-0.2243495707679135,-2.639872592857806e-06
161,0.9916309541903501,-0.017595116831281676
162,0.8066040230092157,-0.0052996562988962825
163,0.025601892449192976,-5.866196417514402e-12
164,0.07223275636078896,-2.9572000403987886e-09
165,-0.7306733168680679,-0.002969525660134198
166,-0.4269441982928359,-0.00012335515019334942
167,-0.5550969679504345,-0.0005867268844923501
168,-0.5265298184847917,-0.0004289451094131591
169,-0.1380293879698835,-1.437323732256246e-07
170,0.3246796707837418,-2.4087357264113152e-05
171,-0.5037533266321861,-0.0003299288374664089
172,0.7410757102195846,-0.0032264500774965565
173,0.373220496799336,-5.533873494578678e-05
174,-0.288769581723064,-1.195514056440139e-05
175,-0.06280714378183783,-1.2782002123401526e-09
176,0.6318079362256586,-0.0012615943703798704
177,-0.38725702396174544,-6.896978848958124e-05
178,0.7260673220920084,-0.0028612711649163014
179,0.9978745132908262,-0.018244037353260745
180,-0.7227747125368018,-0.0027858926202557477
181,0.5368504062080139,-0.000481282767637925
182,0.15847575676265557,-3.2898315560636604e-07
183,0.19516621723542804,-1.1458342618064776e-06
184,0.5577705426356119,-0.0006036684581084417
185,-0.8720244212655051,-0.008352219340376665
186,0.7404257053229746,-0.0032098783800009745
187,-0.04661133873165646,-2.1359458646230678e-10
188,0.4891666315169232,-0.00027709298333955523
189,0.8036508979093513,-0.0051872352526339816
190,0.5580069307351991,-0.0006051856323977534
191,0.3276739148450811,-2.5445125387824064e-05
192,-0.6412890173353396,-0.0013775152440028693
193,0.33616808827571076,-2.9647541722854776e-05
194,-0.005333714791340816,-4.440892098500626e-16
195,0.3730927300885938,-5.522581703676366e-05
196,-0.7550061810366007,-0.0035988811298220957
197,0.7175155135014097,-0.0026688859061467785
198,-0.022671775374122793,-2.829070311349824e-12
199,0.1921904473298659,-1.0450741894096893e-06
200,0.9979263633680147,-0.01824950674886039
201,0.005075041136406888,-2.220446049250313e-16
202,-0.35141365330854923,-3.86364774900283e-05
203,0.5865529984927325,-0.0008131373481975457
204,0.6081808799394406,-0.0010072822444415763
205,0.7896174842532979,-0.0046793919162197994
206,0.4562959806278015,-0.00018324136596969964
207,-0.19663726836311346,-1.1985543495462991e-06
208,0.1324309645419064,-1.1213587136627012e-07
209,0.3758901736204432,-5.774238414246735e-05
210,-0.7717162312080037,-0.0040915173092280765
211,-0.19623279747588196,-1.1838615344705872e-06
212,0.07613946631783808,-4.056048052980543e-09
213,0.17592481109915226,-6.152379542490038e-07
214,-0.5771490389267329,-0.0007389710486376266
215,-0.6110928744283677,-0.0010361209724364384
216,0.6509750273595658,-0.0015048769052746769
217,-0.6868715859003816,-0.002064653426157026
218,-0.3316543372918963,-2.7348036399366116e-05
219,0.44912824398639595,-0.00016676803321247213
220,0.25736274224289435,-6.004073655252462e-06
221,0.1420742256808638,-1.7090532500319e-07
222,0.9683672803067713,-0.015340390939482251
223,0.30867884028176906,-1.780925554117907e-05
224,-0.42558310094691065,-0.00012103165650489967
225,-0.4616763466332674,-0.00019647417975321435
226,-0.14229014191443534,-1.724683286186135e-07
227,0.03993136589248936,-8.444167587384754e-11
228,-0.6827988386496002,-0.0019936222961332017
229,0.7555128330418719,-0.003613064565331059
230,-0.19871862936720786,-1.2765848758089504e-06
231,0.2621715058628442,-6.707334249234087e-06
232,0.36570428611397987,-4.901342415797316e-05
233,0.09449938687579529,-1.4819995786119478e-08
234,-0.5045270052238975,-0.0003329489636986205
235,0.27882258099475266,-9.694341872923395e-06
236,-0.6269048588348796,-0.001204881516682077
237,-0.5787745487685054,-0.0007513748086740435
238,-0.47996305307606524,-0.00024751823112600935
239,-0.922464665042918,-0.011579816686963507
240,0.05778723818322318,-7.754774600243763e-10
241,-0.954225137007974,-0.014088947603405733
242,-0.054407027441577105,-5.40167022222704e-10
243,-0.8977483527349035,-0.009890693019280916
244,-0.18930103393480446,-9.544076878809094e-07
245,-0.521164851745153,-0.0004036579714454813
246,-0.10421757684596589,-2.6657241414262955e-08
247,-0.4490217283067359,-0.0001665328302620228
248,-0.7837873037935013,-0.004480780741780044
249,-0.614314045433175,-0.0010688123705379082
250,-0.24476527719511987,-4.446441479788454e-06
251,-0.7986808628675564,-0.0050024536497697
252,-0.4793630939279725,-0.000245684992545514
253,0.7225054166312437,-0.0027798005623255184
254,-0.24767021704677794,-4.771765972022557e-06
255,0.9396970699388161,-0.012891327640846995
256,0.6652638623857079,-0.0017103704152379162
257,-0.03870477754928903,-7.00268731890219e-11
258,-0.9768814209705321,-0.016136489979810875
259,-0.5666083528853179,-0.0006625765227976643
260,-0.9650873069460888,-0.01504237746147552
261,0.4262909472594807,-0.0001222354278254123
262,0.44363862643109164,-0.00015499897637660798
263,-0.14502574326225082,-1.93325203845518e-07
264,-0.9385172244917408,-0.012797835670691038
265,-0.8094022843492445,-0.005408018466816489
266,0.11227744019814301,-4.167059963755548e-08
267,0.407843913431019,-9.391800381208792e-05
268,-0.7783862855793364,-0.00430301647113529
269,0.02357991579444141,-3.5808023213235174e-12
270,0.72566142314783,-0.0028518891540306734
271,-0.3816644308678099,-6.32388662228367e-05
272,0.909349847929239,-0.01065649086153253
273,-0.657765247449519,-0.0015998281767903855
274,-0.3263185922287424,-2.4822871701579707e-05
275,-0.8756376445407277,-0.008555644975395293
276,-0.32546111193479965,-2.4435758996355084e-05
277,-0.3690998361886464,-5.1792129871941484e-05
278,-0.5064399237195671,-0.000340514631761768
279,-0.8919931853769756,-0.00952785064259476
280,0.07889910078834661,-5.021728366472189e-09
281,-0.3103814216385372,-1.840441871259202e-05
282,0.9927635895300577,-0.01771141973907686
283,0.781277996806159,-0.004397456603865146
284,0.7776176890194713,-0.004278197145058615
285,0.47731289546415057,-0.00023950508253589575
286,-0.08745269245974785,-9.31071020282559e-09
287,-0.15996553133884772,-3.4796008518966914e-07
288,-0.5927776282713633,-0.0008655315648513628
289,0.5168218793118227,-0.00038410326776094905
290,-0.21076387963383447,-1.816052433434301e-06
291,0.6945846277478418,-0.002204888889899115
292,-0.4444521594047426,-0.0001566982676554085
293,0.4503861674586964,-0.00016956662035105818
294,-0.5862829944630665,-0.0008109253774474245
295,-0.3372441396558119,-3.0218802298698222e-05
296,-0.5828771178625229,-0.0007834474212065068
297,0.3366025678484037,-2.9877110739096047e-05
298,-0.2781219364897951,-9.549556476362575e-06
299,0.6688558029602991,-0.0017655090537505025
300,0.35612432968612207,-4.183274473534837e-05
301,0.8118868751004344,-0.005505750653172381
302,-0.6401117950750903,-0.001362661519632491
303,0.03026373431063889,-1.600464205608887e-11
304,-0.06240053910879362,-1.229355506282559e-09
305,0.6093807760535179,-0.0010190839471396762
306,0.3998805950418245,-8.350488034680748e-05
307,0.752463100666988,-0.003528378468605209
308,-0.07093394156551391,-2.65222410700261e-09
309,-0.7455146699746962,-0.0033415111004276854
310,0.0700574976663022,-2.461614800886025e-09
311,0.17877693884351076,-6.774773017026448e-07
312,0.27678995021689534,-9.279264059580683e-06
313,0.33017900690666857,-2.6629399733080206e-05
314,-0.9330466748660862,-0.012371543791778072
315,0.28325460762394306,-1.0653152258233156e-05
316,-0.964365022373108,-0.014977389984875633
317,-0.6830848703728154,-0.0019985441901277934
318,0.479687431656896,-0.0002466746384055529
319,-0.5608461221031202,-0.0006236557398302534
320,-0.9858032363885862,-0.017006491661197387
321,0.7622345509353179,-0.0038056246843077846
322,0.02558785976853284,-5.8468785368859244e-12
323,-0.1966059776760869,-1.197412292763822e-06
324,-0.3315900037890114,-2.7316366894791777e-05
325,0.971672507484433,-0.015645548097711348
326,-0.5786275728243253,-0.0007502462532518184
327,-0.8614102543191657,-0.00777740167826102
328,-0.29457882736361674,-1.3467047751403172e-05
329,0.5676325412603478,-0.0006697000844234635
330,0.8682551688318385,-0.008144244080909857
331,0.25117202555989127,-5.190027337897973e-06
332,0.3681232692890135,-5.097989844105033e-05
333,-0.11089140103107553,-3.8679311420430906e-08
334,-0.2173730514990062,-2.184904231761209e-06
335,0.05924137983401412,-9.001590584034602e-10
336,-0.3752287884998835,-5.713897787651412e-05
337,-0.041795300695741666,-1.1102696539921908e-10
338,0.6918999728044457,-0.002155214577507669
339,-0.6902399031615802,-0.0021249621317374068
340,0.3573606576459365,-4.270704199182962e-05
341,0.06278401775841136,-1.2753794687014874e-09
342,0.041323277240506995,-1.0371337122450086e-10
343,-0.7841715659697421,-0.004493654240516398
344,0.4230529880751963,-0.00011680900647315084
345,-0.2402739670105536,-3.979896575301289e-06
346,0.04113037399618702,-1.008423344828202e-10
347,-0.7248447802753704,-0.0028330898179675934
348,0.7934938084915246,-0.004815398638722157
349,0.19425993309517753,-1.114326478979244e-06
350,-0.4043869255464121,-8.927258966573426e-05
351,-0.36057068257780545,-4.5048219093901665e-05
352,-0.9854962384415675,-0.016975933865689408
353,0.7683599468367659,-0.003988368934242148
354,-0.0900601316448757,-1.110488456745884e-08
355,-0.12617199888373598,-8.388280925419878e-08
356,-0.525100655080436,-0.00042208427429790696
357,0.7384133181996708,-0.003159016258993952
358,-0.5293656036698964,-0.00044283201896822
359,0.918254394459115,-0.011276550502695382
360,-0.7451927801644844,-0.0033330556571823378
361,-0.75537263383053,-0.0036091351788879455
362,0.8692245046966889,-0.008197319583122309
363,0.22842110641415236,-2.9400126697609608e-06
364,-0.3948209048258102,-7.740097527908496e-05
365,0.3575885731246158,-4.2869862652783475e-05
366,-0.3504595038635012,-3.80144587426301e-05
367,-0.28343388976686,-1.0693537943473608e-05
368,0.36935968483705706,-5.201005237975842e-05
369,0.8474470832918339,-0.007070927801166915
370,0.0031753557055602677,-1.1102230246251565e-16
371,-0.4917297514665755,-0.0002858310796751695
372,0.9003179078174581,-0.010056300209022262
373,0.8690241487368702,-0.008186326053186255
374,-0.7772052706556702,-0.004264927975800137
375,-0.5023422826595332,-0.00032447911071786795
376,0.4697892645208457,-0.00021791877029675444
377,-0.8268759919933488,-0.006126571541369641
378,0.7328017777108613,-0.003020676519825738
379,0.9810464415980862,-0.016538009304442047
380,-0.4321284798279763,-0.0001325468684586495
381,0.8248058941805074,-0.006037569425552669
382,-0.0023422600626588075,0.0
383,0.7686239789756635,-0.003996405190222818
384,0.20382692560585536,-1.4861964777734826e-06
385,0.9796304108248934,-0.016400597541950668
386,0.6545801112955474,-0.001554691960094945
387,0.7325890990384056,-0.0030155330983463458
388,0.9149042134767369,-0.011039898120875913
389,-0.7958437327659276,-0.004899416880658758
390,-0.33715921233576696,-3.017338568689354e-05
391,0.17186224463366284,-5.348598099974566e-07
392,-0.05562253021203811,-6.16730222446904e-10
393,-0.5693105234715401,-0.0006815077903939981
394,0.6016154875296258,-0.0009446875363696705
395,-0.43261501037262784,-0.00013343787420128095
396,0.6504009620049258,-0.001497067378220085
397,0.7583215133915637,-0.00369252778607454
398,-0.2651507863272433,-7.1764504521176775e-06
399,0.829912960842192,-0.006259087225277238
400,0.7295515946495099,-0.002942856636647617
401,0.39594960777515475,-7.872944859343978e-05
402,0.0871781134231917,-9.136736478509988e-09
403,-0.19266078185379132,-1.0604896821808651e-06
404,0.7389641890781231,-0.0031728729041867743
405,-0.9182981704704061,-0.011279669975531759
406,0.16213512866709068,-3.7722095547199075e-07
407,0.25696634827970577,-5.948952333745261e-06
408,0.4510594037718618,-0.00017108033925372634
409,0.5202229054667076,-0.00039934828664234256
410,-0.7937515476969068,-0.0048245555943587926
411,0.29216705198619874,-1.2821150076391952e-05
412,0.5568784001183034,-0.0005979708589137767
413,0.6019289335675782,-0.0009476010294382498
414,0.4077980434934314,-9.38550777436209e-05
415,-0.24878653390563676,-4.901936684897912e-06
416,0.7730760015317661,-0.0041339258095555165
417,-0.20316268188410191,-1.4574214519669226e-06
418,0.984680299738107,-0.01689493465719194
419,-0.4083343165259381,-9.459294787439454e-05
420,-0.8138535914477494,-0.005584135031132864
421,0.3031886757206397,-1.5997921099963897e-05
422,0.6543483356010478,-0.001551448919474896
423,-0.8259653622104683,-0.006087288235312238
424,-0.8473220794150671,-0.007064849376420157
425,0.3232983552803568,-2.3481603642516724e-05
426,0.7614976057778922,-0.0037841103555664724
427,0.10122483099235091,-2.238335017334947e-08
428,-0.3507756282117045,-3.821961458516654e-05
429,0.6691608287838224,-0.001770258095478372
430,0.230852840535533,-3.13244001626245e-06
431,0.705777463554986,-0.0024222679456517016
432,-0.8971687931966361,-0.009853650389108237
433,0.13986455998311453,-1.5557638555208086e-07
434,0.017747090741885074,-6.509237593377293e-13
435,-0.024171189570385998,-4.154454558147336e-12
436,0.22713541426422412,-2.842317637030689e-06
437,0.8627917439522272,-0.007850329138654688
438,-0.14650161199588085,-2.0542295742220773e-07
439,0.6657187511790401,-0.0017172737091386558
440,-0.3707556637333431,-5.319387084090632e-05
441,0.06737289651530909,-1.9472589096736215e-09
442,0.019172901470418724,-1.0348388812531084e-12
443,0.11405560933057068,-4.578811885203038e-08
444,-0.9393800738627869,-0.012866154031797028
445,-0.04198986727029941,-1.1416423362220485e-10
446,0.14717970614302822,-2.1118902848726862e-07
447,-0.3510410000675952,-3.839254287418825e-05
448,0.25600061813679886,-5.816420768134378e-06
449,-0.9497639844181727,-0.013711929254873745
450,-0.12337218853563847,-7.33223817217521e-08
451,0.6372100507202496,-0.0013266118668544546
452,0.8974998039367437,-0.009874793073830546
453,-0.07942063869998695,-5.224162435979451e-09
454,0.59508635090388,-0.0008856599778729324
455,0.29779460956822446,-1.4370156038445714e-05
456,0.2418662790521373,-4.140396356655529e-06
457,-0.9424613812616633,-0.0131125577875848
458,0.6356221850428427,-0.0013072206420674526
459,0.2970049724598116,-1.4143866261862037e-05
460,-0.1246424567670048,-7.796718815011872e-08
461,0.19374153430715935,-1.0966305452608793e-06
462,0.966439133239934,-0.015164625431026701
463,-0.4222108022010491,-0.00011543085244525297
464,-0.7011275475587375,-0.002329913955948504
465,0.09398399038863037,-1.4341767773373704e-08
466,0.7012918192740958,-0.0023331264574250055
467,-0.3270884170727695,-2.5174741020261848e-05
468,-0.7270040288503385,-0.0028830192939773847
469,-0.9775183810684416,-0.016197374971867684
470,0.8032326826413041,-0.00517147380066596
471,-0.4482448559229988,-0.00016482568168274536
472,-0.8029648009904617,-0.005161398693170893
473,0.9488294769656378,-0.013634004852331127
474,0.6268840504311308,-0.00120464539462517
475,0.502022002107003,-0.0003232525646166273
476,-0.3182510272138339,-2.13747036487133e-05
477,-0.23142761534963618,-3.179421762422585e-06
478,-0.8218620311487153,-0.005912828216046884
479,0.7301643064791994,-0.0029573993740917848
480,-0.4589380734390125,-0.00018964393648202016
481,0.5935297244312323,-0.0008720467092164785
482,0.3657820883341001,-4.907567634215848e-05
483,0.28636429512654327,-1.1371921793679185e-05
484,0.7330615452030327,-0.003026968524053708
485,-0.9996869285728613,-0.018436013075988855
486,0.11804659607992174,-5.6276033832958205e-08
487,0.3898114085448632,-7.172718741754736e-05
488,-0.19456543794711822,-1.1248659916862636e-06
489,-0.9594731853163365,-0.014543244075282735
490,-0.7256642872797436,-0.0028519552672411352
491,-0.9386941463004426,-0.012811819739690256
492,-0.5752302706380745,-0.0007245478035737829
493,-0.6685647295015267,-0.0017609870371741998
494,-0.48579216507833234,-0.00026592739029895895
495,0.4507501343300171,-0.00017038358601573211
496,0.8087450623876531,-0.005382405831205861
497,-0.6068895804076635,-0.0009947078506543638
498,-0.8639691342922748,-0.007912923303583286
499,-0.06046541669776917,-1.0176597342592686e-09
500,-0.5640756668685474,-0.0006452294529104563
501,0.6051149861107039,-0.0009776389693472165
502,-0.6805164988172008,-0.001954705505918697
503,0.7680893472042867,-0.003980146564422027
504,0.6699973066130505,-0.001783335536106101
505,-0.22885866562997537,-2.973891818580654e-06
506,0.9620363650543524,-0.014769425531342417
507,-0.34152859921445855,-3.258492462832052e-05
508,0.15121090540450433,-2.4832317668810333e-07
509,0.3106165961696594,-1.848791193170829e-05
510,0.5124487965921571,-0.00036521202705619427
511,0.8867182574298691,-0.009204914343833193
512,-0.0046593752746544315,-2.220446049250313e-16
513,-0.8544302118779419,-0.0074173583503214235
514,-0.9946561443755797,-0.017907149714730508
515,-0.0017031517162739984,0.0
516,0.07591310208770041,-3.984248486688102e-09
517,0.22277328867710833,-2.5307446303024506e-06
518,-0.44745039594511904,-0.00016309491815003074
519,-0.5713683446421978,-0.0006962228090078293
520,-0.2252280316230595,-2.7023699233907905e-06
521,-0.3053385408444993,-1.6688024146005453e-05
522,0.6807247960302134,-0.0019582310715245965
523,-0.6185317188783506,-0.0011129003917160762
524,-0.2041085612491793,-1.4985388792077003e-06
525,0.6443648199489549,-0.0014169560982287832
526,-0.6121965036838086,-0.0010472272875127198
527,-0.8499562536503236,-0.007193847287277455
528,-0.1370210685442621,-1.375511916590355e-07
529,0.5673546151292166,-0.0006677607884697512
530,0.022543673272493514,-2.7344793096517606e-12
531,-0.03613941756201178,-4.6406101184004456e-11
532,-0.5957695337181461,-0.0008916898410812335
533,-0.151971031084138,-2.5590038754685906e-07
534,0.7223155992815737,-0.002775513071208935
535,-0.20250893187660624,-1.42955538440237e-06
536,0.1857099072689561,-8.509408403467589e-07
537,-0.795877590323111,-0.004900636142090575
538,0.34275943000180153,-3.329242331240323e-05
539,-0.385562985482913,-6.719011116984586e-05
540,-0.408979585831871,-9.54871634843979e-05
541,-0.6448545546602971,-0.0014233210428717946
542,0.38044664380909476,-6.20449342921825e-05
543,-0.6282079252732291,-0.0012197442707158057
544,-0.8597413223507873,-0.007690040985591229
545,-0.35201688656978325,-3.903407578187412e-05
546,-0.40624270737489154,-9.174202011252852e-05
547,0.19245507003798012,-1.0537242278729764e-06
548,-0.6509311874556869,-0.001504279329237912
549,-0.6327120004501221,-0.001272288143565281
550,0.8126699472250156,-0.005536851505720475
551,0.41655634676004505,-0.00010652278040235164
552,0.3057930488551692,-1.683704391608476e-05
553,-0.5254884814227037,-0.0004239370270676668
554,-0.8015441860876478,-0.0051082377010138735
555,0.04950242819610917,-3.0646762905206515e-10
556,-0.7494091055560201,-0.0034452157473683354
557,-0.5079207015004332,-0.0003464684301948129
558,-0.5886626746510788,-0.0008305928542560181
559,0.6961946092581266,-0.0022351280354815373
560,0.6928474950341619,-0.0021726402590505067
561,-0.4286434266131416,-0.0001263076769025817
562,0.681866476931656,-0.0019776479499068467
563,-0.7318076146483505,-0.0029966955000165774
564,0.8519288573913406,-0.007291705166754814
565,0.8399163976127841,-0.0067122992706595275
566,-0.6482766490020397,-0.0014684585149167262
567,0.9499423714647646,-0.013726845355024109
568,-0.6672081066808286,-0.001740036755561114
569,-0.9531949169242313,-0.014001140605340967
570,0.9966873268843719,-0.018119171680215485
571,-0.08675424000295173,-8.873491830208025e-09
572,0.16232712911529368,-3.7990618106942264e-07
573,0.5752739769413486,-0.0007248737307866682
574,0.0292777422131556,-1.3120060593507787e-11
575,0.15460333983111996,-2.83645292697976e-07
576,0.12302398862669572,-7.209023200616116e-08
577,-0.17190893544242813,-5.357311805287424e-07
578,0.7312026268448106,-0.002982178896154153
579,-0.2741411085659169,-8.760631016069276e-06
580,0.9374253510801431,-0.012711808280709946
581,0.8323385372544849,-0.0063666045232178
582,0.7379909385938856,-0.0031484254318799865
583,0.8514821073202756,-0.007269447662374806
584,-0.19866959117172311,-1.2746989849210522e-06
585,0.5269176451418451,-0.00043082274523231767
586,0.44765071862675865,-0.00016352990173951198
587,-0.5487062450596254,-0.0005478183599438857
588,-0.7022152515455684,-0.0023512530706338852
589,-0.6393413756735788,-0.001353012400401088
590,-0.6575271255325219,-0.0015964168421457314
591,0.2901230206046095,-1.2294104478782764e-05
592,0.3965949082712279,-7.949742710411378e-05
593,-0.0587033331439093,-8.522132999289056e-10
594,0.5622556707025617,-0.0006329971103263832
595,-0.8691165287802842,-0.00819139344553843
596,0.7012189218913971,-0.002331700424702765
597,0.45272471807062886,-0.00017487286688433468
598,0.9321658930154808,-0.012304005249668681
599,0.8382558635063502,-0.006635261986166818
600,0.19458894449367947,-1.1256803628123535e-06
601,0.034476283639564675,-3.497979683686481e-11
602,0.07741333181913368,-4.480516291316405e-09
603,-0.2509920807807975,-5.167815902318296e-06
604,0.9183573265037617,-0.011283886546274435
605,-0.2283769185767952,-2.9366092448857017e-06
606,0.5110430771630805,-0.0003593054874527768
607,0.8009890538166384,-0.0050875864938342286
608,0.6910147956381834,-0.002139039631167239
609,0.05774696504589061,-7.722408268406866e-10
610,0.24133222761546058,-4.085976414658354e-06
611,-0.9508712154665573,-0.013804726029221226
612,0.8046481629333235,-0.005224978676484193
613,-0.7314557790939946,-0.0029882461972533525
614,0.35931314409897275,-4.4118674011106584e-05
615,0.42366751704923056,-0.00011782321355491288
616,0.6819025126891594,-0.0019782633924961823
617,-0.7428868305431671,-0.003272995564498893
618,-0.6631751213665258,-0.0016789651124425875
619,0.6674139170473756,-0.001743201791319815
620,-0.506847170425107,-0.00034214354627548627
621,-0.5201814830222518,-0.0003991596444965495
622,-0.25573876132206697,-5.780911431108038e-06
623,-0.21735285292862705,-2.18368875914976e-06
624,-0.6640970775512021,-0.0016927680646520171
625,-0.23103746741051756,-3.1474678863219197e-06
626,-0.6377656527568345,-0.0013334527418946696
627,-0.7339859927042764,-0.003049447700369634
628,0.3362420167556208,-2.9686500001457894e-05
629,0.39156786343583594,-7.36758438402152e-05
630,0.48438168306338936,-0.00026137214052723845
631,-0.018915969252075948,-9.54236689665322e-13
632,-0.07432937642035942,-3.5109272156219618e-09
633,-0.5708134424777747,-0.0006922292119927453
634,-0.4694877150906063,-0.0002170884065365586
635,-0.5353004098303313,-0.00047310152203472455
636,-0.5306995905452758,-0.0004494920838006289
637,-0.040801647595495094,-9.610245932378803e-11
638,-0.7304070799053322,-0.00296317793719747
639,0.22258975912964063,-2.518286428832006e-06
640,0.6287017735058598,-0.0012254164843374937
641,-0.6711431142346393,-0.001801378165190659
642,-0.781401332356485,-0.00440152213518108
643,-0.9083214302629463,-0.010586709563258911
644,-0.5541083888316249,-0.0005805630349704494
645,0.6178751057891609,-0.0011059397247589198
646,0.8157446386953364,-0.0056603642847185
647,-0.28814164983072277,-1.1800537755735085e-05
648,-0.3555696405213564,-4.144534469940897e-05
649,-0.83406673664486,-0.006444129075798277
650,0.7451023012893294,-0.003330682116108097
651,-0.8717328502109833,-0.008335977911670955
652,0.9212629649269626,-0.011492587153981937
653,-0.6055025328250523,-0.0009813457742829934
654,-0.38878944617468214,-7.061322412382776e-05
655,-0.07624327219518046,-4.089332539258805e-09
656,0.9717502355840251,-0.015652783460175512
657,-0.23878879281269194,-3.8348958373291e-06
658,0.03485559467629984,-3.735323161890847e-11
659,0.3130746448730162,-1.937959448661264e-05
660,-0.09879403936829556,-1.934699667138773e-08
661,0.3503475452317635,-3.7942020484127426e-05
662,0.048549727081238725,-2.72741718099212e-10
663,-0.0710725250601254,-2.6834596766889263e-09
664,0.4193271401119192,-0.00011081376099253415
665,0.6204454662574856,-0.0011333943967613003
666,-0.8991325319990544,-0.009979623743064936
667,0.8637620358726206,-0.00790188372605638
668,0.46626834171280285,-0.00020838559296598724
669,0.6836323365227055,-0.002007992639227907
670,0.333362237122498,-2.820001401282468e-05
671,0.15996806112212703,-3.479930683614185e-07
672,-0.24537574879789403,-4.513229198477298e-06
673,0.9497180738382001,-0.013708092512476955
674,-0.17168024406296634,-5.314744689899342e-07
675,0.7175019726447409,-0.002668589956130618
676,0.7727966112656914,-0.004125182853126241
677,0.9297925755879743,-0.012123515207725033
678,-0.07474917898563027,-3.6315670470798977e-09
679,0.1611134166562631,-3.631961427164043e-07
680,0.25115907840880425,-5.188426562385828e-06
681,0.07918582206462021,-5.132193559020948e-09
682,0.009214404286092881,-1.27675647831893e-14
683,0.678907073076376,-0.0019276408432545855
684,-0.6892627348605294,-0.0021073187578464214
685,0.09924174752647175,-1.9878824919494775e-08
686,0.5647399376307434,-0.0006497424667627483
687,0.43867860300853856,-0.00014496580285561222
688,-0.7816938408294718,-0.00441117648311351
689,0.3761414898020059,-5.797305215782256e-05
690,0.7859498660272692,-0.0045536266953472015
691,0.8390771627545082,-0.006673273528224888
692,0.7353039467634652,-0.0030817327636019076
693,0.819660241854514,-0.005820918924877794
694,0.33526314186896866,-2.9174092384121053e-05
695,-0.5167170235306537,-0.000383641024491288
696,-0.38442446553356047,-6.601559364483034e-05
697,-0.8685047756770927,-0.008157884218147893
698,-0.32265071763415976,-2.320198424810016e-05
699,-0.2818024570399198,-1.0330686130322064e-05
700,-0.854919580047603,-0.007442147408799116
701,-0.721879831414697,-0.002765690763885109
702,0.44873666087533226,-0.00016590471041566524
703,0.6761846974362604,-0.0018825635802508511
704,-0.15858414450651925,-3.3033407609295296e-07
705,0.829801652025951,-0.006254189238702912
706,0.45261030023549087,-0.00017461008543528944
707,0.7952387208415039,-0.004877671425959518
708,-0.8924280378407243,-0.009554880653044662
709,-0.744097947857256,-0.0033044280103947665
710,-0.8850051907170959,-0.009101985481592245
711,-0.21259833153326912,-1.912794742375823e-06
712,-0.24357569277758073,-4.318657936042136e-06
713,-0.11162581083946743,-4.024115218825841e-08
714,-0.9325290434730391,-0.012331815152060388
715,0.34353918758070745,-3.374720782012286e-05
716,0.8395166178199722,-0.00669368562867545
717,-0.6690431584508088,-0.0017684248036634598
718,-0.8712181451687153,-0.008307370288286875
719,-0.8897349223493822,-0.00938848247215951
720,-0.10107358438114811,-2.2183516579232787e-08
721,-0.7313235226478356,-0.0029850751410960275
722,0.13453461684120294,-1.2324835696464476e-07
723,0.5852780288097774,-0.0008027359792954769
724,-0.1488662172266335,-2.2611721128829032e-07
725,0.20543497608039551,-1.5578211804978537e-06
726,0.8646681187608922,-0.007950276575255266
727,-0.9724462430443863,-0.015717693273988864
728,-0.3971180258183524,-8.012454890005127e-05
729,0.7253509976870907,-0.002844731024114977
730,-0.2962022612360593,-1.3916874698205461e-05
731,0.16078824687592874,-3.5882480120541516e-07
732,0.8017632973758615,-0.005116407660310962
733,-0.6149239292233004,-0.001075096875776116
734,-0.1455264007944268,-1.9736072098819335e-07
735,0.7960366748354664,-0.004906368348084333
736,-0.878848272032142,-0.008739788396968984
737,-0.5973318777212855,-0.0009056068465337352
738,0.9367786931345685,-0.012661081762514348
739,0.6442470241010434,-0.0014154286468572863
740,0.8602978561632952,-0.0077190831605167265
741,-0.6496695358767766,-0.001487165583516692
742,0.9753365518935762,-0.015989594913462413
743,-0.1472681130200113,-2.1195061739032184e-07
744,0.7485556379018259,-0.0034222654744801018
745,-0.6708135282035086,-0.0017961729461138942
746,0.36413962678504475,-4.777533883715268e-05
747,-0.859561905048456,-0.007680697357711153
748,0.7727682324023981,-0.004124295643979092
749,-0.6942725765935185,-0.0021990670193159367
750,0.751671864501751,-0.003506675798626846
751,-0.43028600596851385,-0.00012921726092607333
752,0.2235800550943583,-2.586118995284714e-06
753,0.8777398830441501,-0.008675854692969942
754,-0.07361383318048231,-3.3129985421709307e-09
755,0.898251459765931,-0.009922941388606388
756,0.9048325972002436,-0.010352757057516149
757,0.747460796544972,-0.0033930086731394082
758,-0.1459124932242133,-2.0052049309882136e-07
759,0.48327349210780435,-0.00025783868167938984
760,0.9035233230748692,-0.010266058125177002
761,-0.7270988695596943,-0.002885228832503972
762,-0.9597792672471022,-0.014570104102883064
763,-0.19049889989559188,-9.911655843852785e-07
764,0.6370558629973873,-0.0013247185651616977
765,-0.8437393892748688,-0.006892448025712206
766,-0.4360486130289487,-0.00013986834038159923
767,-0.9544542640092732,-0.014108537298812451
768,0.434831825757209,-0.00013756077629667463
769,-0.20613088357917486,-1.5896963586614632e-06
770,0.1636070486713357,-3.982164287208434e-07
771,0.7278552522210129,-0.002902900463138236
772,0.4906016286490964,-0.00028195742319270245
773,-0.004574458091825662,-2.220446049250313e-16
774,-0.10572593166763022,-2.9056367867319466e-08
775,0.028390830894411412,-1.0908940417664326e-11
776,-0.1990184120528864,-1.2881643723927638e-06
777,-0.8822910165650515,-0.008940833745328391
778,-0.978160308476814,-0.016258923956768978
779,-0.21339208799913267,-1.9559639310440247e-06
780,-0.45305880108347685,-0.00017564202666064954
781,-0.6297575875822028,-0.001237616337712688
782,0.019582876274046424,-1.1748380046583407e-12
783,0.9841937396210838,-0.016846783231376117
784,-0.4632007125509645,-0.00020036401683387606
785,-0.6568429710274417,-0.0015866489999575295
786,0.5702146390885909,-0.0006879409232403155
787,-0.8960449688131469,-0.009782144099377832
788,0.9618934378161859,-0.014756738258741242
789,-0.7098479375686757,-0.0025055674916675263
790,0.9015323618762101,-0.010135356250610794
791,-0.4350327608278928,-0.0001379396454714854
792,0.9586297996399531,-0.014469442069466765
793,0.8551927631756966,-0.007456015038105224
794,-0.6480236136610709,-0.0014650810659749824
795,0.40368598712765946,-8.835434655141139e-05
796,-0.7520504001448156,-0.003517044851218065
797,-0.5004296009693316,-0.0003172111600575622
798,-0.8294271407871838,-0.006237732462146095
799,-0.6660531316249689,-0.0017223628277777125
