,data,labels
0,0.44806120170012376,-0.0001644242363515458
1,0.8723196877854018,-0.00836869299400178
2,0.769540430215826,-0.004024402183865239
3,-0.38011109121178444,-6.171926459352939e-05
4,0.08841968485876994,-9.945537282618488e-09
5,-0.11062756042598121,-3.8130692492366336e-08
6,0.1257897588302097,-8.237055559856543e-08
7,0.4049999424506019,-9.00821330017676e-05
8,0.36366322440756993,-4.7403571810100686e-05
9,0.039370405119708796,-7.75700614852326e-11
10,0.32159271204745,-2.2751143003096885e-05
11,0.8704993971661696,-0.008267556285141753
12,0.3787758703287165,-6.043739495331657e-05
13,0.8450586075201703,-0.006955524161178506
14,0.23597030700250987,-3.571794076284718e-06
15,-0.7824605772298181,-0.004436565443008522
16,-0.3551737428711459,-4.117067270281716e-05
17,-0.9105017351987856,-0.010735095616907664
18,0.05522181940637161,-5.905511635262428e-10
19,0.18558311641610015,-8.474659506374493e-07
20,0.3419333966341269,-3.28162154074052e-05
21,0.9731368810983951,-0.01578231893520332
22,-0.3931770853841774,-7.549953824981248e-05
23,0.990195324879044,-0.01744859560142631
24,0.7695403084631411,-0.004024398453728151
25,-0.4789816067346697,-0.0002445251803274706
26,-0.90498716804242,-0.010363031959120028
27,-0.6316233646451226,-0.0012594202991113024
28,-0.41029429952066265,-9.733081592622206e-05
29,0.4105273213157634,-9.76606488412024e-05
30,-0.6293077879803224,-0.0012324067402013084
31,-0.9985213838686122,-0.018312367949908093
32,-0.4255561396345511,-0.00012098600096177581
33,0.07417953867714777,-3.468685005891814e-09
34,-0.19608385257922656,-1.1784888802601756e-06
35,-0.5527826658641335,-0.0005723812265299166
36,-0.688593216943429,-0.0020953000027300606
37,-0.19014284903811718,-9.80118757709647e-07
38,0.013111403754412443,-1.0591527654923993e-13
39,-0.6554967434366576,-0.001567572439310938
40,0.9249634344448381,-0.011762929668403865
41,-0.44264145506059394,-0.0001529369777046874
42,0.3858077697994178,-6.744488746057709e-05
43,0.7373746737212639,-0.003133025481527052
44,0.4088283598695772,-9.527696743405478e-05
45,0.722471462745238,-0.0027790332304669096
46,0.7477396266591729,-0.003400440097354962
47,-0.13309676769410306,-1.1555873413726658e-07
48,-0.19838328213359202,-1.263734469292288e-06
49,0.769186995882813,-0.00401358597099255
50,0.4868538361976402,-0.0002693993474668366
51,0.9890601079701853,-0.017333439251553173
52,-0.7577835608216215,-0.0036771978772504044
53,-0.13174868085508384,-1.0871631761499856e-07
54,0.5985166407434055,-0.0009162796475106205
55,-0.9229966549089721,-0.011618605234658741
56,0.014170645110122893,-1.687538997430238e-13
57,-0.828594790332907,-0.006201284373125504
58,0.5935215186552907,-0.0008719754075001696
59,-0.6386372929047592,-0.0013442434807018344
60,-0.7749757983184538,-0.004193780610224018
61,0.9358656591835481,-0.012589740969449648
62,0.8023186519081473,-0.005137163086616936
63,0.7385157833903675,-0.003161589901303885
64,-0.45050802877426155,-0.00016983978965123825
65,-0.13572511367018358,-1.2993337017430662e-07
66,-0.0621196370573287,-1.1965277657566276e-09
67,-0.38383453725265193,-6.541375038604524e-05
68,0.30975476071079955,-1.818346654169911e-05
69,-0.5619735735380056,-0.0006311183934850639
70,-0.15091964460051432,-2.454697523024407e-07
71,-0.29933946849558013,-1.4821584839119772e-05
72,-0.949949745008885,-0.013727462189629835
73,-0.2020488522560706,-1.4102116155934041e-06
74,0.9208907009935003,-0.01146567421353295
75,0.912702037957364,-0.010886560745329676
76,-0.8280887472367386,-0.006179210524211554
77,-0.4749361654852293,-0.00023250268436181276
78,0.6788027201599611,-0.0019258967236917002
79,0.6406976211321818,-0.0013700366347882964
80,0.8375363014312809,-0.0066021050268699755
81,0.2726932957244308,-8.487502302534367e-06
82,-0.42932132582602,-0.0001275018155333374
83,-0.6584215534210072,-0.0016092615424569967
84,0.8712095408895832,-0.008306892740715277
85,-0.38590293150364174,-6.754414989029733e-05
86,0.38603569104648905,-6.768283294911193e-05
87,0.9520659514247585,-0.013905430361877524
88,0.5902222120818605,-0.0008436945566335785
89,-0.8716683085104582,-0.008332386230553435
90,0.10633116951273291,-3.006829363272345e-08
91,-0.3193573836325947,-2.1822524153947143e-05
92,-0.07514947268094119,-3.7497980276413045e-09
93,0.32747376204823264,-2.5352424150137942e-05
94,0.867283926374816,-0.008091346558686263
95,0.0989496054847605,-1.9530431383252278e-08
96,0.8750416123755289,-0.008521811874218299
97,-0.26715626011105287,-7.507349935931273e-06
98,0.7785692693917461,-0.004308942728855625
99,0.505211830878102,-0.0003356413107493683
100,-0.08436912457094703,-7.507125920902524e-09
101,0.5759904165123493,-0.0007302336725878433
102,0.11842260649650793,-5.735952468555183e-08
103,0.7325185960196898,-0.0030138296438038115
104,0.5786261051377488,-0.0007502349906830519
105,0.5579457451225662,-0.0006047926318364372
106,-0.5211180192018423,-0.0004034427930513784
107,0.4420718085107842,-0.00015176928113058707
108,-0.10596092137247615,-2.9445833882313366e-08
109,-0.05486512432456481,-5.680330650292831e-10
110,0.04567261641452047,-1.8905177423533814e-10
111,-0.7747457435457428,-0.004186494880646596
112,0.9022965854927467,-0.010185363934940628
113,-0.10329617946592595,-2.5274658921325965e-08
114,0.22247700961589656,-2.5106582023370905e-06
115,0.09323268092744486,-1.3667719955812174e-08
116,0.24131482529059567,-4.084213178656704e-06
117,-0.08793929614874618,-9.625803154555967e-09
118,0.16260567049560426,-3.8383001044195453e-07
119,0.12483763142981696,-7.870210505522834e-08
120,-0.06794096054229692,-2.0478507778420862e-09
121,-0.8637800653321168,-0.007902844302256073
122,-0.8831203585576253,-0.00898982561171402
123,0.3258002175126895,-2.4588245197909586e-05
124,0.9777062679279109,-0.01621537017364394
125,0.9224393213533941,-0.011577971464796777
126,0.3381702443055745,-3.0717753971898354e-05
127,0.9949573499200788,-0.01793846245231545
128,-0.28809129308573267,-1.1788211808361204e-05
129,-0.9710086498807009,-0.015583863500328698
130,0.5739501080090095,-0.0007150549484454816
131,-0.3361070052969848,-2.9615384732784023e-05
132,-0.9561291808586214,-0.014252413447133683
133,-0.29873196209823893,-1.4642677108489544e-05
134,-0.544483009886739,-0.0005232969996474823
135,0.1342669353038457,-1.2178539776641628e-07
136,-0.403461028535697,-8.806131348426671e-05
137,-0.9781741077461923,-0.016260249140373828
138,-0.7384388223569764,-0.0031596566918167257
139,0.30150911750257925,-1.5475445128143583e-05
140,-0.3666450448020584,-4.9770572182472606e-05
141,0.47039194065334766,-0.00021958622305062736
142,-0.4214028837837096,-0.00011412147862832622
143,-0.734912513159024,-0.0030721148630038497
144,-0.8411145663279387,-0.006768339848984617
145,0.3353977027617552,-2.9244091507285574e-05
146,-0.37643137290194595,-5.824006825883021e-05
147,0.5317240967537775,-0.0004546631246001853
148,0.6598976722960739,-0.0016306460979041981
149,0.920316262433647,-0.011424245982901815
150,0.9524740189102316,-0.013939963309113068
151,-0.8473904055914119,-0.007068171267031298
152,0.956747054474808,-0.014305790151513786
153,-0.2887664444842577,-1.1954363980826166e-05
154,0.968038071016097,-0.0153102640267746
155,0.10542551679920908,-2.8564726695101683e-08
156,0.764365139727726,-0.003868390969696267
157,-0.053326579692736686,-4.789241225822138e-10
158,0.6574247989849054,-0.0015949527556474719
159,-0.05681080122958648,-7.001144108897961e-10
160,0.24724829516992508,-4.723321916699774e-06
161,0.768157066802744,-0.003982202966939741
162,0.677088209561274,-0.0018974266280545882
163,0.9192295905844614,-0.011346210048539751
164,-0.5908483973782956,-0.0008490029664260934
165,-0.5375923196501429,-0.0004852399840971078
166,0.10782236446368598,-3.268744874773688e-08
167,-0.36064271925233293,-4.5101955806092775e-05
168,0.39338966086778027,-7.57432225811927e-05
169,0.8915632191605791,-0.009501185851349514
170,-0.9341555031542754,-0.01245699887916607
171,-0.9293382051231671,-0.012089208234260629
172,-0.673970573948478,-0.0018465457815687314
173,0.6432099167064402,-0.001402039066254468
174,0.6160869607612527,-0.0010871658268515327
175,0.6587494600146033,-0.0016139918366300243
176,0.8523687794750805,-0.007313676993389362
177,0.8086650391949384,-0.005379294049224326
178,-0.37875023554667187,-6.041300250059223e-05
179,-0.41777213734089824,-0.00010838830809878353
180,0.8954411428397566,-0.009743899605295647
181,-0.7320445339381672,-0.0030023961613608874
182,-0.17912946473565983,-6.855215395340508e-07
183,-0.9582435715174098,-0.014435746549194772
184,0.8825111031947059,-0.008953813625173113
185,-0.37516838468023517,-5.708413118787892e-05
186,-0.5531810784387785,-0.0005748299741925589
187,-0.1915846150346574,-1.0254930166153642e-06
188,-0.4725492820828454,-0.0002256419752195704
189,-0.030832181507095102,-1.7895018800118123e-11
190,-0.10241384552994681,-2.4007207000131814e-08
191,0.6181648709718552,-0.0011090070422279386
192,-0.07591639602016964,-3.985285657037707e-09
193,-0.677359597728387,-0.0019019098814866409
194,-0.9596490095393657,-0.01455866848109566
195,-0.2501412121027753,-5.063857303477803e-06
196,0.785232112485718,-0.004529342164396266
197,0.39912416077172597,-8.256774250614551e-05
198,0.3431753606908754,-3.353437195763309e-05
199,0.4260862471616298,-0.00012188629629950043
