,data,labels
0,-0.20848280549597464,-1.701470716319875e-06
1,0.5070254845428126,-0.0003428587993459242
2,0.5235446927950171,-0.0004147182545151118
3,-0.8835627827578676,-0.009016050677128962
4,0.04267539732736236,-1.2581291564117691e-10
5,-0.2247221646665567,-2.66623188660553e-06
6,0.06309205617374736,-1.3133811815890795e-09
7,0.35343061738425874,-3.9979217891006336e-05
8,-0.20802016363605502,-1.6789820460605398e-06
9,0.7916311312524251,-0.004749644569286504
10,-0.2860515152109373,-1.1297850757596706e-05
11,0.72026317174985,-0.0027295004051324234
12,-0.3093167717013212,-1.8030350524833594e-05
13,-0.6379546266936786,-0.0013357861142471172
14,-0.09019660676208585,-1.1206201966373897e-08
15,0.4412209234134157,-0.00015003886133369004
16,-0.3527126408166845,-3.949687105964106e-05
17,0.11191528656574645,-4.087103200323128e-08
18,-0.9996025565862474,-0.018427039849924665
19,-0.43201574773355045,-0.00013234112280635646
20,-0.6358449321070614,-0.001309926668360717
21,0.2375634724947584,-3.7186000678701703e-06
22,-0.15747428011886155,-3.167171577223016e-07
23,0.08224760339053083,-6.443637956543569e-09
24,-0.41886323409216764,-0.00011008550647095827
25,0.027486728119152426,-8.983591648359379e-12
26,-0.9448958637811709,-0.013309947211071704
27,-0.03434218637583086,-3.417133243033277e-11
28,0.6384215516999641,-0.0013415659606550445
29,-0.20610733715765672,-1.588609040981126e-06
30,-0.019993869433869715,-1.3308243396181751e-12
31,-0.7470098448308666,-0.003381018096944355
32,0.2037278105032947,-1.4818730402765823e-06
33,0.2100072724214761,-1.7773563467660125e-06
34,0.06823213194675826,-2.1010660988807217e-09
35,-0.5337175072180733,-0.0004648656968564424
36,0.31805063893826113,-2.1294415384232046e-05
37,0.4408161918089226,-0.00014922153187191256
38,0.3805805693636879,-6.217531315688696e-05
39,-0.1815831159734036,-7.437445423974509e-07
40,0.22368372956763904,-2.593307494413999e-06
41,0.4365333142713739,-0.00014079644407516412
42,0.7145258523693634,-0.002604195525571007
43,0.6297372111990929,-0.0012373799452720657
44,-0.5919046831984633,-0.0008580200263814675
45,0.26987978202162943,-7.976964504274875e-06
46,0.2733770661058914,-8.615598530381519e-06
47,0.1840605336026795,-8.066516260507584e-07
48,-0.8120544308649789,-0.005512393297015805
49,0.3443780817772135,-3.42422350717575e-05
50,0.8522281405611054,-0.0073066469218623364
51,-0.633982917012448,-0.0012874476402838786
52,0.6949429455464744,-0.0022115895972590893
53,0.2149828231657478,-2.044921632915475e-06
54,0.3233157802840514,-2.3489165453360883e-05
55,-0.8061853427043346,-0.005283597274994056
56,0.6245263422839349,-0.001178137597455775
57,-0.6711608745279072,-0.0018016590097418295
58,0.03160643322129686,-2.076616656410124e-11
59,-0.18788207421086933,-9.123407368472058e-07
60,0.5121804367905836,-0.0003640782702595269
61,0.12237038839252512,-6.982393663257369e-08
62,-0.01935838968213699,-1.096345236817342e-12
63,-0.045094465809654816,-1.7514101280369232e-10
64,-0.5323843796994487,-0.00045802181651910523
65,0.7987086818819837,-0.00500347269114132
66,0.5918325225457701,-0.0008574015145612623
67,-0.47054937377319583,-0.00022002353825456566
68,0.17805980664077392,-6.613555653123271e-07
69,0.9261837434869855,-0.011853210670559222
70,0.02927581907871124,-1.3114953567594512e-11
71,-0.6717687559646337,-0.00181129325338647
72,0.6474256923756898,-0.00145712562129785
73,-0.5168187484198044,-0.0003840894589499655
74,0.6462924370323002,-0.0014421452185024997
75,0.9633842445134166,-0.014889511095887653
76,0.9563700953580707,-0.014273206159291285
77,-0.8277960852498261,-0.0061664738845975675
78,-0.3996067370815066,-8.316458666135507e-05
79,-0.5438191611488161,-0.0005195264265662747
80,0.8060837539651053,-0.005279706731736167
81,-0.6143411230173563,-0.0010690907446970765
82,-0.008088691448124408,-5.88418203051333e-15
83,0.40121223563085917,-8.517608514191366e-05
84,-0.4394506797631559,-0.0001464911608070052
85,-0.01474622381160473,-2.142730437526552e-13
86,0.038997583315870665,-7.326605988566826e-11
87,-0.6860487085028841,-0.002050136446231199
88,-0.3348335402523823,-2.8951543043276295e-05
89,-0.34106000858617946,-3.2318877203341145e-05
90,0.8756004110706455,-0.008553528246344366
91,-0.07098431094767266,-2.6635417205156386e-09
92,0.506886733459331,-0.0003423021346484756
93,-0.44263107438522753,-0.00015291563230990235
94,-0.061407058390564595,-1.1165132152157753e-09
95,-0.5422879675581986,-0.0005109150881895674
96,-0.46036374984171724,-0.0001931750856510872
97,0.5983588549718608,-0.0009148522848814178
98,-0.46424641299159997,-0.00020306914971957024
99,-0.4220120029842176,-0.00011510751307319822
100,0.8948667643641655,-0.009707633735592802
101,-0.921244012852481,-0.011491215762698181
102,-0.6200979930404877,-0.0011296503974225214
103,0.01216692978122036,-6.761258219967203e-14
104,0.846599927432917,-0.007029817806746386
105,-0.6652575046128335,-0.001710274093404296
106,-0.6054347006445153,-0.000980696136728576
107,0.9586186862911972,-0.014468471617674061
108,0.8273799314493762,-0.006148399944674088
109,-0.8820451150751951,-0.008926349608660455
110,-0.8252728492615242,-0.006057552598616955
111,-0.7767888384623001,-0.004251563975357087
112,0.699125232927873,-0.002291048503052062
113,-0.039825553248101775,-8.310818699897027e-11
114,0.7454187898586204,-0.0033389906671659197
115,0.3957138269207545,-7.845038426068651e-05
116,-0.5794997656284255,-0.0007569639521186611
117,-0.3250162304395454,-2.423690104980114e-05
118,0.3250711737935694,-2.426138717737114e-05
119,0.5581324454981487,-0.0006059924857240162
120,0.7000727207403461,-0.0023093723991413073
121,0.14714964362093963,-2.1093057223087186e-07
122,0.5810047886283554,-0.0007686726442163172
123,0.5147332430232814,-0.00037498216738518497
124,-0.5329268167527585,-0.00046079639457941024
125,0.5893604550132121,-0.0008364339800308596
126,-0.581935114534244,-0.0007759849023497578
127,-0.9643023601382303,-0.014971762761602614
128,-0.3941350091945772,-7.660281160437599e-05
129,0.5253787906149163,-0.00042341232267717466
130,-0.5682917787678936,-0.0006743186994265793
131,-0.06541805709589599,-1.631970669713212e-09
132,-0.5588380355930274,-0.0006105448436034555
133,0.8362938464348322,-0.006545173103133184
134,-0.7428594002495224,-0.0032722865163302695
135,0.6453913807198228,-0.0014303250966690717
136,-0.8677123779894209,-0.00811464687970731
137,0.39427704890059734,-7.676753701602035e-05
138,-0.8371582111483356,-0.0065847373497407435
139,0.46121179938971224,-0.00019530128438771666
140,-0.285374199265217,-1.1138826421897008e-05
141,-0.18356472878227215,-7.937198557295133e-07
142,-0.12583783189546094,-8.255948880098174e-08
143,0.6179101567950476,-0.0011063103853788947
144,-0.26282774020924005,-6.808408687275502e-06
145,0.5864492897730917,-0.0008122871398685838
146,0.8969261183399266,-0.00983817351000671
147,0.7759203162774715,-0.004223802290344469
148,-0.4466711311955134,-0.00016141192547203254
149,-0.3295018238843599,-2.6304837710156015e-05
150,0.6440382644049747,-0.0014127250094816413
151,0.19809540873208809,-1.2527893200608986e-06
152,0.8123243681759766,-0.005523108616360517
153,0.7402482255510046,-0.0032053657662770574
154,-0.5188340236471143,-0.0003930632738442519
155,0.32681387464792877,-2.5048781510439433e-05
156,-0.6238362360656302,-0.0011704704552156775
157,-0.9098040571077544,-0.010687429738810428
158,0.9696074829021033,-0.015454319643727454
159,-0.9617969113330174,-0.014748174885038212
160,0.47929036819914095,-0.00024546353801158105
161,-0.0635661840204158,-1.3737139203939819e-09
162,0.3317321509204283,-2.7386382543737042e-05
163,0.0019047991805369868,-1.1102230246251565e-16
164,0.6948981709467172,-0.0022107513759795916
165,-0.2624651523846451,-6.752406792931431e-06
166,0.9176456254699987,-0.011233242674727695
167,-0.24038807464861267,-3.9912232722150165e-06
168,0.5539868693286816,-0.000579809064023995
169,-0.8675656296121044,-0.008106660144346023
170,-0.785943998444935,-0.004553427738680504
171,0.3590273012976013,-4.3909623325788516e-05
172,-0.7518985457119973,-0.0035128821498755514
173,-0.6796518284677813,-0.0019401262634330951
174,-0.17120158171101374,-5.226560731985685e-07
175,0.9590194950167457,-0.01450350503728881
176,-0.8322714945731324,-0.006363612555455811
177,-0.985181092449001,-0.01694461155302096
178,-0.26414117543945936,-7.014515334691218e-06
179,0.46552341247626927,-0.00020641362248041695
180,-0.08783392313510174,-9.556827662571266e-09
181,-0.6976935171773158,-0.0022635871578672306
182,-0.21770867277245576,-2.205183201819949e-06
183,0.3786579181883245,-6.032522680365915e-05
184,0.5422582838481087,-0.0005107493231679694
185,0.030810275674815868,-1.78189685229313e-11
186,-0.7685227226834492,-0.00399332171617639
187,0.6826886304880435,-0.0019917285552019104
188,-0.7260310118814866,-0.0028604308523714206
189,0.2854110899071143,-1.1147439623382382e-05
190,-0.4397484560221292,-0.00014708300982180234
191,0.9245949531354414,-0.011735779281205838
192,-0.04893241568440532,-2.858964176510881e-10
193,0.7187835382431511,-0.002696719905149525
194,-0.07777043089239055,-4.605932080181674e-09
195,-0.564241144276475,-0.000646351264455558
196,-0.624040878941079,-0.0011727397475859158
197,0.7292596111105683,-0.0029359471219734257
198,0.37134212255731014,-5.369783041397902e-05
199,0.2671613229838081,-7.508201080863586e-06
200,-0.08127324419374626,-5.999096441833274e-09
201,0.7607143015256781,-0.0037613522876435157
202,0.7658675297214963,-0.003913160064368482
203,-0.22681348052195438,-2.8182828040179686e-06
204,-0.9117988404905881,-0.010824176362068783
205,-0.7418870089112801,-0.003247232550630197
206,-0.8006850735155813,-0.005076307325498575
207,0.8144127260826557,-0.005606585884567417
208,-0.558606510358759,-0.0006090479721279074
209,0.897318516001194,-0.009863209062276779
210,0.050920501587279565,-3.6305636275102415e-10
211,-0.44176167283729306,-0.00015113666085408983
212,0.2598535738898349,-6.3602551265695695e-06
213,0.9341133485672495,-0.012453741328737555
214,0.7432763827445619,-0.0032830787782220927
215,-0.3464277282094168,-3.5477154786134335e-05
216,-0.20145656262324607,-1.3856304300619016e-06
217,0.32716255851832354,-2.520884709411586e-05
218,-0.26585279617121227,-7.290871423371037e-06
219,-0.5661667166652671,-0.0006595241922213724
220,0.7986788610678093,-0.00500238032819178
221,0.7722194085615002,-0.004107168547247464
222,-0.15114037486076803,-2.4762968109381944e-07
223,-0.19492404016521214,-1.1373430459649114e-06
224,0.8109792910163338,-0.005469884027575755
225,0.7795604693346583,-0.004341161111340641
226,-0.9290733744194442,-0.012069248929529874
227,0.26449798614760933,-7.071394464097658e-06
228,-0.5786763434572053,-0.000750620583349848
229,0.7031806366812969,-0.002370327015368323
230,-0.10228482673944628,-2.3826393524828404e-08
231,0.3090618828140268,-1.7941738733706636e-05
232,0.7421776483157629,-0.003254704381796092
233,-0.6621512970175354,-0.0016637459195235627
234,-0.4471653474565833,-0.00016247761397536475
235,-0.9928707444103759,-0.017722455093113654
236,0.49683032215463907,-0.0003038997454928305
237,0.47676179061118207,-0.00023786603968067865
238,-0.13897091190530597,-1.497112818160673e-07
239,-0.5928636260468365,-0.000866274490775254
240,0.349880750199814,-3.76412344050836e-05
241,0.36818012435390846,-5.102689413294392e-05
242,-0.8413955167477691,-0.006781535738394462
243,0.8247537189306016,-0.006035339965025921
244,0.09233378183505092,-1.2896142709273306e-08
245,-0.25001846529929406,-5.049004833446169e-06
246,-0.539664770244737,-0.000496436906601172
247,-0.07063545697739992,-2.585975988900202e-09
248,-0.2380203084631125,-3.761610478658639e-06
249,-0.18778436758381978,-9.095018624893925e-07
250,0.7734589062761983,-0.0041459327593518225
251,-0.4236509002880058,-0.00011779569379088972
252,0.7717674752675372,-0.004093109002222817
253,0.7648098695395176,-0.003881599214021314
254,0.5118591483391095,-0.0003627247367983255
255,0.14609520010148103,-2.0203038342270219e-07
256,0.23163532573658885,-3.1965434722502906e-06
257,0.05908800751300558,-8.862685030308626e-10
258,-0.27354813185675053,-8.647895877844647e-06
259,-0.9180533280395526,-0.011262231583777704
260,0.9738927236168882,-0.015853293960502834
261,-0.7604972646480266,-0.003755066450497835
262,-0.3738398561714944,-5.588883482487983e-05
263,-0.4180690279413948,-0.00010884795564369831
264,0.6420220923800277,-0.0013868321940649908
265,0.16105220334190107,-3.62369865447576e-07
266,0.925874169031925,-0.011830254342593105
267,-0.7044106284594591,-0.002394813402266438
268,-0.6403386197094203,-0.0013655131776802998
269,-0.7026469909994373,-0.0023597676363092956
270,-0.37143045630153426,-5.3774080380875056e-05
271,0.5621612838669161,-0.0006323679967540352
272,-0.8004640017723819,-0.005068117366364255
273,-0.5148377583567745,-0.0003754342840079916
274,0.747831846701654,-0.003402900902907735
275,-0.35136776988078267,-3.860637338870543e-05
276,-0.40431101578523676,-8.917276558961795e-05
277,0.8644849772039254,-0.007940475687756021
278,-0.39397371215805355,-7.641610909336904e-05
279,-0.8558288073273075,-0.007488384615507271
280,-0.12733081203526608,-8.860948053079909e-08
281,0.26342431303149283,-6.9013903630787965e-06
282,0.619729617024287,-0.0011256923271208974
283,-0.9616482369430974,-0.01473499311966886
284,-0.10275020289001024,-2.4483977845157767e-08
285,-0.36982306481159544,-5.240055665423071e-05
286,0.6426331988184073,-0.0013946386693615143
287,-0.1521041807015544,-2.572472826978256e-07
288,0.4793429972304155,-0.0002456237802592742
289,0.8896198675183911,-0.00938142676364162
290,0.3956955890907996,-7.842883267905609e-05
291,-0.43767730113710557,-0.00014300721635529534
292,-0.24193411183323765,-4.147351491901041e-06
293,-0.4050916082324638,-9.020370777934605e-05
294,0.9645441452013213,-0.014993485163815157
295,-0.2031912187636551,-1.4586480601153085e-06
296,-0.9269116413863145,-0.011907330853148768
297,-0.3094095141215969,-1.806268244464171e-05
298,0.9379111919517238,-0.012750028639829436
299,0.6969301901005485,-0.0022490571427531414
300,0.43648674379687313,-0.00014070704994084693
301,0.4954568010450242,-0.0002989435434511689
302,-0.7638468906728337,-0.0038530458508576615
303,0.2488012363266976,-4.903670602907084e-06
304,0.09184061711088365,-1.2488485467976318e-08
305,0.9642488806102874,-0.014966961531026501
306,-0.7484075349521768,-0.0034182957213598764
307,0.2711504000740921,-8.204269874245718e-06
308,-0.41795202329352676,-0.00010866661573960545
309,-0.29657178093629066,-1.4020988630014664e-05
310,-0.23798119197565848,-3.7579115912400596e-06
311,-0.0856111099920438,-8.194864120625311e-09
312,0.6472735690967064,-0.0014551072912390994
313,0.8503882679121022,-0.007215186338874635
314,-0.12789783805391952,-9.100191067368257e-08
315,-0.06291545692127709,-1.291481033227626e-09
316,0.8718645739562052,-0.008343312137280456
317,0.8135422460291593,-0.005571665613837373
318,-0.144867316213098,-1.9206262213966596e-07
319,-0.5496514941855075,-0.0005534348957731972
320,-0.836693585032114,-0.006563445908928656
321,-0.4674735467462088,-0.0002116090583021979
322,-0.06137884992252696,-1.113439895839008e-09
323,-0.1480914995903173,-2.1915428027874384e-07
324,0.11257390087077246,-4.2334790228970576e-08
325,0.14239995089326962,-1.7326778445347912e-07
326,-0.4356669039090366,-0.0001391410221522893
327,-0.3885968755286968,-7.040493452414864e-05
328,-0.19838927094675363,-1.2639630108113309e-06
329,-0.9870354257253966,-0.017129591648859965
330,-0.24425513856880543,-4.391263204839291e-06
331,0.8584637261014298,-0.0076237091061909235
332,0.12004100268807782,-6.222352455509395e-08
333,-0.27469054941741855,-8.866177694355493e-06
334,-0.269245209093556,-7.865420255992461e-06
335,-0.0015618032255149128,0.0
336,-0.34085669631427606,-3.2204007258784806e-05
337,0.5240214362514974,-0.0004169637898064904
338,-0.031193705820901085,-1.919142622597292e-11
339,0.8654449662233283,-0.007991959988315034
340,0.553197810462356,-0.0005749330028493871
341,0.5578987853887964,-0.0006044911485135751
342,0.5268926750040228,-0.0004307016495198601
343,-0.9777304325329352,-0.01621768576353333
344,-0.6666824975103016,-0.001731975213126291
345,0.8692059395811138,-0.008196300407823265
346,-0.7951653823361862,-0.004875040870431002
347,0.40426529939402833,-8.911269159517232e-05
348,-0.6000122905289231,-0.0009299012017455199
349,-0.5830236542403813,-0.0007846135896827366
350,0.9540230191963155,-0.014071685531678146
351,-0.6095821279830083,-0.001021075506604907
352,0.15305168198899843,-2.670034424667733e-07
353,0.4540831098082283,-0.00017801779950865626
354,-0.41540724916173377,-0.00010478415473436087
355,0.8770672790703709,-0.008637244665750554
356,0.10178380519312102,-2.3134955617898356e-08
357,0.3039144807587997,-1.6228198057466336e-05
358,-0.2612193194097343,-6.562898618334145e-06
359,-0.12782302101880294,-9.068319106741995e-08
360,0.9929310439871775,-0.017728667510360063
361,-0.08969684544302159,-1.0838898445442169e-08
362,-0.8059749508399061,-0.005275542505738917
363,0.18542788864423865,-8.432277999181892e-07
364,-0.2608811739934138,-6.512232692656994e-06
365,-0.48289659888790637,-0.00025664601813357724
366,-0.33627341283197154,-2.9703057735974703e-05
367,-0.701412298546485,-0.002335484870406246
368,0.0918712707479441,-1.251350723041611e-08
369,-0.2321532967045683,-3.239574730140582e-06
370,0.9758502341681199,-0.01603831739191186
371,0.5659093832557589,-0.000657751021683417
372,0.30495448359536304,-1.6562959417210088e-05
373,-0.9185392692159413,-0.011296863271820001
374,0.4897010378633213,-0.0002788963549577028
375,0.991424424012701,-0.017573976771075084
376,-0.9594799134740477,-0.014543834066329198
377,-0.72210251328011,-0.0027707064843252027
378,-0.7489421073281712,-0.0034326422559819436
379,0.44966754496603945,-0.00016796312457045826
380,-0.2082122620697664,-1.6882895731429315e-06
381,-0.05514342707610087,-5.855395057707824e-10
382,-0.7011139447891876,-0.002329648103235882
383,0.006599220316395149,-1.7763568394002505e-15
384,0.7354769444434535,-0.0030859913666623218
385,-0.673447271723447,-0.0018381165874472583
386,0.08756427735490346,-9.382194798845944e-09
387,-0.6595697925330797,-0.0016258759751001106
388,0.23444235175630035,-3.435560026909812e-06
389,0.29120397754656735,-1.2570532498257236e-05
390,-0.1030442307265973,-2.4907185647293772e-08
391,0.0011951728165648934,0.0
392,0.561041710725257,-0.0006249450922547473
393,-0.02344724820459998,-3.461675390781238e-12
394,-0.5538884684143845,-0.0005791991265152729
395,-0.5620703422511748,-0.0006317623356237867
396,-0.4974251230550788,-0.0003060670349702699
397,0.9120476054708448,-0.01084132949299943
398,-0.05235668726695275,-4.2898584684536445e-10
399,-0.14930275736384613,-2.3012119476639725e-07
