,data,labels
0,-0.6521989939390094,-0.0015216398458828273
1,0.2335083251437169,-3.3544318183142963e-06
2,0.4650053680619206,-0.0002050513986826541
3,-0.024544589543636697,-4.554578936222242e-12
4,-0.4664326651364039,-0.0002088226839084273
5,0.2682932245649301,-7.70051707033037e-06
6,-0.4003454565981581,-8.408515935143246e-05
7,-0.2728005795654773,-8.507495205978266e-06
8,0.7370925941844726,-0.0031259972424882987
9,-0.8178473661786307,-0.00574612628515081
10,-0.3899633502718436,-7.189404634921903e-05
11,-0.8934457407537713,-0.00961838518928615
12,0.8043965417843866,-0.005215434405288932
13,0.004547029904837352,-2.220446049250313e-16
14,0.05806450173189104,-7.980681671071466e-10
15,0.17023142899677302,-5.051563032321127e-07
16,-0.30169244229670555,-1.5531774438248824e-05
17,-0.028474144052251127,-1.1102563313158953e-11
18,-0.05353920263511047,-4.904949779671597e-10
19,-0.5286684293234138,-0.0004393839330604221
20,0.7516808841239122,-0.0035069225764152723
21,-0.2150148049602496,-2.04674407522365e-06
22,0.4892968515160536,-0.000277531522259844
23,-0.8184740236222243,-0.005771890238396193
24,0.30770262756924494,-1.7475285058354828e-05
25,0.030862189764456316,-1.7999823853642738e-11
26,-0.07979983469573226,-5.3755770945684844e-09
27,0.9458479789669594,-0.013387801587251391
28,-0.2432060828220668,-4.279582955346584e-06
29,-0.6704858210993025,-0.0017910096984664614
30,0.963531993509094,-0.014902722632526233
31,0.9727401125260919,-0.015745165369023262
32,0.9862462614948875,-0.017050668192748697
33,0.30934840832180166,-1.8041374291399848e-05
34,0.9320497430713226,-0.012295121349381488
35,0.7306685808070237,-0.002969412643532121
36,0.7726007813752751,-0.00411906380809568
37,-0.3087692448047661,-1.7840450254325013e-05
38,0.5758448647627885,-0.0007291421045489965
39,0.9700148310218322,-0.015491889905181466
40,-0.5440425363980064,-0.000520792651030666
41,0.6719174910167371,-0.0018136569921310963
42,0.060160389996510855,-9.872478390349215e-10
43,-0.7294597428672112,-0.0029406816104665667
44,0.7791424105629186,-0.0043275483179026075
45,0.5693939422156031,-0.0006820992564076089
46,-0.6361060487023928,-0.0013131047071367474
47,0.7806074798730624,-0.004375408143820869
48,-0.8884864698042081,-0.009312152851281397
49,-0.35688386782244286,-4.2368088764122014e-05
50,0.8404793655749065,-0.006738582792064629
51,-0.5866252560645302,-0.0008137301532646912
52,0.87211327124735,-0.00835717370864486
53,-0.026252256297025323,-6.8189898172477115e-12
54,0.5543100143105792,-0.0005818158143360286
55,0.2907519727789354,-1.245432141006031e-05
56,0.1437058410834373,-1.8301431414791125e-07
57,0.7912837147169753,-0.004737462410008941
58,-0.21319337336082245,-1.945081304022267e-06
59,0.7301317319242746,-0.0029566247309498195
60,0.734689247400875,-0.003066640073747906
61,0.633760271009808,-0.001284781204487051
62,-0.019038225536825992,-9.919842725025774e-13
63,-0.0065315917184352035,-1.5543122344752192e-15
64,-0.8711867457049145,-0.008305627689839223
65,0.6482243401869188,-0.0014677597846305401
66,-0.27313176036533116,-8.569459753693387e-06
67,0.987363864848432,-0.017162526018448365
68,-0.5492215767689321,-0.0005508745118923963
69,0.4044027140062938,-8.92933637072213e-05
70,-0.11751540502386293,-5.47744805068362e-08
71,-0.06181228095738356,-1.1614486039590588e-09
72,0.40201766810361383,-8.620030505634979e-05
73,-0.8027019655052539,-0.005151529030009816
74,0.5809579709013668,-0.0007683061724642615
75,0.26484234965753894,-7.1266527074120845e-06
76,-0.03393916129804486,-3.1834868075009126e-11
77,-0.37336561685260805,-5.5467221923510834e-05
78,-0.6333238101403851,-0.0012795673171716038
79,-0.7067119585828712,-0.0024411871334240054
80,-0.3330955430035314,-2.806554056011823e-05
81,-0.600085903192134,-0.0009305759198714458
82,0.031510272488379565,-2.0390023003358237e-11
83,-0.6520413490523582,-0.0015194722071835143
84,0.06884848301122481,-2.217520944647333e-09
85,0.8304433581481436,-0.006282469807869062
86,0.8898560869593535,-0.009395917551052735
87,-0.4070417035306717,-9.282253679709918e-05
88,-0.4513839538337552,-0.00017181405695054774
89,-0.15529953325278267,-2.913879327826052e-07
90,0.09988025072141782,-2.065832660491651e-08
91,-0.7006773507590296,-0.0023211285597077858
92,0.1691035578364648,-4.854276494103971e-07
93,0.2425757554616852,-4.2136237848877656e-06
94,0.8322117260413608,-0.006360946188616712
95,-0.6031721795543543,-0.0009592302501806316
96,-0.2138533530993041,-1.9814206612123186e-06
97,-0.6322484161280093,-0.0012667953068093984
98,-0.7502974177262514,-0.003469237225778299
99,-0.4992824096084265,-0.00031291703867730725
100,-0.2753451022640243,-8.993294674519703e-06
101,0.2188324034824367,-2.274225582965528e-06
102,-0.45431925624551583,-0.0001785692774872727
103,0.8002752908010888,-0.0050611348441159665
104,-0.8129688027998709,-0.00554875891025064
105,-0.38914953141271025,-7.100407478932702e-05
106,-0.7027362200445326,-0.0023615305318090973
107,0.4722208722889285,-0.00022471128619716563
108,0.8412914557340598,-0.006776645667722181
109,-0.7044451810066805,-0.0023955042616290445
110,-0.794979398742435,-0.004868375103438072
111,0.1487775791466741,-2.253113449146582e-07
112,-0.2762508325238666,-9.17168846448213e-06
113,0.28554079072214944,-1.1177766063630301e-05
114,0.8520935787047748,-0.0072999258029592395
115,-0.7574283426991775,-0.0036671040082801865
116,-0.07056113556570698,-2.569696899712426e-09
117,0.7838943945497401,-0.004484365434378579
118,-0.1906637405244418,-9.96314919565755e-07
119,0.009436374207705045,-1.4765966227514582e-14
120,-0.6001471603644706,-0.0009311376983895947
121,-0.46483618964754214,-0.00020460815305001212
122,-0.1035053061570419,-2.5583095308867598e-08
123,-0.16038916523996538,-3.535198140891538e-07
124,-0.960730178896374,-0.014653808846710414
125,-0.06806212963437641,-2.0698579517031135e-09
126,-0.3198982540433155,-2.2044274234800376e-05
127,-0.18149519760553123,-7.415894838214143e-07
128,-0.5484183989658931,-0.0005461174151428771
129,0.6517384749577804,-0.0015153147929820587
130,0.6431207973537361,-0.0014008933826364922
131,-0.9458299209666499,-0.013386321538428225
132,-0.40753413002249617,-9.34937109190459e-05
133,-0.6226461534049788,-0.001157345291780243
134,0.6498182037524722,-0.001489173811688338
135,0.11578572597919323,-5.011427817169789e-08
136,-0.13851529794442352,-1.467926739051606e-07
137,0.019637459953925296,-1.194710996799131e-12
138,-0.3458927685294979,-3.515132730946835e-05
139,-0.10188288720441685,-2.3270351312554283e-08
140,-0.956861871518988,-0.014315726868909362
141,0.03160641157394517,-2.0766055541798778e-11
142,-0.25761101388333363,-6.038813453179692e-06
143,0.5738141030689772,-0.0007140524946509519
144,-0.6228757048938842,-0.0011598674625398209
145,-0.09655837782337451,-1.686524142563428e-08
146,0.24150065882204053,-4.1030749389214805e-06
147,0.1272333753791266,-8.82036943483655e-08
148,-0.496319638981052,-0.0003020491140823811
149,-0.4249287840037812,-0.00011992768116242392
150,0.8237170978069155,-0.005991184604627997
151,0.587930680043824,-0.0008245015850262272
152,-0.5409294375563864,-0.0005033739876856291
153,0.6609857428707457,-0.001646558531811615
154,0.396554185738794,-7.944877970433861e-05
155,0.5524160975867383,-0.0005701358292764525
156,-0.9040405137360257,-0.010300234842037237
157,0.5091321643179256,-0.0003514032603695316
158,0.028053137247505022,-1.0153211604801982e-11
159,0.8544814558300418,-0.007419950951282672
160,-0.10960996724992378,-3.607506515734826e-08
161,0.3020227652884824,-1.563370149659793e-05
162,0.6360877353232959,-0.0013128816085528072
163,-0.48099380198087505,-0.00025069425455692684
164,0.039098463520780724,-7.441047777945187e-11
165,0.08342334272941065,-7.016274672366762e-09
166,-0.4828680424518952,-0.00025655583903827495
167,-0.7001589032530919,-0.002311045091523134
168,0.41999263117741825,-0.0001118654467722191
169,0.3408395817464034,-3.219435315449104e-05
170,0.44933554943293785,-0.00016722658517365208
171,0.5586141202417969,-0.0006090971237390219
172,0.9382130571404041,-0.012773823103879312
173,-0.02422995927920968,-4.215516824501719e-12
174,0.5678029601161718,-0.0006708915238918811
175,-0.5025690432695251,-0.0003253498412625344
176,0.08739087414927016,-9.271303169633427e-09
177,-0.35110106299642707,-3.843177266549258e-05
178,0.16649185535604416,-4.4219464456762836e-07
179,0.7638839585217674,-0.0038541417497390817
180,0.2698846782311686,-7.977830239980221e-06
181,0.3194466542517955,-2.1858995677415116e-05
182,0.31243175229553266,-1.9142998449961368e-05
183,0.33797057723314006,-3.060960584877481e-05
184,0.5393367485916514,-0.0004946505873273388
185,-0.6620035251841436,-0.001661558708162092
186,0.9883826933711901,-0.017265017637770108
187,-0.6735690407088375,-0.0018400751688236738
188,-0.4281216372330767,-0.00012539486210372264
189,-0.32493506352411927,-2.4200765682547143e-05
190,0.7833564858783926,-0.004466383557828801
191,-0.8115385537042217,-0.005491962675924444
192,0.7950058652322909,-0.004869323222076671
193,-0.0888177694939365,-1.0217151014124681e-08
194,0.22584999266043737,-2.7473593176008393e-06
195,-0.35467114071546213,-4.082414968487047e-05
196,0.9400796241082623,-0.012921760910852287
197,0.9256465470099322,-0.011813398318814783
198,0.06393711478877617,-1.4225091105046772e-09
199,-0.5666112257779228,-0.0006625964167126241
200,-0.5293886748523626,-0.00044294650610388064
201,0.41787978396034187,-0.00010855478066629232
202,-0.3222935351388072,-2.3048957574656193e-05
203,0.22988904747433758,-3.0549571486959692e-06
204,-0.8117182354645156,-0.005499071669959443
205,-0.5312281950460009,-0.0004521540228340504
206,0.7816662776276491,-0.004410266008359809
207,0.04163254642800962,-1.0845824238714386e-10
208,-0.7795953786215069,-0.004342299413238604
209,-0.6425460259807609,-0.0013935228833554802
210,-0.523305430917852,-0.00041359507218508007
211,-0.17758702799173065,-6.509028439571907e-07
212,-0.6264362657305811,-0.0011995734317575835
213,0.6821197910488335,-0.0019819775616145563
214,0.10473554190992984,-2.7461737439615774e-08
215,0.8431879546932051,-0.006866221376838677
216,0.2995195930533092,-1.4874978628953706e-05
217,0.2904549521773534,-1.2378444501526253e-05
218,-0.581548292902635,-0.0007729375771927671
219,0.1494538352178032,-2.3152057282427307e-07
220,-0.06922141559628181,-2.290559297790651e-09
221,0.2791645690338438,-9.765672601025344e-06
222,-0.8925013500548042,-0.009559443838698778
223,0.8238036435215612,-0.0059948608976195805
224,0.5309670209903927,-0.00045083718053917643
225,-0.5417304156957641,-0.0005078089311674194
226,-0.8875126101259039,-0.009252964598575275
227,-0.7338735645470666,-0.003046706548593736
228,0.9035587080087983,-0.010268393456479896
229,-0.39822627260562693,-8.146670640718501e-05
230,-0.07640238737115479,-4.140792930762416e-09
231,0.8198140859096812,-0.00582730253294117
232,-0.12727094256953064,-8.835996345712971e-08
233,-0.06939696301015186,-2.3256274683802758e-09
234,0.4764117080937358,-0.0002368296939364578
235,0.10431051616335973,-2.6800129560022867e-08
236,0.10144218229813418,-2.2673148913909813e-08
237,0.5695294998502809,-0.0006830613091872717
238,-0.6865555452064487,-0.002059067939541581
239,0.7763652073138818,-0.004238004252875127
240,-0.007719675064272513,-4.440892098500626e-15
241,0.7183531683615032,-0.002687246346092298
242,-0.8728877516139535,-0.008400461462187203
243,-0.34649338833477317,-3.5517318666022923e-05
244,0.9452845741652309,-0.013341687292100501
245,-0.023757341619615735,-3.745559418177891e-12
246,-0.618856707202889,-0.0011163589054993261
247,0.3657139020408682,-4.902111463178649e-05
248,0.19257280591198778,-1.057591915487599e-06
249,-0.034008158167899705,-3.222511146816487e-11
250,-0.8746637938400936,-0.00850042216534963
251,-0.08742180653857456,-9.2910040772054e-09
252,0.9410556296290093,-0.01299967054946305
253,0.33527638251463765,-2.9180974039588747e-05
254,-0.7996568772469514,-0.005038308125533297
255,-0.11048215119762372,-3.783111612865042e-08
256,0.04279388986979482,-1.2792333858868687e-10
257,0.8511641958723066,-0.007253642923653381
258,-0.51482046005827,-0.00037535942318434046
259,-0.35664156135069525,-4.21966897176107e-05
260,0.8598745548603428,-0.007696985437344317
261,-0.1413757965345559,-1.6593000562448168e-07
262,-0.6653121045129522,-0.0017111014411259617
263,-0.7469246859000387,-0.003378757679480815
264,0.20225720780892886,-1.418944622688656e-06
265,0.7321057494374308,-0.003003870554449839
266,-0.6442399702690806,-0.0014153372233800532
267,-0.9475155479089314,-0.013525053410237353
268,-0.2896776662318856,-1.2181696197322012e-05
269,0.8560291445636397,-0.0074986039770224
270,-0.3218979507409929,-2.2880458449114904e-05
271,0.35766651176568387,-4.292565945585025e-05
272,-0.4279725823745262,-0.0001251351138408241
273,0.3905521857341816,-7.2543739590758e-05
274,-0.5222177191228012,-0.00040852064709973046
275,-0.11940994233999369,-6.028760723975068e-08
276,-0.16283200888242844,-3.8704325477922907e-07
277,-0.5281994347151449,-0.00043707690393191
278,0.417083126482239,-0.00010732778072275462
279,0.06872359110243709,-2.1934992711081236e-09
280,0.6328723856350618,-0.0012741930571187332
281,0.5094546248439853,-0.0003527265475972152
282,0.6496739254100192,-0.0014872248459785187
283,-0.7550259328026512,-0.003599433210779157
284,-0.6099682103638024,-0.00102490321323645
285,-0.37526964192135726,-5.7176097598699016e-05
286,0.6469851756257918,-0.0014512872948856392
287,0.1866887708170164,-8.781695394199929e-07
288,0.6507224835291769,-0.001501437195865707
289,-0.37496502210820926,-5.689979916168042e-05
290,-0.6935976092883063,-0.0021865176001756303
291,0.4463542079198044,-0.0001607315925853392
292,0.30608418357791023,-1.6933078424319348e-05
293,0.1006695507595301,-2.1656964888094876e-08
294,0.4357130261954727,-0.0001392287377446344
295,-0.8630143248190518,-0.007862131139531603
296,0.5478306991737085,-0.0005426581328893398
297,-0.9225251965114394,-0.011584224830925471
298,0.8255140911407293,-0.006067897677076717
299,-0.6179140380522639,-0.0011063514355629245
300,0.9679422970632015,-0.015301508529249053
301,-0.7187015472217935,-0.002694912953842832
302,0.08137051132683104,-6.042291555985457e-09
303,-0.4469976084522538,-0.00016211526291343148
304,0.054792700253536664,-5.635494293443344e-10
305,0.39479468544145235,-7.737033789778636e-05
306,0.741253168538452,-0.0032309865324824383
307,0.5941779881681777,-0.0008776948513646854
308,0.9578623939664277,-0.014402554400728573
309,-0.9172486708750154,-0.011205076555718119
310,0.15068012790369067,-2.4314376512180047e-07
311,-0.21767608777559522,-2.2032075044364774e-06
312,0.8904616579257987,-0.009433149670224905
313,0.650313565822632,-0.0014958813864567322
314,0.22643466197087814,-2.790217940362716e-06
315,-0.5135291029059608,-0.00036980567966971023
316,0.8802842417063099,-0.00882319003368437
317,-0.277635265678182,-9.450050134529597e-06
318,-0.7608657225042408,-0.0037657428706724394
319,0.8780457866327449,-0.008693461367507704
320,-0.9363597382208355,-0.012628305472653922
321,0.9661056069971123,-0.015134389115707081
322,-0.4696690288066636,-0.00021758736738453077
323,0.10951739450949272,-3.589273522841552e-08
324,-0.05971392150127253,-9.44101685718124e-10
325,0.054666296224672895,-5.557947435619326e-10
326,0.01751297264578544,-6.010747455320598e-13
327,0.83261302512438,-0.006378866338944134
328,-0.6438090308013704,-0.0014097611240615482
329,-0.15170180745953443,-2.5319495355891064e-07
330,0.7003599883348324,-0.0023149517754376125
331,-0.7777308747010123,-0.004281844709387195
332,0.4383385763954786,-0.00014429821827866007
333,0.5630646000130279,-0.0006384100958299888
334,0.9181360067352862,-0.01126811773777836
335,-0.7425542882810021,-0.003264408160771781
336,-0.1217232850114649,-6.763894921935076e-08
337,-0.327660854073776,-2.5439067681931604e-05
338,0.8448056465788352,-0.006943392778297253
339,0.5709189976093465,-0.0006929874236962785
340,-0.16812620401691714,-4.688547703413093e-07
341,0.6786670282843674,-0.0019236307601989688
342,-0.3155899230393038,-2.0328758759347032e-05
343,-0.2968174098482781,-1.4090553437373643e-05
344,0.11734069758774868,-5.428797933415552e-08
345,-0.5259534371425099,-0.00042616711533649543
346,0.3242980323807343,-2.3918712263482078e-05
347,-0.9166829904411335,-0.011165038088756019
348,-0.14959198571060406,-2.3280640637501904e-07
349,-0.045711835787059396,-1.9002799334089104e-10
350,0.5079193520649457,-0.00034646296551177347
351,0.7450747887714086,-0.0033299606531491666
352,-0.36606992930089577,-4.93065588359487e-05
353,0.4562988149440037,-0.00018324813704828635
354,-0.4869127737257124,-0.0002695931842945365
355,-0.986144190225031,-0.017040481816678277
356,0.014427443795553163,-1.87960758069039e-13
357,0.8709709619390114,-0.008293660272666092
358,0.8109430957331656,-0.005468457617228806
359,0.3270098451808854,-2.51386387462027e-05
360,0.4361080404455906,-0.0001399818580422041
361,0.5835136895346402,-0.0007885238222715696
362,0.38040766678191873,-6.200703215397674e-05
363,0.09521482901865874,-1.5505805195381583e-08
364,0.5745945353824218,-0.0007198206685468111
365,-0.25729460034389895,-5.994567928158112e-06
366,0.6597777564391762,-0.0016289001787187507
367,-0.7146697270957596,-0.002607278842630456
368,0.22336769060315032,-2.5714460023529284e-06
369,-0.8359359964838768,-0.006528850485405524
370,-0.5200942500212189,-0.0003987626175158132
371,0.38778556523784413,-6.953299200784802e-05
372,-0.030323106109116704,-1.6193935081787458e-11
373,0.0626626842946425,-1.260664683755408e-09
374,-0.6691579472136364,-0.0017702131822048273
375,-0.0718976807747671,-2.8758583292542994e-09
376,0.7601170088749081,-0.0037440742660481696
377,0.023748279464343103,-3.736899678585814e-12
378,0.6225996930781625,-0.0011568353655250219
379,0.34841639675810643,-3.67104813935315e-05
380,0.7548546942423104,-0.003594649240664438
381,0.6336075855965966,-0.0012829552606381522
382,-0.09795161789398188,-1.837840324370177e-08
383,-0.42578449045468103,-0.00012137313627136326
384,-0.5398833376669263,-0.0004976301274050021
385,0.4831659808816213,-0.00025749799954810637
386,0.19010881028506277,-9.790680624011117e-07
387,-0.017536942551870105,-6.059597268404104e-13
388,-0.7666855028003536,-0.003937712892386425
389,-0.276072456570851,-9.136324534808615e-06
390,-0.7490327980254816,-0.003435081062312495
391,-0.2970325635326887,-1.4151722884658824e-05
392,-0.45840232820088933,-0.00018833090059289237
393,0.19558320290085307,-1.1605782838097767e-06
394,-0.7780651713609883,-0.00429263279207015
395,0.7823481512576362,-0.004432835191213291
396,-0.12705078767471845,-8.744745438882262e-08
397,-0.20205109631330864,-1.4103054339908994e-06
398,-0.20323602428521426,-1.4605756812891002e-06
399,0.09066209780969037,-1.1557589552069203e-08
400,0.1716868518683734,-5.315970658115177e-07
401,-0.9942065105415381,-0.017860489447510397
402,-0.7456508932226229,-0.0033450947369385586
403,-0.35138658173816184,-3.8618713484206424e-05
404,-0.4352192740578005,-0.00013829209597604475
405,-0.15505255621391267,-2.8862131162821214e-07
406,0.21512704877993682,-2.0531508496679507e-06
407,-0.007918890937836931,-5.10702591327572e-15
408,0.7366734162554971,-0.003115577039996431
409,0.5114520650823766,-0.0003610157506381828
410,-0.46300691573264086,-0.00019986597817522878
411,-0.4408457924031961,-0.00014928118294033066
412,0.4588792926405334,-0.00018949950346824895
413,0.3184610227811373,-2.1459111058663716e-05
414,0.8860325414393757,-0.00916359977069714
415,0.7555776825321949,-0.003614883301568228
416,0.7836802096244375,-0.004477198287940132
417,0.8343414474256361,-0.006456523151698534
418,-0.9604348300991596,-0.01462776868009752
419,-0.3999284674605379,-8.356448473223477e-05
420,0.8268343969667364,-0.006124772672466028
421,0.4529687160795095,-0.0001754343481785714
422,-0.31614077417926145,-2.0541701856502392e-05
423,0.7947538487138102,-0.00486030128845949
424,-0.5393483472472285,-0.0004947136597138746
425,0.35027086520795025,-3.78924740057629e-05
426,-0.999674786604718,-0.018434721520516062
427,-0.09718343074009894,-1.753071321441979e-08
428,-0.7173731087717858,-0.002665774848506275
429,-0.316748276008026,-2.0778691217526735e-05
430,0.46555235472126855,-0.00020648994825567257
431,-0.4980490828868833,-0.0003083543140998124
432,0.9391566416128994,-0.01284843471581154
433,0.5166941577534341,-0.0003835402848311187
434,-0.7985213534274236,-0.004996613929039606
435,-0.5901157352911337,-0.0008427946465805469
436,0.6014765124838133,-0.0009433981275202008
437,-0.23251406925808404,-3.269830409213803e-06
438,0.4494311144552381,-0.00016743832323906638
439,0.002804849534371545,0.0
440,0.46494141044467474,-0.000204883736937167
441,-0.8703088137300021,-0.00825702542295137
442,-0.3308915008295845,-2.69744716651088e-05
443,0.7734905642250696,-0.004146926755205338
444,-0.8457481516614964,-0.0069886811869769305
445,-0.2308012292214272,-3.1282497632290074e-06
446,-0.9135818031612579,-0.010947608696421418
447,-0.7575954125479314,-0.003671848620797724
448,-0.38410408777539984,-6.568817734320387e-05
449,0.6156916887962565,-0.0010830515480489966
450,0.7684835623204513,-0.003992129722244053
451,0.28253456001268296,-1.0492227351610595e-05
452,-0.9720702308984295,-0.01568259911797154
453,-0.6313023533769027,-0.0012556464675521628
454,-0.3772913424378306,-5.903821643316043e-05
455,0.22615525347034282,-2.7696672791899246e-06
456,0.05021632568343559,-3.339577503425062e-10
457,-0.4313005843998847,-0.00013104205037639538
458,0.3204125538542948,-2.225686477308475e-05
459,-0.9789642323244896,-0.01633627394983206
460,-0.005165280538124817,-3.3306690738754696e-16
461,-0.8476645320366718,-0.007081511645269378
462,0.5571676298523855,-0.0005998131092258552
463,0.7645849820023431,-0.0038749155481461184
464,-0.01797901323779416,-7.036593530074242e-13
465,0.9771059884683215,-0.01615793435960855
466,0.5215781572475449,-0.0004055610809570176
467,-0.5292671285775159,-0.00044234362702477714
468,0.014789859387876803,-2.1804780203638074e-13
469,-0.3185216639534383,-2.1483537179678436e-05
470,-0.7860304616859033,-0.004556360237183088
471,-0.9060653999281703,-0.010434938092554025
472,0.24627030446896647,-4.6126030078808e-06
473,-0.6088063150227878,-0.0010134196111200033
474,-0.2700682066646598,-8.010337706698678e-06
475,-0.8009104457741165,-0.005084667778624374
476,0.0024168694218409392,0.0
477,-0.22727227124311478,-2.852586609480845e-06
478,-0.5461864277596133,-0.0005330758871208152
479,-0.2718465715917313,-8.331077864576208e-06
480,0.2119992767505534,-1.8807423139977075e-06
481,0.553250125192311,-0.0005752552331516059
482,-0.5563738281203332,-0.000594768187386685
483,0.5888485359222588,-0.0008321453972546244
484,-0.6370620512023573,-0.001324794508393956
485,-0.8140628927381677,-0.005592530426328457
486,-0.0018098379742872428,-1.1102230246251565e-16
487,0.5140228125059636,-0.00037192088832682657
488,-0.5696117818980904,-0.0006836458119251487
489,0.5832179520306968,-0.0007861620655726931
490,0.4426271081224227,-0.00015290747728424758
491,-0.8286974002685954,-0.006205768140134182
492,-0.9678122578841659,-0.015289627092279323
493,-0.7179718697898865,-0.0026788758708518046
494,0.09700324853529985,-1.733667454040244e-08
495,-0.27432074416782126,-8.79502309392155e-06
496,0.3854562087107951,-6.707922640325492e-05
497,-0.24955280050082207,-4.992988133611931e-06
498,0.15115682450168166,-2.4779127871799034e-07
499,-0.9004174739954165,-0.010062762539199577
