,data,labels
0,-0.5917869509688054,-0.0008570110959412736
1,-0.5057416093206542,-0.0003377364458881926
2,-0.34787364995004455,-3.637040210191511e-05
3,-0.8698717986599604,-0.008232919189722465
4,-0.5741907581402383,-0.0007168315624586086
5,-0.4237260676813397,-0.00011792022439760519
6,-0.5987185363172542,-0.0009181087188326886
7,-0.27131041553424207,-8.233273706359512e-06
8,0.19497720682262654,-1.1392026735279615e-06
9,0.30082347996015923,-1.5266275849246114e-05
10,0.4216572081181533,-0.00011453231995617319
11,-0.47470340568273883,-0.00023182614082906117
12,-0.8842645479264948,-0.009057776699045728
13,0.062830244711376,-1.2810232874471694e-09
14,0.5052225800907779,-0.00033568371383752016
15,0.6728183128625798,-0.001828027494481188
16,0.5012982007844913,-0.0003204948337283131
17,-0.9116932812242498,-0.01081690441990757
18,0.187329126738756,-8.963715728560473e-07
19,0.7694189892140062,-0.004020683006901837
20,0.8004236889509153,-0.005066625082280618
21,-0.023081010801023316,-3.149702720861569e-12
22,-0.8085453078787965,-0.005374640932816588
23,-0.5164201240079744,-0.0003823346783879966
24,0.8902864446783167,-0.009422364713301268
25,-0.6027313943732799,-0.0009550937715795405
26,0.7529627751606318,-0.003542140729851928
27,0.7271397243284128,-0.0028861810701225066
28,-0.6048432859631716,-0.0009750471144966966
29,0.675270894085928,-0.0018676289586947448
30,-0.5904250099146495,-0.0008454107394704202
31,-0.9443935446852672,-0.013269021683634308
32,-0.9407366081589696,-0.012974162617828577
33,-0.8623465189912374,-0.007826765294461135
34,0.3393578878823065,-3.136761442878999e-05
35,-0.2762362306863877,-9.168789304903058e-06
36,0.701526563722882,-0.002337723454146734
37,-0.8014501721741296,-0.005104735505885305
38,0.4710503989478543,-0.0002214200847320269
39,-0.3666295414869898,-4.975801644424571e-05
40,-0.6032519012189876,-0.0009599799631329065
41,-0.7613129470192499,-0.003778735127691557
42,-0.7175965331267051,-0.0026706572417081187
43,0.7267387139702586,-0.002876845549358298
44,-0.28602324404333324,-1.1291175535443898e-05
45,-0.7292718437084305,-0.002936236326770203
46,0.11480398987579843,-4.761957439480824e-08
47,-0.6927597616243157,-0.0021710219137245357
48,0.3670367457236672,-5.008867500466696e-05
49,-0.5318685722756031,-0.0004553962873905526
50,0.3389843197631359,-3.116198388530833e-05
51,-0.42488091894204527,-0.00011984725140101737
52,0.5931787511566979,-0.0008690013279131215
53,-0.32141932146814356,-2.2677956432404223e-05
54,-0.9559696622758791,-0.014238659402194376
55,-0.40016183205642,-8.385554526102457e-05
56,0.12800283137994217,-9.145075419159099e-08
57,0.7909181876014932,-0.004724672900382143
58,-0.44671940374472396,-0.00016151576043355043
59,-0.9042225667472772,-0.010312287270877407
60,0.7270129502399256,-0.002883227079507167
61,-0.4797877354876172,-0.0002469813615241234
62,0.10175729438013303,-2.3098840173929602e-08
63,-0.3255877876159945,-2.4492629238981323e-05
64,-0.5977259332122653,-0.0009091451904904568
65,-0.9769597207653928,-0.016143964342953288
66,-0.37778788688188847,-5.95031868881879e-05
67,0.3150155353041939,-2.0108674599894627e-05
68,-0.014542762440676427,-1.9706458687096529e-13
69,-0.340392307502553,-3.194290287455992e-05
70,-0.9496134066939237,-0.01369934876329304
71,0.563556445032348,-0.0006417199669985774
72,-0.01776265981737435,-6.543654507140673e-13
73,0.5474381509957011,-0.0005403576523853593
74,-0.3655811836011582,-4.891505967286047e-05
75,0.8147622511045252,-0.005620657871729717
76,-0.9312876286196439,-0.01223695967609817
77,0.6183003009688404,-0.0011104430466114534
78,0.6271537061576671,-0.0012077082572363729
79,0.690383079180126,-0.002127557451894968
80,-0.3401486329874912,-3.180660119317391e-05
81,-0.3615713956433868,-4.579949598071398e-05
82,-0.4089175134986549,-9.540083972747748e-05
83,-0.16531351067596955,-4.2376666919974326e-07
84,-0.1282352922682788,-9.245108245625744e-08
85,0.9286940427343477,-0.01204070697501669
86,-0.6429043020718181,-0.0013981134202712964
87,-0.5568119961860953,-0.0005975485598905816
88,-0.6137886033586326,-0.0010634223405928678
89,-0.1270892020737724,-8.760610847868833e-08
90,-0.9245394731645047,-0.011731695849041768
91,-0.06336659763222063,-1.3480411231725498e-09
92,0.5493127601482153,-0.000551416736458088
93,-0.29434726169205283,-1.3403881535145601e-05
94,-0.8509920366959014,-0.007245095905769827
95,-0.29006441492986523,-1.227926319946615e-05
96,-0.718309795396959,-0.0026862931155450243
97,0.7374506452992837,-0.003134920594172197
98,0.9476600705905127,-0.013537002406427634
99,0.0906748515156457,-1.1567344748719677e-08
100,-0.36451034249813263,-4.806630441522852e-05
101,0.770290821730284,-0.0040474459416970365
102,0.08526734316829954,-7.999457984908531e-09
103,-0.9171430592735046,-0.011197592551676294
104,-0.601938896441087,-0.0009476937562838961
105,-0.2014697763271096,-1.386174907747062e-06
106,0.5571241504860045,-0.000599535867803036
107,-0.8519627956906348,-0.00729339828238984
108,-0.24986037978352837,-5.029929765698604e-06
109,0.3631773520769095,-4.70268929465556e-05
110,-0.5098660558489898,-0.00035442093285487086
111,0.559521891780149,-0.0006149839281657243
112,0.19399440526834089,-1.1052330254335274e-06
113,0.2029690909961268,-1.4491229349822277e-06
114,-0.4527126177958285,-0.00017484506089904261
115,0.22320300222782685,-2.5601148773146676e-06
116,-0.197821728037185,-1.242457079220216e-06
117,0.6141475631707838,-0.0010671021456599705
118,-0.5124136741437411,-0.0003650634769701844
119,-0.5458443197549476,-0.000531099898490428
120,-0.5482886914408103,-0.0005453523744312072
121,-0.8054917123625163,-0.005257080043997275
122,0.8286472287927185,-0.006203575455204335
123,0.006768719311009086,-2.1094237467877974e-15
124,-0.6087097783957129,-0.001012470291354095
125,-0.9706064919625661,-0.015546592102739232
126,0.9288042032736243,-0.012048990072693444
127,-0.5362742729068419,-0.0004782282414506067
128,-0.42029989846881777,-0.00011235381288565716
129,-0.9464536852626302,-0.013437523162805332
130,0.9793573259536923,-0.016374204632850775
131,0.9601421436948803,-0.014602000473955212
132,0.4077266386814744,-9.375719162485474e-05
133,-0.6393109229705876,-0.001352632156731537
134,-0.8787374166883797,-0.008733376786554947
135,-0.01606679567433944,-3.58268970046538e-13
136,0.46052130606644814,-0.00019356864667441354
137,0.8536684100414169,-0.007378903665422598
138,-0.6316011783653732,-0.0012591591748892794
139,-0.5596989136276556,-0.0006161373600678255
140,-0.04039970086899891,-9.056055905176663e-11
141,-0.6884516134709779,-0.0020927652764797244
142,-0.05663876249107158,-6.874911750998081e-10
143,0.292754823112912,-1.297613517659002e-05
144,0.31970062639732166,-2.196303325652238e-05
145,-0.17742091351982348,-6.472630186271644e-07
146,-0.49072848614594067,-0.0002823908337334924
147,0.21794706253803797,-2.2196821855002824e-06
148,-0.8974952729707533,-0.009874503416865799
149,0.26123507432216986,-6.565267223312965e-06
150,0.348845991251195,-3.698153006237437e-05
151,-0.34139980115743196,-3.2511617445440955e-05
152,0.7432807697266492,-0.0032831924766251186
153,0.020989903611625005,-1.7815748876159887e-12
154,-0.619273286830214,-0.001120805101887501
155,0.9412421186295972,-0.013014600549591693
156,0.6725008862636852,-0.0018229530284898932
157,-0.0340979152024663,-3.273881166165893e-11
158,0.45731212657045894,-0.00018568223370296622
159,-0.7845307188357222,-0.004505713968675384
160,-0.7322999625732562,-0.003008552176620216
161,0.7737792178414051,-0.004155998929117555
162,-0.011799122963045416,-5.6288307348495437e-14
163,-0.15873035766326904,-3.3216376083000654e-07
164,0.7867577392128218,-0.004581088097604824
165,0.9144431359563121,-0.011007648204608644
166,0.6817661417900958,-0.0019759351907814304
167,-0.1789559492886299,-6.815522345382519e-07
168,-0.30363424089789603,-1.6138961652423234e-05
169,-0.6084822920738011,-0.0010102361451498343
170,0.7090714499547344,-0.0024894978382379307
171,0.38911427822459577,-7.09657304619471e-05
172,-0.5849308009905227,-0.0007999223792559684
173,-0.690270867745107,-0.002125523198807433
174,-0.65069004608671,-0.0015009958601752693
175,0.5619955691346026,-0.0006312647143044137
176,-0.0003470753364780421,0.0
177,-0.015378495917172774,-2.7555735471196385e-13
178,-0.9199706303980526,-0.011399378122156523
179,0.20670676227297458,-1.6164825922260206e-06
180,0.596549892193722,-0.0008986188417970942
181,0.09116299194017596,-1.1945907929522548e-08
182,0.7684012891637779,-0.003989626379233835
183,-0.8729897341338464,-0.008406175177256836
184,-0.8905163596426371,-0.009436518808997874
185,0.08389175511963387,-7.255919975968084e-09
186,-0.1835519572402804,-7.933890381339737e-07
187,-0.6538749704766742,-0.001544842852281736
188,0.5040489329635147,-0.00033108007459603517
189,0.4634650203979518,-0.0002010449197348274
190,-0.04847412124802997,-2.702034151980115e-10
191,-0.8686055726578588,-0.008163397715089116
192,-0.6147693841475457,-0.0010735014983338509
193,0.7876934785273053,-0.0046130657321893365
194,-0.3494793636822726,-3.738418185994519e-05
195,0.7116792816969959,-0.0025438061386391375
196,0.5917197761038553,-0.000856435866501859
197,0.6113509218600066,-0.001038709066388921
198,0.6433113207443935,-0.0014033436169582636
199,-0.6178450780439935,-0.0011056222661232074
200,0.05616969716586917,-6.540336050520068e-10
201,0.43208024418261615,-0.00013245880185586145
202,-0.6226797755294915,-0.0011577144277911122
203,-0.04771951231940408,-2.45929721032212e-10
204,0.5611243213236181,-0.0006254903366200715
205,-0.8226557307901374,-0.0059462499089156795
206,-0.872069961003654,-0.008354758383700589
207,0.8247185658911387,-0.006033838248038159
208,0.6720780651549652,-0.0018162117342261919
209,-0.9881838172007209,-0.01724497214864318
210,-0.21972110295228142,-2.330093237579156e-06
211,-0.7528545830199425,-0.003539157117049996
212,0.270667661327028,-8.117284814312953e-06
213,-0.2597015244801979,-6.338020390406207e-06
214,-0.7043474856978158,-0.0023935513209191184
215,0.08749632676091879,-9.338609441300605e-09
216,0.7990808917259333,-0.005017123544495905
217,0.21600886950172726,-2.1040675554084842e-06
218,0.7014376070729411,-0.0023359805407607848
219,-0.31887990786197973,-2.1628309020527148e-05
220,0.33285562367833355,-2.7945023337028196e-05
221,0.9640217189888327,-0.014946581629656563
222,0.15413484785315168,-2.785320769582711e-07
223,0.9884371647965218,-0.01727051132905133
224,0.6664380277595428,-0.0017282361569112004
225,-0.4332345847579231,-0.00013457971564800886
226,-0.5611557986173434,-0.0006256981957200036
227,0.5133532491102968,-0.00036905467602210695
228,0.13890149762115023,-1.4926352720490144e-07
229,-0.08776051765075232,-9.509021348108604e-09
230,-0.5196978641305994,-0.0003969626459634501
231,-0.4452048180254804,-0.00015828413589535906
232,-0.7369946917313019,-0.003123560957050464
233,0.8087557424608958,-0.005382821248200775
234,0.30547666718040056,-1.67331952397598e-05
235,0.7408719044996104,-0.003221246553490986
236,-0.5304271460272307,-0.0004481251845811496
237,-0.9985384879991515,-0.018314177525122433
238,-0.8908015903535396,-0.009454102424563349
239,0.5753506756904798,-0.0007254459826269155
240,0.5453106064096704,-0.0005280293146051607
241,-0.8797614076305573,-0.008792748618115298
242,0.6329796145969735,-0.0012754679402567914
243,0.975944345319669,-0.016047256876337124
244,0.7570790450081255,-0.0036572005884899506
245,0.6325258903200313,-0.0012700806380588903
246,0.6264014273542968,-0.0011991795649458625
247,-0.4605029961256244,-0.00019352287601415163
248,-0.7744366178070552,-0.004176721380758974
249,-0.8026132038480638,-0.00514819946487588
250,-0.7113338901027224,-0.002536557814849849
251,-0.03729700360901189,-5.606948239034182e-11
252,-0.6728862939485367,-0.001829115770306755
253,0.10843280594368165,-3.381309576777625e-08
254,0.8946171165691434,-0.00969190558027766
255,-0.9722148109406636,-0.015696085573439267
256,-0.6416511336634849,-0.0013821110529671499
257,-0.7840971476695784,-0.004491158720906996
258,0.7329556605771961,-0.003024402520728775
259,-0.341180624564152,-3.238718510134575e-05
260,0.4547205132294496,-0.0001795095897251242
261,0.6313308109001716,-0.0012559806388191541
262,-0.7601952704462438,-0.00374633443659933
263,-0.8540437480789422,-0.007397829748500784
264,-0.5326873402435208,-0.0004595697569778068
265,0.8843916211534599,-0.00906534916288304
266,-0.8964807678310658,-0.00980982243948636
267,0.031048304561967166,-1.866096166480702e-11
268,0.14705321672332605,-2.1010333906001932e-07
269,0.6614795576994361,-0.0016538224173371363
270,0.9945957771439531,-0.017900879410515547
271,0.08700430968919237,-9.028020442336526e-09
272,-0.9073122247351955,-0.010518595225457505
273,0.8287567305573251,-0.006208361919803784
274,0.1326432037361247,-1.1321768644823038e-07
275,0.38689388226025634,-6.858503088880141e-05
276,-0.27727615612150447,-9.377179653324852e-06
277,-0.8652524440155023,-0.007981613165546353
278,0.3442855897709587,-3.41873618532329e-05
279,-0.10761948022177692,-3.232031831057469e-08
280,0.44834160072516105,-0.0001650374804165189
281,-0.8703178056974836,-0.00825752203550989
282,0.7605748665272267,-0.0037573129693802
283,0.6742954172775886,-0.0018517942658055064
284,-0.025285987057534154,-5.44508882427408e-12
285,-0.021475362113931862,-2.043476499125063e-12
286,-0.45044902542926235,-0.00016970747981526202
287,0.9428445704336552,-0.013143467648118135
288,0.6980538550070148,-0.00227047303627248
289,0.9266163919006605,-0.011885354395310355
290,-0.5620745078060296,-0.0006317900672736521
291,-0.3744178232318258,-5.640625962777257e-05
292,0.10668515979192095,-3.067363318898231e-08
293,-0.2174388874182458,-2.18886989489242e-06
294,-0.8125697547360782,-0.005532864195877174
295,-0.965913756975717,-0.015117018938627158
296,-0.4318665761000213,-0.00013206927915765387
297,0.32149754365140204,-2.2710949031945482e-05
298,0.9237330431449504,-0.011672471904197401
299,0.6016289358934166,-0.0009448123873351255
300,-0.419888853195459,-0.00011170090200252059
301,-0.7546048841152018,-0.003587679553952672
302,-0.11706124867756729,-5.3517294262839243e-08
303,0.9418847305383362,-0.013066154186303969
304,-0.9524227787496626,-0.013935623245614703
305,-0.9353161625229669,-0.01254696386686871
306,-0.6472430724236555,-0.0014547029473296336
307,0.4396569303860942,-0.00014690088616742258
308,-0.24192883982087365,-4.146810585470284e-06
309,-0.23158660451829993,-3.192520476535954e-06
310,0.10149846194660905,-2.274869492779885e-08
311,-0.15662304618171863,-3.0659303695834694e-07
312,0.8241933794885508,-0.006011439042451716
313,-0.6385561519402698,-0.0013432359399767613
314,0.7782100894561477,-0.004297316371556281
315,0.7839367037931853,-0.004485782317633191
316,-0.5795637432693568,-0.0007574586635140657
317,0.7841145471007671,-0.00449174208596359
318,-0.2879178394252875,-1.1745837042331786e-05
319,0.583814782353369,-0.0007909343668328628
320,0.7214385370874301,-0.002755773054064159
321,0.8597781016924397,-0.0076919575152381015
322,-0.38263284385469243,-6.420187005673483e-05
323,0.0790316432369007,-5.072544162487702e-09
324,-0.8855604746860914,-0.009135245845640738
325,0.6708267852487655,-0.0017963820777541217
326,-0.2796989613983978,-9.87800809959527e-06
327,0.2791123309842558,-9.754748803048052e-06
328,-0.3356844374770662,-2.939371773658106e-05
329,-0.7715411484851105,-0.004086082895758514
330,-0.8789253835050046,-0.008744250612038318
331,0.010031327765062326,-2.120525977034049e-14
332,0.8709367480631205,-0.00829176405982357
333,0.9733933010574767,-0.015806368174063667
334,0.9555782783514453,-0.014204959257318017
335,-0.5983672118988415,-0.0009149278372747593
336,0.1767168791875573,-6.320240887314199e-07
337,0.8055017695798843,-0.005257463746156876
338,-0.08997956110989058,-1.1045429237910298e-08
339,-0.6035806988670371,-0.0009630771351487599
340,0.32541539585743773,-2.4415262024235496e-05
341,-0.6702102178506464,-0.0017866768582833759
342,-0.37431601325418384,-5.631482676482502e-05
343,-0.7221743941084477,-0.002772327136062236
344,0.9867878642915677,-0.017104801348790777
345,-0.9335366300222503,-0.01240924442408009
346,0.5143359278151729,-0.0003732675569639854
347,0.7736433228605488,-0.004151725819996233
348,-0.9581890982322192,-0.014430999313401416
349,0.12287113675422723,-7.155482084630904e-08
350,-0.7199787836621447,-0.0027231746165065074
351,-0.16023006795887573,-3.514232275181328e-07
352,-0.21171806165922136,-1.8658508389446382e-06
353,-0.9140432906271001,-0.0109797434887422
354,-0.7661060329802023,-0.003920306111521388
355,-0.47398903096272305,-0.0002297599061169553
356,0.1512240174270092,-2.484522796386557e-07
357,-0.8017512379569456,-0.005115957724542541
358,-0.10186502187628643,-2.3245889768652717e-08
359,0.5289928723613302,-0.0004409857891457536
360,-0.5649179141088623,-0.0006509560506058332
361,-0.6257948869266194,-0.001192339381698715
362,-0.3830576670407382,-6.462814564101027e-05
363,0.2841237831868808,-1.0850135391038407e-05
364,0.5228750470755317,-0.00041158103177196814
365,0.3107578091101759,-1.8538197414375013e-05
366,-0.7878890809455668,-0.00461977328025176
367,0.6169185795078349,-0.001095864063492713
368,-0.15180842330762823,-2.5426347505241864e-07
369,0.6673905967302818,-0.0017428429237623666
370,0.7618837410176442,-0.003795370663761677
371,0.9639367435452972,-0.014938963836819474
372,0.0004485035316978969,-1.1102230246251565e-16
373,0.38903970650748154,-7.088467664251308e-05
374,0.8479870874261928,-0.0070972352205685985
375,0.6017167728156287,-0.0009456281767648012
376,0.8068724269061642,-0.005309972321634104
377,-0.06744627886391519,-1.960016926538799e-09
378,-0.9955988134915885,-0.018005296271300764
379,-0.7885220656635004,-0.004641534326993657
380,0.5250689807069271,-0.00042193325364092704
381,0.2792134304529117,-9.775899499686602e-06
382,-0.48761989570444064,-0.00027192782782581304
383,0.34963003836684403,-3.748050413088233e-05
384,-0.5656667285317403,-0.000656082607935704
385,-0.06066888938820325,-1.0383773840771937e-09
386,-0.9741469259024995,-0.01587722237701028
387,-0.8799000702756021,-0.008800813708529587
388,-0.9140414654090945,-0.010979616241618473
389,0.989463444958935,-0.017374282654554096
390,-0.5780347154910079,-0.0007457082082223954
391,0.5097527314062502,-0.00035395356080536455
392,-0.5400654597246888,-0.0004986261941931636
393,-0.5411559408390323,-0.0005046248533603359
394,-0.9872016105377206,-0.017146249462675733
395,-0.7878372854295757,-0.00461799634288762
396,0.7010026993565794,-0.0023274748582396976
397,0.10116711386266886,-2.2306915758996126e-08
398,-0.6320852296717689,-0.0012648664346400773
399,-0.3077933734616498,-1.750610877204739e-05
400,-0.8949206374312246,-0.00971103054851874
401,0.07720055774903534,-4.407150755447731e-09
402,0.3329389927796631,-2.798685277749513e-05
403,-0.034262843378415564,-3.3700375823286777e-11
404,-0.1569998700177333,-3.1104100206569285e-07
405,-0.5070007816732542,-0.0003427596374501185
406,-0.1326500129551278,-1.1325253734817409e-07
407,0.2860151915094997,-1.1289274818637729e-05
408,0.2866915891767978,-1.1449861957113505e-05
409,-0.3658795112815074,-4.915372031999432e-05
410,-0.6119481370715767,-0.0010447193316064363
411,-0.043810024646823376,-1.4726353469995956e-10
412,0.5473728991307776,-0.0005399760349383831
413,0.08909227629757988,-1.0408024886388034e-08
414,0.6370671541998683,-0.0013248571363853046
415,0.37156282040882793,-5.3888505802679454e-05
416,0.2725550522880651,-8.461797555980866e-06
417,-0.495949277076696,-0.00030071283149502026
418,-0.7233440483423568,-0.00279880839825164
419,-0.3246715850198709,-2.408377396700967e-05
420,-0.8823843742646595,-0.008946337749873301
421,0.02106553982072268,-1.8203216711754067e-12
422,-0.069910107816608,-2.4307109658394666e-09
423,-0.11713175375688678,-5.37108734155467e-08
424,0.8629173163299819,-0.007856985632673563
425,0.5686225134991274,-0.0006766457258847725
426,-0.17683353464866003,-6.345282543840369e-07
427,0.9285616823650027,-0.012030760794563222
428,0.5314806956252514,-0.0004534301580099154
429,-0.3342932364639759,-2.867365058800697e-05
430,-0.9090219179268753,-0.010634199121156152
431,-0.9171614912936081,-0.011198898414349734
432,-0.7376891432172121,-0.0031408760557569693
433,0.26956639950331573,-7.921715306613564e-06
434,0.5137018695451767,-0.00037054473096787
435,-0.6705427081135136,-0.0017919051134110964
436,0.939802596736804,-0.012899716750168766
437,0.523743509002963,-0.000415653489634904
438,-0.5450737924783433,-0.0005266715777214603
439,0.9497411692630127,-0.013710022485277418
440,-0.3096415419212575,-1.814378332154476e-05
441,-0.4550181286679684,-0.00018020967509635444
442,0.09106454574038603,-1.1868741434106767e-08
443,-0.6145391798464113,-0.0010711287110770629
444,-0.052803966641429945,-4.5144687987885845e-10
445,-0.5436573014216475,-0.0005186105011292241
446,0.6203581135150142,-0.0011324522146903826
447,0.5487145470054873,-0.0005478674828762742
448,-0.5752684844980884,-0.0007248327658110343
449,0.9818832034276024,-0.016619648492370742
450,0.15965798683848353,-3.439696862894692e-07
451,0.6741184119040584,-0.0018489328729685006
452,0.8527496373477947,-0.007332742624412858
453,-0.5037236219506538,-0.0003298133362905631
454,0.3179933424487442,-2.127150491593177e-05
455,-0.8373814538604372,-0.0065949875305804095
456,-0.5889645801902856,-0.0008331159576943081
457,0.40342298339049676,-8.801183537565649e-05
458,0.3866557587536843,-6.83337018796415e-05
459,0.5251716859273317,-0.00042242310586260157
460,-0.4277719666082547,-0.00012478621850653404
461,0.4870150263271209,-0.00026992975212425385
462,-0.4801175513025999,-0.0002479921474491942
463,0.1393223562543684,-1.5199547098720956e-07
464,0.4768100029269746,-0.0002380090560522019
465,-0.8550404434922152,-0.007448280207884128
466,-0.8897851302746727,-0.009391562819967225
467,0.30041407381595664,-1.5142502024834137e-05
468,-0.5093479317778056,-0.0003522882533344429
469,0.16440145506523085,-4.0994626659962563e-07
470,0.5144630040310043,-0.00037381524579860326
471,0.37464856111551526,-5.66139356327211e-05
472,-0.6252151800764876,-0.0011858319396566008
473,0.12334146727753836,-7.32129701308537e-08
474,0.5267532935801977,-0.0004300262197731719
475,0.0916261378410117,-1.2314575248417725e-08
476,-0.2979624494471258,-1.4418640477908973e-05
477,-0.40504773943259664,-9.014550835206858e-05
478,-0.5661801668984849,-0.0006596169803916307
479,-0.8529806109387323,-0.00734432490361947
480,0.13566157195539486,-1.2956909478667455e-07
481,0.940656403771791,-0.012967756160540689
482,-0.6938330889366378,-0.0021908890697165395
483,-0.4909922641373554,-0.00028329380220326605
484,0.7673867108709092,-0.003958861438733696
485,0.9893602387462288,-0.017363824158466934
486,0.4765633195588368,-0.00023727804753581605
487,0.8098856039924109,-0.005426917662048836
488,-0.9857920631270969,-0.01700537871834029
489,0.5937368726965433,-0.0008738482603717346
490,-0.4551980329870118,-0.00018063396342649085
491,-0.47757458967038646,-0.00024028665889674894
492,0.1715686666480165,-5.294078856410422e-07
493,0.0816227530221334,-6.155518095241064e-09
494,-0.6010891200182631,-0.0009398115758583181
495,-0.16010211556283216,-3.4974459084402554e-07
496,-0.10457558488821705,-2.7211164987939185e-08
497,0.039317484561765426,-7.694667125690557e-11
498,-0.7719507454801542,-0.004098805725439525
499,-0.541269582209148,-0.0005052534065970171
500,0.6835837620253136,-0.0020071528309901776
501,-0.2632294356917182,-6.870901384292694e-06
502,-0.6570880312989522,-0.0015901421048849507
503,0.9820536700027191,-0.016636320341586353
504,-0.45158282698044827,-0.00017226494177902119
505,0.3183538967980728,-2.1416017376485463e-05
506,-0.9265639146195923,-0.011881451794492182
507,-0.1239352158408189,-7.535182322548906e-08
508,-0.9712032825911305,-0.015601927895646073
509,-0.7832497216496979,-0.0044628215619112455
510,0.37621483369542164,-5.804051416424816e-05
511,-0.2228790139558261,-2.537944642999612e-06
512,0.03950629788737925,-7.919032096737055e-11
513,0.7617997256082674,-0.0037929183025070534
514,0.9398669407178706,-0.012904834116869157
515,-0.8527066083458976,-0.007330586568488395
516,-0.2443609758740659,-4.402663819957908e-06
517,0.6084017617060271,-0.0010094462316715402
518,-0.19629007892271066,-1.1859331794372707e-06
519,0.33375425075319765,-2.8398648182492714e-05
520,0.7820081592269916,-0.004421570047946521
521,0.7007730168174646,-0.002322993155518871
522,0.9999399822266442,-0.018462947454845335
523,0.4302484629003873,-0.0001291501437087339
524,-0.8323130830214405,-0.006365468420927556
525,-0.44305292617186387,-0.0001537850628203774
526,0.6843148408879549,-0.002019823152906053
527,-0.09869769314426269,-1.923411230286831e-08
528,0.24226377209064354,-4.181291317184588e-06
529,-0.9615257897535603,-0.01472414392277599
530,0.016418414528485137,-4.0800696154974503e-13
531,-0.3905140197831196,-7.25014818966363e-05
532,0.2796068954729347,-9.858578514654326e-06
533,0.8050361091426217,-0.005239721981525225
534,-0.8844892979402923,-0.00907117337195662
535,-0.2257943686388333,-2.7433105574958816e-06
536,-0.6376452572670164,-0.0013319679024926812
537,0.1698117411020661,-4.977386062199329e-07
538,-0.36504409161628426,-4.8487814849340616e-05
539,-0.6878731592845904,-0.002082437066250553
540,0.8176865390489134,-0.005739529380004993
541,-0.39000675729760537,-7.194177408864633e-05
542,0.14624136098130447,-2.0324506400104525e-07
543,0.6821539018701122,-0.001982561175440045
544,0.6908661236974047,-0.0021363327645590457
545,0.6888413639119708,-0.002099747974316668
546,0.41740288595779895,-0.00010781887948863034
547,-0.09738802588075157,-1.7753232550710152e-08
548,0.8552308200186394,-0.0074579486002185336
549,-0.5774156063548601,-0.0007409934581991129
550,-0.9158054930687272,-0.01110316069083428
551,0.3792009691298768,-6.0843086174267036e-05
552,0.37657384932331994,-5.837167948141708e-05
553,-0.13138161484846855,-1.0691284602071249e-07
554,-0.4498830347191851,-0.00016844263133730664
555,0.48069899028141694,-0.00024978242995110644
556,-0.44468722404416416,-0.00015719213253273523
557,0.15700604740584434,-3.1111436415987015e-07
558,0.5207134428128111,-0.0004015878625612812
559,-0.529925476574155,-0.00044561722454439234
560,-0.8254387563684551,-0.006064665572499184
561,0.31789936553181275,-2.1233971844503152e-05
562,0.36178917118548104,-4.5964360173456065e-05
563,0.9068188311668923,-0.010485425155254413
564,-0.049782587047880744,-3.170216311687568e-10
565,0.003525896529563699,0.0
566,-0.11329550095517948,-4.398840991459707e-08
567,0.06297679821901392,-1.2990531983447795e-09
568,-0.4697586523218218,-0.00021783435493316627
569,-0.9442101976004771,-0.013254109411955595
570,-0.6927766731751723,-0.002171333789784624
571,-0.8964213040532771,-0.009806042026578088
572,-0.8434408564079339,-0.006878239407964615
573,-0.797751425473481,-0.0049685050840371225
574,-0.31694004186269775,-2.0853970208900563e-05
575,0.8059674706669524,-0.005275256315815602
576,-0.7341498516751261,-0.0030534464376907877
577,-0.1734835573044271,-5.658178873213515e-07
578,-0.16282465763915055,-3.869385409860371e-07
579,0.05750193805092141,-7.527906076276736e-10
580,0.10078446426205079,-2.180565328302464e-08
581,0.7305403871368163,-0.0029663549022697078
582,0.6354888086082056,-0.001305602537246986
583,0.49014815565944936,-0.00028041262875333484
584,0.5823612569175762,-0.0007793534777070787
585,0.6459635330053068,-0.0014378213303567478
586,0.13363445217895653,-1.1838606206460156e-07
587,-0.5896815489610372,-0.0008391332395553119
588,-0.507645314562982,-0.00034535469926388895
589,0.9624246995270307,-0.014803941856979419
590,0.5217320818879705,-0.0004062717387725012
591,-0.06791084518760293,-2.0424114621775402e-09
592,0.5958761033169366,-0.000892633488961625
593,-0.48425393156664764,-0.0002609627714842411
594,0.9504104456209232,-0.013766047001199877
595,-0.8031738580489747,-0.005169260009183274
596,0.22596311766714328,-2.755608801696674e-06
597,0.3611533029733469,-4.548436077189688e-05
598,-0.8242044141640101,-0.00601190896940984
599,-0.5671709675193068,-0.0006664818927664129
600,-0.6176493540578576,-0.0011035548802308393
601,-0.1600478132461567,-3.490342075362918e-07
602,0.014761914579023871,-2.156053113822054e-13
603,-0.5003492862056365,-0.0003169089490188126
604,-0.016305982866968938,-3.915756607852927e-13
605,-0.2593934297345397,-6.293164807935625e-06
606,-0.4674447793384897,-0.00021153163787390739
607,-0.07682865889860913,-4.281322185661907e-09
608,-0.5094827631038856,-0.0003528422145533394
609,0.008983107069010732,-1.0880185641326534e-14
610,-0.15306525851376906,-2.6714544332229195e-07
611,0.35789955949653507,-4.309285991455081e-05
612,0.8809350871115642,-0.008861205150844986
613,0.8352119331793695,-0.006495925777443734
614,-0.6380032991999232,-0.0013363876475633862
615,0.05886652775700019,-8.665251849393485e-10
616,0.7877070084328808,-0.004613529438736719
617,0.582603439680943,-0.0007812732661105493
618,-0.46386394160756894,-0.00020207624140800018
619,-0.17457913339013742,-5.875706654556723e-07
620,0.11646135596731466,-5.1893610297781834e-08
621,0.7818640287786736,-0.004416801593970954
622,0.007633836895013513,-4.107825191113079e-15
623,-0.5497711484922945,-0.0005541492483266408
624,-0.26522722671660737,-7.188836566918155e-06
625,-0.9240882904323882,-0.011698530989880163
626,-0.1477606168712975,-2.1623532864278872e-07
627,0.1336357021462511,-1.1839270130931112e-07
628,0.47955320389530653,-0.00024626467179644784
629,0.5967989053104081,-0.0009008392300434709
630,-0.36100791797536136,-4.537520053704558e-05
631,-0.4767316159709969,-0.00023777656626755572
632,0.2130804134683455,-1.9389175455186702e-06
633,0.6005286085441754,-0.0009346421978557728
634,0.7926823516011778,-0.004786662302620814
635,-0.9167193935431068,-0.011167611152285262
636,0.061991277961606306,-1.181772124603242e-09
637,-0.5797287610112687,-0.0007587359078592426
638,-0.6571395416689669,-0.00159087714292383
639,0.29837796246234727,-1.4539256544376933e-05
640,0.44084526106232724,-0.00014928011200887603
641,0.5128842400600053,-0.0003670578918044676
642,-0.15740584569880922,-3.158930791391512e-07
643,-0.5135201869259447,-0.00036976757253814885
644,-0.7849653372118048,-0.004520343216041667
645,-0.24685662630113758,-4.678718384720781e-06
646,-0.5043027551909884,-0.0003320712364093259
647,-0.045039715362936716,-1.738692523289842e-10
648,0.7176573011795777,-0.002671986451111774
649,0.9994466522187084,-0.018410468281172654
650,-0.5355720476539554,-0.000474526912820461
651,-0.37653521395743783,-5.833596605320235e-05
652,-0.0038152782277030006,-1.1102230246251565e-16
653,0.6483842384797502,-0.0014698965352935023
654,-0.4847812255728814,-0.00026265587685747604
655,-0.168410968988836,-4.736340870614697e-07
656,-0.4466602261992958,-0.00016138847633173636
657,-0.9468615793504531,-0.013471091401034196
658,0.08950904567938056,-1.0703492647756718e-08
659,-0.916012087644217,-0.011117703595956208
660,-0.20660952161054835,-1.6119333945407988e-06
661,-0.4785985048217569,-0.00024336502830046847
662,0.3042308489685115,-1.6329431352990476e-05
663,0.8640157754978763,-0.007915411297986896
664,-0.31909485526450254,-2.171556112784412e-05
665,0.11165929701424115,-4.031359956968572e-08
666,-0.886809447107763,-0.009210420002052855
667,0.17027845603135927,-5.059931784678895e-07
668,0.6326147166494267,-0.0012711338379703951
669,-0.1609254545158696,-3.606639441544601e-07
670,0.01892107492895545,-9.559020242022598e-13
671,-0.7373660926827674,-0.0031328114865666334
672,-0.04321266533138757,-1.3561995970690077e-10
673,-0.5190154701324743,-0.000393879680537057
674,0.002746538289345901,0.0
675,0.36147212203684975,-4.572450532036587e-05
676,0.6606660029060321,-0.0016418692865322049
677,-0.13688093946234003,-1.367099743410094e-07
678,0.981995847029473,-0.016630663655117117
679,0.7997630344585112,-0.005042220555263599
680,-0.6556670579158626,-0.0015699753577058662
681,0.6246869104373696,-0.0011799274555326367
682,0.9649982304780269,-0.01503435041516099
683,0.6618533233841812,-0.0016593379600901015
684,0.07985075869267755,-5.3961869417307184e-09
685,-0.2768762194369978,-9.296575229744697e-06
686,0.19070635555303683,-9.976497562513842e-07
687,0.9687969320284653,-0.015379782281130794
688,0.006216438352117271,-1.3322676295501878e-15
689,-0.8809537041429498,-0.00886229451731213
690,-0.5701250567765874,-0.0006873012784370802
691,-0.5062107892628545,-0.0003396009612540718
692,-0.48724977923014823,-0.0002707037662457168
693,-0.17887109991334427,-6.796182154822361e-07
694,0.48573476351814815,-0.0002657407329077488
695,-0.5691654354403717,-0.0006804800791319066
696,0.46340505717557123,-0.00020089027610215027
697,-0.41284232428853085,-0.00010098812965442239
698,0.0628881272255628,-1.2881192779090611e-09
699,-0.8288343780231011,-0.0062117578253327865
