,data,labels
0,0.20603570416014083,-1.5853050051584106e-06
1,2.732584732053029,-4.212128750955299
2,-1.2723653870557556,-0.07305358671572715
3,1.216476479871961,-0.05666600650940595
4,-0.6028466448822836,-0.0009561738965108146
5,1.8816821698211843,-0.626459247745229
6,-1.9370125491432324,-0.7304953764737456
7,2.530925078691843,-2.885495223561076
8,-0.13654154728601586,-1.3469029003232436e-07
9,2.753711126067561,-4.373568816436503
10,2.680752131389136,-3.8348748813956868
11,2.478116608470277,-2.5971527200147277
12,2.688200238102458,-3.8874687890112427
13,2.0313807907783525,-0.9382145762264066
14,0.1284174106003677,-9.324112870690016e-08
15,1.265271204381981,-0.07078468989312292
16,-2.844410175268657,-5.119527635266977
17,-0.5421450159923129,-0.0005101172015465893
18,-0.7130262537663787,-0.0025722365329928776
19,0.605587924642458,-0.0009821640880118832
20,-0.21889185207778894,-2.277927651617162e-06
21,1.347748905933634,-0.10096842217067709
22,2.590595855243226,-3.2395215738208627
23,-1.1279629858698454,-0.03686703962008886
24,-2.682300800573228,-3.8457666103076864
25,-0.39349740713896697,-7.586698583805784e-05
26,2.7711247464542375,-4.510065118165871
27,-0.5298251612877447,-0.0004451171218498029
28,2.731294375696919,-4.202414431556607
29,-0.9099861040933264,-0.010699850617755025
30,0.31136418527111154,-1.875542041673839e-05
31,-1.2873077492563794,-0.0780236566850892
32,1.6369794414999914,-0.29586457190950116
33,1.5894701459435527,-0.2518935243877031
34,-1.9165466979870027,-0.6905671771953708
35,-0.5575453411430447,-0.0006022260080938979
36,1.2374564172350473,-0.06242821272394711
37,-0.7450350399179593,-0.003328918542690573
38,0.15693184862944065,-3.102341386007623e-07
39,2.6685603410283996,-3.7499329168501423
40,0.14786162981089213,-2.1712298081677517e-07
41,-1.5939232149138716,-0.2557812396146937
42,0.8100038739649795,-0.005431550599743873
43,-2.287330347062409,-1.7325320969747513
44,1.6298999785534507,-0.2889554603071979
45,-2.2088211042656116,-1.4487922267763529
46,-1.1951423022479988,-0.05125364428947066
47,0.7760269558981774,-0.004227202909816374
48,-2.186369743141423,-1.3745778582924086
49,-1.402672480334487,-0.12622394070850645
50,2.266356321768849,-1.6529283172309766
51,-2.960382606121636,-6.206232836920105
52,-2.916346932068918,-5.775279243081608
53,-1.3868820142619822,-0.11849809899471958
54,-0.6849924805372183,-0.0020316260929617025
55,1.6143681498569062,-0.27424210446244757
56,-0.4211771122787207,-0.00011375778742162002
57,-1.8119267541748132,-0.5121046425531508
58,1.6117810468238414,-0.2718497659371937
59,1.4382707555926242,-0.1451175554862359
60,-1.6828173823319743,-0.3438038079466531
61,-0.5886987840475513,-0.000830894297081719
62,-1.3589238035242859,-0.10574719291817491
63,1.5695337429920313,-0.23505581022272332
64,-2.3264851079262137,-1.8888869605577303
65,-2.7937977434151886,-4.692508691560591
66,-0.9316147787536648,-0.012261898958187967
67,2.841672195453178,-5.095715685695914
68,-2.5167086986491105,-2.805618837628247
69,-1.9195981366484394,-0.6964106859903414
70,-1.1402785469425978,-0.039224456082771364
71,-1.2999045869935224,-0.08242109218081556
72,0.7837779081855052,-0.004480466351046486
73,-2.2448107621485347,-1.5740805681952064
74,2.5120609878470628,-2.779869038773975
75,1.6730090490512737,-0.33306667427844316
76,-2.9034703046740598,-5.6535659580747035
77,0.5624099647892384,-0.0006340266362065972
78,-2.5152580547341197,-2.797562654083458
79,0.34563114345659596,-3.499288718078475e-05
80,-2.2387969740188662,-1.552592240280637
81,-0.09856101557515018,-1.9074915313943563e-08
82,1.5342422754601532,-0.20743812651192273
83,0.9214004339758217,-0.011502538554167718
84,2.9869766322630227,-6.477760742826462
85,-1.9145154979563779,-0.686698517008766
86,-0.24014362928312405,-3.966991565018674e-06
87,-0.04139361350492088,-1.0477696488209176e-10
88,-1.1344560994543262,-0.03809520799249866
89,2.9931480885084465,-6.542008429316813
90,-2.681791149651999,-3.8421797094162207
91,0.45274864893923095,-0.0001749278699340051
92,2.1486167002548564,-1.2563617344122027
93,-0.40392201883635837,-8.866267313434317e-05
94,1.7947577031438122,-0.486630315749479
95,1.0781133906929625,-0.028464807349095622
96,-1.37629380070364,-0.11353242988233792
97,2.4786891312615786,-2.600157477607818
98,2.090667981808437,-1.0902139256424133
99,-1.0921417739122437,-0.030653622562092586
100,-1.218984326480408,-0.057331339229187095
101,0.5477205735243738,-0.0005420119389977218
102,0.7686642483753565,-0.003997632024362763
103,2.871387968178661,-5.358593374384213
104,1.514332896802463,-0.19303157040209407
105,-0.63860364368528,-0.001343825577156177
106,-0.12622300416388121,-8.408633866974213e-08
107,-1.7387477454414908,-0.41032648135921146
108,0.8958672715638487,-0.0097708765797766
109,1.4077544067284258,-0.12879399766460775
110,1.0305047022368772,-0.021960267281683876
111,-2.7329608204785596,-4.214963242464134
112,0.7565867751484947,-0.003643280891397649
113,-2.4787902195927587,-2.600688288634702
114,-1.5914050285867016,-0.2535769894571985
115,0.1518644223595662,-2.548262094670406e-07
116,1.5619245975575335,-0.22886897699800263
117,2.12064158592288,-1.1739004263004322
118,1.2960534532246086,-0.08105613566747388
119,-2.9833564229961373,-6.440290698797735
120,-2.8706833557492164,-5.352246022077352
121,2.7563761749477234,-4.394256654000233
122,-0.8802099562270786,-0.008818859600622009
123,0.39317971837678245,-7.550255257571248e-05
124,2.733637587659554,-4.220067460721635
125,2.483547395252012,-2.625760374994164
126,2.807993860894081,-4.809501005476739
127,-0.29781138454500944,-1.4374995773391852e-05
128,-2.6809906302677007,-3.8365507324122534
129,2.9039066062817644,-5.6576585826654515
130,-0.29280856775923425,-1.2990384106736919e-05
131,2.574019336520456,-3.138079123322856
132,0.6578310772207638,-0.0016007723138663499
133,0.14012808510880692,-1.5734201275208193e-07
134,1.083454045744734,-0.02928263365339845
135,0.21634806594042377,-2.1239307124165663e-06
136,-0.7286692623594742,-0.002922017838955737
137,-2.6747683074252677,-3.793007170999427
138,-0.19955323020632942,-1.3090395816206524e-06
139,2.1168308990318634,-1.1629966905321225
140,0.3604692031975234,-4.497260944191783e-05
141,-0.6660311619422981,-0.0017220280780582131
142,2.8215037784113317,-4.922839233144661
143,-2.795163859600436,-4.703674027652573
144,0.18202637902346153,-7.546894127408166e-07
145,0.11713213181541349,-5.371191291736466e-08
146,-1.5380056011928427,-0.21025441545691692
147,1.768319640173459,-0.44934660311747976
148,-0.9555894363446686,-0.014205919115825694
149,1.2912706096312956,-0.07938625008142447
150,2.16166655723878,-1.2963090887126245
151,-2.5666646855847577,-3.0938420100415542
152,2.913292787696208,-5.7462366193617695
153,2.1429392263095757,-1.23927897633921
154,-0.2273060408111398,-2.8551252303499197e-06
155,-1.9192793700894792,-0.6957984639970594
156,-2.355972853506781,-2.013521700320242
157,-2.5415388369249126,-2.946233983689451
158,-1.0060901371296314,-0.01912746657064912
159,0.4658299239372239,-0.00020722313570009643
160,0.7342361246022273,-0.0030555535340639484
161,0.26026919454430697,-6.421364215580816e-06
162,0.27175947725519123,-8.315124935487361e-06
163,-1.0460169495243268,-0.023930760435150855
164,-1.7395426773416436,-0.4113394581498435
165,0.2921938264226318,-1.28281764095739e-05
166,0.9002676240393477,-0.01005303783596978
167,-2.362292423616225,-2.0410226922593044
168,-1.0466151711305505,-0.02400953175315157
169,1.924787736002055,-0.7064365809906522
170,-0.2927533021961559,-1.2975732135989126e-05
171,-2.699138795080267,-3.9656836787586385
172,-2.9448747960735826,-6.051840771056533
173,2.3844373980019444,-2.139638206262529
174,-2.316354373779226,-1.8474468022054507
175,0.9820708479607028,-0.016638001122961654
176,-1.9789387688477773,-0.8178507571575805
177,-0.275539857487769,-9.031408249593476e-06
178,-2.4909885346122995,-2.6653420449516525
179,2.1070471925849805,-1.1353569846107467
180,0.5283750922619364,-0.00043793980297079926
181,0.21808110205322606,-2.2278693250221693e-06
182,2.928682264882423,-5.893687515207535
183,-2.186113605013205,-1.373748263859519
184,-1.945840792553486,-0.7482598959132645
185,-1.8278176083174953,-0.5365966158121251
186,-0.5560971672345105,-0.0005930181670308343
187,-2.4556301415458486,-2.481189881558276
188,-0.8111756096164178,-0.005477626012546977
189,-2.3350415848475055,-1.9244328282608998
190,-2.1266337189838582,-1.1912041106047744
191,0.8223699868384662,-0.005934199796705619
192,-1.6325271521625804,-0.2915044369011885
193,1.487983093980736,-0.17519587482171828
194,-2.450584252555516,-2.455713035595219
195,1.3240105447137491,-0.09138950374951327
196,-0.11213849721151226,-4.136231301909987e-08
197,-1.286905855982982,-0.0778865240174842
198,1.645846384064198,-0.30470073123322927
199,-0.0013585237000373063,0.0
200,1.4310071300420049,-0.14109068480221465
201,-2.8340940093252343,-5.030237872514113
202,-2.41821931988994,-2.2969566999760733
203,1.4532238300824067,-0.15369522268686292
204,-1.9697203294033456,-0.7979866958843453
205,-0.46298407559927757,-0.0001998073489494212
206,-0.8686368578538834,-0.00816510960486605
207,2.4483151967216132,-2.444320959697953
208,1.6229678075469316,-0.28231375562821226
209,-0.5409868169378296,-0.0005036906227650073
210,1.8325396564313685,-0.5440473060995236
211,1.1280515165142164,-0.03688356698436579
212,0.6411980757856099,-0.001376363039781947
213,2.587493587752289,-3.220352565862733
214,0.4805354023649864,-0.00024927765467963603
215,0.302172265715023,-1.568001498974958e-05
216,-0.397040694158143,-8.003158465252902e-05
217,-2.1712405356655333,-1.3262278044365197
218,-2.0120350113283836,-0.8923267882656941
219,-0.9079741175024867,-0.010563227827826482
220,-2.656027454965647,-3.664087453699562
221,-0.028206500464182938,-1.0490830426590492e-11
222,2.816755371586785,-4.8827798184659885
223,-1.9081247290362504,-0.6746358846680434
224,0.7361153186610339,-0.0031017478301486046
225,-2.2233862629307075,-1.4985454185498295
226,-1.285001804880317,-0.07723945567303064
227,2.5905037129079114,-3.2389509948946906
228,-1.80182736411159,-0.4969972888461044
229,-2.960664546071677,-6.209066480393485
230,-2.803707816373011,-4.773953104400915
231,-0.0227755224117292,-2.907674101493285e-12
232,0.7674315736507493,-0.0039602176766680985
233,-0.2594296541804533,-6.298424992223772e-06
234,0.42855934054356304,-0.00012616020588018806
235,0.8968249165398117,-0.00983172511774355
236,-0.9530208436298908,-0.013986348278806737
237,1.8981050072637577,-0.6560546137012484
238,-1.2701590408029866,-0.0723417761084893
239,-1.6831118628232162,-0.3441303207387223
240,2.863607481495835,-5.288813488090889
241,-0.8719116115343564,-0.008345932414095758
242,-2.403003271600631,-2.225053893871694
243,1.0860156417322706,-0.029681598218768146
244,-2.7139529972563117,-4.0734754123068715
245,-0.9971292904247502,-0.01816557491202131
246,-2.7886974686938513,-4.650998023643746
247,-0.4695894553171298,-0.00021736827060070407
248,-1.057121124389102,-0.025427590993525984
249,0.37518110975020846,-5.7095681919250296e-05
250,-0.24860454099103713,-4.880515704019928e-06
251,-1.7173044954806371,-0.38372936588767376
252,-2.5369409841305277,-2.9198054832680573
253,-0.42707158101795173,-0.00012357448221211875
254,-1.0694948548943193,-0.027184156549487803
255,-1.9009420534637598,-0.6612750767001779
256,1.860023814936132,-0.5890243322498568
257,-1.4173579274725319,-0.13376453423485085
258,-2.2222839923600555,-1.4947353105842012
259,-0.10281335527741797,-2.4574367096796834e-08
260,-1.63737024662649,-0.29624972324119847
261,-0.7698712412712228,-0.0040345477346350744
262,-1.726036655499213,-0.3943921641117846
263,2.9765763102067773,-6.370546749016562
264,0.12577955686563236,-8.233050696748734e-08
265,-0.5011009289671788,-0.0003197466035093077
266,1.5129350875751255,-0.19205070922178435
267,2.247581656526452,-1.5840572380289573
268,0.6908900591274172,-0.0021367683657300685
269,-2.6324391056918226,-3.506509552129858
270,2.714874821597898,-4.080254265369105
271,0.7608243093932492,-0.003764541643335728
272,0.8570489373813741,-0.007550801575319843
273,0.3516479000301569,-3.879047078503284e-05
274,-1.6143782207530188,-0.27425144948061236
275,-1.782397064267535,-0.4689103341787253
276,-0.7296382886922208,-0.002944910742665341
277,1.8138901599061183,-0.5150826999956805
278,-2.594583718039434,-3.264288099040127
279,2.5994352503495533,-3.2946093069263793
280,-1.815253231913469,-0.5171580995714207
281,1.8017251902245892,-0.49684624566539537
282,-1.4721572334574184,-0.16512920003091341
283,-0.034862704667665056,-3.739886178522056e-11
284,0.4229227924440395,-0.00011659506660854912
285,-0.5110800533816438,-0.0003594598343933386
286,2.5725274795199793,-3.12906773933891
287,1.139532600382501,-0.03907828903759325
288,2.7657220230863278,-4.467381472985771
289,1.26470696842161,-0.07060669194843111
290,0.8591800246171681,-0.007660840868816354
291,1.8474893621672859,-0.5681675206547586
292,0.21526042256802524,-2.0607853973286794e-06
293,0.9053276697052799,-0.010385695773849069
294,-1.9873934496789694,-0.836402354516824
295,2.9046520468032853,-5.664656095135388
296,-1.9535079319304691,-0.763957227439712
297,2.1652700695810125,-1.3075089305304328
298,-1.8883812485739007,-0.6384037763597304
299,2.5125915862634693,-2.7827997086851832
300,2.8654476969384657,-5.305256332986966
301,0.38389920379508347,-6.547949985846735e-05
302,0.32425737698224966,-2.39008047405731e-05
303,2.0596954562861356,-1.0086231447147505
304,2.667702827802656,-3.7440118705147696
305,-1.2044221361530598,-0.05355417479871394
306,-0.208898891054782,-1.721909941632127e-06
307,0.771730228363741,-0.004091952024751322
308,-1.8120223301020657,-0.5122492991692074
309,2.6855174872486387,-3.868463224869164
310,-1.1666229599674687,-0.04467723091974796
311,2.353131699105381,-2.0012495524445635
312,-1.828514904073793,-0.5376918199237422
313,-1.3850871074273412,-0.11764434720575745
314,-0.45347475077982224,-0.00017660358634741247
315,2.809848180487325,-4.824941333318678
316,2.5841055555297787,-3.199515019373599
317,2.4038024467452264,-2.2287875251344493
318,0.4934124059618714,-0.0002916906834351529
319,2.378452195308882,-2.1126375728551303
320,2.9408716634613974,-6.012452930549154
321,0.666242732671189,-0.0017252539884370366
322,0.202764502373606,-1.4403957753206242e-06
323,2.8729522150272766,-5.372704529630328
324,-2.080638139985326,-1.0632580268715888
325,1.3691699126225494,-0.11028600727131932
326,-2.277451990880186,-1.6946860079333614
327,-2.1357745674411186,-1.2179755798754641
328,-0.8003661001735405,-0.005064493909074708
329,-1.027983761765521,-0.02165287622829193
330,0.35842873643498274,-4.347452849462474e-05
331,1.0366522653538572,-0.02272476049495309
332,-0.499495261651572,-0.0003137101190093805
333,2.628708083739535,-3.4820572217620462
334,2.010303861720054,-0.88830640850678
335,-0.7291303024550784,-0.002932891421317363
336,-1.1321160101470913,-0.0376488268618983
337,1.3024585319562165,-0.08333640339522319
338,-1.9209824501803068,-0.6990742317899767
339,1.6888502483122512,-0.35054160696454895
340,-1.0651034891304552,-0.02654984297423113
341,0.027528361892994013,-9.06574815218164e-12
342,-1.1031773931569475,-0.032469645585361806
343,-2.815217887627678,-4.869861090997659
344,-1.7800200680530924,-0.4655611988275867
345,0.18465458631304976,-8.223764885739726e-07
346,1.873083852840212,-0.6113831880709192
347,1.2133744494634326,-0.05585165258388525
348,1.279360379773249,-0.07534756703408008
349,1.693456271193166,-0.355755201023989
350,-1.7487188007531962,-0.42317469323435397
351,-2.8498876240282844,-5.167412431120578
352,0.26258512637878617,-6.770894261154403e-06
353,-1.134827466597841,-0.038166439483127146
354,-1.0319784096501063,-0.02214159993756959
355,-0.7552598179026986,-0.0036059758189427304
356,-2.966874342880316,-6.271721446197306
357,1.8850644223632385,-0.6324679750996036
358,-1.0813668082610501,-0.028960773446068178
359,1.1258414687115152,-0.03647277175883101
360,-2.5881546852900454,-3.2244303648976516
361,-0.610968441635384,-0.0010348748744940517
362,0.8317270940299242,-0.006339359793547161
363,-2.9616056518907667,-6.218532021243659
364,1.7363317947343937,-0.4072598191985134
365,0.6818882686610248,-0.0019780201046710744
366,2.7152992339860376,-4.083378108807126
367,-0.6222806597735868,-0.0011533388156962365
368,1.8450398274182023,-0.5641595167052863
369,2.9879176541410093,-6.487526908941969
370,-0.17758750866719275,-6.509134010679318e-07
371,-0.7606883670466775,-0.0037606007169382893
372,1.3025905053336544,-0.08338392193539046
373,1.6988993872274305,-0.3619944680748301
374,-2.6719581422541845,-3.7734631940124523
375,0.7535329662776427,-0.00355789905863535
376,0.7314730515341141,-0.0029886605356315155
377,2.8752660765884297,-5.393628546740362
378,0.24966062112998255,-5.005912082856057e-06
379,-2.043401104973297,-0.9676270617077651
380,1.889192652188112,-0.6398624195411005
381,-0.8809915036728508,-0.008864506675250183
382,-2.3549838290922773,-2.0092432441229007
383,0.5985782217996718,-0.0009168372212774445
384,0.5516013580210668,-0.0005651712608972792
385,2.131354939346938,-1.204974655584964
386,-0.029351550076956556,-1.3319900737940316e-11
387,2.6413786014426757,-3.5656194800328516
388,-0.8486496628994651,-0.007129623417585607
389,2.944073424427355,-6.043940613279404
390,-1.3569646069831764,-0.1048965658684442
391,1.6337571248177838,-0.29270386344474253
392,-1.5688806770290717,-0.23451969231131958
393,1.7309582706027378,-0.40050326069148257
394,0.4402944662693633,-0.00014817339165951182
395,-1.4345903461250844,-0.1430659091200483
396,1.119870866566992,-0.03538145187592845
397,-1.1141020048856634,-0.034352253775569386
398,-1.190200195527515,-0.05006138298198781
399,2.4552603991595987,-2.479316311465733
400,-1.6347318906701311,-0.29365717623776116
401,1.5026719319944348,-0.1849692362390553
402,1.81070661877194,-0.5102607299271336
403,2.977844436530601,-6.383548678854439
404,-1.2517944172244968,-0.06663044020336806
405,-0.7737585177923334,-0.0041553477995143195
406,-2.7700387940308984,-4.501461391129165
407,1.1137968736676687,-0.03429849895570547
408,-1.1720135763032518,-0.04586493977716921
409,-0.3738432239245011,-5.589183834664446e-05
410,1.8589666812664074,-0.5872426925601839
411,-2.4700641076228296,-2.555167175752883
412,1.2927515303695607,-0.07990032271761321
413,2.4164447387819132,-2.288481922065899
414,0.08361898720155114,-7.1155535907863054e-09
415,-1.8053054395208488,-0.5021602855331502
416,-2.552659537536467,-3.0108979457425913
417,-2.8238385730587465,-4.9426258125203235
418,1.1460163484697423,-0.04036360654678328
419,-2.022770181534015,-0.9175716270442474
420,-0.41642358268912893,-0.00010632068893412505
421,0.554817770868751,-0.0005849806160468374
422,-0.14125031764484053,-1.6504906175107692e-07
423,-1.4680521925307994,-0.16259458934580506
424,2.0550494891710596,-0.9968006446598434
425,1.7896902038233726,-0.47930362115199965
426,1.0788788364960133,-0.028580871234241134
427,-0.4716567982363662,-0.00022312016736769635
428,-1.216405118613417,-0.05664716572447831
429,-0.6159937767712491,-0.0010861947394801286
430,2.3297992417968487,-1.9025952155594392
431,-2.7446136067004137,-4.3034941277789756
432,-1.986385539065228,-0.8341738855397081
433,-0.6589030475990079,-0.0016162113897681962
434,1.2954991336970236,-0.08086116968173268
435,2.3970074150084484,-2.1971925023434227
436,1.5631581772674066,-0.22986313664443347
437,0.4817319290680073,-0.00025298931554862403
438,1.4611370081645036,-0.15839483835116436
439,1.4302826625780583,-0.14069397788511073
440,2.5965653626180885,-3.2766476628491055
441,0.4091927585170896,-9.578411565780431e-05
442,-2.480322241527768,-2.6087428635948657
443,-2.032271063289248,-0.9403691018487199
444,1.2441268618608117,-0.06435584274320383
445,2.8436973136528554,-5.1133200044702
446,0.5561605910277487,-0.0005934189779736032
447,0.951492243634128,-0.013856998017210631
448,-2.7304163772597128,-4.195814061156702
449,2.3577822402811046,-2.0213668255802766
450,1.0894834938924536,-0.030228718602581695
451,0.1756282526653825,-6.090493570587441e-07
452,-0.8541024409723441,-0.007400792875147499
453,-2.6364392596830175,-3.532868128949975
454,1.2874141376223296,-0.0780599905684845
455,0.41637877048844363,-0.00010625254833207531
456,2.827667501231483,-4.975202525996596
457,-0.7810044137772598,-0.0043884494428652054
458,-0.2972153663161423,-1.4203868129336605e-05
459,-1.3138916846100872,-0.08753436082545213
460,2.2838384846272,-1.7190814800386234
461,2.6710481537577113,-3.767150607986008
462,1.96373662141617,-0.7852935838733812
463,0.13253530344640563,-1.1266662125475335e-07
464,1.6554534867744906,-0.31450728343672585
465,2.443896840742404,-2.422252352547846
466,-1.9613095180083773,-0.7801896901080547
467,2.7483830017066664,-4.3324260513062125
468,2.953005764733219,-6.132431490711575
469,-0.23711579683864237,-3.676849886780076e-06
470,-2.972830251668908,-6.332253385016716
471,-1.6817547213052537,-0.342627575753776
472,1.9390093487790336,-0.7344845722627789
473,-1.7662266793447974,-0.4464932409308096
474,-1.3285125262413064,-0.09314780775661946
475,-0.7243138816104997,-0.0028209231648321786
476,2.2790955915376694,-1.7009390397594144
477,2.804691812423039,-4.782096903613206
478,-1.098648845271665,-0.03171417429057766
479,2.818998773986918,-4.901675718283407
480,1.3370358836330407,-0.09655083548132282
481,-2.6685780267504433,-3.7500551086252822
482,-0.82656669150788,-0.006113205514403419
483,2.41089539660842,-2.2621323770322985
484,-2.1778451658811497,-1.3471725214453334
485,0.9257059386843549,-0.01181779454056997
486,1.8792792080892795,-0.6222172474509513
487,-0.5848322872383225,-0.0007991256043400341
488,-1.5571185346849539,-0.22502805293198108
489,0.28404384659237225,-1.0831893652474278e-05
490,-1.8672093621232941,-0.6012459912448925
491,-2.9091722638926485,-5.70722529349554
492,1.2651031808209403,-0.07073164633021611
493,2.4333294133212906,-2.3700797112340535
494,1.5128459204708182,-0.19198827372798266
495,1.8822223018395121,-0.6274158343339638
496,-0.20418791308363726,-1.5020317603031685e-06
497,-0.364759342320947,-4.826256330414669e-05
498,-1.061302754565987,-0.02601058653642563
499,1.4549256479490529,-0.15469644826804513
500,-1.1576506855657303,-0.04275551607171957
501,-1.1319912646423127,-0.037625150454225764
502,-2.2295498780184744,-1.5199870264195454
503,1.8518896452924958,-0.5754229426645701
504,1.8100664229343675,-0.5092953132494243
505,2.902269707889605,-5.642315375197859
506,1.3006034294932043,-0.08267074622002951
507,1.8047441495985153,-0.5013242692725078
508,1.8313985740162506,-0.5422395202135882
509,-2.19618058419922,-1.406642449639946
510,-1.4191815936240095,-0.13472544489038007
511,-1.5137180946608029,-0.1925996679453763
512,-1.0548061865186418,-0.025109435793274737
513,-0.5208630762178328,-0.00040227308794538175
514,-2.548044666042056,-2.9839357759887357
515,-2.559268686694108,-3.049829354089919
516,-0.9978895851017455,-0.01824562706284938
517,-2.5876835317722,-3.2215237877411456
518,-0.8447327763079331,-0.006939901316976416
519,1.8872957991478234,-0.636456519238877
520,0.2411061804716499,-4.063122149733367e-06
521,0.716145802369244,-0.0026390858747932233
522,1.0608931977227556,-0.025953012205436665
523,1.801180892480832,-0.49604221549611055
524,-0.15519833969395558,-2.902517104441671e-07
525,0.14133985639250612,-1.65677282892851e-07
526,2.5778249164660982,-3.161154370043768
527,-2.0622884905574876,-1.0152682366483199
528,-1.3495704451923707,-0.10173536179852044
529,-2.2423449348735116,-1.5652425512788166
530,-2.981866913674145,-6.424920589865261
531,0.7204154417357946,-0.0027328923907676828
532,-2.3874969424522905,-2.1535408047711533
533,-2.5740101499181143,-3.1380235732980957
534,0.4834606274127653,-0.0002584325677379429
535,1.2060891335596766,-0.05397611051687651
536,1.9763854769671383,-0.812311110103942
537,-2.212573170388188,-1.4614867495810915
538,2.0838013946188685,-1.0717036687009558
539,-1.9912693878814551,-0.8450147635487312
540,-0.623285468644236,-0.0011643809725919718
541,1.8909741998168368,-0.6430741339883075
542,-1.203222220080501,-0.05325211070925423
543,0.7137338136587887,-0.002587275368682862
544,-2.1833261664994446,-1.3647448252000716
545,0.7798548726186665,-0.004350768528195048
546,2.7450685795457037,-4.306978602995097
547,0.5219949336537582,-0.0004074876874220479
548,-1.5905891755949397,-0.25286606943037665
549,2.585901323089127,-3.2105469760429264
550,-2.588771506276932,-3.228238543215064
551,2.6497039288753292,-3.621335399253269
552,1.476565605979637,-0.16788593354792058
553,0.4224697649901765,-0.00011585317538487239
554,-2.024000829162549,-0.9205003546452306
555,1.0185079986355259,-0.020528554909856833
556,-2.072811350305428,-1.042580506949881
557,-2.42051780803755,-2.3079686403870334
558,1.310247971493208,-0.08617850487261836
559,-0.8527261675375062,-0.0073315665573274735
560,-1.332060389969549,-0.09455245976588256
561,1.7392665160426937,-0.4109873261095824
562,-2.183332678142769,-1.3647658052373839
563,-0.04395260488724739,-1.5016254906186077e-10
564,1.3280436611696977,-0.09296343356155934
565,-0.07101131918849335,-2.669626852913609e-09
566,-0.19448485559465567,-1.1220779828624572e-06
567,-0.8250006611755536,-0.0060458978289422705
568,-2.8864922288374744,-5.496005132744206
569,1.9598243747262103,-0.7770792751809169
570,0.2514128879613944,-5.219882389440045e-06
571,1.1688523466538747,-0.04516538070022058
572,2.2920836826108353,-1.750970083188522
573,-0.06037193948262143,-1.0082580326198354e-09
574,-0.8165443811781081,-0.005692858075587837
575,2.4003904834740446,-2.2128802680415576
576,2.324993465543389,-1.8827415541057508
577,-2.2747035873661967,-1.6842688016419591
578,2.9509008740955496,-6.111492912417835
579,0.0777457872787446,-4.59718407785914e-09
580,-2.387651630276856,-2.1542455152834554
581,1.1363412540995403,-0.03845791232878071
582,-2.6709071724801463,-3.766173327576836
583,1.6599326704342623,-0.31916338522473875
584,-0.19800023570287806,-1.24918818067421e-06
585,0.9573516530191988,-0.014358177700987351
586,1.0608580196007544,-0.025948071792090466
587,2.1334331554262373,-1.2110747131991655
588,-1.9590528598418784,-0.7754672340776012
589,-0.8790926744662335,-0.00875393765695942
590,-1.009130437730572,-0.019463080977889846
591,2.8632337325585207,-5.285478563506066
592,1.961144922748585,-0.7798444966265224
593,2.718049443941373,-4.10366398893537
594,-1.7383885270854886,-0.40986937205483415
595,1.8939961829114003,-0.6485506255824142
596,-2.5823281053096654,-3.1886235848285316
597,-2.8253894467296794,-4.9558015619939955
598,0.11060458787512584,-3.8083232900554265e-08
599,0.6042165877621857,-0.0009690904277269707
600,1.8278037582242304,-0.5365748798240175
601,2.9824558750439296,-6.430994778854796
602,-1.4990545288698056,-0.18252321206200728
603,-2.829484897304523,-4.990720740078728
604,1.6164066805839425,-0.27613882381878274
605,-1.0314764928489266,-0.02207970537627113
606,-0.7413325137631115,-0.003233016569809233
607,-1.4522796199045933,-0.15314194432090716
608,-0.6132292441825964,-0.0010577090687086121
609,-1.734903694935607,-0.4054555233429542
610,-0.23504705229874112,-3.4889490843070803e-06
611,-2.0277010657889143,-0.9293496151982875
612,0.6304089113159561,-0.0012451921966784019
613,-1.8943886615127061,-0.6492645258402899
614,1.9504330898752285,-0.7576316930236842
615,-2.5678282044497998,-3.100809075157147
616,2.7082924517238265,-4.0320332214264845
617,-2.5896733211827723,-3.2338123021530256
618,0.3508416520804154,-3.8262578128001046e-05
619,-2.9659665416564467,-6.2625329208057
620,2.7205017597359653,-4.121815859154952
621,-0.5665540786487866,-0.0006622007828549492
622,1.6662798973805835,-0.3258538587319144
623,-1.7115533898756499,-0.37683094082717117
624,2.919730153060076,-5.807578021485283
625,0.7375898109587675,-0.0031383945295495597
626,-0.8945319653837407,-0.009686545704784333
627,0.12901500370277663,-9.587316052162009e-08
628,-2.377441869052329,-2.108105281935106
629,1.034165302839865,-0.022412927293605445
630,1.3552405359275301,-0.10415255518947675
631,0.5229561690260787,-0.000411960030933578
632,1.1737929645509038,-0.046262536264455645
633,2.240624579939878,-1.5590988457423902
634,-2.77179249435797,-4.515361590378294
635,-0.7007509706757422,-0.0023225633520702615
636,1.0692095414212357,-0.027142574476641368
637,-1.736196787950798,-0.4070889800966324
638,0.08870419369883642,-1.0139035611089753e-08
639,2.5444867539048834,-2.9632728282175256
640,2.721749836770587,-4.131076991817652
641,0.8911947200319075,-0.009478381581931705
642,-0.1878048044217544,-9.100950473239777e-07
643,-2.3391777759039987,-1.9417961596354312
644,2.8060241296879322,-4.793139954929905
645,2.058983110266694,-1.006803498267767
646,-1.3822625436426346,-0.11631078260899969
647,-0.07335239860948572,-3.24304250121088e-09
648,-2.2842585955667336,-1.7206955342418444
649,-1.6375202083882456,-0.2963976201578313
650,-1.9248172244245725,-0.70649386753103
651,2.854779271111953,-5.210456498790132
652,0.382058065351492,-6.362884477462138e-05
653,0.2386833305872429,-3.824768821214519e-06
654,2.767677165753023,-4.482792989782464
655,2.553908483690697,-3.0182261741345133
656,-0.9914295755494127,-0.017574503821626508
657,-2.9072646626297742,-5.689231611104727
658,2.54271050044691,-2.9529973245063523
659,-1.4417857180893943,-0.14709876020857748
660,-2.6942282080513653,-3.930427245417661
661,-2.678656465302197,-3.820172834377821
662,-2.4732158889666156,-2.571539171038572
663,2.8303099873431403,-4.997777801607193
664,1.7471507894256453,-0.42113367142415087
665,1.3511005522338966,-0.1023831901865046
666,2.3406707295182176,-1.9480924759757845
667,2.1983902243725337,-1.413942190753958
668,-2.1002932641894247,-1.1165722033588201
669,2.858123769113364,-5.240039281809903
670,2.7282081780513145,-4.1792480360935915
671,1.8242109771204316,-0.5309595513529055
672,2.5682478168773013,-3.1033245670315854
673,1.8511871209938748,-0.5742597807886177
674,-2.013426321779461,-0.8955680756511432
675,0.3140972604727681,-1.9760941630697637e-05
676,-2.401353307582875,-2.217360437772785
677,-1.5848933219443861,-0.24794648885375947
678,2.7035559484214176,-3.997598526126952
679,-1.440831304400365,-0.1465586910375215
680,-0.9890547986581648,-0.01733290213260308
681,-2.998725037359669,-6.600471489222921
682,-0.8074959651280569,-0.005334001418677903
683,0.32144123360251253,-2.2687194526027632e-05
684,1.5978482552805122,-0.25924705630513806
685,1.2700235472749775,-0.07229824541662389
686,-0.6099620233729341,-0.0010248417807543486
687,1.0177213872283968,-0.020437398109342753
688,0.8513021761778794,-0.007260499055589786
689,1.182127825781909,-0.04816212691607458
690,2.1890752683855697,-1.3833640200794513
691,-2.7573857753709063,-4.402112829273298
692,1.3852571871400992,-0.11772503488794
693,1.9255111079053417,-0.7078428980376148
694,-2.536132770825236,-2.915178318244767
695,-0.31675032322818897,-2.0779493673295235e-05
696,1.9944867307129437,-0.8522155433084665
697,2.7500135371743752,-4.344985988096796
698,-2.4608552674561466,-2.5077809747702666
699,-2.7822391010559664,-4.598826716944537
