,data,labels
0,-1.4778484075916243,-0.16869494521296252
1,0.6553650734424803,-0.0015657168242250163
2,1.0128103009375122,-0.019875686877168453
3,2.7711541682995193,-4.510298390208702
4,2.5180029125938397,-2.8128209830617705
5,-2.530163199970459,-2.881171727571938
6,-2.776492002541198,-4.552768422004629
7,-1.85332922620135,-0.5778121589147003
8,1.6339043312172992,-0.29284767376060367
9,-2.4260292240943118,-2.3345357645769136
10,-0.5395947366468636,-0.0004960550747182824
11,1.273426391940733,-0.07339788406270525
12,1.1096002353385668,-0.033566060628956174
13,2.161647637869878,-1.2962504806859578
14,2.3915988223787767,-2.172286725849414
15,-1.8653166040118052,-0.5980077413810645
16,1.8712904163208588,-0.6082744234622339
17,-1.9360267137144052,-0.7285320668871836
18,-2.5203978212760476,-2.8261849804582426
19,1.5692766436262628,-0.23484463564750702
20,-2.3777495901008967,-2.1094849296141964
21,0.15783894539667198,-3.211386622181678e-07
22,-1.827612720203595,-0.5362751394353024
23,-2.4005932254760713,-2.213823089453347
24,-0.9677055743725655,-0.015279885233808632
25,-1.5606194009991525,-0.22782080194140397
26,-2.056664538360688,-1.0008982927783043
27,2.5514139068142567,-3.0036024731052495
28,0.6343069702361364,-0.001291336699729806
29,-1.2272994341123193,-0.059582478516991166
30,1.197368606893992,-0.05179815469979332
31,-1.0816345387013377,-0.029001897449632774
32,-1.0413639766035687,-0.023325211942805568
33,-2.778503963160772,-4.568853399900095
34,1.9036212144874387,-0.6662345052424715
35,0.37872575798711594,-6.038971881838773e-05
36,2.263411923038918,-1.6419797302403016
37,-2.3591388115386436,-2.0272637860601193
38,-1.3221885176021264,-0.09068548795988046
39,2.106291409821523,-1.13324297362668
40,2.821699058209905,-4.924491902043433
41,2.187194122584409,-1.3772504987941467
42,-1.4638450760444364,-0.16002911532742775
43,1.1367268813291433,-0.03853244994992455
44,2.266284691947484,-1.6526613091796638
45,-2.925048904193379,-5.858625288927357
46,0.8813296486007407,-0.008884316173008222
47,0.7868008023037998,-0.004582555715375247
48,-1.898484240901939,-0.6567505881705661
49,1.7774718586896583,-0.46199158409738633
50,0.13844555271240733,-1.463501064780104e-07
51,1.5478534611022248,-0.2177673982657396
52,2.33179971553624,-1.9109061654967008
53,-0.13255000513930337,-1.1274157352136882e-07
54,2.30282104939005,-1.7931677093258995
55,1.7811528845761364,-0.467154976767452
56,-2.891420076436111,-5.541396868866304
57,-0.382334866819126,-6.390426946267791e-05
58,1.4356826211841112,-0.14367237427797308
59,0.8586615065483199,-0.007633946969911931
60,2.4994951348160406,-2.7111390522977223
61,-2.4346441720176424,-2.3765242558450397
62,0.49789172237756674,-0.0003077761396658163
63,-0.017984962471124355,-7.049916206369744e-13
64,-0.2566844161793531,-5.910004483022924e-06
65,-1.2514182768422537,-0.06651737133478092
66,1.4212812541238469,-0.13583858040352276
67,-2.99388534124441,-6.549714973117062
68,-0.9105203418192214,-0.010736369208244834
69,0.3181664104097752,-2.1340770147482147e-05
70,0.9249854652035712,-0.011764554558781004
71,-2.096010532454936,-1.1047845830457015
72,-0.766538319293689,-0.003933285621426141
73,-1.4755622254527958,-0.16725529094994912
74,-1.7384985655593082,-0.41000935489195456
75,-0.7408152790398832,-0.0032198020299872843
76,2.77229623530463,-4.519360247850855
77,-1.0773219223329582,-0.028345199825944745
78,0.69042908605058,-0.002128391962354037
79,2.1310742210666005,-1.2041524861055557
80,0.8992925917868284,-0.00998994927563368
81,0.340946064769863,-3.2254457922542557e-05
82,-0.6649416023926493,-0.0017054937243039525
83,-0.3128038252332157,-1.9279633415636432e-05
84,0.3775723197512706,-5.9300955027263846e-05
85,0.7299021559031269,-0.002951170002433501
86,-1.690692062822633,-0.3526191315867683
87,-0.29545315228168434,-1.3707781408300868e-05
88,-0.44689023613472934,-0.00016188366837144308
89,0.5889153913470775,-0.0008327044424043528
90,1.6276392846726173,-0.28677612502181415
91,2.8502636914250044,-5.170712233637165
92,-1.2923254759204614,-0.0797521535043923
93,-0.8565193554081252,-0.007523658181545212
94,-0.7520886216462914,-0.00351809323444785
95,-0.5460251830548306,-0.0005321437942179541
96,1.576533685303109,-0.24086324114837931
97,2.3349461451832756,-1.9240335744971628
98,2.4102815052160187,-2.2592316081553054
99,-0.5803310549731133,-0.0007634128033200405
