,data,labels
0,-0.25386161567037835,-5.531601533492747e-06
1,1.9258967705142425,-0.7085935545408598
2,-0.3026980401510948,-1.5843800876824687e-05
3,2.592711134442787,-3.252640869034417
4,1.1850288638495865,-0.048837867452940775
5,-2.3615574869411216,-2.0378099418894475
6,-2.7571016894420683,-4.399901166501762
7,1.4294562071223194,-0.14024250861063597
8,1.5590117332193962,-0.2265349357964701
9,0.7469660697998997,-0.0033798559984760113
10,-0.0480490579858297,-2.5629653954695186e-10
11,-2.725055191446683,-4.155678737349445
12,-1.5569430816578569,-0.2248888039633386
13,1.7023863050541594,-0.3660362570540716
14,-2.029934606093935,-0.9347227967674836
15,2.3786849361384785,-2.1136826834276516
16,-0.3913667419254119,-7.345051108953449e-05
17,-2.395245601572482,-2.1890560555224043
18,2.839590663564879,-5.077667925677873
19,0.7503444222031854,-0.0034705121321547683
20,-0.07629935264179366,-4.10740863543424e-09
21,1.7401061017582302,-0.412058609739797
22,2.5684537373665552,-3.1045595782853836
23,0.8582442324644992,-0.0076123604469165995
24,-0.44640382820257685,-0.00016083795417476399
25,2.6930887785412274,-3.922280055328501
26,0.5450347992371096,-0.0005264482930418257
27,0.4784120339313733,-0.00024280198884230053
28,2.4359306687516957,-2.382843047243304
29,-0.24997979000997717,-5.044332606285451e-06
30,2.967948140805074,-6.282603028853403
31,-0.7007511309867773,-0.002322566477198862
32,-2.4620807843519996,-2.514048674519519
33,-2.274185004578067,-1.682308696147919
34,1.9507988453284213,-0.7583819937523386
35,-2.2605169593521577,-1.6312687761508862
36,-0.3728608004779508,-5.502133075208082e-05
37,0.40999156340450504,-9.690368634718283e-05
38,2.336295368812567,-1.92968362374976
39,-2.237538216436687,-1.5481228656538837
40,-0.9558508683469227,-0.014228423758760989
41,1.7080275075696303,-0.3726499394132657
42,0.6005434903589828,-0.000934779142848674
43,-1.6116169020093385,-0.27169853492136786
44,-2.9466011826524765,-6.068885987289159
45,-0.40023165372547975,-8.39427926624392e-05
46,-0.3765572888416955,-5.835636922280063e-05
47,1.496819684092726,-0.1810249137213124
48,1.2371808402059852,-0.062349586954404235
49,-2.9470955678160227,-6.073773767821045
50,-1.9957649860553737,-0.8550895133477392
51,-1.6230025419199763,-0.28234673221984946
52,-2.598828626430201,-3.2908065255119245
53,0.4329278530897289,-0.00013401341740959527
54,-0.1813096668395895,-7.37058805322377e-07
55,-0.9939245535380579,-0.017831280181906606
56,-1.0320283467408722,-0.02214776570149457
57,-1.0757814960839873,-0.02811357734096065
58,-2.10802165716381,-1.13808713022193
59,0.4850361406675945,-0.0002634776493407598
60,-2.801090427819269,-4.752341140081062
61,-1.1587891695278725,-0.04299559436814682
62,1.973777574192133,-0.80668290568485
63,0.5072402543801773,-0.0003437219267747871
64,-1.208150198038247,-0.054501487410201055
65,-2.334009436191802,-1.9201183577806695
66,-2.959676243574311,-6.199137730255211
67,-2.2162040819399365,-1.4738518666200062
68,1.5062855510699213,-0.18743857382269952
69,1.5969759715342153,-0.25847364758053587
70,1.7950804894367547,-0.4870999467063055
71,1.4173302930900258,-0.13375001546764925
72,1.1904753304102513,-0.0501271646211095
73,1.0325499611288134,-0.022212253191073894
74,-0.6624965496146062,-0.00166886535054811
75,1.3853875281067909,-0.1177868999559904
76,1.63916981522015,-0.2980283496638438
77,-1.5600149940388606,-0.22733670247772775
78,-1.3639392270762576,-0.10794988415835699
79,-0.3130525847253316,-1.9371435875936704e-05
80,0.35856578160399444,-4.357382867958837e-05
81,-2.1476283599472765,-1.2533750899361717
82,0.06288708327370873,-1.2879909361274144e-09
83,1.9659208890412678,-0.7899088254663151
84,-2.784527977199141,-4.617266392148078
85,0.7746218986501514,-0.004182577075577454
86,0.19497063127407177,-1.138972541281369e-06
87,1.1231680100264825,-0.03598079402673526
88,1.7542009600306638,-0.43037144741606276
89,-0.23833054784557817,-3.7910544197217177e-06
90,-1.4754215900378016,-0.16716704956696965
91,0.42881617242607994,-0.00012661108898737172
92,-2.547465569654537,-2.980565269571343
93,-0.9616954892163729,-0.014739181558160896
94,-2.952928523331847,-6.131662187551894
95,-2.5003170306909794,-2.715595024642297
96,0.6743004526277945,-0.0018518757184664558
97,2.138145127190451,-1.2249929506102217
98,2.377878787824912,-2.110064382708841
99,1.0552178797256868,-0.025165779659150678
100,2.524386027416007,-2.848545615133079
101,1.4464017524825055,-0.1497331992970658
102,-1.414873630509068,-0.13246432166741307
103,-1.7219930815674234,-0.3894261319771965
104,-1.2062424447170728,-0.05401504937186502
105,2.505916048210235,-2.74609720059704
106,-0.9809598071309651,-0.016529575450773715
107,2.291081432550082,-1.7470700685140381
108,2.726412044203941,-4.1658093441132475
109,1.4191670614531606,-0.13471776605406177
110,0.4364665068357345,-0.0001406682188532793
111,-0.2507639812274638,-5.139774217566284e-06
112,2.935831371487991,-5.9631307113443
113,0.04359879937936384,-1.4305490125821052e-10
114,-2.1234402075126724,-1.1819579859838125
115,0.025416841033183424,-5.616285214671279e-12
116,-2.469008592233578,-2.5497018551363624
117,-0.7845740021682834,-0.004507169139916556
118,-2.906756386985748,-5.684444344668017
119,-0.5741043947481921,-0.0007161935602759684
120,2.896386163652103,-5.587421592928086
121,2.020885638706586,-0.913100645293929
122,0.5886574202013044,-0.0008305489974108626
123,2.0944845598664745,-1.100607686005855
124,-2.340861406673815,-1.9488977410027613
125,2.9580309864234833,-6.182635123339843
126,-0.5180690848396763,-0.0003896368653870663
127,-1.7424401933549603,-0.41504830922106717
128,-1.9061146284643278,-0.6708759331447411
129,-2.2610304184385637,-1.6331646170996799
130,-1.1989574762159798,-0.05218960454929822
131,2.0878507975506366,-1.082590232782432
132,1.171861684270322,-0.04583112833492209
133,-1.1833554867706084,-0.04844716009722749
134,-0.8649558321470909,-0.007965693655399564
135,2.8491001168052934,-5.160507517527035
136,1.2814888093574375,-0.07605692997559516
137,-0.026381577092925212,-7.023048809173815e-12
138,2.7432034098758304,-4.292707274466843
139,-2.3164812592948305,-1.8479615325069039
140,0.6144263636622562,-0.0010699674616290178
141,-0.5591406283802494,-0.0006125057705750336
142,-1.6458200182116716,-0.30467415297436173
143,0.956076294913728,-0.01424785230426373
144,-1.0779334305854311,-0.028437575713549323
145,-0.8061974833320984,-0.005284062381807675
146,-2.871672737037061,-5.361160239149085
147,0.5875291011241064,-0.0008211755697371537
148,-0.30264019420460286,-1.5825711737083026e-05
149,2.2183369715987844,-1.481152504673627
150,-2.630652544922838,-3.49478484038875
151,-1.8245800450541325,-0.5315342685122684
152,-2.5267199837538126,-2.8616928592758093
153,1.7628339366304946,-0.44189794021574347
154,-2.714045556148431,-4.0741556863873996
155,2.917701079546319,-5.788190930099306
156,0.6281681524105132,-0.0012192883943203947
157,-0.7096754544084951,-0.0025019905429652933
158,2.9294612174104033,-5.901224668267835
159,-2.1164083764126795,-1.1617924947401341
160,2.68840416127024,-3.88891629812794
161,2.7057841771248397,-4.013770455196032
162,-1.3252290592855598,-0.0918627641994676
163,2.7264325807555876,-4.165962816505254
164,-2.6102152116647,-3.362736655997962
165,-0.6439448957249607,-0.0014115171754320865
166,-0.8645684661598994,-0.007944942402634547
167,-1.5592290400190223,-0.22670840900757722
168,-0.08091773928243562,-5.843402983707335e-09
169,-1.4323282133561068,-0.1418163807997408
170,-0.5532402445737921,-0.0005751943624732192
171,2.5850209354686635,-3.2051349271485257
172,-1.341728115424356,-0.09846626444390949
173,-0.8621895626537288,-0.007818472085124317
174,-0.6424678541685584,-0.0013925229341348322
175,-0.5499031291227965,-0.0005549380751184163
176,-2.1202220220249517,-1.1726960860387425
177,0.8450857519072823,-0.006956826969789498
178,2.2436576164526096,-1.5699427524671392
179,2.962363313321239,-6.226160258924328
180,2.873318075740822,-5.376008954578438
181,-2.2529714925821445,-1.6036011315181873
182,-0.7785163986206403,-0.004307229726417505
183,-0.602094655108953,-0.0009491444141936922
184,-1.946422361795301,-0.749441761463538
185,2.7750504702586953,-4.541269779352234
186,2.113254051556459,-1.1528327581941333
187,-1.5625155011055416,-0.22934476991131614
188,1.0527239022702508,-0.02482602307767401
189,1.8773746406558356,-0.618870929531185
190,1.4283704138371567,-0.13965112394251894
191,-2.5691551143946336,-3.1087688626145162
192,1.5869059264723528,-0.24967609462487672
193,2.217298095396142,-1.477593117952121
194,-0.4697753373413578,-0.0002178803617263192
195,1.281044806210792,-0.07590851206004295
196,1.4708117860044894,-0.16429503693332453
197,2.8420875072695937,-5.099322308930084
198,2.2942976660738346,-1.7596086787097798
199,-1.2547949555420623,-0.06753795293654152
200,-0.4153107460066794,-0.00010463922034653628
201,-1.1959007477353232,-0.05143862443609837
202,-1.6058689879039711,-0.2664444794387919
203,2.5541993001017813,-3.0199344666359953
204,-1.1303192316590494,-0.037308963029591746
205,-0.5399318137408686,-0.0004978950931128212
206,-2.030485837630736,-0.9360525516367013
207,-1.1018907416406287,-0.03225353464538672
208,-0.896922169005963,-0.009837921800920468
209,-2.6796806796263617,-3.827352894013913
210,-1.3129556538006373,-0.08718443625109196
211,-2.131734352791071,-1.2060865664368672
212,-2.301862458581112,-1.7893694281395778
213,-1.484617834603864,-0.17301555804754193
214,-0.7633625160649551,-0.0038387489876871017
215,2.4039340999193675,-2.229403043234651
216,1.7182375149602969,-0.3848577775941895
217,2.7093735449312195,-4.039923754105766
218,-1.6851583464997093,-0.34640613720402935
219,-2.254568630776685,-1.6094275125666466
220,-1.9095604594497815,-0.677331435276511
221,0.9770117768376929,-0.016148935086160887
222,-2.673166727586284,-3.781859354496771
223,-1.7982631684472994,-0.49174945543791704
224,-2.272688502596809,-1.6766620273935167
225,-1.3063496955058957,-0.08474660906011916
226,-2.3076602319586135,-1.812435722204949
227,2.554790020247621,-3.023406664426599
228,0.4026053612236078,-8.695407181769088e-05
229,-0.20634056027668057,-1.5994060809099153e-06
230,2.921493864761028,-5.824468740502008
231,1.353813855881139,-0.10354007611061167
232,-1.9457594116142198,-0.748094628432941
233,-2.4548269678172887,-2.477121371599996
234,1.8442521356755623,-0.5628753518497596
235,2.7180352169498665,-4.1035588559612775
236,-1.1331539445521823,-0.037846291942830956
237,0.7181987140373058,-0.0026838530906166946
238,-0.5354018743152573,-0.00047363353108997863
239,-1.4815053104270954,-0.17101820540535878
240,1.9414626095706078,-0.7394087156404967
241,-2.2329983264608924,-1.5320846945278472
242,-1.6161132606085544,-0.27586518111341296
243,0.6850408345789711,-0.002032470477427384
244,-0.300377686879421,-1.513154183041543e-05
245,1.1037878859779955,-0.03257259567916282
246,-0.7971814100557242,-0.004947778429947092
247,-1.4601457928890118,-0.15779998174848464
248,2.7364117139375512,-4.241038242848649
249,-1.7758109451395543,-0.45967644267674623
250,2.627345867050936,-3.473161404205855
251,2.09242252493571,-1.0949827188338481
252,-0.8966323189553664,-0.009819462697665426
253,-2.4884389524146364,-2.6517298640208242
254,2.05175292557454,-0.9884767166652048
255,-1.8333660687052293,-0.5453594927631835
256,-1.5472093945360332,-0.21726964259397064
257,0.2964254890800637,-1.3979693031851426e-05
258,2.546141113504211,-2.9728672945939807
259,-2.143915908131132,-1.242204959426132
260,0.36962454272481615,-5.2232959041664806e-05
261,-1.0065561176785998,-0.01917859774966646
262,-1.4646738839982227,-0.16053195613513688
263,-0.05284411958997559,-4.5351034039242677e-10
264,-0.9767970291816299,-0.016128437241953897
265,2.3035618332259205,-1.7961071470178773
266,-0.3882895050412505,-7.007353128551941e-05
267,0.8149236371851831,-0.005627165092720099
268,-1.6211608230275532,-0.280602393406847
269,1.4128775206477782,-0.13142692482839502
270,-1.7794332502691905,-0.46473726490872735
271,-2.0196508859853832,-0.9101803608513481
272,2.4873135382629723,-2.6457379570949966
273,-0.3345649553738612,-2.8813124365312248e-05
274,-2.0126002271730212,-0.8936424607262091
275,-2.4171871537741945,-2.2920245608937644
276,-2.0912710580439984,-1.0918512684999702
277,0.3699881627648365,-5.254027665524408e-05
278,-2.511378251098942,-2.776101471223854
279,-1.7318643148735127,-0.40163631118863274
280,1.1459414822803256,-0.04034857285522797
281,-1.4327260504263215,-0.1420355012003629
282,0.2709268653130579,-8.16389509050719e-06
283,2.403510323917387,-2.2274222213586543
284,2.902157123823809,-5.641261221737066
285,2.370800369554777,-2.0784943922072814
286,0.9399682142463135,-0.012912891896972534
287,1.4983727686603494,-0.1820651038773517
288,1.3096399323064887,-0.08595389599132924
289,-0.8894837116916485,-0.009373082643426067
290,1.3158512822027824,-0.0882705777389603
291,1.7992605091146903,-0.49321354321475286
292,-0.9697274046214193,-0.015465372464716132
293,-2.860141659568699,-5.257948154571251
294,0.08493643962191788,-7.815046165760009e-09
295,-2.9525240285571965,-6.1276346978184115
296,0.099488272051234,-2.0176831205809265e-08
297,1.4570622945761178,-0.15596082846819392
298,2.636068026315222,-3.530415710056953
299,1.6577991514739736,-0.3169388915709414
300,2.314245565952194,-1.8389080039893284
301,1.2470264137176095,-0.06520854019978611
302,0.2855835197354035,-1.118777190645126e-05
303,-2.9161587375571676,-5.773486514979473
304,2.5803777398058694,-3.1767045924511597
305,-2.078097476553146,-1.0565117010922855
306,1.5388934746370087,-0.21092324560067616
307,0.6865982692443877,-0.0020598222864541826
308,-2.045111462226412,-0.9718690523335902
309,-2.5936379079908565,-3.258401384481158
310,-1.2782676461234013,-0.07498544925368872
311,-0.5839850610980748,-0.0007923003094585379
312,-1.3740473953272194,-0.11250059506626559
313,-2.0308722903573098,-0.9369856721373844
314,-0.7964290118626205,-0.004920528736345409
315,0.6619901768851726,-0.0016613612531294342
316,1.446032544216476,-0.14952111627504566
317,0.9741416943106618,-0.015876729623599983
318,-1.5540600005279475,-0.22261037215099905
319,-1.0199139092936111,-0.020692302777819194
320,0.41111197671487787,-9.84922902889096e-05
321,1.5897886548642859,-0.2521700385621626
322,0.8395694842080035,-0.006696144644720681
323,1.4194562367247485,-0.13487063256976722
324,-0.07744198288449367,-4.490472549356639e-09
325,0.5362985861724692,-0.0004783568197842536
326,2.8410289090485605,-5.090133041749535
327,-1.8156098288123859,-0.517702123227004
328,0.8937560902069324,-0.009637819459231922
329,-1.7926298322729564,-0.4835432410320043
330,-1.3659946987961162,-0.10886313372236534
331,-1.6208164321814162,-0.28027715583231283
332,1.8563062078062185,-0.582777381575304
333,0.22994658552967184,-3.0595376231401517e-06
334,-0.15891101058891355,-3.3443606750616084e-07
335,1.1213011336286636,-0.035640440284584685
336,1.6697014959480097,-0.3295058940649416
337,1.565541475903098,-0.23179353221302967
338,-2.237128463480528,-1.5466701010101103
339,-2.3833663458311394,-2.1347873953127787
340,-0.5958007794941635,-0.0008919664293995933
341,-1.6373299012920952,-0.2962099433387001
342,-0.5285934567064041,-0.00043901446038363545
343,0.5925981936793376,-0.0008639831427451616
344,1.9384741970433055,-0.7334138010870719
345,-2.1589403308166153,-1.2878846840798361
346,-1.827813276379599,-0.5365898173041004
347,-2.0744332187134154,-1.0468397401393237
348,1.3065462377412524,-0.08481834248307046
349,-0.6775770707725597,-0.001905508769552311
350,1.165852456896082,-0.044509514285662855
351,-0.37473559733700235,-5.6692437468863766e-05
352,1.7383641294468886,-0.40983834023939925
353,-2.524157089663051,-2.847258449492526
354,0.9072573712173835,-0.010514903279955745
355,-1.2720809509082571,-0.0729615075993365
356,2.7979866473010357,-4.726807403105274
357,1.3532221011836718,-0.10328687990322066
358,1.6255736218985097,-0.284796132003124
359,-2.9444467977671382,-6.047620486487305
360,-0.9478935768034518,-0.01355632666817519
361,-0.1830943236076905,-7.816106069036266e-07
362,0.5220666023527691,-0.00040781974796966214
363,-0.4432276442609071,-0.00015414635280275313
364,1.1673706134646658,-0.04484046118275242
365,0.05218421584699495,-4.205773507237609e-10
366,1.9257708600171615,-0.7083484137579548
367,-1.3054615309118591,-0.08442305530491057
368,-2.708491973477886,-4.033488597294339
369,1.004679212259152,-0.018973324209752285
370,0.8826541289473204,-0.008962257003575336
371,-2.8352358970298477,-5.040063899449088
372,-2.108341254747729,-1.1389836369974247
373,-0.11237454039378747,-4.1887179946797914e-08
374,-0.050360316795017734,-3.397440107022476e-10
375,1.421391019835851,-0.13589697353504349
376,1.3261811682175173,-0.09223391880655613
377,-1.1591236476245368,-0.04306633409871463
378,1.8210912692866055,-0.5261207988295857
379,-0.46945305873794085,-0.00021699314306411477
380,-0.10548709309465298,-2.8664929874189227e-08
381,2.483112030146189,-2.623458310765148
382,1.308413813007995,-0.08550239572577795
383,-2.312809518302404,-1.8331104317811548
384,0.3016165273375093,-1.5508427776866895e-05
385,1.4726080852330954,-0.16540947436813813
386,1.4032747701723522,-0.12652638007359407
387,0.17379025089419375,-5.718385794883929e-07
388,-1.425861536810195,-0.13829223849638833
389,-2.6267553003210655,-3.46931005554158
390,0.17547009609651099,-6.05770188677468e-07
391,-1.3501393153564802,-0.10197583051743642
392,1.6278698172891577,-0.28699776695682183
393,0.1329263966699159,-1.1467468985504325e-07
394,1.4478124248296957,-0.1505457311552491
395,2.162451196077802,-1.2987415095793615
396,-2.2630296759271236,-1.6405624166737989
397,0.7831464690956911,-0.00445937894545867
398,2.2193765424217045,-1.4847208038362234
399,-2.1218429283131597,-1.1773540648427057
400,-1.9006190972404309,-0.6606791855077055
401,2.0094059530321147,-0.8862266281800082
402,2.453029416607725,-2.4680340093305544
403,-0.7730690698005245,-0.00413370871101626
404,-1.0264384468735817,-0.021466183344239886
405,-1.5048718582022067,-0.18646944632999174
406,-0.09667292530689853,-1.698559470852956e-08
407,-2.9539328444493895,-6.141670529461795
408,-2.0119858387627714,-0.8922123981399733
409,-2.0408336198917416,-0.9612859733332948
410,-0.6789640745079919,-0.0019285940955066083
411,-1.891304331023927,-0.6436706533025083
412,0.476363933184329,-0.00023668855695346824
413,1.268625414092182,-0.07185028714376213
414,-0.5041580378999151,-0.0003315058227173484
415,-1.6189696367219177,-0.27853812962627583
416,-2.139604425159022,-1.2293281367508833
417,1.8119661506316005,-0.5121642662464007
418,-1.9594034942268372,-0.7761995463559733
419,1.0019979806760375,-0.01868318684674719
420,1.2134341082983866,-0.055867224990774844
421,-2.6727952650987774,-3.7792772847137486
422,-2.8557734716439134,-5.219237422974243
423,2.64357156866666,-3.5802329496868457
424,-1.8083314652817928,-0.5066861432596002
425,-2.256712190243576,-1.617272521187518
426,-2.0530439611658764,-0.9917302359923901
427,-2.4768475246504975,-2.5905015329550416
428,-2.485790673177866,-2.6376461703653655
429,-0.7045101851124027,-0.00239680442803325
430,2.6753070018771785,-3.796762269621475
431,1.2223427212661875,-0.058232158730095795
432,-0.9575203266474288,-0.014372820884831605
433,0.6962800933373359,-0.0022367431215345457
434,-2.314429174728538,-1.8396502651904365
435,-2.6590876211400634,-3.68491149440405
436,0.8054343083463444,-0.005254890410248847
437,0.10440571332613535,-2.6947149955880434e-08
438,1.8753570792976664,-0.6153413272961162
439,2.0831309131679543,-1.0699092539770176
440,2.142616986790668,-1.238314755047422
441,-2.54428789428749,-2.9621211072644864
442,1.926124525697217,-0.7090371480296701
443,0.28834592789180835,-1.1850649397682211e-05
444,1.0251714119352897,-0.02131408803999746
445,-0.13102104192967712,-1.0516560855489132e-07
446,1.0852097514686658,-0.02955561003733409
447,-1.4644618694378142,-0.16040320681933434
448,0.13796240988710196,-1.433147387430722e-07
449,-0.9282604689894756,-0.012008151200479378
450,2.944481662926524,-6.047964193390947
451,1.7663055659387048,-0.44660053089627727
452,-2.497910676258896,-2.702564301981792
453,-2.556432208765359,-3.0330750291235273
454,1.6022026593031438,-0.26313521067402534
455,-2.3785487619219574,-2.113071152788427
456,2.5516432099885495,-3.0049444705002126
457,-2.8798680944201265,-5.4354238105851795
458,-1.6806847535487066,-0.3414464481357825
459,0.27696292175247716,-9.314000362192765e-06
460,-1.7114581716563133,-0.37671755027054765
461,-0.0690432998237136,-2.2554296208454616e-09
462,0.685372187982269,-0.002038264532314593
463,1.1013891903609236,-0.03216960836651295
464,2.6449771018187915,-3.5896226407030603
465,-2.5171848020738494,-2.8082666834235503
466,-2.4952064702633074,-2.6879768329063123
467,0.5464254702081504,-0.0005344601833955354
468,2.7617161673003405,-4.435928349145581
469,-1.9806969544744313,-0.8216822423338916
470,-0.5030891751530451,-0.00032735439019748735
471,-1.6711131902908614,-0.33102199337816013
472,-2.1314416224553634,-1.2052286203761313
473,-1.8381672299589547,-0.5530315927477142
474,0.09275698361104556,-1.3254749964275447e-08
475,-2.5184574012757315,-2.8153534500125694
476,-2.3985226712040113,-2.204208540333947
477,0.705955415838492,-0.002425861317918665
478,2.9612318728875575,-6.214771314079771
479,-0.09712969322972098,-1.747265465645853e-08
480,-1.280197379655321,-0.07562588605283649
481,1.4332789167561035,-0.14234045580997395
482,-1.2451142635670016,-0.06464520407760593
483,0.23595474214256162,-3.5703839772471824e-06
484,-0.5183680577291612,-0.00039097310599556234
485,2.446437390012565,-2.434923345942162
486,0.13990081038119495,-1.558182810557085e-07
487,2.3027815126065914,-1.7930109295937593
488,-0.2890450850663684,-1.2023501726576846e-05
489,-1.7550418236001437,-0.4314837037835192
490,1.1416352067735218,-0.039491424054890256
491,2.7596618151151153,-4.419862130714788
492,2.845132779141073,-5.125825813252027
493,0.31443452471559974,-1.9888071503881832e-05
494,1.7340374145495199,-0.4043640942233673
495,2.0182752513397553,-0.906935350260709
496,-1.448367191152858,-0.15086622936217703
497,0.8304848435684651,-0.006284301708403994
498,-0.47218458360695603,-0.00022460864224438382
499,1.5414970131313375,-0.212894185153853
500,-2.2926753977002505,-1.753275699141575
501,0.24361568934111943,-4.322904094800073e-06
502,1.6488882748684848,-0.30777938720953263
503,1.8205285961420712,-0.5252517427412311
504,-0.1815604096183625,-7.431874645691394e-07
505,-0.3838678985067907,-6.544766347149622e-05
506,-2.353912124693151,-2.004614887660528
507,1.3718596765612165,-0.11150292700098818
508,0.7535671629908283,-0.0035588459789920313
509,0.06877332660575153,-2.203039306536425e-09
510,2.5479863897147315,-2.9835964617668327
511,-1.2680870716022932,-0.07167839908551177
512,1.2754927654126025,-0.07407216360709123
513,0.6432432121046165,-0.0014024672971744145
514,2.032466581908131,-0.9408427805927816
515,1.8298995403669949,-0.53987174647304
516,-2.9721789589783327,-6.325613100024104
517,-1.3266201012807184,-0.09240542909828692
518,-2.4487856782988318,-2.446679792130819
519,-0.059545143748894525,-9.282060675630532e-10
520,2.443296190594129,-2.4192638852525943
521,-1.3330311871783715,-0.09493975152793671
522,0.45778511085023066,-0.0001868275398347885
523,-2.5726011727852782,-3.129512418746864
524,1.1650596632637455,-0.044337476542183785
525,2.2436642037650047,-1.5699663661032885
526,-1.4743784640304571,-0.16651369562593737
527,1.9798250920387765,-0.8197805299709856
528,-1.2502841774190454,-0.06617739096521746
529,-0.8492836790108163,-0.007160728799955995
530,1.6671969644337015,-0.3268295546046225
531,0.6537356882440788,-0.0015429035160096083
532,0.34304974401749977,-3.3461146724755864e-05
533,2.7032530274057702,-3.9954037601424797
534,-2.450767799349598,-2.456636300343748
535,0.9464888847313357,-0.013440417261821325
536,-0.9159050705219021,-0.011110168350600191
537,-2.33352221553738,-1.9180842802294316
538,-2.90906975520446,-5.7062572963340505
539,-2.252265488411899,-1.6010307360289118
540,-0.4911350168384887,-0.0002837834718164567
541,-0.545583828778688,-0.0005295993899400164
542,1.6908698039709211,-0.35282012921785155
543,-0.912727971967016,-0.010888356350521877
544,1.63399534692231,-0.2929366175197115
545,0.07083205898363776,-2.6294543209459675e-09
546,2.3959617478219473,-2.192360628961954
547,2.1850266542259176,-1.3702320355600874
548,-0.9907158615772023,-0.017501606672538306
549,-0.2177135192623041,-2.2054771806612194e-06
550,-1.8817485424967935,-0.6265767343274369
551,-0.8372775189401009,-0.006590213737433737
552,-0.4667022353531154,-0.00020954137103168513
553,-0.37271457534532715,-5.4892731356503965e-05
554,0.6789131238404509,-0.0019277420135976886
555,2.928031819924179,-5.887399270680975
556,-1.9042449994716517,-0.6673933252258982
557,-1.7250177258931612,-0.3931361424854326
558,1.2229801993068357,-0.05840442839187254
559,1.6260420763556942,-0.28524421181811443
560,-2.2054388769034636,-1.4374211542553887
561,2.0885287162790167,-1.084421028922616
562,2.2357951275116896,-1.5419499834311832
563,1.255183386556106,-0.06765615641125988
564,-1.852507713011861,-0.5764477834500765
565,-2.563072774668886,-3.0724079400679893
566,-2.0600392010341473,-1.0095021235106567
567,-0.5961391893882602,-0.0008949665847507449
568,-0.7742522727120598,-0.004170901943318817
569,-0.7280722523605117,-0.002907986716077504
570,-1.0516753535399026,-0.024684294877710622
571,2.7950911521804365,-4.703079288871507
572,0.01316597628066063,-1.084687895058778e-13
573,-1.6171732471864353,-0.27685473068352245
574,-1.0883017773032893,-0.030041369910251192
575,0.02873303921009196,-1.1721956738597328e-11
576,-0.35196157458107313,-3.8997478028823807e-05
577,-1.4901152317409203,-0.17658850647348667
578,1.2468216887991108,-0.06514803848351097
579,2.1739291570293897,-1.3347237841949315
580,-0.5982436353483891,-0.0009138111451152398
581,-1.7784175698758156,-0.4633138662147933
582,1.817684178391973,-0.5208755873984812
583,-2.0565427540827956,-1.0005888556106424
584,1.7295274743680134,-0.3987190776101899
585,2.330157700431589,-1.9040824114961707
586,2.567008524124235,-3.095899666905685
587,-2.1671403516996177,-1.313350880632886
588,-2.1958745909128856,-1.405633843265828
589,1.1187433805476523,-0.0351783653218436
590,0.6491016500236872,-0.0014795150446915706
591,-0.10580010820175723,-2.9178839788812638e-08
592,-0.9056497407242663,-0.01040717009734271
593,1.9913741924219446,-0.845248586529179
594,2.796943735511608,-4.718250674006638
595,1.6138103848376568,-0.27372493283092814
596,-2.8095762822027037,-4.82267502036245
597,0.07736369809762467,-4.463312053282209e-09
598,2.2185491143182112,-1.481880147953119
599,-2.7824702120482243,-4.600686104954402
600,-2.4410777910178476,-2.408250562043017
601,1.0237197200087218,-0.021140904322560883
602,0.9140248609069372,-0.010978458695417026
603,1.2164864387285776,-0.056668636245868154
604,-2.078478900315516,-1.0575224103421688
605,2.1129247562433697,-1.1519004668316142
606,-2.6152527711247844,-3.394932120250257
607,0.5280839178640249,-0.00043651020699586596
608,0.2931482186345562,-1.3080734559078877e-05
609,0.4579103748179101,-0.0001871318387225429
610,1.8789156540412568,-0.6215774030364976
611,0.8172307880743426,-0.005720868833877679
612,0.9133132365307626,-0.010928942964526067
613,-1.6957989921100036,-0.3584301647331506
614,2.017841819113576,-0.9059147658248472
615,-2.179217725702718,-1.3515567028217628
616,2.188659390756401,-1.3820106839936588
617,-1.22799436509246,-0.059773790454003495
618,0.5575934813339742,-0.0006025341136058904
619,2.2908683300477026,-1.7462416819404782
620,2.686504329272946,-3.8754462827757004
621,-0.24832784823193066,-4.848097592491385e-06
622,-2.618804140219196,-3.417767457730022
623,-2.4308204658168977,-2.3578181876887476
624,-2.609268584885359,-3.356712284871241
625,0.4965942734005959,-0.0003030431800978839
626,1.813194523795766,-0.5140260338122917
627,-2.9111615352448728,-5.726034248836346
628,-0.37996972491461634,-6.15824875254134e-05
629,1.4776018958119277,-0.16853924038380952
630,-1.8304801000511461,-0.5407878036903873
631,-0.7791420571697412,-0.0043275368255899505
632,-2.1603514110636084,-1.2922398730921159
633,0.742895124903991,-0.003273209991061954
634,-2.7943137142967656,-4.696723427868965
635,-2.225928966136758,-1.5073627261060554
636,-1.8776040196128096,-0.6192732063645869
637,-0.6448450416178719,-0.0014231971803151389
638,-0.43985930023138486,-0.00014730382550864896
639,-1.9756801797235801,-0.8107860048299507
640,1.4898092568489663,-0.17638811739006105
641,0.5472224146988252,-0.000539096795246663
642,1.7222991947008328,-0.38980035714703454
643,-1.2432040705443406,-0.06408635801667667
644,0.3461798569609753,-3.53258734709927e-05
645,-1.4936062502365683,-0.17888765498138853
646,-1.0602910434847737,-0.02586855090822382
647,-0.6019963780156621,-0.0009482288974090869
648,-1.2420228351011864,-0.06374272422183186
649,-2.492606011695725,-2.6740049311973
650,1.2081240233497956,-0.0544947896093701
651,2.176070825389705,-1.3415210794141101
652,-1.120216277509762,-0.03544385791761062
653,2.4035845111769643,-2.2277688928950923
654,0.3099950797920519,-1.826793761905421e-05
655,-2.468155502793773,-2.5452911032419476
656,-0.538403064089656,-0.0004895950765899659
657,-0.4780445424757964,-0.0002416955263666587
658,-0.8474064444484899,-0.0070689512315536
659,1.0033445289507732,-0.018828442795376654
660,-1.7451753988939647,-0.41857334062440377
661,1.3266232258448767,-0.09240665091628925
662,-1.8325478387561025,-0.5440602860388009
663,-2.7036257325679927,-3.9981042634920354
664,0.0409658416376848,-9.844625115107419e-11
665,1.6093403124870456,-0.26960787761022176
666,2.268102933625844,-1.6594491541636982
667,-2.8488280206290497,-5.158123354491202
668,-0.16536306556183922,-4.2452855042451887e-07
669,-0.7447909752507922,-0.003322525684423705
670,1.0188560321383582,-0.02056899226482556
671,-2.5197461026239814,-2.8225435665727088
672,-1.7268120380688814,-0.3953500707143991
673,-2.5299246839429292,-2.879819201258612
674,-1.5784008069169773,-0.24243125111391328
675,-2.687286061510322,-3.880984625426224
676,0.2435966475809943,-4.320882129649206e-06
677,0.33075201292774103,-2.6906624575717686e-05
678,-1.9192198646982375,-0.6956842242903702
679,-1.9924702130762049,-0.8476968399666166
680,-1.8880853459651883,-0.6378724804404519
681,0.6562388034276045,-0.0015780641759464142
682,0.5718771781871368,-0.0006999015743565096
683,2.125717540744331,-1.188545872574641
684,2.9346081093552208,-5.951205722698292
685,1.0874979428712113,-0.029914469019124756
686,-2.09371483310729,-1.0985053855482758
687,-2.147487125218822,-1.252948739267953
688,-1.9124390518912273,-0.6827610441605988
689,-2.891305817880406,-5.540341263913882
690,1.8085392713487352,-0.5069981088816553
691,1.4597907706911473,-0.15758735509327204
692,-1.9977966813116703,-0.8596728457264795
693,-2.710747907192776,-4.0499713791522165
694,-2.6637266994280835,-3.7166483015003307
695,2.5599576031169606,-3.0539090557337722
696,2.8135254482779795,-4.855669747742834
697,0.22724536478002877,-2.8505652661658942e-06
698,1.592407801841623,-0.2544529469760576
699,-0.2721448611582509,-8.385908128460962e-06
700,2.332231716456115,-1.9127045134111094
701,-0.5144058348356229,-0.00037356876864069744
702,-2.0950655905520574,-1.102196655574037
703,-2.8312483960142556,-5.005813096191313
704,1.139549167614157,-0.03908153057245056
705,2.3009386896659176,-1.7857149003392356
706,-1.0251980103734075,-0.021317271899440104
707,1.9500986974014891,-0.756946231392524
708,1.4374049635004074,-0.1446328268162117
709,0.805322191199755,-0.005250615942145043
710,-2.9766263208088546,-6.371059129425096
711,-0.5583213248856556,-0.0006072083457213662
712,1.3999927060325525,-0.12488527291199764
713,-0.9911976012426833,-0.017550783424808092
714,2.890309274067703,-5.531140779028268
715,-0.8438469586987565,-0.006897573661343581
716,-2.87752987690003,-5.414158333217451
717,-1.7320805126949221,-0.4019070468151389
718,-0.3196498303681099,-2.1942192225066215e-05
719,2.277845458945732,-1.6961813542086914
720,2.3727228938321376,-2.0870333544257473
721,1.7678762315461851,-0.44874091296176977
722,1.9514488368801821,-0.7597167850031077
723,0.49517240429956333,-0.00029792574241505054
724,-0.860635116684394,-0.00773672641823786
725,-0.6471834580232456,-0.0014539128100738985
726,-0.7586753050741089,-0.0037026383018011755
727,2.875034429993974,-5.391531070309238
728,-0.2535012332666984,-5.4847771566723935e-06
729,-0.9702157903101316,-0.01551045204286916
730,-2.32966783748652,-1.902050257453051
731,1.3347007065809322,-0.0956087610356563
732,-0.9710146754702174,-0.015584422496066841
733,-1.928716790479636,-0.7141011949511027
734,0.0979745680404136,-1.8404244461756036e-08
735,-2.384690101668165,-2.140783918036647
736,2.0287103493357757,-0.9317746770260562
737,1.1591105517553126,-0.04306356264904687
738,0.537926741021189,-0.00048703250157522415
739,1.8270687202951486,-0.5354223122115946
740,0.000950772451964621,0.0
741,-0.7959036703909232,-0.00490157549421999
742,0.6979668664047534,-0.0022688091496453344
743,-1.2993914816812344,-0.08223817585808152
744,0.5014325687664738,-0.0003210053063866791
745,-1.0393899743226405,-0.0230721000305949
746,1.8962547348295073,-0.6526671618188505
747,-2.4095505090483216,-2.255781156350228
748,-0.23429717383679272,-3.42284398924253e-06
749,0.30548338416473975,-1.6735394466782516e-05
750,1.242308178294092,-0.06382559749904704
751,0.9265837081761572,-0.011882923667644651
752,-1.2895352606232484,-0.0787872367898036
753,1.359411959181191,-0.10595999154250624
754,2.6885411224974103,-3.8898887166886027
755,1.6178585918608226,-0.27749602009827723
756,-0.9342309238308841,-0.012462828844833185
757,-1.3849555010796215,-0.11758194200021171
758,0.35034844728241454,-3.794260366063451e-05
759,2.6378941450927824,-3.5424915839316986
760,1.5831554291437344,-0.24646058507583513
761,-0.4242481514926171,-0.00011878818352839549
762,-0.8021476050092611,-0.0051307631534244225
763,-2.4307661234474662,-2.3575531403783687
764,0.5828391867051979,-0.0007831457902656158
765,-2.458493916109111,-2.4957374259003875
766,-1.2897814473190783,-0.07887199490452884
767,-1.0057077823276321,-0.019085594366478276
768,-1.661839723050751,-0.3211621200996663
769,2.777155598767459,-4.558068994616144
770,-2.093097850951074,-1.0968224892152107
771,0.10000769592847636,-2.0816923407274146e-08
772,-0.13485582736343105,-1.2502316171225658e-07
773,-0.8632389826963545,-0.007874057992789285
774,0.9382767190228263,-0.012778845862557175
775,1.9711356184948379,-0.8010119376087447
776,-2.8123553412193605,-4.845876226864484
777,1.966980784085198,-0.792155857957901
778,-0.7143463243000348,-0.0026003523462713174
779,-1.219156632678154,-0.05737728201328007
780,-2.337892429087624,-1.9363877477251599
781,2.790774389435951,-4.667868776777466
782,-2.4258910084097005,-2.3338667063950504
783,-2.6615177659615608,-3.701511211694424
784,-0.03424201084876444,-3.35776961790657e-11
785,-2.5829140883735953,-3.1922111573440084
786,1.2739133222982666,-0.07355632902682441
787,-0.6116011270678534,-0.0010412236013589427
788,-0.6564861048320894,-0.00158157352390087
789,2.927008271078691,-5.877514075800718
790,-1.328429753414174,-0.09311523732017257
791,1.9601670836300853,-0.7777961774248281
792,0.9840426000768527,-0.01683184878460764
793,-0.7101594075244075,-0.0025120374064764306
794,2.4625553186848137,-2.516478765445238
795,-2.3442773093025333,-1.9633664696983801
796,-2.929671570702768,-5.9032612733807035
797,2.2521680435788385,-1.6006762084160764
798,-1.4481349324031605,-0.15073198346462313
799,-0.855051365293992,-0.007448834600872756
800,2.176313217115486,-1.3422920509709493
801,-2.0326817209755665,-0.9413642053911057
802,-2.8819582058386004,-5.454485235329657
803,-2.4510988103627254,-2.458301990666235
804,1.5324288356988571,-0.20609173833859368
805,2.4796954037144125,-2.6054450109538787
806,1.1069831366988314,-0.033115746163837834
807,-2.3651561673818637,-2.0535780072348198
808,1.9696628573796877,-0.7978640335226688
809,0.6219841385794815,-0.0011500968211497486
810,2.14418240271353,-1.2430042510562602
811,-0.3879953786360497,-6.975762128058616e-05
812,-0.6001936757068993,-0.0009315644693251857
813,0.32796315181198965,-2.557958373672342e-05
814,-0.24262260453000462,-4.218496915231462e-06
815,1.5324612494164933,-0.2061157430412059
816,2.586581783364892,-3.214734690611327
817,-0.33785757695403973,-3.0548540455255235e-05
818,-1.176365711502421,-0.046842318853609344
819,-1.9975207607381698,-0.8590492840086483
820,-1.8654624703123674,-0.5982568160634979
821,-2.7131862053505724,-4.0678430288725975
822,2.336613789742347,-1.9310188831303967
823,-0.11384542577870471,-4.528444186302494e-08
824,-2.228324613093009,-1.5157061697495853
825,-0.2712062661829062,-8.214386293947662e-06
826,-2.3701441803408443,-2.0755859582155227
827,0.9962959656817327,-0.01807816193338918
828,1.1380978780998534,-0.0387983953141009
829,2.0307062182993265,-0.9365845904718346
830,-2.391044743670076,-2.1697473689497904
831,-0.6218736150442847,-0.0011488903456683408
832,-0.99940905424282,-0.01840647368878201
833,1.6089997790928035,-0.26929624889063053
834,1.9297901857298072,-0.7162062677516504
835,-0.2910276725128176,-1.2525097422999565e-05
836,1.865642280344022,-0.598563962338116
837,0.38427140185522335,-6.58589986078928e-05
838,-1.6859484840697705,-0.3472879712623218
839,-2.7183291203255933,-4.1057311169346775
840,-0.09348647533388821,-1.3892396899528592e-08
841,-2.4811505925808497,-2.613105712404934
842,1.7681391185461566,-0.4490999360561687
843,-2.7784058694041125,-4.568068192582725
844,1.825498765602882,-0.5329670138280451
845,1.7563958528876755,-0.43327947094004376
846,-0.4695955213483787,-0.00021738496630463455
847,-1.6875783236420387,-0.3491125175705172
848,-0.10667418826845143,-3.065472020669091e-08
849,2.804855548155005,-4.783453023666007
850,-0.03550018290721635,-4.1694092622890366e-11
851,-2.295234784495353,-1.7632748829384104
852,-2.5220385764044364,-2.835368162810136
853,-0.3730774900874496,-5.5212360981493624e-05
854,1.2975197604170638,-0.08157368499926054
855,-0.5010529769559771,-0.00031956494556339976
856,1.4954393297368656,-0.18010437163713516
857,0.6316897101343315,-0.0012602014273594975
858,-0.6263582847089935,-0.001198691961787346
859,-1.9735106710445565,-0.8061085945748674
860,1.7657799873121744,-0.44588609552725833
861,-0.7856992528577402,-0.004545135314507176
862,2.243135385808471,-1.5680715640118963
863,0.9941054189747263,-0.017850012416868122
864,-0.995476011505191,-0.01799248592446423
865,-1.4398336778827419,-0.14599585653646902
866,-2.6008206651024306,-3.3033064815336153
867,-1.5114374936022257,-0.19100421361543973
868,2.6339911366042887,-3.516718965659495
869,1.878059208191095,-0.6200721009123021
870,-0.1921957542129542,-1.0452470790012214e-06
871,-0.3247389366274991,-2.4113635117561927e-05
872,0.4479888749358949,-0.00016426636170441267
873,2.128242667731044,-1.1958833888182698
874,1.3488285022522737,-0.1014224144735737
875,1.7797566677595018,-0.46519122524147255
876,0.39384099792341853,-7.626277479999555e-05
877,1.1666606865058657,-0.04468545599799356
878,1.9998395590034352,-0.8643004672382375
879,0.838865438767745,-0.006663457451160926
880,-0.22800972797965136,-2.9084542003676717e-06
881,0.5095192412644272,-0.0003529922107925465
882,2.844286744326568,-5.118452392618782
883,-2.230779896583015,-1.5242937412787494
884,1.0013015067874242,-0.018608414801129847
885,0.8037185991356832,-0.00518979043887946
886,1.280274560810458,-0.07565159180271852
887,-0.795006314131538,-0.004869339304463538
888,-0.06018245559243196,-9.89421988784045e-10
889,1.173878842075478,-0.04628179534384547
890,-1.807026624942227,-0.504730687155728
891,1.7722374747508916,-0.4547260882137574
892,1.8999779302857362,-0.659497391947441
893,-2.756018307416375,-4.391474426744255
894,0.1329911196288589,-1.1500986718537831e-07
895,2.3019466782035716,-1.78970289182166
896,1.2724815127641982,-0.07309120633044786
897,-1.0881756468040535,-0.030021428955385177
898,-2.6440652459872034,-3.583528875820393
899,-2.579825928836315,-3.173338455583724
900,1.8386582613642828,-0.5538209498230431
901,0.6655748178192056,-0.00171508692824196
902,-1.4657427134942653,-0.16118227110521083
903,2.0706816126121472,-1.0370077550473165
904,0.7163393829597484,-0.002643280804247916
905,2.00536952884414,-0.8769235364423328
906,2.697806612989149,-3.9560958104071218
907,-1.3093326402803462,-0.0858405612845991
908,-2.8117578578141145,-4.840881099015906
909,0.091994758681055,-1.2614730704463284e-08
910,-0.4474225118193935,-0.00016303444629495178
911,0.9700766018527816,-0.015497593604021809
912,2.900549341131878,-5.626223071352042
913,-2.6018437513112618,-3.309740103987363
914,-2.1339100055474036,-1.2124777070396193
915,-0.8198837432184494,-0.0058301947817261945
916,-2.8814364796651146,-5.449722552406331
917,1.0348328888789435,-0.02249629055289304
918,2.906495727370613,-5.681990444062259
919,-2.430556627227646,-2.3565315620757685
920,2.5256012577751186,-2.8553853698701404
921,2.6740826474037824,-3.7882316260975037
922,0.9034350092620351,-0.010260231492272953
923,-2.7690695002851817,-4.493792246689132
924,1.017888913961877,-0.020456784381092663
925,-1.3600669578574347,-0.10624605845720203
926,2.6312680981507883,-3.4988212324389174
927,-2.0661697570016555,-1.0252773939345026
928,2.2531827147407846,-1.6043707511845657
929,2.77706969848224,-4.557382594772735
930,0.7413282442953637,-0.0032329073093371186
931,-0.7885764093232748,-0.004643406493934243
932,1.1426739829837391,-0.039696829008551315
933,-0.38742952425476496,-6.915318361877532e-05
934,-0.8442105399194819,-0.006914921262618834
935,0.557550764938088,-0.000602260714802072
936,-1.9401885695120813,-0.7368483097211252
937,-0.27653902284038434,-9.229064178883917e-06
938,1.5316927850435862,-0.20554723484204118
939,-0.1632439910760919,-3.9294952158819285e-07
940,0.3572493922376241,-4.262774184127238e-05
941,-2.4613596995555733,-2.510359381309576
942,-2.1179478555888402,-1.1661846354348078
943,-1.8944430305140851,-0.6493634685233378
944,-1.0820192351204725,-0.02906107055745366
945,1.7987946489736508,-0.4925292422675609
946,-0.06829672303303358,-2.1130257543688913e-09
947,-0.367879818319901,-5.0779071198547854e-05
948,2.9449586724639056,-6.052668091236233
949,0.5558619844312149,-0.0005915338672004555
950,-2.9217435029190617,-5.826862414280988
951,0.13572356327387602,-1.2992447184778655e-07
952,-0.09325249668204005,-1.3685152566722536e-08
953,-2.86065582227823,-5.262518628248717
954,-2.7400474093711527,-4.268639450001492
955,0.974282393679665,-0.015889986160973146
956,-1.2890317916381406,-0.07861412801096135
957,1.1835140278987275,-0.048484068496108645
958,1.0259718988550262,-0.02141007650108906
959,-1.8340646750786451,-0.5464706664468362
960,-2.693736002935834,-3.9269063147335626
961,2.436337323991406,-2.3848430176009137
962,2.5912113254481106,-3.2433347209440195
963,0.6106793825562638,-0.0010319849474831333
964,-2.2836595992678568,-1.7183945565917236
965,-2.291112119545227,-1.7471893816510289
966,0.7853941778199083,-0.004534816181101964
967,0.061902993288444286,-1.1717113945763913e-09
968,-0.8206370947406283,-0.005861550038740115
969,1.3996321588304106,-0.1247060307204842
970,-0.6899814986650785,-0.002120284690605434
971,2.092055727632462,-1.0939844558161849
972,2.7210050450538077,-4.1255485333879385
973,-1.1798517287478951,-0.04763725146345271
974,1.3869161401011763,-0.11851437878477872
975,2.913692879493377,-5.750035015720594
976,0.7726264110084591,-0.004119864226245329
977,-0.2261809453440211,-2.771551656732818e-06
978,2.286234050571231,-1.7283006032479784
979,1.655040241963892,-0.3140804206807291
980,-0.174272093142247,-5.814053070096747e-07
981,2.313117154693397,-1.8343512451948631
982,0.45826279856286156,-0.00018799017303217092
983,-1.093787446908673,-0.03091908584136327
984,1.965306936565515,-0.7886094666674985
985,2.153134097556694,-1.2700820683579124
986,2.7557488661114604,-4.389380531649879
987,-1.136579433324632,-0.03850393604821556
988,-0.23559377529693393,-3.537811880671704e-06
989,-1.0523725971233076,-0.024778465157667906
990,-2.1219687947241095,-1.1777163571886797
991,-2.3267609895772097,-1.8900252264210258
992,0.3163725601814851,-2.0631856146202665e-05
993,1.3024977536086606,-0.08335052333711834
994,2.2842382518581203,-1.7206173478024775
995,2.8657100228380408,-5.307603375680858
996,-1.8100454106704431,-0.5092636508389246
997,-1.671021119203284,-0.33092294634795716
998,0.8608749514963066,-0.00774929307456651
999,2.5665554649671654,-3.0931886081425817
