,data,labels
0,2.2470619387438084,-1.5821823284670842
1,-2.081511651604143,-1.0655851138753953
2,1.0075980010126528,-0.019293323972456866
3,-2.186564454164527,-1.3752087548201761
4,0.28647994727144255,-1.139941204586492e-05
5,0.020822928799266727,-1.698086116164177e-12
6,-0.6970284006894545,-0.002250922275271905
7,2.835305791273731,-5.040665807305679
8,-2.4188617541314392,-2.300030570320354
9,-0.27717275053504364,-9.35628348319728e-06
10,1.5920889955789255,-0.2541742002223834
11,-2.201212128165933,-1.423306546592776
12,2.4811917511461417,-2.6133226338387407
13,1.9086921169180453,-0.6757001476259072
14,2.839856781785711,-5.079972631532704
15,-0.5323155641550241,-0.0004576708137797869
16,1.8156080115784672,-0.5176993497289017
17,2.5118694734370086,-2.7788118113626923
18,1.8047586263572635,-0.5013458181269969
19,2.179036886476018,-1.3509784507899858
20,-0.8925031965968211,-0.009559558796351286
21,-2.1385745851613054,-1.226267540090033
22,2.9517248797728755,-6.119683461149079
23,1.4749131932868913,-0.16684836541155318
24,-1.6723873690291304,-0.33239510392488814
25,2.07625445184721,-1.0516384304614894
26,-2.4555301348782335,-2.4806830195017606
27,-2.3248423316386058,-1.882119744834123
28,-0.5737326843370076,-0.0007134529363748143
29,-1.2255752496299008,-0.05910994416958365
30,0.3232386726586651,-2.345571891093634e-05
31,-0.9586272226240506,-0.01446921703178694
32,-1.233500277082423,-0.061307087777791924
33,-0.7946277135434681,-0.00485579093223143
34,2.615572940084693,-3.396986113598634
35,-0.3575790918061803,-4.2863079024679784e-05
36,0.185702604205912,-8.507403677082692e-07
37,-2.7255453818543,-4.159336501792267
38,0.9861582375099314,-0.017041883395271906
39,-0.556921066118842,-0.0005982423256245539
40,-2.7237903266030177,-4.146251486958541
41,0.2366467649916295,-3.6335272010079578e-06
42,-1.1065774717775179,-0.03304638489738787
43,0.3837259932445587,-6.530351188727135e-05
44,-2.815565200316833,-4.872777165751456
45,2.4469608043660287,-2.4375400680898958
46,-2.0240233765210833,-0.9205540804517303
47,2.0071976528109996,-0.8811276039679077
48,0.6829209731514299,-0.0019957227037483705
49,-1.4929716106987703,-0.17846793211980316
50,1.1559281646487278,-0.042394337959299144
51,2.0479512502271344,-0.9789437801051533
52,2.5907554846039282,-3.24051023520453
53,-1.5518678815697202,-0.22089023325728002
54,-1.0980581965150653,-0.0316166984369457
55,0.9540693390294144,-0.014075639998852196
56,2.1564493987189364,-1.2802239923178382
57,1.8237828621283843,-0.5302934912717574
58,0.1945115212018953,-1.1229999287154513e-06
59,0.5454335120648723,-0.0005287351161298304
60,-1.1792547015111834,-0.04750034183282459
61,2.6843907716699356,-3.8605018873201824
62,-1.4752040040982524,-0.16703059858058295
63,-0.3388050596664165,-3.1063708638146004e-05
64,0.5283888104335777,-0.00043800725134124363
65,0.7246786846046751,-0.0028292787569744737
66,-1.8071134431047715,-0.5048606115115627
67,-2.281604041766818,-1.7105161180198785
68,2.6432291966502603,-3.5779485107436506
69,2.4386804432639844,-2.396391368166813
70,-2.3082933217294443,-1.8149680390164662
71,1.4699816022723207,-0.16378200366902507
72,-2.1862194710428975,-1.3740911023331819
73,-1.688678613951741,-0.35034849738414897
74,-2.2608408303491663,-1.632464407610052
75,-2.3672493649870656,-2.0627919497147835
76,1.9078604307976983,-0.6741405775669176
77,-0.15629298565885996,-3.027407001754412e-07
78,-2.666591517333541,-3.7363487715189736
79,-0.13369324418950557,-1.1869867433400572e-07
80,0.16843864215481297,-4.7410069092812535e-07
81,0.4342420682540231,-0.00013645375153892303
82,0.2878857318001886,-1.1738007054562516e-05
83,-1.5736791395615686,-0.23848147831065947
84,1.6981600866610895,-0.3611420355435049
85,-2.330912295513792,-1.9072160010299235
86,-1.8408364969002318,-0.557333137906986
87,-1.9775025417893084,-0.8147311315558868
88,-1.3238528582869629,-0.09132840264033049
89,-0.5645204828245927,-0.0006482486269910881
90,1.5326383951686742,-0.20624697137703502
91,2.704283611482171,-4.002874368233889
92,-2.8774123256046007,-5.413090867514143
93,2.3287685799587763,-1.8983240416652776
94,-1.0268962729179765,-0.021521357397164764
95,-1.7225654017641645,-0.39012602568098853
96,1.8328215799357865,-0.5444946711298508
97,1.8577319344464263,-0.5851670144485721
98,-0.4597016998528174,-0.00019152858734372558
99,-2.955177379670125,-6.15408945225564
100,0.325645986666534,-2.4518794188743698e-05
101,2.06504098832173,-1.0223587057592682
102,-2.9789736959589477,-6.395143349500287
103,0.8708285311453037,-0.008285768760974088
104,2.3076053039044435,-1.812216140023066
105,-1.9833648419229517,-0.8275225981349345
106,-2.6847067904871738,-3.8627336311819613
107,1.9975885218547944,-0.8592023872257037
108,-2.9778967364917746,-6.384085324773558
109,-1.6334224559695418,-0.29237712222668966
110,0.3440162205078847,-3.402796781160067e-05
111,2.6384118653174315,-3.545920809495074
112,-2.352229599202792,-1.997364863876952
113,-1.2439848795579151,-0.06431432014263405
114,-2.2063130519601923,-1.4403535964942142
115,-1.1801858011457296,-0.04771399936950099
116,-2.138940094803409,-1.2273531357859402
117,1.4653843631351178,-0.16096400487334073
118,2.306270067236645,-1.8068845565393121
119,-2.8931286159246183,-5.557199421367114
120,-0.4160381856021509,-0.00010573584457906904
121,2.525716120254863,-2.856032494681231
122,-0.8996700617846543,-0.01001433462275736
123,1.5928337421065715,-0.2548257419966373
124,-2.5399223940001243,-2.9369222774421457
125,2.071547233279091,-1.0392700062148095
126,-1.05838818950262,-0.025603111552659263
127,0.03008068278125453,-1.5432433109197063e-11
128,1.3497991251008177,-0.10183197317591547
129,0.14969425373466816,-2.3376209057346387e-07
130,2.495995525098585,-2.692227149044168
131,-0.9591034225289778,-0.014510849623675548
132,2.1957696240200972,-1.4052879814229913
133,-1.476752294832367,-0.16800347883890532
134,1.2949942888511545,-0.08068393235934795
135,-0.1965660719442215,-1.1959571161179738e-06
136,2.690757978434565,-3.9056535507644656
137,-2.601459948511672,-3.3073254821764455
138,-2.2422436521917395,-1.5648803427765343
139,-0.42602974847256636,-0.00012179007931767405
140,-2.718206779140303,-4.104826780293439
141,-2.2856097744595325,-1.7258945253347933
142,1.2736372706686891,-0.07346646938788631
143,2.208787367793427,-1.4486784671928743
144,0.45601622416300414,-0.00018257405774568802
145,-0.41647411263223466,-0.00010639756731989358
146,2.8254881484670102,-4.956640984381331
147,-2.7052601726259797,-4.009962980034995
148,0.7111383637348658,-0.0025324620763650385
149,0.14113436385243983,-1.642384569455757e-07
150,1.993484741208169,-0.8499679259316713
151,1.509677891591565,-0.18978040925697237
152,-2.127873605405812,-1.1948088103502894
153,1.2469546718159439,-0.06518733340066546
154,-1.5181992198265515,-0.19576530283318228
155,-1.8443045353234515,-0.5629607077912513
156,-2.997204884633569,-6.5844975878797385
157,1.0534784223792748,-0.024928416695032984
158,-2.9392858162955524,-5.9969020205049475
159,1.1869008427484253,-0.04927795263567042
160,2.0103108985519382,-0.888322722390909
161,-2.791166548959935,-4.671059377200507
162,0.5720274813748873,-0.0007009913054714101
163,-1.389157638605544,-0.11958760424867126
164,2.37687873054624,-2.1055822523950516
165,-1.4442265072644342,-0.14848712050983887
166,1.4920913473193407,-0.17788705782658665
167,-2.8707757399419966,-5.353077927534661
168,1.330823065521436,-0.09406067290320841
169,0.8627634225440577,-0.007848828480955361
170,-2.349991482725233,-1.9877515607206975
171,0.5696998243552365,-0.0006842716924430059
172,1.486858047305418,-0.1744645570587487
173,-1.9692768139681924,-0.7970404793535759
174,0.029466631696967838,-1.363609225535356e-11
175,-0.5444140981337613,-0.0005229045400995114
176,0.640031156921057,-0.0013616489146592858
177,0.7750562126793081,-0.004196329750967953
178,0.6945054193058096,-0.0022034099145403774
179,2.9937057718456126,-6.54783730572896
180,-2.8813365951024035,-5.448811088023904
181,2.766385123355592,-4.472603968595762
182,0.009099494774390315,-1.1879386363489175e-14
183,2.138096609801405,-1.224849019435942
184,0.3859089023899518,-6.755038211703202e-05
185,-2.1360159882655867,-1.2186888283681268
186,-2.1662740070884854,-1.3106423234134612
187,0.193565346125526,-1.0906697673895849e-06
188,-0.16934273396243782,-4.895567652374311e-07
189,-0.42658956367239487,-0.0001227462283436287
190,1.5652816453886258,-0.23158245808891365
191,-1.6422425195940766,-0.3010846996815295
192,1.016269498491039,-0.020270009743264983
193,-2.5582617735227884,-3.0438738585153295
194,-2.2728730037014007,-1.677357416204929
195,0.24229304764058934,-4.184316490518647e-06
196,0.531728449691788,-0.0004546851999588375
197,2.341822270617466,-1.9529594828832966
198,-0.7379106320572499,-0.0031464151177690303
199,0.19995821480377618,-1.325033788801555e-06
200,2.941927229927254,-6.0228204252222
201,-0.7927688577373688,-0.004789719048339358
202,2.6060929123670658,-3.336561173506724
203,-0.12936724852499282,-9.745336582156483e-08
204,-1.2573727670991677,-0.06832552020173815
205,-2.8924919076457005,-5.551306503327234
206,-2.861908423068545,-5.273665540535845
207,-0.719470259893094,-0.002711893336010296
208,0.9317216208283909,-0.012270052714593804
209,-1.938338805290416,-0.733143090632613
210,0.10151645668355735,-2.2772894014977396e-08
211,0.5618402221727106,-0.0006302319034224846
212,-1.8789986155825136,-0.6217233679398557
213,-2.365872621590099,-2.056728221022199
214,2.778488747310883,-4.568731595590685
215,1.335110758699666,-0.0957736526699332
216,0.40375355886313,-8.844252398232388e-05
217,-2.0971384095155168,-1.1078796116982765
218,-2.294430046166951,-1.7601262263546558
219,0.7939588621028699,-0.0048319314241130895
220,-2.78661204658571,-4.634103900293699
221,2.1161168371957775,-1.160962160326532
222,0.20571120240038443,-1.570409087103819e-06
223,2.502183153965964,-2.7257327967739284
224,0.17159378626162436,-5.298725542779437e-07
225,2.8396444386568467,-5.078133580004872
226,1.3924617444736853,-0.12118372826188034
227,0.0791521185346693,-5.119104473649827e-09
228,0.36598407593604243,-4.923760007280453e-05
229,-1.2154772174590442,-0.05640264032488257
230,2.073227356963221,-1.0436717231449697
231,-1.493540314571152,-0.17884401160483765
232,-0.5922265357655121,-0.0008607832173072039
233,1.0194734919701096,-0.020640893112144343
234,-1.8022384968980187,-0.49760542617142584
235,1.5265030291628356,-0.20174027591966526
236,1.4726339076724804,-0.16542553845080898
237,-2.4077841246102665,-2.2474598755490294
238,1.3990461078009817,-0.12441511943394523
239,-2.1438701326524265,-1.2420677055409612
240,0.7621706821648151,-0.003803756135227765
241,-2.6448339811632664,-3.5886656795486247
242,2.6526679492971796,-3.6413278425987663
243,2.506718704724957,-2.750490902427968
244,-0.3113707929643841,-1.8757799102320227e-05
245,-1.2651983512794238,-0.07076168688661211
246,2.6191359004183106,-3.419906533227892
247,0.5772636695453177,-0.0007398401751568251
248,1.312096606656266,-0.08686427818044462
249,-0.014419538847872726,-1.872946242542639e-13
250,1.6800363314978757,-0.34073221717618923
251,-0.48271308646684696,-0.00025606695721336337
252,0.12448660298391845,-7.738444451899085e-08
253,-0.17845929263810678,-6.702964479021745e-07
254,0.359208112789541,-4.404176366290535e-05
255,2.303677989320022,-1.7965683867698135
256,0.3063804718780121,-1.703128003216481e-05
257,-1.5744249900762062,-0.23910199521247494
258,0.04377554476269285,-1.465697563318713e-10
259,2.2698832856865536,-1.6661160510706778
260,-2.428351470060468,-2.345798664027447
261,-0.18145828045522094,-7.406861204373172e-07
262,2.1334205456411146,-1.2110376294066587
263,2.7507257714066453,-4.350480797264133
264,0.9379543919778777,-0.012753431654175418
265,-1.0849258004670566,-0.029511322199412993
266,2.476186952850713,-2.5870445946801994
267,2.5812883938257505,-3.1822655808803106
268,0.2765612030707363,-9.233492377358488e-06
269,2.109665484535862,-1.1427040137691014
270,1.4241610222956504,-0.13737718867962223
271,-2.562642153712803,-3.0698457835247157
272,-2.6208070272738713,-3.4306966189631156
273,-0.3921304792724465,-7.430923821449831e-05
274,-0.08041114157098583,-5.6273664617023655e-09
275,2.225872626827944,-1.507166932001564
276,-2.120684681667817,-1.1740241843892056
277,-0.9520467049610168,-0.013903803343050747
278,0.7506625165709098,-0.0034791499577718765
279,1.5384222441289737,-0.21056806101394338
280,-1.57014163668996,-0.2355557143819233
281,1.9638635934975879,-0.7855612978888373
282,2.050807842567453,-0.9861002303576278
283,-0.3860667904471571,-6.771535410776686e-05
284,-0.13239421387311845,-1.1194942506342898e-07
285,2.2933999788148425,-1.7561021638313665
286,1.8700999490442287,-0.606217636751765
287,-0.08164833894278489,-6.1671011630792805e-09
288,0.6829603756267923,-0.001996400716500424
289,0.8343332541431718,-0.006456153214495108
290,-0.7973046526856922,-0.004952253702475429
291,-0.5060952946118968,-0.00033914119800448894
292,-1.1581220176813125,-0.04285477675528537
293,0.9381005648962457,-0.012764951693349236
294,0.411396254429373,-9.889877872237829e-05
295,2.3596252509366575,-2.0293814848249427
296,-2.7775044069062838,-4.5608569919072615
297,-1.5588635296970585,-0.22641668700928091
298,2.633865998763623,-3.515894973598651
299,-0.5120939458854785,-0.0003637134881646631
300,0.6294577074111869,-0.0012341410985636792
301,-2.9986380250797797,-6.599556383572308
302,-0.11038615349545378,-3.763441558390923e-08
303,-1.3411517110037545,-0.09822934474778189
304,0.8916443993125056,-0.009506215643255933
305,-0.4651897661298974,-0.00020553542587098406
306,1.894518708553215,-0.6495012096196671
307,1.66159204020921,-0.3209019757424285
308,2.491077903290683,-2.665820134263616
309,1.591031828835547,-0.2532515943708553
310,0.66703376163382,-0.0017373593136610355
311,2.579460722468486,-3.1711121075654933
312,-1.8169509843279905,-0.5197521778971687
313,-1.061343103775751,-0.026016264316478965
314,-1.8713181951874998,-0.6083224819622035
315,-1.3609590801433196,-0.10663668008917504
316,2.691776258832088,-3.9129108575015956
317,-1.6422201514823318,-0.30106236192713065
318,-1.2636636499698395,-0.07027850622262383
319,-0.22824760156059654,-2.9266678548411917e-06
320,-2.7665369561105058,-4.4738004238366536
321,2.073342181638779,-1.0439730710290787
322,0.430353623329923,-0.00012933821612104435
323,0.21640220816376532,-2.1271156481761366e-06
324,1.8177109064913202,-0.5209165762179908
325,-1.2015424040689098,-0.05283154537902307
326,-0.19392400183784275,-1.1028323300132925e-06
327,-2.344237627461174,-1.9631979240856048
328,-0.9050843219363971,-0.010369494404938728
329,0.7210801824980124,-0.0027477408902811806
330,-1.3831637781873023,-0.11673496608283218
331,-0.3152631165775883,-2.0203294440745978e-05
332,-2.0126186675868745,-0.8936854102578349
333,-1.5773525091669114,-0.24154990133362259
334,0.1286912839964165,-9.443979953616122e-08
335,-0.4673550316508468,-0.0002112902548218054
336,-2.4107049453541105,-2.2612321533498076
337,-2.7234972618795723,-4.144069503247601
338,-1.3179709826059611,-0.08907252052985681
339,0.7824003926260588,-0.004434568219910617
340,-0.8922028218474312,-0.00954087362883782
341,1.3170072583536525,-0.08870719608789657
342,0.8643237347875394,-0.007931854928487914
343,2.9393663870999607,-5.997691383175311
344,0.09100317842817152,-1.1820849521448906e-08
345,0.9262514919400617,-0.011858239367545154
346,2.646987064390495,-3.6030822046718507
347,0.7767576399183485,-0.004250564148581604
348,-2.0789436783668935,-1.0587549969303693
349,0.7039431588132636,-0.0023854827117089084
350,-1.6337164093957222,-0.29266409714712704
351,-2.6864431013947767,-3.8750127505704874
352,-2.0112008255623524,-0.8903877505193112
353,1.4125482833938339,-0.13125644082597177
354,-2.1408719558194287,-1.2331031445965712
355,1.6777913074093762,-0.3382683948200612
356,-1.7627137505000763,-0.44173583417788964
357,2.05966488528278,-1.008545001039049
358,-2.078588674750832,-1.0578134316650178
359,-0.7294544685095783,-0.0029405567552143186
360,0.9975845505055672,-0.018213475267131463
361,-2.8749310073746797,-5.390594811255443
362,2.3482945049768356,-1.9804859610953862
363,1.6427399230602244,-0.30158176490861804
364,-2.174573502244538,-1.3367660563854384
365,-0.6958848616263991,-0.00222928388779009
366,1.81610916636461,-0.5184646604078487
367,1.972856442293529,-0.8047021866569934
368,-0.4873215880757926,-0.0002709408972569882
369,-0.1587142810204103,-3.3196216864261885e-07
370,0.006214487167683469,-1.2212453270876722e-15
371,-2.832771642303924,-5.018876601527957
372,-1.5335558139175653,-0.2069276470398751
373,1.683097598706123,-0.3441144994291171
374,-2.165401883112197,-1.3079200076467068
375,-0.9526481460185385,-0.013954720187203451
376,-1.3857289667746595,-0.11794908348236721
377,1.9594420818582812,-0.7762801705905069
378,2.1545924204598013,-1.2745356700755208
379,-2.7325749590444137,-4.212055112992611
380,1.3695452402971746,-0.11045517559686807
381,2.366301588104429,-2.058616113671093
382,-1.6531168952276667,-0.31209967905843466
383,-1.3637135903748265,-0.10785000737958944
384,-2.0554943327834776,-0.997927998652927
385,0.7590086564097853,-0.003712185485868158
386,-0.9357234129089718,-0.012578656011911327
387,1.2552362750906454,-0.06767226377623348
388,-0.6307524084129303,-0.0012492029637847235
389,-2.907201383427317,-5.688635444069645
390,2.0232313782633735,-0.9186683538831699
391,-2.7114753719115807,-4.055297232588941
392,0.03415709111223908,-3.308120444245333e-11
393,1.4703906807957008,-0.16403464495469544
394,0.5122392563260307,-0.0003643265192113665
395,2.4883651977245123,-2.651336868593611
396,-1.3181483930680369,-0.08913990365824898
397,2.1969174389457677,-1.4090735134780183
398,2.822745231752391,-4.933352777704358
399,-1.4171834181836451,-0.13367287024846874
400,-0.7478570630381265,-0.003403574032066148
401,2.0973674978669283,-1.1085090684162513
402,-2.1438242934549447,-1.2419302722185512
403,-1.739724277620445,-0.41157114439957787
404,-2.323947381718833,-1.8784408458537294
405,2.5077969872144603,-2.756401680563031
406,2.9095129233936836,-5.710443041140277
407,-0.4860220269558413,-0.0002666759399011509
408,-2.2454638430039537,-1.5764276845555114
409,-2.57098998772644,-3.1198010141482513
410,1.5177362514356867,-0.19543634871796245
411,-2.3031165510361022,-1.7943398250868914
412,-2.148607102536899,-1.2563327051447846
413,-2.596968154232033,-3.279164163145094
414,1.6152194514800975,-0.27503293294027253
415,-1.4256181848339855,-0.13816099368537482
416,-0.33471582178257586,-2.8890807449166722e-05
417,-2.959928534586627,-6.201671194554047
418,2.576477958792184,-3.1529725631965992
419,2.696374788658516,-3.945810102458956
420,-1.3387106768107846,-0.09723105485718675
421,-2.404700604866888,-2.2329892325923653
422,-0.10855823622366945,-3.404834081344177e-08
423,2.0920357934445066,-1.0939302236056345
424,2.3536000150012555,-2.0032685012956537
425,0.002609889113330155,1.1102230246251565e-16
426,2.0525697254435205,-0.9905341672690825
427,1.727436427623105,-0.3961227632506149
428,0.4700649170010376,-0.00021868012403380988
429,2.5964679052716315,-3.2760390009953495
430,0.08304264649452087,-6.82639766935722e-09
431,-0.32946523249633675,-2.6287394150892318e-05
432,2.9323011558251135,-5.928764451297899
433,1.4197012614427162,-0.13500026790395347
434,0.16563914048228234,-4.287939733282897e-07
435,1.9511688881168254,-0.7591416734338786
436,-1.3895662871867318,-0.11978409736189022
437,-1.5149517679761062,-0.19346710591330074
438,-1.971512835577682,-0.8018197472136741
439,1.7435702590145485,-0.41650187099780994
440,-2.22593195131581,-1.507373100938518
441,-0.15530971815659456,-2.9150249591936017e-07
442,0.33491444345142707,-2.8993345677519322e-05
443,1.3668432924791638,-0.10924196045807882
444,0.9964075998029305,-0.018089852081013214
445,-0.11316845787984953,-4.3693438867009604e-08
446,-0.80922590018687,-0.005401134795952722
447,1.565939749041278,-0.2321173655736346
448,1.746530445360328,-0.420328320209468
449,-2.489818726734672,-2.6590899504410874
450,2.4936950594410456,-2.6798495700940848
451,-0.31170658909522775,-1.8879012114392246e-05
452,-1.9903943668108788,-0.8430645029978858
453,2.8959788910512234,-5.583636434958439
454,1.5757276741002109,-0.2401888313344379
455,-1.0518941895286533,-0.02471381970489106
456,1.328108840596899,-0.0929890469021094
457,0.17538248154163494,-6.039599531604267e-07
458,1.5713576496373145,-0.2365582274412661
459,2.334239030351627,-1.9210774470853142
460,1.0335786009026204,-0.02233987161863704
461,2.8072373396835104,-4.803212258615134
462,2.9620549125693127,-6.22305440275848
463,-1.402119606144943,-0.12594682296121978
464,-1.5945503021059941,-0.2563324920274831
465,1.4084169383878873,-0.12913210639401757
466,2.6772521693692317,-3.8103446391079725
467,0.46253491604910835,-0.000198657277321046
468,2.2757187581551275,-1.6881108984332174
469,-2.003496064326777,-0.8726312467778883
470,-2.1098652416507893,-1.143266031168659
471,-0.15661557180835928,-3.065053494344383e-07
472,-2.400159845754074,-2.2118080903717425
473,-2.133697845531799,-1.2118533340083057
474,-2.1037611687848052,-1.1261875366419345
475,0.06716799480710867,-1.912001446058298e-09
476,0.7963798683111394,-0.004918753192128311
477,-0.5124068724829511,-0.00036503471518867237
478,0.5276240648597676,-0.00043426030743975996
479,0.1111143812465114,-3.914807933380615e-08
480,-2.5110654207194605,-2.774376451907897
481,-0.5594572953490706,-0.0006145634782321885
482,0.04030598451558198,-8.930756134617468e-11
483,-2.85752178041568,-5.234705385920001
484,1.2673457626912814,-0.07144224621273049
485,1.2183711641566255,-0.05716808913862126
486,2.5351985537943333,-2.909836620442388
487,-1.3594061968266493,-0.10595747760132063
488,-0.6833000127032918,-0.0020022528472453116
489,-1.8635315334131632,-0.5949661514324763
490,-2.4840229026747083,-2.6282764341650826
491,0.9227742509386054,-0.011602376390064117
492,0.04609267543647011,-1.9972612452789917e-10
493,1.2517820741467203,-0.06662672738936248
494,-0.4173952306556741,-0.00010780710043900577
495,0.6083541772160963,-0.0010089797204450024
496,1.2373347320137391,-0.06239348449498827
497,-0.018028434811560246,-7.152056724635258e-13
498,0.8184824645276203,-0.005772237917202383
499,0.2521799590983722,-5.315915217352085e-06
500,-0.2936506501684919,-1.3215344056516365e-05
501,2.2387931884422017,-1.5525787844230927
502,-1.9937439649598017,-0.8505489662883308
503,-2.3468540076676274,-1.9743342672206596
504,-1.3559342210160041,-0.10445140124645569
505,-2.992558503232213,-6.535850291734569
506,1.0256365993969263,-0.021369827204732794
507,-1.4885989098196626,-0.17559720431482562
508,-1.6406359096768146,-0.2994835819041518
509,-2.1796657189689164,-1.352990020854513
510,-2.0759816147938626,-1.0509184709764334
511,-0.987510526270329,-0.01717724919456476
512,1.1422746450021792,-0.03961776301787079
513,-1.4995816206011858,-0.18287801694205708
514,2.3915531165212087,-2.1720771698342767
515,0.8107957575957139,-0.005462654355608887
516,-1.1569592560828303,-0.04261023981097489
517,-1.3311173264253244,-0.09417744384927274
518,-1.6333871053697324,-0.29234262577508346
519,2.6386071201098353,-3.5472147638295883
520,-1.8043490811262917,-0.5007364828799009
521,-0.6191374876082207,-0.0011193541000605878
522,0.11587476189016455,-5.03458121858813e-08
523,-0.8069796279885426,-0.0053140971633259815
524,-2.7020230198184647,-3.9865011707475513
525,-2.8286058525032223,-4.983210348962639
526,1.417075664613641,-0.1336162958343381
527,0.05603996598958094,-6.450233680510564e-10
528,2.3885242642303943,-2.158224232981607
529,-2.6633769754506806,-3.7142486831696346
530,0.6281079594220245,-0.001218598729972542
531,0.09227325551510202,-1.2845521757398615e-08
532,1.9357533345316629,-0.7279883503994871
533,1.7107390504431397,-0.3758620480030389
534,0.8083865162661561,-0.005368474909748566
535,1.7621830995402368,-0.4410206517130233
536,1.6485210575994964,-0.30740643940730067
537,-0.8334419800272945,-0.006416014619513022
538,-2.8834250980892158,-5.467892607349557
539,-0.2775810763624271,-9.439023967883209e-06
540,-1.0070262592645152,-0.019230298137576485
541,0.6291619097292864,-0.0012307210639787014
542,1.4313956408269242,-0.14130379359746537
543,-2.690664622706989,-3.9049887055457027
544,-1.5001270257072514,-0.18324572466400557
545,1.142310014412696,-0.03962476076003374
546,-1.8697264521607164,-0.6055734546761683
547,-1.3836766253238375,-0.11697689809215522
548,2.312161867988298,-1.8305002939015218
549,0.4294975511649559,-0.00012781377035753216
550,-2.7547754275233824,-4.381821894648102
551,1.4206673807286103,-0.13551238045610492
552,-1.687516635879799,-0.3490433237586769
553,-1.1834561545958875,-0.048470592954966085
554,2.069420219787073,-1.0337179438938846
555,-2.1918947425771447,-1.3925657394055861
556,-0.5952372049128805,-0.0008869885291816759
557,2.3796639699860016,-2.1180832631176765
558,1.9810347332405929,-0.8224199214293885
559,-2.8052616054190063,-4.786817374528249
560,2.748547405832677,-4.3336912208898335
561,-2.6623279550183567,-3.707057810148694
562,-1.7818333463452534,-0.4681143735217584
563,-1.8878008617676185,-0.6373620096596231
564,-0.7768870491438857,-0.0042547126161913695
565,2.3783484668258987,-2.112171911336148
566,0.9893033019544082,-0.01735805661055634
567,2.6977164406261576,-3.95544745511935
568,-1.5960837194973874,-0.257684417263431
569,1.758043608206008,-0.4354726586817037
570,2.0768789049839294,-1.0532876548550705
571,0.43798464363622314,-0.00014360604165786217
572,0.6379379140760912,-0.0013355796180342105
573,0.8325659207507581,-0.006376760736204523
574,-2.8121456918237606,-4.844123063272787
575,-1.0677095762855149,-0.026924814685802656
576,-2.9742830980106367,-6.347084541150681
577,0.02311895881975623,-3.1807889655510735e-12
578,-0.10922526885217199,-3.532239445380725e-08
579,0.1856457988644893,-8.491823756395789e-07
580,-0.8855391457884769,-0.009133966455903364
581,-2.4117044988583345,-2.265959851403069
582,0.6823606752716422,-0.001986101964306375
583,-0.16767177216346196,-4.613110820006483e-07
584,2.925141432501844,-5.859516271421509
585,-1.282162392335514,-0.0762825345774748
586,-2.9252117269775795,-5.8601932248805335
587,-1.1880520497082192,-0.04955017511260201
588,1.8562334527589224,-0.582655641828709
589,2.5899852191723083,-3.235741696169939
590,2.3428510668615115,-1.9573154869095744
591,-1.1169019277395336,-0.03484870574515564
592,-0.9412321499760612,-0.013013802121985663
593,1.832757920424652,-0.5443936292287666
594,-0.32453732249238154,-2.4024338746930773e-05
595,-1.9477533984890838,-0.7521521241223132
596,1.803054547516746,-0.49881422516262225
597,2.936773678204956,-5.972328867693569
598,1.322170225843112,-0.09067844226359573
599,2.562796097359316,-3.070761550509044
