,data,labels
0,2.171246602554893,-1.3262469290692918
1,-0.6760525029559217,-0.0018803970094113387
2,-1.6924866001401104,-0.3546526030606014
3,1.0618689016932334,-0.02609034448895342
4,0.9411292548408978,-0.013005563191623715
5,-2.5593703348832095,-3.050431048409533
6,-0.9427372827071645,-0.013134807325037134
7,1.5263688975026373,-0.2016426286811902
8,0.2434731705084916,-4.307789701729625e-06
9,-1.0653677725561517,-0.02658767472297252
10,2.419857375964253,-2.304800475409241
11,1.6131484169715185,-0.27311213931488526
12,1.5959030348983507,-0.2575248265776542
13,-1.6810376693914335,-0.34183567506018353
14,-2.7620394418679632,-4.438460496989751
15,1.8475610421992084,-0.5682851380121844
16,0.39587451646655625,-7.864048311356786e-05
17,-2.044559312184903,-0.9704980628615435
18,-1.5592457830912023,-0.2267217791397117
19,-1.4043378783427876,-0.12706162854250158
20,1.7332288133654874,-0.40334741021508835
21,2.069601631755864,-1.0341905866620997
22,-0.644369779594256,-0.001417020439455241
23,-1.768247713140631,-0.4492483084279858
24,1.069454908258864,-0.027178331549922774
25,-0.816606394154753,-0.005695384058679753
26,0.3906780191747563,-7.268320841102849e-05
27,-1.2722227595710163,-0.07300740296620156
28,-0.5827020368142,-0.0007820559664438731
29,1.9468318555154687,-0.7502748000188288
30,-2.6007363242228903,-3.3027765265770386
31,-2.366295830398097,-2.0585907651850985
32,-2.8187800153021434,-4.89983075326066
33,1.7026937295970157,-0.366394291023878
34,-1.0810653150117167,-0.028914520000135835
35,1.8146424859671262,-0.5162273805550344
36,-2.8307904648892017,-5.001890779507152
37,-2.981790850124404,-6.424136426457699
38,1.7383271587917495,-0.40979132006922936
39,-1.1486609698268533,-0.04089757773259661
40,-0.10853809229325107,-3.401046921869266e-08
41,-2.0496003155680853,-0.9830701978833303
42,-1.19515893563824,-0.051257695310870655
43,1.0198008781667012,-0.02067909879937857
44,-2.798959344029993,-4.734798439570963
45,0.12182840995701927,-6.798998319901273e-08
46,-0.4076991314347449,-9.371950560821407e-05
47,-2.4985797120863142,-2.7061824897890454
48,0.16813685391900712,-4.6903278583254604e-07
49,1.0344349902820644,-0.022446573619533505
50,-1.1194492849773665,-0.035305404448708555
51,-2.580333986011201,-3.1764375895481662
52,-0.13879566764824514,-1.4858302144205027e-07
53,2.126597129342902,-1.1910978607519762
54,-1.9514141151057791,-0.7596454361932594
55,2.7502368717826347,-4.346708433468789
56,-0.7170123485304147,-0.0026579068219844126
57,0.930251354098754,-0.012158235591902322
58,-2.429991279316644,-2.3537763896069035
59,0.9426654816067792,-0.013129014102108316
60,-2.8147247565116995,-4.86572293794934
61,-1.2862176957349096,-0.07765216134014141
62,-2.657856588067416,-3.6765238686866413
63,-0.024112403795475412,-4.094280470212652e-12
64,-0.27104483208363206,-8.185181567310629e-06
65,-0.6299903041359567,-0.0012403187957389372
66,-1.7159527337595086,-0.3820991162649583
67,2.371912854991086,-2.08343231077304
68,1.7260602813780146,-0.3944213246372451
69,1.7057108673442611,-0.3699227046074643
70,-2.8801666902573535,-5.438143917691182
71,-0.7810824007730308,-0.004391015459995762
72,2.540532464974815,-2.940434062857629
73,1.6996058078572434,-0.36281046180106563
74,-0.018763555875752402,-9.091616348655407e-13
75,-1.8633405708733102,-0.5946414820322447
76,-0.13970096439111224,-1.5448861567790573e-07
77,-1.1421510315684544,-0.03959331427956325
78,-1.03128840397192,-0.02205654718265826
79,-0.921902947463844,-0.0115389754498747
80,-1.8643377075625729,-0.5963383043283668
81,1.1371506338014452,-0.03861449141490725
82,2.3184553542580435,-1.8559837562605976
83,-2.6094613769688397,-3.3579385658575456
84,2.027118026687514,-0.927950928859484
85,0.35105235059884965,-3.839995386434314e-05
86,2.2034936930752265,-1.4309123123741136
87,-1.1800084321953372,-0.04767323921781391
88,-2.2910484923009635,-1.746942001451853
89,-2.169385028624198,-1.3203885676060425
90,0.7891997108668409,-0.004664923914254326
91,-1.5771859583233128,-0.24141010789206035
92,0.4186733305004471,-0.00010978853749821216
93,-2.038700811068026,-0.9560427641207813
94,1.1555279220462031,-0.04231076897390018
95,-2.2226149331252287,-1.4958784645637082
96,0.5794256452196573,-0.0007563911450172434
97,-2.2136225967407217,-1.4650524342497848
98,1.724122380742413,-0.392035047767608
99,-0.43787322982889965,-0.00014338872346253417
100,-1.7883904588495159,-0.4774383563719042
101,-1.6793446643367267,-0.33997164482548936
102,2.4834462362517424,-2.6252253447599205
103,0.8059885145218271,-0.005276061481986116
104,-2.7875993132331773,-4.642096102382893
105,-2.1675193282065837,-1.3145370632121418
106,-0.583575252238417,-0.0007890161979346999
107,0.8264242516923832,-0.006107058202193594
108,-1.1734529084334744,-0.04618633804021921
109,-0.6654952527166089,-0.0017138790804174242
110,0.4951889209471849,-0.00029798477369347154
111,2.8563714211696007,-5.224523889299503
112,2.9862151725900805,-6.46986608682787
113,1.5700284121427224,-0.23546254009468598
114,0.8270787425351802,-0.0061353461380379
115,0.9407261543977254,-0.012973327460149675
116,0.03661413048138229,-5.0185522404433414e-11
117,2.467234938665772,-2.5405379307404923
118,-2.437881912559261,-2.392450987896399
119,-0.0021348179638218667,1.1102230246251565e-16
120,-2.6539842678233123,-3.650232867556239
121,2.1268158755165567,-1.191733168917368
122,0.746640332105613,-0.0033712189279934135
123,-0.9354616056031286,-0.012558274730039898
124,1.6236908135469106,-0.28300079851808874
125,-1.6577617384861754,-0.3168999922436907
126,0.7635948395928764,-0.003845600829725848
127,-1.874872199629609,-0.6144953920410849
128,-2.264509165212472,-1.6460533044325916
129,0.05090520336648474,-3.6240244138951994e-10
130,-0.8218894710956817,-0.0059139811018374955
131,-0.34251633634191325,-3.315168756379272e-05
132,-2.369958435085053,-2.07476323668324
133,-0.9213926658162634,-0.011501976028715166
134,-1.5283605725405136,-0.20309641199674106
135,-1.0021669590531217,-0.018701364827096167
136,1.3765415747305232,-0.11364670025444107
137,-0.31507129339111817,-2.012995184685895e-05
138,-1.727035470316369,-0.39562643622850924
139,1.7172787186725689,-0.3836982277344443
140,1.2876110728815124,-0.07812728395366697
141,0.8051278147273235,-0.005243212094916849
142,0.8697399192476656,-0.008225655898023154
143,2.4827370550377577,-2.621476785811144
144,-1.4913761333121962,-0.1774162025381582
145,-1.6087294050100989,-0.2690490264909457
146,-0.17050962714569984,-5.10123817409891e-07
147,-2.933378566161484,-5.939237319355748
148,2.639763415784272,-3.554884777859078
149,-2.240973181979791,-1.5603422835617209
150,2.2216094582644583,-1.4924073570815455
151,-2.853350164539564,-5.197853644780342
152,2.3158938027044726,-1.8455793389367403
153,-2.713469191654662,-4.069920996185302
154,-2.0784585924654966,-1.0574685792451837
155,-0.9812968048008468,-0.01656240182824853
156,-2.2448572430223335,-1.574247528550367
157,-2.6578073790371333,-3.676188880481029
158,1.6934780662245696,-0.35578001466265363
159,1.863331771231179,-0.5946265244321309
160,1.9043395367854954,-0.6675690855558636
161,-2.831605414418908,-5.008872650455692
162,0.4357389859004668,-0.0001392781282084643
163,-2.123882685001329,-1.1832357955213326
164,-1.0899964510930555,-0.030310336675191785
165,-1.895737313375088,-0.6517223036874404
166,-1.9554299789426155,-0.7679319123788958
167,0.28174568975484693,-1.0318247133378478e-05
168,2.4022553995060916,-2.2215642214532334
169,-0.7135624449620539,-0.0025836263879843724
170,-0.023373566478793517,-3.396838366143129e-12
171,2.366345983244636,-2.0588115726193923
172,0.44830818937934724,-0.00016496430907175785
173,-0.2276946608365531,-2.884475250541918e-06
174,-0.732469345223925,-0.003012640143218448
175,-1.050459391473995,-0.02452076130156977
176,2.0279553933355414,-0.9299602440629421
177,-0.4825721143136974,-0.00025562286475655505
178,2.4212657720456834,-2.311560671271668
179,2.5756891922776504,-3.148188743536158
180,-2.590074889356181,-3.2362965534843595
181,0.7062744292359131,-0.0024323141079716226
182,-0.7198710572116886,-0.0027207815549344927
183,-1.3107973263380837,-0.08638183998325327
184,2.025268815437152,-0.9235254593678417
185,-2.0620616308720834,-1.0146855319816104
186,-0.5786394893817866,-0.000750337702368653
187,-1.3697707646682376,-0.11055692395542654
188,1.2207185962342777,-0.057795109201765116
189,0.5860961272781289,-0.0008093974070841892
190,0.3140097187935105,-1.972805394934163e-05
191,2.9050800693252423,-5.66867687768357
192,-1.074273325904773,-0.027888294163630478
193,-1.6831954308328472,-0.34422302320956466
194,1.1187214057129458,-0.035174416533403696
195,-2.421149971390098,-2.311004273182423
196,2.433387542524904,-2.3703643641095975
197,0.8639473809364491,-0.007911763127354976
198,-0.7946362487193639,-0.004856096025660284
199,0.9873218447871555,-0.01715830956565101
200,1.8040184643388173,-0.5002450010334267
201,-2.481002766346437,-2.6123267231189278
202,-0.11200251621355672,-4.106244022583638e-08
203,0.9638886426485387,-0.01493465313891229
204,1.2521226898240032,-0.06672924607148056
205,2.369263930793019,-2.071689252675164
206,2.8511442499932853,-5.178444814599147
207,-0.6744273241761594,-0.0018539289883253707
208,-1.788781141463675,-0.4779984292069364
209,0.6074810879087007,-0.0010004516329665814
210,-1.307053924313098,-0.08500386167956075
211,2.0206927331618356,-0.9126439343712291
212,0.04178575066703605,-1.108749758671479e-10
213,-0.9689847301506864,-0.015397025860360736
214,0.2976823894031311,-1.433781432491621e-05
215,-1.9855325375975794,-0.8322914963285724
216,2.9821248277233554,-6.427580035493438
217,-1.2677873150890007,-0.07158283266984489
218,1.292956966783474,-0.07997184630988224
219,2.538729275738219,-2.930063363635197
220,1.8296947662072904,-0.5395489242402716
221,-0.5740224641899339,-0.0007155887392007454
222,1.8638023694880896,-0.5954268556702246
223,0.904729465089869,-0.010345906111649428
224,0.18681405478665258,-8.817062897570338e-07
225,0.8705066705906872,-0.008267958402471076
226,2.381522952920477,-2.1264581044723974
227,-2.6075591473176845,-3.3458538260112687
228,-0.04294224569670568,-1.3060719172841573e-10
229,-1.7324525816485783,-0.40237330768149
230,1.966549298396881,-0.7912404912904197
231,2.1561706950464963,-1.2793690286149155
232,-1.7442336916780192,-0.41735707202886646
233,-1.483586553587206,-0.17235173020631445
234,2.045985037866263,-0.9740411818595458
235,-0.9037782805074368,-0.010282894486372873
236,2.309592603812427,-1.8201734819343658
237,2.4068469887956985,-2.243054528813074
238,-0.7153254385278114,-0.0026213691861431965
239,0.44896353424795343,-0.000166404445091195
240,1.4869504511995224,-0.1745245312076713
241,-0.23452805865354076,-3.4430854747302675e-06
242,2.7816438422360417,-4.5940401770167485
243,1.5455811894896962,-0.21601532352267888
244,0.8405884151333773,-0.0067436837688551465
245,0.382850307410342,-6.441978446303231e-05
246,1.4749281812089743,-0.16685775355649946
247,-0.7825395262417505,-0.004439186481796864
248,0.7913168385204905,-0.004738622788886482
249,-2.2508112953060544,-1.5957462317352953
250,0.8973049805548721,-0.009862344614514518
251,-0.2178877012106648,-2.216064402538187e-06
252,-2.0376159924751027,-0.9533843408339436
253,1.561352089366764,-0.22840874005028372
254,2.6663442216186466,-3.73464512595014
255,1.4062579473669476,-0.12803290816418011
256,-2.5964267403334658,-3.2757819341917656
257,-0.8321049242112419,-0.006356183873143073
258,-0.14553458986117462,-1.9742730694716215e-07
259,1.9417688645056561,-0.7400252123295546
260,-1.3448716085759687,-0.09976639182671154
261,-1.9164968849754478,-0.690472101109961
262,-0.7309838702935227,-0.0029769441215373726
263,0.6841807470019368,-0.002017494251609353
264,-1.486034989849109,-0.17393107812604608
265,1.9206932480713288,-0.6985171301539271
266,-1.046557295751376,-0.02400190177900341
267,-2.9326743998030276,-5.932390984538257
268,-0.46211406703214886,-0.00019758467940511615
269,-1.7369014477885183,-0.40798128210554263
270,1.3727464471571924,-0.11190646699120571
271,0.9294567641542208,-0.01209815231344169
272,0.4637141337050079,-0.00020168843358769895
273,-0.9049531090636584,-0.01036076721609902
274,1.695202634966729,-0.3577477416958316
275,-1.331518244574615,-0.09433672605820581
276,0.10934246046316964,-3.555028338375621e-08
277,-0.05840660434620215,-8.266950457525013e-10
278,-1.2820975069726455,-0.07626077903890183
279,2.4229164167896498,-2.319502666405914
280,-2.1512238680968894,-1.2642663809204406
281,-0.42668325021640285,-0.00012290684899418647
282,-1.7495584386759095,-0.42427079208138563
283,1.255705013094583,-0.0678151540947684
284,-1.4908973217629216,-0.17710153372754966
285,1.0483364262001498,-0.02423735454500675
286,2.059378345065138,-1.0078127909428936
287,-1.4433835309571927,-0.14800644894949688
288,-0.49646314744223297,-0.0003025682194501833
289,0.46233813630135945,-0.00019815515493226687
290,2.1365396065782614,-1.2202368927755027
291,1.1585082148811754,-0.042936247006372
292,-1.9162995309064268,-0.6900955189473977
293,0.16919291974890927,-4.869669785190212e-07
294,-0.38814671627901287,-6.99200192854077e-05
295,-0.9908956640741255,-0.017519948060463975
296,1.6465250899082822,-0.3053855324619545
297,-0.4191959233025848,-0.00011060736843693242
298,-1.251568790331631,-0.06656259759446348
299,-2.329558252609011,-1.9015958790094611
300,-1.5327228578711722,-0.20630956403022627
301,0.30660364347664615,-1.7105560117469665e-05
302,1.1191367983119473,-0.03524912161475502
303,-2.3579979961756665,-2.0223038389197363
304,-0.10554146517857443,-2.875365301413524e-08
305,0.8687433520945662,-0.008170939048700476
306,2.9881781437627435,-6.4902322615024355
307,-0.8201006176824253,-0.005839207187664508
308,2.641624841835829,-3.567258147413857
309,2.72430958112185,-4.15011964697308
310,-1.3445282844376065,-0.09962373112595962
311,-2.143622149732386,-1.2413243513323815
312,-0.40993820676922166,-9.68285671002489e-05
313,0.1070456228679788,-3.130044057275683e-08
314,-0.6584054796620258,-0.0016090299608703118
315,-0.8212490525508143,-0.005887121990259314
316,2.7119248971237937,-4.058590868836708
317,-0.15217416482968682,-2.579575816286095e-07
318,-2.428827919989699,-2.3481145038712397
319,2.5085592446639664,-2.7605858723931167
320,2.691600376444921,-3.911656621400655
321,-0.6701780152121439,-0.0017861711552907833
322,-0.6874364305611156,-0.002074667190654522
323,-2.7413411083193395,-4.278493072449381
324,1.2522726776808284,-0.06677442968056169
325,1.538794807280743,-0.21084883701322937
326,-2.138081188490233,-1.2248032734455936
327,-2.360315454307199,-2.032389134541869
328,-1.3608513340399315,-0.1065894419135181
329,-1.6761213591555568,-0.3364447796569825
330,-1.1765767116817232,-0.04689012780288915
331,2.460181843622914,-2.504341875089757
332,1.0826009842533963,-0.029150739725471775
333,-2.4921046671987366,-2.6713175687024515
334,0.8125710309102105,-0.005532914968323865
335,-1.0635650650664834,-0.026330486072076664
336,-2.822056526615496,-4.927518254700609
337,0.3055593997254027,-1.6760299691664926e-05
338,2.70255300096831,-3.9903352692180496
339,-1.8810735106385224,-0.6253826538397386
340,-2.376352557011411,-2.103226900022554
341,-0.21284855280845782,-1.9263167841954143e-06
342,-1.2133782279753957,-0.05585263876370439
343,0.8840878622424815,-0.009047256359579703
344,-2.1848336860224205,-1.3696085119505743
345,-1.2434616796166045,-0.06416149667812071
346,2.49745232731276,-2.700087622207088
347,-0.3180382015857086,-2.128944046519976e-05
348,-2.243829761782229,-1.5705599330945534
349,2.342008879411873,-1.9537490537983802
350,-2.233674577057635,-1.5344656498514584
351,-2.478735514592053,-2.600401024610904
352,-2.3884496099606336,-2.157883634744043
353,0.08867671026741064,-1.012020800494895e-08
354,2.9235436067317675,-5.844144434005329
355,-2.0061604295183795,-0.8787404403962911
356,-1.71990251682349,-0.38687791604114563
357,-1.0047866152339717,-0.018985022241697735
358,1.0274427228645342,-0.02158736261586458
359,-1.6937437526450116,-0.35608260770389155
360,2.960068448330027,-6.203076515510912
361,-0.5585717998447777,-0.0006088238213592945
362,-2.6147549003890376,-3.3917399558021697
363,0.10172757310614111,-2.3058406739551174e-08
364,-2.8411289229343186,-5.0910006956319105
365,1.9014266720652913,-0.6621700345676842
366,1.8622789578127055,-0.5928390630040317
367,0.8488435844858655,-0.007139125609452179
368,-0.8530877488470061,-0.007349702467729147
369,0.15957146351780782,-3.4285393868405123e-07
370,1.2849644237162021,-0.0772267954542229
371,-2.0267772666897947,-0.9271342100618476
372,2.792009535327515,-4.677923385870467
373,-0.47542995285832745,-0.00023394335343318584
374,1.0593574765985485,-0.025738045016601263
375,-2.629142638333539,-3.4848986186142383
376,1.1492030031230724,-0.04100772030465283
377,-2.5681684045685467,-3.1028483889300484
378,0.9687444430344474,-0.015374965568868637
379,2.907515043332757,-5.691590956111647
380,-2.6392895151889584,-3.5517397721979065
381,-0.8743938292943421,-0.008485165391703964
382,2.75995996839326,-4.422191168937913
383,-1.5076900785488465,-0.18840536705397348
384,-2.306629079353807,-1.8083169168564843
385,0.677274674389071,-0.00190050603531422
386,-1.4319443232194375,-0.141605197217616
387,-0.7031349410222467,-0.0023694213038740752
388,2.7612180176700445,-4.432028544472475
389,-2.3603569219745557,-2.0325699425212225
390,0.8795806772657953,-0.008782245801647437
391,0.8239593809511332,-0.006001480977358864
392,-1.2878216740578499,-0.07819929851017643
393,-2.451157548765205,-2.4585976587786393
394,2.4696980327102622,-2.5532706899671203
395,0.3969221665530389,-7.988927049618066e-05
396,1.4388084279736821,-0.14541923062304946
397,-1.7258239628280443,-0.3941297215745381
398,-1.5121057926304047,-0.19147065097760974
399,2.5542695512893463,-3.0203472397636415
400,0.03481016003832593,-3.706202011954929e-11
401,0.0072887473710654405,-3.1086244689504383e-15
402,2.533168750802255,-2.8982558721694502
403,-0.4430873241916018,-0.0001538561370303393
404,0.4033271160466194,-8.788726120700918e-05
405,-2.7701982804419187,-4.5027241956427755
406,0.7734711122498856,-0.004146315979168813
407,1.387820276280606,-0.11894634888371097
408,-0.7636811898201792,-0.003848150088773483
409,-0.8252491430366842,-0.006056536794746714
410,2.8382017767661942,-5.06565213258729
411,-0.031067980337174728,-1.873201593838303e-11
412,0.6327342884320277,-0.001272552719845721
413,-1.8276874717919076,-0.5363924098386021
414,-2.54325106512259,-2.9561216187948336
415,0.1937868929403468,-1.0981694953393628e-06
416,0.9059420276675443,-0.010426689934140976
417,-0.00581662879638456,-7.771561172376096e-16
418,0.1246705242956958,-7.807252100366924e-08
419,1.6298024111342269,-0.28886113590369683
420,-0.2700315950571879,-8.003844095050283e-06
421,2.6962576481918488,-3.944969491729494
422,-0.09712224219473464,-1.7464617196871757e-08
423,-1.9139422939141453,-0.6856098236007945
424,1.0785978674003918,-0.028538223648445937
425,0.4920169850004319,-0.0002868243677910387
426,1.9769937377006572,-0.8136281641285874
427,0.47892968338461284,-0.0002443676723042909
428,2.8287623245588245,-4.984546601506121
429,2.285134065201884,-1.724062759648403
430,-2.5449505644279267,-2.965960352128295
431,-0.07275314867280613,-3.0873242851114924e-09
432,1.786521920951043,-0.47476673935869307
433,-1.410814181209739,-0.13036140234074528
434,-1.5931769295732194,-0.2551264226339826
435,-0.9736107520287742,-0.015826785957145928
436,-2.535789443120856,-2.913214372707917
437,0.23816353281051095,-3.7751797576923707e-06
438,-2.9839481666783763,-6.446404393953197
439,1.629929594623949,-0.28898409677228887
440,2.8938171039880265,-5.563576796501418
441,2.5583064932968425,-3.044138173166676
442,-1.938447315827156,-0.7333600470114413
443,1.5945534014640517,-0.2563352188991658
444,-2.9422539302009847,-6.026031871147091
445,-0.4479242179700895,-0.00016412533509857496
446,-1.6173927853794507,-0.27706002935893903
447,-0.5882710786096079,-0.0008273295927184732
448,0.5904311457123255,-0.0008454627087629563
449,1.6046744391452386,-0.26536268512898453
450,-1.5031516751465528,-0.18529557200361052
451,1.2160935508771997,-0.0565649647531572
452,-0.2699290623077122,-7.985681689692825e-06
453,0.6055101077136058,-0.0009814183420233658
454,-0.8327454922470761,-0.006384790778313332
455,-1.9064871871355418,-0.6715715867155381
456,-0.8761244534975483,-0.008583359597380769
457,-0.5302269095990719,-0.0004471227600301164
458,1.8204110726677492,-0.5250703673192628
459,-2.1000860753749278,-1.1159997365365737
460,1.899803265561367,-0.6591757354232618
461,-2.0159711629674613,-0.9015201475728434
462,2.2342927603526537,-1.5366446232164743
463,-0.45672584186177545,-0.00018427066161419425
464,-0.6312069198923993,-0.0012545263459019518
465,0.8587591059604636,-0.0076390032302333655
466,1.8340723377555816,-0.5464828641300539
467,-1.010858277705983,-0.019655939045745363
468,-2.7443972411666064,-4.3018377981902365
469,2.639799708336273,-3.5551257164572263
470,-2.7743220776267625,-4.535467851436997
471,1.6666412701647122,-0.3262380608994312
472,2.41209814216466,-2.267823755047689
473,-0.2677973634366908,-7.6157695059198005e-06
474,2.8808916151068624,-5.444751940865712
475,-2.2284162835572423,-1.5160261319785096
476,-2.276230919684556,-1.6900517901174086
477,1.4007094392135286,-0.12524219917821544
478,0.23003630862852376,-3.066691681041789e-06
479,1.1095063518287755,-0.03354982117993466
480,2.2323007453475796,-1.5296315852450673
481,1.4995382708886265,-0.18284881603147962
482,-1.8607702003658992,-0.5902847784173113
483,2.305138239337615,-1.802374503191587
484,2.3842764517746566,-2.138908747298662
485,0.5288601017563757,-0.0004403296843998872
486,0.891875513238408,-0.009520547012714098
487,-1.8731576700981178,-0.6115114074309369
488,1.3109810603919287,-0.08644993198448692
489,2.2713223243111234,-1.6715196817490663
490,0.15759386518210494,-3.1816148360341856e-07
491,-2.0504435631385522,-0.9851853937982678
492,2.1668729728724205,-1.3125144865396043
493,-0.061105547557519735,-1.0840265352030087e-09
494,1.4154037714626426,-0.1327409341981018
495,-2.6101824994094907,-3.3625283389838767
496,-0.6288097613447388,-0.0012266597007432045
497,-2.2710677400340407,-1.6705627427957952
498,-1.3735505129361318,-0.11227337806110299
499,2.0426186787845717,-0.9656912561973339
