,data,labels
0,-2.563063500832408,-3.072352744673728
1,0.12186126740895142,-6.81000117408459e-08
2,-0.7126632382264542,-0.002564548788198562
3,-0.01506050969301942,-2.431388423929093e-13
4,2.45271527761693,-2.466448488471435
5,-1.7786346362927645,-0.46361778209923127
6,0.5741012624493536,-0.0007161704295092219
7,2.3650410893625864,-2.0530723551535766
8,-2.1118132413320714,-1.148757840511117
9,0.7181365039501588,-0.0026824873741675415
10,-0.5935609739347996,-0.0008723182868383139
11,-1.3577332756123632,-0.10522964542596658
12,-0.7560148167624998,-0.00362716258833784
13,2.8852672124338268,-5.4847641196088786
14,2.5595136480251233,-3.0512795246771613
15,-2.26517492502467,-1.6485287159194395
16,-2.56746140378378,-3.0986114315913147
17,-1.761893159636018,-0.44063026868583943
18,-0.4917837048162994,-0.0002860174391783321
19,-1.616552086936122,-0.27627450859637953
20,-0.6209804987309084,-0.0011391793591699617
21,0.2537550000612576,-5.517714491198866e-06
22,2.8144990108269416,-4.863829445735227
23,1.4047892521816694,-0.12728942913781954
24,1.1695475216461917,-0.0453184745825671
25,-1.4225219082466314,-0.13649974791651703
26,0.9997674648029449,-0.01844458167382801
27,1.3814398848175173,-0.1159246571201128
28,-0.04927245780303391,-2.980248270390007e-10
29,-1.0327516926689588,-0.022237234252015514
30,2.253758178273146,-1.606468963708136
31,1.5258493131720368,-0.2012647267834498
32,-1.2642393106857366,-0.07045943389343395
33,0.18582034291383964,-8.53977150327978e-07
34,-1.6570935692682363,-0.3162059095296987
35,-0.6090531008333073,-0.001015849789791523
36,-2.8375746845188567,-5.060233844324308
37,-2.9583307034005966,-6.185638981683025
38,-2.270227949010539,-1.6674090613727666
39,-0.0930267748988971,-1.3487669203726682e-08
40,-2.134043253826833,-1.2128699737752096
41,-1.8615332682237706,-0.5915755608568807
42,-2.9077779686566503,-5.694069290328598
43,1.728081161007971,-0.39692187119696487
44,2.3679670564468207,-2.0659583048256467
45,-1.298387516959311,-0.08188121501758638
46,0.9059750873265839,-0.010428899643386447
47,-1.7781780092769874,-0.4629786365549443
48,-2.550686843468897,-2.999350305875144
49,2.1033246067488465,-1.1249736195320186
50,2.898050466757999,-5.6029092716743065
51,-1.8491351835453507,-0.5708728673209083
52,2.1975904812994775,-1.411296842511643
53,1.4594029972361602,-0.1573553735589081
54,-2.358438149997421,-2.0242164161779614
55,2.9139375083934755,-5.752358393395232
56,-1.075956551986691,-0.028139821642564233
57,-2.3698881300635017,-2.074451898952691
58,2.7631852504527563,-4.447444064926627
59,2.873240654229696,-5.375309563840958
60,1.4877371447329146,-0.1750357922829454
61,1.2703113468974419,-0.07239073338031277
62,-0.5695463658212558,-0.0006831810854401876
63,1.888245084933029,-0.6381592506654284
64,2.359007575831754,-2.026692741916873
65,-1.1345169418088148,-0.038106870723665365
66,-1.8727254707553491,-0.6107609807660093
67,-1.2130504109378217,-0.055767131693359895
68,-1.9697038293151152,-0.7979514783080544
69,1.0224472846337846,-0.020990047819108404
70,0.0005803757612303784,0.0
71,-2.797270804091852,-4.720932917044341
72,-2.538530541468442,-2.9289220632694337
73,2.0616875983785796,-1.0137253645997617
74,-0.04241774610691085,-1.2132395088571002e-10
75,1.47620248153369,-0.1676574857561603
76,-0.9720952153121303,-0.015684928994096792
77,1.5925393901896543,-0.2545680708933522
78,0.8933033534870471,-0.009609479539661403
79,0.6094311459923532,-0.0010195818519830313
80,-2.1489367048875767,-1.2573299142784675
81,0.7896079002171437,-0.00467905959708903
82,-2.5385818256886923,-2.9292165487158193
83,-0.23348834807989283,-3.3527142138112254e-06
84,-1.2192212729774945,-0.05739452499353914
85,-2.3094073684260037,-1.8194306640315907
86,-0.36835526337844815,-5.11718880733536e-05
87,-2.4738048419705763,-2.5746072333856436
88,-0.209549752731923,-1.7542916889157212e-06
89,-1.2133120018707182,-0.05583535598820133
90,-0.24762886744791146,-4.7670001143140794e-06
91,-0.5238696922627701,-0.0004162479630667182
92,0.6551541981270539,-0.0015627487482599012
93,-2.783389356663913,-4.608086558600898
94,-2.8278791731186192,-4.9770080829324
95,1.9565498884407635,-0.7702551747877844
96,-0.5545374101010747,-0.0005832313967432112
97,-2.9909884200728505,-6.519471909010011
98,2.067566571691721,-1.0288980262274572
99,-2.247900711191857,-1.5852090813922537
100,0.7656529927938918,-0.003906741243249856
101,0.13968394302296616,-1.543758030297937e-07
102,1.8938655358295877,-0.6483131196513369
103,-2.0411339699013875,-0.9620261132882759
104,0.6999985959225872,-0.0023079345287426722
105,1.3435312125212242,-0.09921034477054175
106,-1.864912396221643,-0.5973179550793725
107,2.686986707074282,-3.878863089880263
108,-1.9219147496868607,-0.7008724988455122
109,1.2629111375306117,-0.07004255776504337
110,0.5496606889488671,-0.0005534897627352819
111,2.9816284186176354,-6.422462105376171
112,-1.2456444217615432,-0.06480099973789522
113,-1.290480397246516,-0.07911303076658222
114,-1.9248077858653256,-0.706475531048732
115,-1.9111202763744528,-0.680269399653415
116,2.017451324541617,-0.9049960419977893
117,2.36707179381822,-2.062009096920936
118,-0.2311580823727617,-3.157317813973215e-06
119,0.6626719849467957,-0.001671471690477544
120,-2.702929095306006,-3.9930577564725533
121,-1.4629735488179987,-0.15950170714433443
122,0.9040583092666523,-0.010301412449141734
123,-2.790408210226736,-4.66489101560817
124,1.9716151094469758,-0.802038874780097
125,0.7333541676323421,-0.0030340692367232247
126,1.1039805411954111,-0.03260513878833948
127,1.4335536440213437,-0.14249218582949197
128,1.7429308139406388,-0.41567888841821743
129,-1.9085472544896322,-0.6754283022125216
130,2.92969286593628,-5.903467479272442
131,1.9733215822547514,-0.805701912124415
132,0.42039239226687686,-0.0001125011670661813
133,2.052388614577869,-0.9900776805400224
134,-0.9128792431559694,-0.01089883480624143
135,1.7093336149202365,-0.3741944657153237
136,1.4819280341451293,-0.1712883942209531
137,1.474654806168214,-0.16668658263668085
138,2.1528023974227786,-1.2690707446872143
139,2.3448443456502472,-1.96577611026327
140,-1.8717074825870497,-0.6089962740586193
141,1.7812194868864593,-0.46724881293188236
142,-2.1599976838806323,-1.2911470668263416
143,-1.1525903821726504,-0.041701486124959386
144,-1.2038828731534903,-0.053418251651897064
145,-2.1829977758845835,-1.3636870937783765
146,2.7046828126885476,-4.0057709388336615
147,1.5256485013666232,-0.20111882349637672
148,2.728629904244471,-4.182408074761262
149,2.3247466991231516,-1.8817263649584695
150,0.2516091467494377,-5.244314316033005e-06
151,-2.8572865033754344,-5.232621819551225
152,2.8444597991966,-5.119959970943001
153,-0.6548731649680666,-0.0015588004119316823
154,-1.811111277539582,-0.5108716908879541
155,2.3478540057732182,-1.9786032564583127
156,-2.399167757000116,-2.207200586695662
157,-2.6155733258868237,-3.396988589212061
158,-0.7058231398238286,-0.00242318986357426
159,-1.5691154047488676,-0.23471227478744006
160,-1.1063708489839157,-0.033011101427950384
161,-0.03257037240327598,-2.486777450627642e-11
162,-2.109348247956355,-1.1418119023210562
163,0.9501377096281916,-0.013743194023985383
164,-1.9467269004982084,-0.7500612204647845
165,-1.3416612707979987,-0.0984387658699184
166,-2.541298230843969,-2.9448465429289414
167,2.6014295543563195,-3.30713431954771
168,-2.100045835479343,-1.1158885789893496
169,-0.5260779118502494,-0.000426765783784977
170,0.30301620733012946,-1.5943603275725415e-05
171,1.6776433802562014,-0.3381065431427749
172,0.16284654590800995,-3.872503948620931e-07
173,0.6241239956545899,-0.0011736624682719965
174,-0.559032760350112,-0.0006118061444517764
175,1.2821304195628924,-0.07627181374250935
176,0.04749355957348822,-2.3902579915358046e-10
177,-0.9119933978634913,-0.010837589816581006
178,2.010725102187177,-0.8892834005441675
179,-0.5305486319884039,-0.0004487342741534839
180,-1.1681384608110912,-0.04500860097841952
181,-1.8270326877810812,-0.5353658614163053
182,1.5730275993993503,-0.23794046476080982
183,-1.9951809790290198,-0.8537755338859058
184,-1.3924388159524494,-0.12117259387363849
185,-2.6626252641784385,-3.709094761429128
186,-0.1986673788290565,-1.2746139582686666e-06
187,-0.5505080089994769,-0.0005585652369738403
188,2.329095096525979,-1.8996763747633012
189,-1.5806913430240337,-0.24436583722354605
190,-0.6743889490502646,-0.001853307733304388
191,2.3602783689233995,-2.0322274445694215
192,1.1629704331749418,-0.043886679659839056
193,-2.8178022506263907,-4.891590799346019
194,2.6728380227552577,-3.7795744300307548
195,0.7722772826111663,-0.0041089718575557654
196,2.2497215730518283,-1.5917949068120856
197,-1.7733908687412334,-0.45631932322164603
198,-1.392989252768607,-0.1214401186043641
199,0.11936683164793838,-6.015720810381708e-08
200,2.1678849778834577,-1.3156823084830624
201,2.0674658216363397,-1.0286365477636534
202,-0.03619855158283114,-4.686340204784756e-11
203,-2.3175957355267514,-1.8524872453933823
204,0.17555082139034406,-6.074420795254554e-07
205,-1.3860486346753709,-0.11810108734687086
206,1.5844693898313844,-0.24758337552642462
207,-0.7431362279812541,-0.0032794480590817576
208,2.035833333340226,-0.9490281581429447
209,-2.8996555263379564,-5.617875780516881
210,2.1684582678460345,-1.31747943378985
211,-1.846832318369451,-0.567090280731614
212,-2.0510551499327203,-0.9867216798787531
213,0.192454280081634,-1.053698317265983e-06
214,2.918343026035015,-5.794319309142578
215,-0.7667066083196077,-0.003938348080594678
216,2.8782818859199715,-5.420990911138509
217,-1.9219228344199524,-0.7008881087314576
218,0.31177752772068157,-1.8904702100419613e-05
219,1.2826745074126364,-0.07645441745977705
220,-0.4134537951969799,-0.0001018825623266828
221,-2.788650266374936,-4.650615128894142
222,-2.0541471156957765,-0.9945167913008501
223,-1.8619163087464041,-0.5922243262080219
224,0.7558537515297945,-0.003622634215394882
225,0.8468385047473115,-0.007041375411806827
226,-2.2482752449474437,-1.5865620265453606
227,1.300521354937322,-0.08264139458194625
228,-1.6887396011958684,-0.3504171059108635
229,-1.6682633654429269,-0.32796701468542144
230,-1.7734994987543455,-0.45646960291852445
231,-0.5601015073283531,-0.0006187672258786137
232,2.9137460384267975,-5.750539836707845
233,-2.544979148102356,-2.966126038427748
234,-1.1270940597395656,-0.036705141624994164
235,1.6276269975411592,-0.28676431553635606
236,-0.01127418869584007,-4.285460875053104e-14
237,-2.8603523464203473,-5.259820626792223
238,1.2932849132776756,-0.08008612872519577
239,-1.412953610379163,-0.1314663503226718
240,0.9672432361211749,-0.015237725023718784
241,-0.9813063156612722,-0.01656332903492852
242,-0.16958577643597472,-4.937825489603753e-07
243,2.1785290973741374,-1.3493557521719795
244,-1.0637571779404684,-0.026357797950381512
245,-1.3988688582908284,-0.12432724078192597
246,0.21664451007755448,-2.141417894341302e-06
247,-0.1546730240454255,-2.844124757928057e-07
248,-0.5957606246866791,-0.0008916109911146775
249,2.010506161120107,-0.8887755026360816
250,-2.3027049842158895,-1.7927074923439927
251,1.3327460007240495,-0.09482584723447379
252,0.6991722777169329,-0.002291955489877151
253,-2.1605552305104196,-1.2928698744940263
254,0.6215062246760983,-0.0011448874160830957
255,-1.685022946155813,-0.3462551999214694
256,1.0636014526176671,-0.02633565737358401
257,-1.341625705185014,-0.09842413737502886
258,-0.452268607921007,-0.0001738272746827363
259,1.274258097315112,-0.07366868322819248
260,0.6284134816286127,-0.0012221025996538293
261,2.406053241366809,-2.239328331777481
262,-0.5850760879721917,-0.000801098651914689
263,2.3949009045134684,-2.1874668326988167
264,0.6990649971183682,-0.0022898876351323816
265,-1.303250745318541,-0.08362197519858738
266,-0.07473562910547038,-3.627619871160448e-09
267,0.21662725469521238,-2.1403967286337533e-06
268,0.6832174179664854,-0.0020008283963217632
269,-2.746553403963995,-4.318364969704563
270,-1.321704256338354,-0.09049910593067123
271,-2.5959567891616224,-3.272848253671322
272,-2.3738255083847557,-2.0919426076276535
273,-2.6483384140802304,-3.6121526002844377
274,-1.332145200060958,-0.0945862435830035
275,0.9924199138096026,-0.017676063998064873
276,1.255007382382761,-0.06760257598613495
277,-2.791989147865036,-4.677757292659162
278,-1.2150913731201929,-0.05630121113131786
279,0.8872601395899533,-0.009237670519820718
280,-0.21461717656490276,-2.024181538051728e-06
281,-2.5066267776861784,-2.749987430685081
282,0.7016299478291392,-0.002339750387516326
283,1.8060661534055118,-0.5032950677570662
284,-2.2259779733288916,-1.5075330548986476
285,1.9532494122334496,-0.763423838044775
286,-2.001268187714981,-0.8675480496731719
287,1.478741608557712,-0.1692600766165568
288,0.7328080597500546,-0.0030208285543167346
289,0.12917439456479318,-9.65855387891068e-08
290,1.6438670739202017,-0.30271053729815717
291,1.3211113179210594,-0.0902713141838275
292,-0.20305877588807597,-1.4529624866588264e-06
293,0.3072674554081223,-1.732809612609021e-05
294,-2.928257092326991,-5.889576552034073
295,-0.44415480636129256,-0.00015607538037565316
296,1.0309224760662294,-0.02201154934368199
297,-1.9166364954181003,-0.6907385955278066
298,-2.8352089332481887,-5.039831709880914
299,-1.2705218562384597,-0.07245844329526402
300,-0.5461436561136663,-0.0005328285093705309
301,2.53662843287752,-2.9180154184564557
302,1.532202375400697,-0.20592408982328975
303,-1.2806676493199514,-0.07578262163726845
304,0.7100221457044062,-0.002509184484453253
305,-1.6227060732630116,-0.2820653642671807
306,1.1917731487793457,-0.050438398727509604
307,-1.7271768497702278,-0.39580138792318637
308,-2.1489070204782497,-1.2572400795689143
309,-1.0350500396969367,-0.022523460987549537
310,-1.9067446543406736,-0.6720526641392259
311,1.9111630285125303,-0.6803500633408568
312,2.404235312248688,-2.230811783892997
313,-2.4329394875357115,-2.3681709499554073
314,0.38268952786167443,-6.425861251635467e-05
315,-1.5198643990810357,-0.19695209378271078
316,1.8899908214227983,-0.6412997910460198
317,1.2844626208060133,-0.07705700642452445
318,2.8892077713822317,-5.5209844656421385
319,0.5976709253009194,-0.0009086505730604433
320,-0.912102122192981,-0.01084509155768143
321,0.6955047656975819,-0.0022221296483817543
322,2.3262032187560937,-1.887724444620232
323,2.0977331756930617,-1.109514394326471
324,-2.3038809543896743,-1.7973745485335462
325,1.9924144779135355,-0.8475722089214854
326,1.0808117639898658,-0.028875667962756313
327,-0.8039368381269583,-0.005198034266252427
328,-0.4938081633218312,-0.0002930832060163979
329,1.6388365331445085,-0.2976983140500912
330,-2.166672890161368,-1.3118888691257613
331,2.7779891539490595,-4.564733645920298
332,2.8483253942454834,-5.15372138946994
333,2.852705778015797,-5.192178407757418
334,-1.3434561125844195,-0.09917926395714027
335,2.808901318431106,-4.8170525173294205
336,-1.6747986668190817,-0.3350058579307186
337,1.8310803438267786,-0.5417361909460925
338,2.9952663949841156,-6.56416927958666
339,-0.5480129846635302,-0.0005437291457531801
340,-2.628222095619736,-3.478881572576732
341,-1.1167736604439187,-0.034825836613241234
342,1.9205415533089383,-0.6982250518409719
343,-0.9481489460755022,-0.013577486000963424
344,-0.12280882607260413,-7.133751078747252e-08
345,0.6679922560059497,-0.0017521211371301915
346,-0.09897748314345911,-1.956345574427587e-08
347,0.9535269177837451,-0.014029388600811044
348,-0.6246877719673432,-0.0011799370650833474
349,1.9222831369620579,-0.7015840488719869
350,-0.0691392373688351,-2.274295196613707e-09
351,-1.2713417145236905,-0.07272263395396417
352,-2.1003801156683535,-1.1168122426437908
353,2.6303102320918317,-3.4925416861394356
354,-0.7645670205101234,-0.003874382139934185
355,2.24825770793513,-1.5864986572184545
356,-2.3670033481918615,-2.0617074026903
357,2.251330551978457,-1.5976316739123262
358,-1.3823832559198819,-0.11636752671866402
359,-2.999562767534983,-6.6092866771406
360,2.4275791146624783,-2.342048200854673
361,0.1319226691382407,-1.0957996843252715e-07
362,-2.8474383616897136,-5.145959630921238
363,-1.0376144036501196,-0.02284634170583666
364,-2.6997257564060533,-3.9699136051167017
365,2.949897988979181,-6.101535274998592
366,-2.16574293113136,-1.308984066910263
367,1.6539291929856486,-0.31293501561848136
368,2.7386934424532035,-4.258344908840548
369,1.6338798616162666,-0.2928237648272301
370,2.791277340675123,-4.671961069775953
371,-2.327716828034667,-1.8939729595395638
372,1.9162837271633943,-0.6900653698319283
373,-0.5862653686084967,-0.0008107811531266051
374,-0.4499023381091831,-0.00016848564048255188
375,1.968753491747533,-0.7959251131697025
376,1.1418434534522346,-0.03953253321962724
377,2.389926035215243,-2.164627133394644
378,-0.7121041977838205,-0.0025527467279404803
379,-0.31113529606266166,-1.8673177858752332e-05
380,-2.7551325178041415,-4.384593532259906
381,-1.5130575027576627,-0.19213645147646735
382,-0.47524773568565726,-0.00023341085970363107
383,1.8540534660541867,-0.5790170614960938
384,0.0985298368103571,-1.9038753573674683e-08
385,0.8121169189719382,-0.005514872281105143
386,2.633629054213187,-3.5143351661786326
387,2.792100585053527,-4.678665206149541
388,0.5056595206742811,-0.0003374110996084978
389,-2.3047017041676177,-1.8006373019720332
390,-2.373198878306058,-2.0891515462059504
391,2.261638089110077,-1.635410477624003
392,-1.816429304591761,-0.5189540025258248
393,0.06721410882377477,-1.919889469625957e-09
394,2.2045136926828466,-1.4343225583543473
395,-2.4029875084067136,-2.2249802980127225
396,-1.535379527204811,-0.20828602353881343
397,0.9708911015706403,-0.015572961776029737
398,-0.4136725217244859,-0.00010220409771988237
399,0.9354703354142755,-0.012558953897346736
400,1.7194185406882818,-0.38628985647341246
401,2.209062544980684,-1.4496065649643353
402,-0.5287556141417857,-0.00043981391230007993
403,-0.21992194797543707,-2.3428762109256596e-06
404,1.2019386739743396,-0.05293051499814555
405,-1.0860957341244402,-0.029694143136941853
406,-1.2713766139994165,-0.07273389707840622
407,0.3840617921264684,-6.564505340833637e-05
408,1.433995357994399,-0.14273641130392756
409,-0.6421154967595397,-0.001388023033111807
410,-2.014404533295651,-0.8978524020138002
411,-1.5615373915279205,-0.22855762357976744
412,-2.5061461601066455,-2.7473562819214807
413,1.171114343377809,-0.04566506174514351
414,-1.8887105461592817,-0.6389954365467639
415,-1.8066281817514234,-0.5041347464327529
416,-0.9174963572011254,-0.011222644492224099
417,1.6333454393776945,-0.2923019706365609
418,-0.7987944531198594,-0.005006615659001068
419,-0.05997667472133816,-9.692990854404115e-10
420,-1.1626778794378678,-0.043823851310817785
421,-1.1987908422096172,-0.0521484393576343
422,0.9633097169236118,-0.014882850551830362
423,-2.8319735959162777,-5.012029324630947
424,-0.9817927571374616,-0.016610808255756337
425,-2.8732119801270417,-5.375050552169554
426,-0.5233550383005579,-0.00041382774014930845
427,-0.746578986310384,-0.003369594350914551
428,1.6224571221756499,-0.2818292641127645
429,0.5383189262756183,-0.0004891416133327997
430,1.117804642313601,-0.035009997196948195
431,2.247401678024861,-1.5834077648737728
432,0.7315900424973756,-0.0029914682070151244
433,2.470324078841524,-2.5565146249955277
434,2.738045699939345,-4.253426511983994
435,-2.2296095064190395,-1.5201955919496002
436,2.8397381178601933,-5.078944851528589
437,-0.6185449116404764,-0.0011130406161445894
438,-1.9013186936541664,-0.6619705468120705
439,0.6354358628531527,-0.0013049606649304657
440,-1.0155857360566862,-0.02019156577166281
441,0.02871271596324787,-1.1672329769396583e-11
442,2.188793957466358,-1.3824484762512441
443,-0.4794067350969149,-0.0002458179621791512
444,2.648531009899429,-3.6134467110887574
445,0.4016880988796845,-8.577998319292401e-05
446,0.45296355771684826,-0.00017542246245449977
447,-2.6025387878113087,-3.3141161521692775
448,1.0461315675637728,-0.02394583658430649
449,2.9801233895806307,-6.406963834837486
450,-1.0911516525576301,-0.0304947980582031
451,0.6752460340822015,-0.0018672240309851595
452,0.6956406791388359,-0.002224685662592818
453,2.8809525565077685,-5.445307721103894
454,-1.810575914015766,-0.5100635111978495
455,1.2274724820251528,-0.05963007182890795
456,-0.08338670020840055,-6.997809554043499e-09
457,-1.6456724137327507,-0.3045253930397439
458,1.1706780522308406,-0.04556833824648787
459,2.449149375051241,-2.448504417189799
460,-0.44508447601911705,-0.0001580296825814953
461,1.3753212004907454,-0.11308476487837049
462,2.0307407317695363,-0.9366679332978932
463,-0.6026366462147212,-0.000954206549133807
464,-2.759692082371208,-4.420098523129214
465,2.0799178742074913,-1.0613421299071257
466,2.107683943818804,-1.137140394117615
467,1.7740585500685784,-0.45724361029635396
468,-0.31725254285335236,-2.097713028381687e-05
469,-1.8038029125972739,-0.499924772767808
470,-2.1178136314822975,-1.1658011884743358
471,1.3533067477731713,-0.10332306757668425
472,-0.9111834432541253,-0.010781838015361034
473,-2.7660740785277262,-4.470153652366772
474,0.0058883803155529435,-8.881784197001252e-16
475,-0.5760349848700317,-0.0007305681837953548
476,1.7827713409956942,-0.4694393897657968
477,-2.1969234994717404,-1.4090935219058305
478,2.537822074952679,-2.9248561637460067
479,0.2931989634656551,-1.3094277936609444e-05
480,-1.1303424078389985,-0.03731333099268597
481,1.3726735078746124,-0.11187323078390637
482,-0.4349236383539985,-0.00013773378450065987
483,1.7354372520058892,-0.40612889914725614
484,1.3470587242142278,-0.1006790391619588
485,0.06646155964769651,-1.7944946639758541e-09
486,-1.48987333591473,-0.17643006911242576
487,-0.8760721864401355,-0.008580380456065795
488,-1.241821736127487,-0.06368437030215668
489,-2.0321919171133307,-0.9401774082706639
490,-2.3479668348412805,-1.9790853616341664
491,1.025125673491523,-0.02130861400663897
492,-0.20215716949956963,-1.4147460190017114e-06
493,2.667994980896058,-3.746028374633194
494,-1.1051614115109767,-0.03280518587193948
495,-0.6560384910136814,-0.001575226337617197
496,-2.130296953858278,-1.2018782599942488
497,-1.4856515313140781,-0.1736829752499658
498,1.9670453351752126,-0.7922928688289478
499,-1.4743036845168904,-0.1664669360535237
500,-1.8084609617873468,-0.5068805303123473
501,2.4816740968005195,-2.6158657903513904
502,-0.8559550823033595,-0.007494824672858003
503,1.6270095521537549,-0.2861713652156968
504,0.10277538559429278,-2.4519988373050694e-08
505,0.8255256432754763,-0.006068393425728957
506,-0.08144428709017948,-6.07522709916708e-09
507,0.46354373664595805,-0.0002012480767268343
508,1.6101275313660057,-0.27032936449932815
509,2.509826554803494,-2.767552967215291
510,-0.9409740685120873,-0.012993145295113084
511,-0.9642679213405057,-0.014968670806430384
512,-2.986477950818118,-6.472589711902882
513,-2.4716077365038496,-2.5631757554003793
514,-1.7705232712779362,-0.45236620670550703
515,-2.611365410597333,-3.370067454851848
516,0.7101689482162943,-0.002512235804446261
517,-0.5123273922843126,-0.00036469876099443077
518,2.2591590911111012,-1.6262631894770054
519,-1.657575863914589,-0.316706788872183
520,2.376522837078376,-2.103988920153086
521,-0.4584890171883753,-0.00018854285046143726
522,-0.6075416502389901,-0.0010010412606455965
523,1.1524399339320262,-0.04167047311960648
524,1.9175984778427733,-0.6925770338947953
525,-0.2743181962163268,-8.794534492650996e-06
526,-1.8587483308342112,-0.5868752178162722
527,1.6268756586083342,-0.28604291085806854
528,2.6779878561229316,-3.8154911057794276
529,0.6697831274472366,-0.0017799795138111474
530,0.4405846409630163,-0.00014875559275906447
531,-2.489976816704176,-2.65993422468907
532,2.2438748230608647,-1.5707215186203431
533,-1.3558239100532905,-0.10440383247624097
534,2.886996507145378,-5.500637461355685
535,2.811254308169037,-4.836674257157484
536,-0.4202349278759745,-0.00011225040238815875
537,2.960067732814032,-6.203069328128699
538,-1.012958044771174,-0.01989240003954007
539,1.503005392290544,-0.18519601766678306
540,2.7309285872241524,-4.199663669820549
541,-2.6047097325760005,-3.3278126283373433
542,2.266984865864776,-1.6552726904109403
543,-0.11047822212388958,-3.782304869304198e-08
544,2.3838409204104547,-2.1369357242248426
545,-0.3922392599191231,-7.443222370806524e-05
546,1.118973351401185,-0.03521971167334981
547,1.0083402695082793,-0.019375398356803575
548,0.7151887458468815,-0.0026184266888195085
549,-2.3766738016065774,-2.1046646758239023
550,1.413008781034745,-0.1314949426004226
551,-1.5967860510205711,-0.25830549633425215
552,2.378589935429078,-2.1132560405093357
553,-1.6142032982414034,-0.2740891704745867
554,-2.2348615739476463,-1.5386516574048692
555,0.23321687504022215,-3.3294457350008244e-06
556,0.1925433958162861,-1.056624672091111e-06
557,-0.5943731748909293,-0.0008794013663379063
558,0.3312361017484329,-2.714269572479111e-05
559,-2.7025885033992907,-3.9905922064749486
560,2.2240587293763916,-1.5008734945634825
561,-0.3359228759918036,-2.9518625611957283e-05
562,1.6950073334580384,-0.3575244759463417
563,0.11511931864960889,-4.840931633331991e-08
564,2.743332620420749,-4.293694790327274
565,0.525801808702143,-0.0004254387886377664
566,0.7798412260284966,-0.004350322806325635
567,-0.17497259300436596,-5.955508154409372e-07
568,1.936480881670538,-0.7294360433308407
569,1.6878168030133311,-0.3493801158514821
570,1.9891401592468645,-0.8402751585684558
571,2.9632976125938315,-6.235576448248011
572,-2.480528704329931,-2.609829771049648
573,1.3206422559293518,-0.09009143805055436
574,-2.4948079194940176,-2.685831921463205
575,-2.5138363193467703,-2.789683890062335
576,-2.586337243707412,-3.213229264557245
577,-0.7657158919002631,-0.003908622251321381
578,-2.3768120435310025,-2.1052836257488976
579,-0.8973077360649224,-0.00986252059146353
580,-1.4746162934207867,-0.16666247949135904
581,-2.0967201885170654,-1.1067311894529985
582,1.9036620103026305,-0.6663102449176228
583,1.6169132092434078,-0.2766117141305311
584,-1.7186476042725805,-0.38535456858953976
585,1.2872733161346686,-0.07801189995029978
586,0.32573285470769253,-2.455789126809549e-05
587,-1.5315469748630026,-0.20543950501088892
588,0.7006805354290604,-0.002321190611232926
589,0.34039860382329135,-3.1946431204077363e-05
590,-2.220704659374534,-1.4892890495778557
591,-1.1215175867058353,-0.03567976822264607
592,-1.0558096924876175,-0.025246954227424623
593,0.9858571312941122,-0.017011860841688375
594,-1.5776927948811859,-0.2418357167221279
595,-0.8328132761992499,-0.006387824080938631
596,-1.624893287258716,-0.28414637417037825
597,-1.7724534954033637,-0.4550241563383419
598,-1.1295619843782303,-0.03716647363431558
599,2.943972292704041,-6.042944170155331
600,-2.7227263692580106,-4.13833398799096
601,0.3038309184255583,-1.6201546598426653e-05
602,-2.1472117403992304,-1.2521177433906252
603,-1.581094047073937,-0.24470721655080052
604,2.3839326767620204,-2.137351280021623
605,2.9766949385082766,-6.371762197294568
606,-1.2244540531097525,-0.05880428800108073
607,-2.4320106628817797,-2.3636288439683266
608,1.5819172880741323,-0.24540626353755973
609,0.7872463449607903,-0.004597762762465485
610,-1.8312066310114534,-0.5419358897544058
611,0.8184510068045316,-0.00577094226861119
612,0.45332377618113817,-0.0001762540718975858
613,-0.27353621320485644,-8.645642368132478e-06
614,2.01034244808195,-0.8883958682810824
615,1.547800387538273,-0.21772634722738293
616,0.12555232870994448,-8.144269902921053e-08
617,0.4669210764942555,-0.0002101263186228275
618,2.931429179422257,-5.9202985095933744
619,-0.7931781517173464,-0.004804203424544573
620,1.9759563850942286,-0.8113829963945973
621,-2.670877899683025,-3.7659704326644725
622,-2.113993774621292,-1.1549291473979497
623,1.344292125377188,-0.09952569522964233
624,0.20571604597698023,-1.5706305667162468e-06
625,1.6197354913093562,-0.27925825878341703
626,1.8141723754843682,-0.5155118653121499
627,1.019634401121623,-0.020659663893735636
628,-0.7059135782411801,-0.0024250161012613347
629,0.1301917089588347,-1.0123697480324267e-07
630,-0.5599019470053892,-0.000617462478776809
631,-0.9818954514317912,-0.016620845908990822
632,-1.4025803563542094,-0.12617773158604145
633,-0.5887200775759611,-0.0008310720987558806
634,-0.9065109615893379,-0.010464770905985077
635,-1.1087287422032626,-0.03341555893718584
636,-0.9328474380141327,-0.012356239851549766
637,2.8878949406799235,-5.508897698692524
638,-2.592679295828347,-3.252443106441124
639,-0.9856423166665538,-0.016990468540642456
640,-1.1513846592524961,-0.04145346484980006
641,-1.26876211603467,-0.07189398753442022
642,1.0402298472000284,-0.02317951670029683
643,2.0290472928182126,-0.9325853526826401
644,-0.6428671111074071,-0.001397636318648754
645,-2.7931377873113226,-4.6871219056437825
646,0.3801112731630032,-6.17194408003563e-05
647,-2.806949957454753,-4.8008249346903495
648,2.9202096443373087,-5.812166416296325
649,-2.2756102841402552,-1.6877000416905885
650,-2.909316640265102,-5.708588856810218
651,0.3870551953123105,-6.87557254679394e-05
652,-0.5738143292270381,-0.0007140541606330819
653,2.1058216645298113,-1.1319305624490485
654,1.8898446691650594,-0.6410364078501064
655,-2.5459476414226896,-2.971744050417853
656,2.4388108278899105,-2.3970352203316048
657,2.2091669854851874,-1.4499589329383873
658,-1.0122901291432012,-0.0198169345610828
659,2.884614268087258,-5.478779536218548
660,0.5503793366879588,-0.0005577920161852212
661,-0.18720613985338463,-8.928515304873486e-07
662,-2.967493995897696,-6.277999140744734
663,2.81812718333957,-4.8943279736553915
664,1.586125541449844,-0.24900431592685157
665,2.665596844848972,-3.729499897332431
666,-0.35402651846057154,-4.038325958355404e-05
667,-0.25307473842868466,-5.4297893401500374e-06
668,-2.505254924148077,-2.7424822038651446
669,-1.164367754340547,-0.044187770057163234
670,0.6381936213657893,-0.0013387419453781968
671,2.1173331973911207,-1.1644294912995836
672,2.30686782095885,-1.8092699072023615
673,2.6486900028864975,-3.6145152951845025
674,0.1328312663167237,-1.1418352052761094e-07
675,-1.3195244762792893,-0.08966394811206313
676,-2.321739236325226,-1.8693870574020168
677,2.021071028010475,-0.9135397269543631
678,-2.495822926326786,-2.6912969984817683
679,1.6874975764861002,-0.34902194742936254
680,-2.4159912668928287,-2.286320088515566
681,-1.5063898514359035,-0.1875102325596481
682,-2.3474168321088693,-1.9767361047311338
683,1.2008767759805616,-0.05266563838299487
684,1.0747566409217457,-0.027960329440640863
685,2.5193839866938657,-2.8205218031351635
686,-2.405922095098601,-2.238713123958544
687,1.7808283039210409,-0.4666978846214953
688,2.0149518238489668,-0.8991323939676231
689,-2.482674435119051,-2.621145985773423
690,-0.31518908084664776,-2.0174960988827983e-05
691,-1.862897593408518,-0.593888873222117
692,0.09940830438016768,-2.0079758855651164e-08
693,1.7732427816862506,-0.4561145205107563
694,-0.0152636404807307,-2.6345592374354965e-13
695,-2.029351399004828,-0.9333174885062638
696,0.09977855465376217,-2.0532496147751544e-08
697,-1.483620751974831,-0.17237371099975918
698,0.8902951628327411,-0.009422901106206694
699,-1.1761808382651808,-0.046800462146905364
700,0.21890884706752844,-2.2789869097428195e-06
701,-0.819265009601212,-0.005804545431063679
702,-0.40266818579821084,-8.703497234774371e-05
703,-1.3398014004221932,-0.09767611118920688
704,-1.2526137762211058,-0.06687727663597443
705,-0.23270389751844522,-3.285844266676108e-06
706,-0.5366079148098297,-0.0004799951727170182
707,-2.2121656450313703,-1.4601038652954834
708,-1.1428863488454493,-0.03973892780565125
709,-0.3050951999375049,-1.6608691634667494e-05
710,-2.854592912531851,-5.208811774262374
711,2.1598592307802296,-1.2907195215038347
712,0.03790251911367459,-6.175737699010142e-11
713,-1.316642320525678,-0.08856917070506742
714,-0.7242496139193806,-0.0028194532577495712
715,1.569631391693715,-0.23513605554774358
716,0.5413102027554828,-0.0005054782369283695
717,-2.863913700802276,-5.291547016533713
718,2.8020065665784015,-4.759897468545741
719,-2.164027958456808,-1.303640093834563
720,-0.15212372821733577,-2.5744551468420696e-07
721,0.23552336552143416,-3.5314873182423767e-06
722,1.6248124702485631,-0.2840692669892057
723,-1.6068312435359373,-0.2673184316891908
724,-1.9482356619340404,-0.753136014176923
725,-1.5592799387822358,-0.22674905600043643
726,-0.33607862932057353,-2.9600456129763586e-05
727,-1.924370730443119,-0.7056268577160197
728,2.2293608033067027,-1.5193258334371738
729,2.6793627119661707,-3.825122764690017
730,-1.1621786658195137,-0.043716808739877044
731,-2.4052460777455735,-2.2355439464572093
732,1.0357027935524323,-0.022605295688642224
733,-0.302780852421618,-1.586972721256963e-05
734,-0.5956317124230832,-0.0008904706891907921
735,2.074650362548871,-1.0474109993746048
736,-0.9243047852279327,-0.011714435196727324
737,0.44062170346756924,-0.000148830090716201
738,-1.2578864079862235,-0.0684833246492042
739,-2.6824873805809832,-3.847080377170848
740,-1.8433362340007473,-0.5613850257440283
741,-0.12945819631123578,-9.786487131790977e-08
742,-2.1272805842016425,-1.193083690593728
743,2.779889447847707,-4.579954467725754
744,-1.6574404350899363,-0.31656607854702457
745,-0.1936527652990514,-1.093623941850197e-06
746,-1.7674872094487077,-0.44821003912372986
747,1.2775716058807696,-0.07475551969644101
748,-1.9672312206119056,-0.7926875162470791
749,-2.1608249494180045,-1.2937039302756996
750,0.8375632840447209,-0.0066033459137236905
751,-2.9389135761757332,-5.993256134782761
752,1.0290909665049002,-0.021787449747251553
753,-2.5162748136040545,-2.803207422880288
754,0.8003900314624683,-0.005065379438850548
755,2.975752025264881,-6.3621059845536285
756,2.356538495351276,-2.0159717266377495
757,-0.605201881298961,-0.0009784690966564424
758,0.26232039961314246,-6.730156940748522e-06
759,1.259442336945738,-0.06896313627323575
760,2.6085144171870587,-3.351918515970056
761,0.9336225383966048,-0.012415864475677996
762,-1.2629813994347021,-0.07006456124560306
763,-1.5050261229592958,-0.18657500583306108
764,2.180985277649203,-1.3572185818109386
765,-1.357744687099755,-0.10523459661191198
766,-0.9053332435098498,-0.010386067103281382
767,-2.71628616004507,-4.09064917146234
768,-0.5678388491535569,-0.0006711426560818134
769,-1.702111899193792,-0.3657169090602248
770,2.047594886819903,-0.9780538117615138
771,-1.8682028979715508,-0.6029512334101531
772,1.8301481377518263,-0.5402638570102614
773,-1.3107816795140679,-0.08637604324268255
774,-1.4186536369924425,-0.1344466948820196
775,-0.34531551730102894,-3.480253414767098e-05
776,2.733382134713926,-4.218140278500462
777,-0.6882637151690254,-0.002089405764837071
778,2.8692414174756653,-5.339274022857278
779,-1.9882692319143875,-0.8383424146303808
780,-0.24332573680261138,-4.29220037634348e-06
781,2.995493016528452,-6.566543385490395
782,0.672142385073411,-0.001817235898745162
783,1.9437840731280431,-0.7440917781103302
784,1.5313740204291495,-0.20531177796648642
785,0.3071129640763579,-1.7276090845119718e-05
786,0.400740591824281,-8.458102801534029e-05
787,0.042115981553670245,-1.1623690898687755e-10
788,0.3985901985669811,-8.191149270586617e-05
789,0.6063583594831314,-0.000989572712627007
790,1.800023270449274,-0.4943355610078328
791,2.186412026338231,-1.3747148442057566
792,-1.8440831266126834,-0.5626001145765822
793,-0.2890881575751467,-1.2034218713319333e-05
794,-2.7328684793378044,-4.214267157002542
795,2.1660851315560823,-1.3100523858947979
796,2.913504007503235,-5.748241668642594
797,-2.5153442152911394,-2.7980406626242353
798,1.5824228687153266,-0.2458363527804825
799,-1.2131762542481175,-0.05579994390737075
