,data,labels
0,-2.6477245350058785,-3.6080300689227127
1,0.9340039611108617,-0.012445291513435208
2,-1.979474918543973,-0.8190176853914694
3,-1.6454386201007574,-0.3042898861227144
4,1.5303163313296455,-0.20453204008415776
5,-0.45174924371883485,-0.00017264299505226344
6,-1.4347737230615347,-0.14316758315719064
7,1.325204475834334,-0.09185319684819965
8,1.141784234880049,-0.03952083959451391
9,-2.108712907044139,-1.1400268431297271
10,-1.7838048896490584,-0.4709027717127162
11,0.4263990105880979,-0.00012242007234763985
12,1.7289029063110464,-0.3979422024498127
13,-2.973883460782135,-6.3430023454607
14,-0.6166230619396234,-0.0010927665695240618
15,2.9062006937508578,-5.67921388767215
16,-0.5652366437512857,-0.000653134083871465
17,0.06947692318339938,-2.3417484618093454e-09
18,1.7717997064212962,-0.45412251706690354
19,-2.9889988391577855,-6.498761170903204
20,1.3442391781945489,-0.09950372604026925
21,-1.1024001315708067,-0.03233895399963205
22,-0.10035995992156277,-2.126057763174316e-08
23,-2.740796897916697,-4.274345961878851
24,-1.4471077514547073,-0.1501394098939416
25,-2.269533971704357,-1.6648063710159147
26,-0.810712002869098,-0.005459357729618364
27,-0.7143159152007756,-0.0025997018375000236
28,1.5585177582624965,-0.22614099215471412
29,2.0000283010866537,-0.864728981047658
30,-1.085513889631919,-0.02960310619975315
31,1.2430792659509802,-0.06404998082950902
32,-2.117793723579876,-1.1657443244614396
33,-1.0430343501376373,-0.023541149096283243
34,2.9192695698027356,-5.803173092042555
35,2.4644133235723853,-2.5260106335869232
36,-0.20423774218557877,-1.5042285822497448e-06
37,2.5498850757945473,-2.9946664744999376
38,2.946454500818586,-6.0674363656495025
39,-1.2460529940296012,-0.06492127122901753
40,2.0552456822322656,-0.9972977302811554
41,-0.498416049198831,-0.0003097061185324268
42,0.8495628740749686,-0.007174461552204359
43,1.3384790267823927,-0.09713674211614404
44,-1.134631042873903,-0.03812875027833729
45,-1.1259085415604981,-0.03648518430366343
46,1.2411791626461195,-0.06349819933266498
47,-2.905985255410518,-5.677187036769848
48,2.8621585096114472,-5.2758931618019895
49,-1.9140214791973298,-0.6857601415742116
50,2.5880180961000754,-3.22358753504331
51,-2.486882894161691,-2.643447826683631
52,0.2345483692098842,-3.444870841140535e-06
53,-1.1710688775050937,-0.04565497446836653
54,0.7932607618707248,-0.004807131244752516
55,2.533868003813269,-2.9022414453732552
56,2.0516128242392506,-0.9881241432309754
57,-0.47396173699662203,-0.00022968126563971403
58,-0.21598192180727516,-2.1024961662785557e-06
59,0.5981229440402944,-0.0009127216122282178
60,-2.387111568234862,-2.1517859148140808
61,-2.5802724188909076,-3.1760619111905686
62,1.3937944044621453,-0.1218322888617191
63,-2.4384435109351315,-2.3952217065696515
64,-1.0044697454736704,-0.018950526543111246
65,0.9793395839600771,-0.016372491114956533
66,-0.4710287116196139,-0.00022135948222223867
67,-0.22361191398242664,-2.5883262344539304e-06
68,-0.1421891595029754,-1.717358480979314e-07
69,-2.8042525273713856,-4.778459994370115
70,2.935537673934096,-5.960265982754152
71,0.458468820747175,-0.00018849345359972514
72,-2.836418384242954,-5.050254310978551
73,2.8931962616588187,-5.557825774642965
74,-1.2385139634293876,-0.06273068523999503
75,-0.9481201555595176,-0.013575099136195035
76,2.051330789579448,-0.9874146790612794
77,1.059093498737436,-0.025701239884070914
78,-1.2653200293774671,-0.07080010950472565
79,-2.5186117727402277,-2.816214016384721
80,0.15330867277660154,-2.69702080779588e-07
81,2.552869364079248,-3.0121281753455516
82,-2.5958964042901522,-3.272471442486147
83,-1.8376530267433324,-0.5522059237686812
84,0.37865216421788883,-6.031975941445111e-05
85,0.6245074186281752,-0.0011779268025912115
86,-2.4410218451686982,-2.4079733062490383
87,1.813833498767222,-0.5149965689260718
88,2.7632863779380594,-4.448237591903988
89,1.7889977956235619,-0.4783092399341298
90,-0.6536913284892485,-0.0015422862818910144
91,0.5790800533953249,-0.0007537251169195125
92,2.2153426810181385,-1.4709111721303483
93,2.0865727547300414,-1.0791451800467835
94,-2.1606352865635046,-1.2931173901417121
95,0.9241831195115404,-0.011705495181536962
96,2.499828863746643,-2.7129477262825854
97,-1.1648395267709053,-0.044289801851949306
98,0.9524838610385831,-0.01394079706776108
99,-0.14589511244615672,-2.0037734926869888e-07
100,-1.7863711487946803,-0.4745516762146721
101,0.3377582932741765,-3.0494971095418322e-05
102,1.5475850791445325,-0.21755987447045494
103,0.5158136116659202,-0.000379677491275876
104,1.6556778851257725,-0.31473926744362324
105,0.12091476985350536,-6.498926496956159e-08
106,-0.2546442132769582,-5.634430405798696e-06
107,1.8041929300705233,-0.5005043080392568
108,1.1883575797031494,-0.04962262612361312
109,-0.8292983854085194,-0.006232082896908131
110,1.824764451633519,-0.5318216100119544
111,-2.3297106132679564,-1.9022276435909629
112,-0.532928041479944,-0.0004608026747872085
113,1.1694976334024405,-0.04530747408676816
114,1.1604022557236666,-0.04333761750414811
115,-1.0542420418524978,-0.025032393919087625
116,-1.1609432269705664,-0.043452810473067816
117,-2.006570517943583,-0.8796836604890529
118,-2.4388797133082014,-2.39737543596627
119,-2.1662592396360987,-1.3105961911561956
120,1.7029655317655896,-0.36671106684344634
121,-0.8926430801432477,-0.009568270622053787
122,-0.7287747496773171,-0.002924502815754626
123,-1.3183601409229238,-0.0892203820746828
124,-2.8120893698375786,-4.8436521589523505
125,0.971166432612073,-0.015598506439450599
126,2.7466301469369085,-4.318954081538633
127,2.5537515475442527,-3.017304612477384
128,-1.771068497129741,-0.4531157601134407
129,0.7327011548237858,-0.003018242157119655
130,-2.7430500313089334,-4.291535269624665
131,2.7134900824398764,-4.070074428509565
132,-0.5341697873399784,-0.00046720670283584287
133,-1.9416736813010305,-0.7398335642926905
134,1.4521274943796794,-0.15305295170022548
135,-0.5879718294971314,-0.0008248430268051887
136,2.3370229888297835,-1.932735836712072
137,-2.2200283989262606,-1.486961620902891
138,-1.0162172544426273,-0.020264007366685433
139,2.5731945555087803,-3.1330947313160014
140,-1.4283850323862841,-0.13965907282834644
141,-2.970067415806697,-6.304120208941099
142,-0.8331953508293628,-0.006404943852075795
143,-0.5661691169473029,-0.0006595407500858963
144,1.2290687561140148,-0.06007053897719428
145,1.478678173369512,-0.16921989144254335
146,0.6791407325304908,-0.0019315508689037308
147,0.8937132981367402,-0.009635137887734735
148,-0.8459044558664606,-0.006996215110860571
149,-2.6073131669220833,-3.3442935092447277
150,2.016582531123726,-0.9029545882689263
151,1.5999531076469768,-0.2611208339009338
152,-0.7702504619934563,-0.004046203783810154
153,-2.774589348778364,-4.537596127916438
154,0.7185257429526946,-0.0026910418665302416
155,0.9005226214057478,-0.010069590802653128
156,-1.734821903815004,-0.4053523760839108
157,1.7810573118304358,-0.46702034976572643
158,2.2924986565303183,-1.7525867866110847
159,0.8422991281203629,-0.00682412021132639
160,-2.8046179166341076,-4.781484964926071
161,2.546635213380352,-2.9757373443587265
162,-2.473547020885545,-2.5732638142953954
163,-1.7606571069267227,-0.43896903993298386
164,-1.050336707434864,-0.024504310610798052
165,0.10608054735444394,-2.9645763399699376e-08
166,-0.5181537572577115,-0.0003900149191272684
167,1.1582073655874208,-0.0428727705719979
168,-0.9168854140695188,-0.011179352045304292
169,-1.3663565217852596,-0.10902452915151678
170,0.56751503655491,-0.0006688795999180153
171,2.2969187535444933,-1.7698774840664888
172,1.5874178748627,-0.25011757111930655
173,2.6405259434070016,-3.559949605110798
174,0.37316087950540444,-5.528602242321767e-05
175,2.6109074984641634,-3.3671475178791392
176,-2.003474563132383,-0.8725820795625674
177,-0.7257908309882861,-0.002854877554507862
178,-1.972775327805144,-0.8045279453159467
179,2.5382843827835746,-2.927508874420458
180,0.40948350403684586,-9.619036283881055e-05
181,0.05034641947912233,-3.3918190478487986e-10
182,2.563833658904021,-3.07693905322741
183,0.6753069772657194,-0.0018682168218350226
184,-2.074684887657912,-1.0475018496256174
185,1.8288609739681716,-0.5382360181559841
186,2.416167872654581,-2.2871618367412796
187,2.5411677596710263,-2.944094393685984
188,1.390681372643071,-0.1203215816307241
189,2.21059021814799,-1.454767232230935
190,-1.096981563833064,-0.03143964412670397
191,-2.531829935711861,-2.890636416271927
192,-0.7478689076967999,-0.003403890253172226
193,0.9355709589697043,-0.012566784435689926
194,2.4856292309072803,-2.636789434930285
195,1.3759106439547377,-0.11335590326214612
196,2.791903021525787,-4.677055684341481
197,-1.0663042191458285,-0.026722077739134376
198,-2.2841941366745644,-1.7204478103442977
199,-1.5093556356030169,-0.18955695472894696
