,data,labels
0,-0.38562155279095145,0.9283448672971979
1,-0.7452344568061691,0.7575337426747204
2,-0.1913539060364744,0.9818584175423585
3,-0.24903028613560796,0.9694677768694611
4,-0.7271621639239461,0.7676799178655599
5,0.10634762838897327,0.9943610498698837
6,0.9751620109128338,0.6215925446768223
7,0.8722877469545929,0.6835585552700348
8,0.7226299857731671,0.7702061688892808
9,0.08536736383119292,0.9963628371555334
10,0.0046503607678958225,0.9999891871308237
11,-0.7942403071760233,0.729490573642647
12,0.12289059523620827,0.9924773883504506
13,0.6345846612018251,0.8176271557401968
14,-0.05755328760705947,0.9983451802693922
15,-0.3444343921432109,0.942407483476653
16,0.4586639697727597,0.9001567910224477
17,-0.8134829219345672,0.7182933469650981
18,-0.785113805188191,0.7347669950629235
19,-0.24182189217699612,0.9711844074206668
20,0.1931361785614054,0.9815220580185067
21,0.5879403766753968,0.8412747791822818
22,0.9649302690467894,0.6277927316956914
23,-0.6113915978868383,0.8295268151559434
24,0.46393870711143137,0.8979691530640573
25,-0.18589786571100197,0.9828694177109499
26,0.031021688714712115,0.999518943159607
27,-0.7538345977578174,0.7526663073077793
28,0.6932020205663529,0.7864198092648547
29,-0.5908455943509312,0.8398354844412157
30,-0.7444083671742667,0.7579999884634193
31,0.24402318500705156,0.9706652115638548
32,0.4742922067808302,0.893618303367885
33,-0.868409639240532,0.6858696727198665
34,-0.25318571959088954,0.9684567011078922
35,-0.8162350509567577,0.7166843092988889
36,-0.9767109617094265,0.6206536070163318
37,-0.6050566582633934,0.8327291998751715
38,0.8500935567627892,0.6967493624707494
39,-0.7204797395384805,0.7714020871530293
40,-0.5037204294432864,0.8808506985933598
41,-0.6632232786776564,0.8025729227066379
42,-0.3648331260292852,0.9356146322883736
43,0.16146980817205092,0.9870483543865786
44,0.6360804195648462,0.8168505304892929
45,0.3148465661157043,0.9516440795667281
46,0.7323396412320085,0.7647848893723895
47,-0.6697259283841606,0.7991022175269185
48,-0.7750545835815217,0.7405554222112708
49,-0.864750845740808,0.6880477684277462
50,0.53204112175624,0.8680257684397962
51,-0.8772384757048448,0.6806046589181772
52,-0.7857300356582095,0.7344114532101585
53,0.6274039420487738,0.8213402241416555
54,0.3689404727747676,0.9342057870959165
55,-0.7642996620804365,0.7467110469200741
56,0.7005768039356408,0.7823884449411489
57,0.993829597879825,0.6102731502106511
58,0.9084297779589323,0.6619122195254746
59,-0.7586420683735517,0.749934886700706
60,0.8216567468663729,0.7135092307731229
61,-0.7079734019327277,0.7783233930100504
62,-0.11105985323624057,0.993851832308373
63,0.6036822614625963,0.8334211882904852
64,0.25794904821328846,0.9672784662618077
65,0.17995992775543157,0.9839376106028652
66,-0.4251309182622851,0.913594784500087
67,0.9007111624036208,0.6665498829426391
68,-0.5866931624612042,0.8418912469788697
69,0.922704851782479,0.653317453393483
70,0.5787716022460281,0.845786526649092
71,-0.037649077793613595,0.999291524557971
72,-0.2831652667515685,0.9607017383105988
73,0.1509627135262499,0.9886698052085794
74,0.6747661475241498,0.7963992273886871
75,0.8938500652542556,0.6706660408364367
76,-0.2950675116875354,0.9574015163284404
77,-0.7700087008214604,0.743447818102744
78,0.1290125206181587,0.9917124177007954
79,-0.638116503650934,0.8157916103419347
80,-0.26440807465713023,0.9656480825025713
81,-0.6179818437863196,0.8261732517079023
82,0.1807667550320089,0.9837944363891407
83,0.8645403628066559,0.6881729997994794
84,0.540086987013368,0.864289949505226
85,0.36104179251736834,0.9369029400463912
86,-0.0793966331395668,0.9968530493851142
87,-0.8046950924007734,0.7234187099681633
88,0.15789479461288036,0.9876119879844387
89,-0.33036171453490315,0.9468927626602373
90,0.4700356932136709,0.8954160785984704
91,-0.8941918944236587,0.6704611149664367
92,-0.23226639929925974,0.9733867048689936
93,-0.705471841619765,0.7797006151893058
94,-0.6253652966416514,0.8223897259520553
95,0.7900293488121113,0.7319279593941328
96,0.7873996901234401,0.7334475899203533
97,0.36540805042443947,0.9354182517335975
98,-0.2875311490504131,0.9595056444646204
99,0.2800033956735106,0.9615574639944324
100,0.6671466147804099,0.8004811434350753
101,0.4568642350981782,0.9008986942984871
102,0.5540507018772347,0.8577126947919401
103,-0.8064093112104873,0.7224204357395367
104,0.09399238951541977,0.9955924572089444
105,0.8103204813212621,0.7201400001477017
106,0.49300462784437027,0.8855673361760272
107,-0.4916635193423158,0.886152245821487
108,0.01688664087648495,0.9998574308439026
109,-0.03733116351250043,0.9993034348296371
110,0.7332009002098268,0.7643023820967949
111,0.6063659931451464,0.8320690416749229
112,0.06255206918487444,0.9980455317856538
113,-0.6681364753398791,0.7999523026014868
114,0.955897285325602,0.6332627791480894
115,-0.5945068354607761,0.8380150755840315
116,-0.6798043387212174,0.7936863115021061
117,0.5416672459552028,0.8635515341168164
118,-0.7582606144875308,0.7501518849099823
119,-0.9228658001451424,0.6532204293761659
120,-0.9425018448548759,0.6413660887608328
121,0.5729673715924266,0.8486182805337077
122,-0.7191834644151298,0.7721222182100476
123,-0.5933726294941066,0.8385797946201229
124,-0.4056600053007542,0.9210140202838942
125,0.6176757535310624,0.8263295052414568
126,0.40586328329080046,0.9209380559593883
127,-0.9525530556395543,0.6352868423144052
128,-0.0477596725507885,0.9988601569540718
129,0.062285917559761206,0.998062112370486
130,-0.7409686835038749,0.7599388610179469
131,-0.18653462704333368,0.9827528805791768
132,0.2846759830212058,0.9602897591116297
133,-0.6388489018637378,0.8154102161215012
134,0.7618968930187735,0.7480814341149578
135,-0.5041779874586156,0.8806476101700597
136,-0.29693544799718774,0.9568723039429814
137,0.9396451648646993,0.6430926223441437
138,-0.7160338236640589,0.7738693498255681
139,0.2703181361351994,0.9641234355794276
140,-0.7900061001461627,0.7319414027346092
141,-0.8199519122869863,0.714508368544998
142,-0.6374128023907601,0.8161578163519051
143,-0.8591120090571436,0.6914000203558618
144,0.7044314383658812,0.7802726838764371
145,0.9535285489848178,0.6346965001501887
146,0.7212527716322483,0.7709723409676701
147,0.9020312661329408,0.6657572245900294
148,0.1290223000313082,0.991711166443589
149,0.4450944301372146,0.9056933229611663
150,-0.9113466456532566,0.6601578180609472
151,-0.1787302569655127,0.9841546276275329
152,-0.7919714961677708,0.730804406084807
153,0.1945366624889342,0.9812556455001046
154,-0.5272948591181921,0.8702106813087561
155,-0.7596704373035599,0.7493496464827116
156,-0.7853504664892605,0.7346304630164237
157,0.596356510051729,0.8370926316903731
158,-0.7919377368142262,0.7308239450419021
159,0.15777863986073593,0.9876300945197565
160,-0.28459926808880964,0.9603107281856899
161,-0.4622294113849412,0.8986802197796138
162,-0.4316723201614898,0.9110381586949651
163,-0.6574540158087436,0.8056362899766725
164,-0.27216428227098555,0.9636407707489935
165,-0.21362755222095053,0.9774400044441487
166,0.6760988816568838,0.7956826536981685
167,-0.25936988406626815,0.9669230445109515
168,0.45229578205395327,0.902771559365219
169,0.5814907756932326,0.844453369370707
170,-0.5219631386856673,0.8726482205270905
171,0.12199826783918,0.9925858328711026
172,0.9771208842404651,0.6204051099272299
173,-0.8049652167391386,0.7232614527876596
174,0.8169172726345046,0.716285165722029
175,-0.5970751260573963,0.8367337553362759
176,-0.8041016352786863,0.7237641350956748
177,-0.6192975943462491,0.8255010404942297
178,-0.24097911908475278,0.971382010958652
179,0.785889557846055,0.7343193974947756
180,0.9637681722187905,0.6284966727680581
181,-0.28092195997738245,0.961309776577995
182,0.7977404219828514,0.7274609994094448
183,0.9487792118517058,0.6375701323818763
184,-0.5732974305829224,0.848457764716329
185,-0.608804264614186,0.8308372793923037
186,-0.9501669108452842,0.6367306341099161
187,0.10652585013074689,0.9943421876748947
188,-0.8063420659397915,0.7224596100147009
189,-0.14465779108516696,0.9895916078743355
190,-0.2847147312710385,0.9602791657846456
191,-0.6667801814858312,0.8006768030100379
192,0.7521018077962045,0.7536489788655649
193,-0.36366339324749397,0.9360133574802485
194,0.7279291191451065,0.7672516758542973
195,0.3351982823158586,0.9453699522519124
196,-0.18544241242963566,0.9829525366676006
197,0.23984563606407527,0.9716467518785235
198,0.6615098659669145,0.8034842856371635
199,0.22244631481288502,0.9755623729589314
200,-0.17798024772967813,0.9842862849144861
201,0.9575128485709625,0.632284753109233
202,0.026277281987207024,0.9996548118168371
203,0.2359493238571455,0.9725478110016225
204,0.5411483857109205,0.8637941527647635
205,0.017025072251568574,0.9998550839587584
206,-0.8406031317079765,0.7023616669638019
207,-0.6336067025167806,0.8181343394254137
208,0.16287217925575748,0.9868239015122359
209,-0.020866947833219074,0.9997823089422004
210,0.5154624076825407,0.8755957677682855
211,0.6293907414150128,0.8203154211975882
212,-0.45627982623865937,0.9011391084309102
213,0.8068754257907245,0.7221488655483609
214,0.5699428667243498,0.8500862741359437
215,0.06074604211679824,0.9981566602250548
216,0.18289967096706183,0.983412960495312
217,0.411027422106625,0.9189975975208455
218,0.9328938116319032,0.6471705409984477
219,0.9273863722232825,0.6504943012135814
220,0.9940382865027171,0.610146578829997
221,-0.34670944284284766,0.9416668598886885
222,0.22425770112726728,0.9751677629150434
223,-0.8208311057803586,0.7139931917099144
224,-0.36675314644852075,0.9349577524918972
225,0.8130169294881853,0.7185656089758703
226,-0.2088111546548721,0.9784348761347796
227,0.5165841323179159,0.8750890880602354
228,0.03327788532596987,0.9994464444425577
229,-0.2375257315068391,0.9721849288846399
230,0.08469264999313153,0.9964200010502174
231,-0.6045516955219294,0.8329835571888368
232,0.5650903456580569,0.852430541510398
233,0.7421025633039546,0.7593001636533127
234,-0.2795335426215899,0.9616838690972775
235,-0.4944763952890854,0.8849240536431281
236,0.3935529165164411,0.9254807478745424
237,0.7500332791758031,0.7548207614762803
238,0.9864335368358843,0.6147586290533779
239,-0.3926259491902371,0.9258180369781027
240,0.97348159983824,0.6226110875854171
241,0.48815622225413513,0.8876761941982294
242,0.4755018346187654,0.8931051129490746
243,-0.5877047616042586,0.8413913036875563
244,-0.8013904916853305,0.7253410216119016
245,0.577117539151148,0.8465954486037524
246,0.010431865671576723,0.9999455895696062
247,0.7169621279051026,0.7733547987080014
248,-0.15361820690945938,0.9882700617362449
249,-0.4829232556593117,0.8899344813483588
250,-0.664484765490525,0.8019010949027023
251,0.6525322668049287,0.8082376199402764
252,0.7919119456221979,0.7308388720436855
253,-0.8946242279483769,0.6702019094446169
254,-0.9784612146286034,0.6195925624735434
255,0.6413677330772276,0.8140965692969351
256,0.5710780053029654,0.849535929342671
257,-0.8731150679799582,0.683065201229564
258,-0.043006275354340984,0.9990756576079403
259,-0.7125976657847479,0.7757711464673258
260,-0.39148178424328917,0.9262334283081729
261,0.4153334350498721,0.9173640071444941
262,-0.41954187704601353,0.9157538315294287
263,0.33834627472672496,0.9443682431574213
264,-0.12764449637121,0.9918865345561829
265,0.1181352377077809,0.9930463222890344
266,0.18559750690668952,0.9829242544620859
267,0.2649822391176777,0.9655013358567398
268,0.2164057304493463,0.9768563005649218
269,0.24018920472101413,0.971566630797961
270,0.9686434888175679,0.6255430639428017
271,-0.1914766079155823,0.9818353568930113
272,0.7104772219233819,0.7769424941658102
273,-0.38734021753128123,0.9277284365414307
274,0.5707592846042797,0.8496905280149469
275,0.8396167667659014,0.7029439236835875
276,0.6693701263202361,0.7992926075843868
277,0.15956371935466063,0.9873503971237743
278,0.09707128145004651,0.9952996644734207
279,0.8266666773907663,0.7105692300099526
280,0.3670751604456399,0.9348472923630502
281,0.39527087667861616,0.9248538694014787
282,0.2520607035156106,0.9687319806292076
283,-0.9628150192307268,0.6290740009528037
284,-0.8516508291994693,0.6958267532075978
285,-0.12152545676063253,0.9926429780372088
286,0.2144111043249468,0.9772761060971686
287,-0.7713258547527788,0.7426935364599275
288,0.6297107497760983,0.8201501758663042
289,-0.9545256850115096,0.6340930037614351
290,0.8813174994283717,0.6781679774346809
291,-0.49631308760951987,0.8841192383173753
292,0.09613715439135384,0.9953894849788684
293,-0.09461335771751012,0.9955341579317325
294,0.30039806719798556,0.9558832475445546
295,-0.25622210381515775,0.9677080066411621
296,0.9741699349608182,0.6221938797148897
297,-0.9773776825555818,0.6202494350960126
298,0.9833616673816514,0.6166213834990756
299,0.1591951243490004,0.9874084021670771
300,0.19638830221282388,0.9809005677341467
301,-0.9373942418008643,0.6444526144426981
302,0.863717159081288,0.688662708583548
303,0.9058175621517772,0.6634825483605821
304,0.8468854546232194,0.6986485264295783
305,-0.7197627722098763,0.7718004675172163
306,-0.4766904273335002,0.8925998616749223
307,0.44834511862994675,0.9043790777426807
308,0.5142153218397632,0.8761581230173414
309,0.9172800209269747,0.656586182339004
310,0.7676197512763183,0.7448145324890961
311,0.39084391073522573,0.926464563884672
312,-0.07346413734540369,0.9973051479126908
313,-0.5970316200164296,0.8367554901364009
314,-0.3482051000284794,0.9411776244463668
315,0.28912246154012466,0.959065506938573
316,0.7137772517272467,0.775118791095683
317,0.4997163301205316,0.8826220448449891
318,-0.05378416915720785,0.9985546770607325
319,0.40087787026292143,0.9227918971588015
320,0.7754043168940872,0.7403546674020448
321,0.8092469726566294,0.7207662971249615
322,-0.7478765540391921,0.7560410010797387
323,0.7680943937412201,0.7445431286524082
324,-0.023231879025785274,0.9997301763074277
325,0.9751506153560179,0.6215994521307593
326,-0.6450673025232365,0.812161625543007
327,-0.7864610729904895,0.7339895337505828
328,-0.7188561500154143,0.7723039551124449
329,0.5556980092704196,0.8569290618737104
330,0.959107604680054,0.6313191886115582
331,-0.24307858512426717,0.9708885466835945
332,-0.2912533589976207,0.9584726418604752
333,-0.30116198588381127,0.95566363806454
334,0.5043691386293876,0.8805627264523205
335,-0.41109468304195707,0.9189721891040683
336,0.2864966608491597,0.9597905759803899
337,-0.5409003788512694,0.8639100625036737
338,0.9420708615201021,0.641626606656071
339,-0.2992898686677279,0.9562009275589717
340,-0.584338435537779,0.8430527880845848
341,0.9277819677559014,0.65025564732019
342,0.055115026306039594,0.9984823197808452
343,0.8192327756792279,0.7149296230927271
344,-0.5842246309643226,0.8431088478251608
345,-0.4347773925254854,0.9098134590626368
346,-0.9751575303724751,0.6215952605714491
347,0.1687646660624451,0.9858601636870402
348,0.19534413756966917,0.9811011986806263
349,0.7381207289127205,0.761541123192892
350,-0.46417092052048137,0.8978723933458391
351,0.9639504071288005,0.6283862877696024
352,0.264658266627827,0.96558417409207
353,-0.5329034369783745,0.8676272981253759
354,-0.06894148930885025,0.9976263570820852
355,0.0227054145332668,0.9997422652947334
356,0.3545245093031477,0.9390901351098782
357,0.7886526214246903,0.7327237832243922
358,0.48715155136429056,0.8881112014267047
359,0.7761460298961258,0.7399287879890732
360,0.7966857649804449,0.72807289590458
361,0.29800431751703416,0.9565681085461357
362,0.411416221015674,0.9188506775448901
363,0.6260435833886859,0.8220407720260878
364,0.7149657642521479,0.7744609639368599
365,-0.8501613701437338,0.696709196015598
366,0.8585726153334354,0.6917203884867785
367,0.9720817197366469,0.6234595230323643
368,-0.5811444920848825,0.8446233755930013
369,-0.09402084702981495,0.9955897938088493
370,-0.026959098275562532,0.9996366695305913
371,-0.70839799929359,0.7780893911905568
372,-0.9789989527303726,0.6192665564206402
373,-0.7606459772265706,0.7487941612422384
374,-0.19103927522266795,0.9819174843266856
375,-0.9247491793892197,0.6520848924477101
376,0.9284318148139883,0.6498635784815137
377,-0.1422049890739674,0.9899398161602053
378,-0.14130507176094143,0.990066108665963
379,0.15282270556071587,0.9883905264293119
380,0.9372056870248862,0.6445665201552659
381,0.9027535529361539,0.665323434650432
382,-0.9438082243496633,0.6405763364373624
383,0.0009350462567649931,0.9999995628443444
384,0.7269110750968077,0.7678200712194384
385,-0.4510468503320295,0.9032809624567776
386,-0.3443878844168189,0.9424225788723346
387,-0.4831122154037597,0.8898532599269343
388,-0.514497472557456,0.8760309788964412
389,0.37851723856288677,0.9308681348284186
390,0.7469738133968444,0.7565512975859261
391,-0.5482179927686759,0.8604743398706479
392,-0.6378895367304029,0.8159097500733072
393,0.8615826432821769,0.689931938850888
394,-0.021400897462575452,0.999771027012215
395,0.35274320326857955,0.9396818826336999
396,-0.030177919972956158,0.9995447502306904
397,0.911220883886334,0.6602334795563697
398,-0.3474743844631456,0.941416875768688
399,0.4774310711943923,0.8922845331888772
400,0.12988384124709085,0.9916005679019291
401,0.1810955731677366,0.9837359088069445
402,-0.18663972241233662,0.9827336095266366
403,0.3429168909256868,0.942899103745157
404,0.11140160742259742,0.993814053172485
405,0.3479872905268675,0.9412489859767845
406,0.9118425140874995,0.6598594737130088
407,0.3528038409984504,0.9396617817512565
408,0.1827428892995029,0.9834411484897205
409,-0.28814460367745753,0.9593362342549591
410,0.9254702845972127,0.6516500307378004
411,-0.015028939529506014,0.9998870718651711
412,-0.853270070206885,0.6948669390472224
413,0.0950184294430807,0.9954959229490206
414,0.2619973959855737,0.9662609779464063
415,-0.9058603713814675,0.6634568201551001
416,0.28057211025430395,0.9614042003619302
417,-0.7755554653978485,0.7402678935734606
418,0.7828083871154321,0.7360961829253233
419,-0.4354297764753352,0.9095552409815716
420,0.5780036024858606,0.8461623097822012
421,-0.9074774868969144,0.6624847802372971
422,-0.1368370167717201,0.9906815042233751
423,0.02652832832530283,0.9996481857992673
424,0.4984101276195172,0.883197593992005
425,-0.6131127420777505,0.8286531415536184
426,0.010983255331104003,0.9999396858701362
427,-0.0579996277875372,0.9983194353212085
428,0.762821202659969,0.7475544798625873
429,0.5975457502138348,0.8364985752375664
430,-0.23253251684525789,0.9733265070715222
431,-0.538794647825311,0.8648926911130574
432,-0.553245481702709,0.8580951557447
433,-0.1474263993109246,0.9891915638692944
434,-0.434258610002751,0.910018572643864
435,-0.12685493621025867,0.991986195698644
436,-0.33562405644894944,0.9452349541761002
437,-0.2312186019161553,0.973623090534358
438,0.7819846572029059,0.7365707376147189
439,0.08973100302460346,0.9959822663237305
440,0.0007194001798453975,0.9999997412317241
441,0.31261200603412553,0.9523114606412036
442,0.08949763351825735,0.9960030957668864
443,-0.04525986459925635,0.9989762966703598
444,0.08352434373966888,0.9965179185571582
445,-0.5074191957760474,0.8792050604890598
446,0.35981479632513946,0.9373173715190889
447,-0.5607560178884583,0.8545129206738239
448,-0.6318944671133673,0.8190212011908207
449,-0.779873790296465,0.7377859298630979
450,0.892802241953663,0.6712941103207019
451,-0.05159313455811976,0.9986699595221373
452,0.48044655313617457,0.8909967980200445
453,-0.6755799180637414,0.7959617772303601
454,-0.863826482304572,0.6885976810142015
455,-0.4501303433880335,0.9036540652423879
456,0.7738432192394498,0.7412504927007103
457,0.08756152142752938,0.996173828501751
458,0.7507906004509841,0.7543919164965148
459,-0.6938844400855095,0.7860476947138466
460,0.2327899349989857,0.9732682151020265
461,0.9444135957745434,0.6402103274724622
462,0.8962879113390219,0.6692042158817566
463,0.4204756080856069,0.9153947660004494
464,0.4772121371366407,0.892377783539931
465,-0.06957814682077124,0.9975823679337635
466,-0.5766250319572968,0.8468360117668892
467,-0.3555951765944916,0.9387332069407854
468,0.5936424863307641,0.8384454966975904
469,0.41342503610148484,0.9180897463443762
470,0.8719040284423685,0.6837873391293643
471,-0.17011070356688318,0.9856353447118551
472,-0.6678346456622672,0.8001136035379682
473,-0.7927906161567988,0.7303302276132426
474,0.8095382566644318,0.7205963870406377
475,-0.9656820548159084,0.6273373056257106
476,0.8150429660901239,0.7173814881604633
477,-0.98802093991695,0.6137959783583263
478,-0.8768318473781893,0.6808474244332218
479,0.027537287206112815,0.9996209207753565
480,0.3424240385147286,0.9430583596175715
481,0.8076068522762452,0.7217226075936977
482,0.02416004244108727,0.9997081887598072
483,-0.7762427435768489,0.7398732446437551
484,-0.08022531241080699,0.9967871219985965
485,-0.06911729755294194,0.9976142500254804
486,0.3778938614947511,0.9310876265173575
487,-0.6231953759889954,0.8235045218817215
488,-0.10162327276994576,0.9948496639125104
489,-0.2525618393246869,0.9686094997571747
490,-0.3772287310371474,0.9313214776038132
491,0.2337905666116724,0.9730410442219906
492,0.7569745976111528,0.7508831208302702
493,-0.7974038921294067,0.7276562811246402
494,-0.2269616091108826,0.9745730649306227
495,-0.006560887490225209,0.9999784776092803
496,-0.6411625994725627,0.8142036667026328
497,-0.8228049999787685,0.7128359038065941
498,-0.00472002269281413,0.9999888607549315
499,-0.011882984400907626,0.999929399833173
500,0.6427101741851753,0.813395202181118
501,-0.09822949966647743,0.9951871019879047
502,-0.692507898529364,0.7867981098761355
503,0.4511886427396645,0.9032231858733738
504,0.8684881310904209,0.6858229212117922
505,-0.2930039456472713,0.9579826075997112
506,-0.8887221592154717,0.6737382893960722
507,0.48054827327199634,0.8909532504912135
508,-0.5840589342662421,0.8431904565873383
509,-0.49885991154029474,0.8829995344005642
510,0.5685838701293136,0.8507441782657876
511,0.42119097530637783,0.9151192275703663
512,-0.026688761167177333,0.9996439184257782
513,-0.344504368707486,0.942384767221855
514,0.15593222800718198,0.9879161731085526
515,-0.23923976864630503,0.9717877782918445
516,-0.9246540291929644,0.6521422690126449
517,-0.19802748853608576,0.9805835325861745
518,-0.8475250109279835,0.6982700764303018
519,0.03821012360538667,0.9992702596171487
520,0.7286806212708612,0.7668318565263873
521,-0.4313500237478076,0.9111648696851977
522,-0.45214854327040443,0.9028316720867863
523,0.9748162042677835,0.6218021547309788
524,0.42367101715935074,0.9141610080934753
525,-0.986715474700198,0.6145876560546416
526,-0.6805040837953891,0.7933086586336073
527,-0.39894624903067766,0.923505009571677
528,-0.972051582877923,0.6234777875686537
529,0.2714651964622654,0.9638239009275335
530,0.5626615143120386,0.8535987956998318
531,-0.198846596243494,0.9804241602060321
532,-0.1418075641194423,0.9899956868098247
533,0.49649464264865695,0.8840395609946905
534,-0.5427933311612878,0.8630244126494817
535,0.21989873716972408,0.976112212548423
536,0.7258882834441411,0.7683907393504831
537,0.46594532748440565,0.8971317725384792
538,-0.014126667212326582,0.9999002236147307
539,0.2915792765304055,0.9583816126685515
540,0.1438557820291657,0.9897061055453138
541,0.0007339972044626553,0.9999997306240882
542,0.3884338081087264,0.9273349872578587
543,-0.1230053664936559,0.9924633837056737
544,0.8529401770964384,0.6950625254048298
545,-0.5998448496377735,0.8353479604619407
546,0.7932898740161405,0.7300411240522469
547,0.6991712622599475,0.7831584607850987
548,0.01137576575774335,0.9999352980699726
549,-0.7938119198750961,0.729738752581297
550,0.29221803453783046,0.9582029365794759
551,0.341656688322987,0.9433059116686953
552,0.528076846200422,0.8698516685870882
553,-0.7918680215877014,0.7308642932564435
554,0.8505116718671384,0.6965016951236752
555,-0.413738909452368,0.9179705746831679
556,0.5159886846403055,0.875358150653571
557,0.8542054023603067,0.6943122895743462
558,-0.21845054948849363,0.9764220856146109
559,-0.5525586715820332,0.8584210695967839
560,0.05706653664765904,0.9983730301502671
561,0.9904379426292385,0.6123301634971877
562,0.7946598272011214,0.7292474839100007
563,0.05249169826895228,0.9986232593845125
564,-0.8517054081459443,0.695794409361146
565,0.868190812298411,0.6860000054719232
566,-0.13596694175875235,0.9907990852357207
567,0.004187949206146291,0.9999912305791749
568,-0.1244313810058364,0.9922883045953061
569,0.8684650722955891,0.6858366556554403
570,0.20649763399050625,0.9789050416347164
571,-0.20393293006366364,0.979420391057538
572,0.8549625690975329,0.6938631714005986
573,-0.04683015391234835,0.9989040693134297
574,-0.5190145111395825,0.8739885261507627
575,0.443998245206467,0.906134779395856
576,-0.3636985201517178,0.936001399998964
577,-0.5849236988799589,0.8427643758467196
578,0.8117186402563878,0.7193238715455292
579,-0.8234283848447976,0.7124702283501518
580,-0.3325089180474583,0.9462191375564698
581,-0.7128291895108334,0.775643146978277
582,0.3130629636122697,0.9521771214120673
583,0.36641737893519166,0.935072841114238
584,-0.8058541785440727,0.7227437985043522
585,0.4025457914844244,0.922173811817973
586,-0.06700520323598558,0.9977576691579685
587,0.7867024729507719,0.733850176455354
588,-0.2872876359390646,0.9595728006529033
589,-0.9233948088127655,0.6529015110202105
590,0.93717882792413,0.6445827454789823
591,-0.8079506629919795,0.7215221964618108
592,0.31487787914542387,0.9516346970778949
593,-0.7116571505401645,0.7762909061746589
594,0.5984300924690626,0.8360563299986212
595,-0.6896511884810326,0.7883529519127236
596,0.05316089754837594,0.9985879573576064
597,-0.22959684949249293,0.973986966692394
598,-0.6702632873792693,0.7988145704335957
599,-0.7155665876791624,0.774128211868715
600,0.4538852567108569,0.9021216391034516
601,-0.7686261988667509,0.7442389571192919
602,0.542433645441964,0.863192865840727
603,0.5960318465510452,0.8372546771061499
604,-0.7649172868852272,0.7463585024787954
605,-0.7062865988547748,0.7792523225376446
606,-0.11431904649208957,0.9934868807152905
607,-0.02447421126048832,0.9997005513352923
608,0.6719801267352488,0.7978946998107377
609,-0.5840928595246304,0.8431737489966031
610,0.5029759737312254,0.8811808332083141
611,-0.3454576147838022,0.9420749132675429
612,-0.9434516991965316,0.6407918803910668
613,0.8293651618785529,0.7089833150023214
614,-0.10927274319538038,0.9940475204219787
615,-0.9018559060155258,0.6658625323647336
616,-0.7495301928900509,0.7551055372787407
617,0.9996490362208696,0.6067435299963837
618,0.23482405158687913,0.97280544785907
619,0.40476965827396505,0.9213463653474394
620,0.14960187305784078,0.988872018970961
621,0.5952375424075671,0.837650888660756
622,-0.30744753385015233,0.9538374660787506
623,-0.13865577493548042,0.9904333424666943
624,0.3866793115380396,0.9279657585547759
625,-0.5594395010000772,0.855143252206291
626,-0.5142169724902337,0.8761573793424179
627,-0.3712791250094025,0.933397527550395
628,-0.11306201475364208,0.9936288726597761
629,0.29453417949151706,0.9575520573225134
630,-0.5110450341120032,0.8775831998917699
631,-0.5066679656448612,0.879540019127173
632,-0.8693163069452501,0.6853295779326487
633,0.7013870436136027,0.7819442031332168
634,0.04958015379248493,0.9987716592038643
635,-0.5020028242383601,0.8816118336303401
636,-0.3354872684393331,0.9452783414478911
637,-0.029557505156622144,0.9995632723377585
638,-0.9762432686841793,0.6209371189993343
639,-0.39239871903579426,0.9259006149623085
640,-0.3545810914264389,0.9390712958827195
641,0.7962842469094804,0.7283057731260099
642,0.8511206909402855,0.6961408870060922
643,-0.7911368168527377,0.7312874036234271
644,0.07960038119975987,0.9968369028225158
645,0.917418635082742,0.6565026977220922
646,0.4860479963371942,0.8885882359989985
647,0.9877869839065172,0.6139378590058793
648,0.07822857890084611,0.9969448213076313
649,0.03164831319288952,0.9994993175193488
650,0.9723461889647271,0.6232992393065809
651,0.6391690458428472,0.8152434207396487
652,0.008588620586928775,0.999963118478347
653,-0.4893771139449179,0.8871466481637996
654,0.6748211944290172,0.7963696454474861
655,0.3225333639187835,0.9493156851040088
656,-0.25798410076346645,0.967269719795804
657,-0.6183777039740699,0.8259711013055224
658,-0.5495387942589267,0.85985075697285
659,-0.18774800045695605,0.9825297499618152
660,0.03162027114103827,0.9995002041660527
661,0.43501872558554555,0.9097179743477336
662,-0.8325449216920624,0.7071124854133377
663,-0.20623477523539502,0.9789581439391479
664,0.7094048831727036,0.777534203594736
665,-0.5327532144315763,0.867696748247504
666,0.055957441032014055,0.9984356073364685
667,-0.684267832447417,0.791273795035572
668,0.4920126726763232,0.8860000826992498
669,-0.493902045771456,0.8851752637827184
670,0.14911958689046156,0.9889432545508419
671,-0.8967413138901403,0.6689322516833506
672,0.0514336711013188,0.998678163135494
673,0.9710627414614479,0.6240770604495601
674,-0.7156590419724012,0.7740769960970836
675,0.9860986761552659,0.6149616938381185
676,-0.32457792042767086,0.9486878940663541
677,-0.5648651418204071,0.8525390075435917
678,0.24921771773417323,0.9694225098791577
679,-0.640134979813022,0.8147398687073235
680,-0.09167625073309527,0.9958065496966965
681,-0.28184005266901013,0.9610614698011286
682,0.46144088246589,0.899007552085776
683,0.7700521731537853,0.7434229315894056
684,-0.43134290811847054,0.9111676663292523
685,-0.07962392549279929,0.996835034341346
686,-0.5913126441266454,0.8396036686264764
687,0.71174703790688,0.7762412460839232
688,-0.9941858871815179,0.6100570576027244
689,0.4827610334856087,0.8900041906014813
690,0.0807900115470328,0.9967418064873165
691,-0.8515888610575943,0.695863475250129
692,0.28144824609765173,0.9611675288134238
693,0.6373531277862263,0.8161888599752429
694,-0.18377598511712967,0.983254976552861
695,0.13899699266025722,0.9903864267278701
696,-0.34818739865961357,0.9411834254598241
697,0.16519020714756505,0.9864487538899515
698,0.7613713816039356,0.7483809117172754
699,-0.18163444756978975,0.9836397700812651
700,0.8311155044927527,0.7079537651337962
701,0.9799412529548648,0.6186952649980156
702,0.910055076051073,0.6609347746855396
703,0.3909907028710402,0.926411401550668
704,0.8273116754012462,0.7101903089223239
705,0.5250499670863036,0.8712391817025423
706,0.8322943647391055,0.7072599822055904
707,0.7037878900628165,0.7806263278464084
708,0.5255002820130417,0.8710331238293744
709,-0.3096378279016221,0.9531930812455318
710,-0.13241765273553363,0.9912711026039753
711,0.11759578835884921,0.9931094646386198
712,-0.539188636950561,0.8647090447292759
713,0.2884020196466326,0.9592650482439624
714,0.2830295201664472,0.9607386583117005
715,0.9114435915368655,0.6600994917301939
716,0.7880906427781396,0.7330484869721644
717,0.9983468137382794,0.6075333669527301
718,0.6623501148958382,0.80303752320702
719,0.09195553999177553,0.9957810143642076
720,-0.6111658968972318,0.8296412697287865
721,0.9828742067587899,0.6169169585739221
722,-0.9271233565961632,0.6506529647496323
723,0.3686450638940566,0.9343075693709585
724,0.7327353016420894,0.7645632592405587
725,0.16074369025000523,0.9871638285227814
726,0.8729488638545095,0.6831643222158141
727,-0.24800676255993181,0.9697144064879448
728,-0.1945314597871186,0.9812566386321081
729,0.38519190128879166,0.9284986051899071
730,-0.535881736376161,0.866247497223079
731,0.18047397800891107,0.9838464622835504
732,0.8035925296512623,0.7240603911708836
733,-0.6251403241904467,0.8225054152575982
734,0.7527010319470941,0.7533092674574704
735,-0.8682034962490188,0.6859924511649594
736,0.6461429887612944,0.811597800621997
737,0.27084907507683686,0.9639849363033804
738,0.025932764971592137,0.9996638023775546
739,-0.33633639287036754,0.9450087572647327
740,0.944272779495839,0.6402954675942126
741,-0.737343735861357,0.7619777734612023
742,0.040429684004522626,0.9991830542077157
743,0.35981296872350255,0.937317987895859
744,-0.024537918897785227,0.9996989905805114
745,0.9620459633566052,0.629539790499864
746,-0.9600604733317681,0.6307422009720374
747,0.5715940742112653,0.8492854816458799
748,-0.830186297459999,0.7085004078171321
749,-0.4657705601881601,0.8972048170502023
750,0.9077727223037313,0.6623072825662202
751,0.7215459743909793,0.7708092850063616
752,-0.32057414095956194,0.9499139381369608
753,-0.6140557034513516,0.8281738329375495
754,0.9566301409820224,0.6328191419902667
755,-0.29216660981006704,0.9582173345593301
756,-0.7611315950370565,0.7485175320518321
757,0.5866517846451365,0.841911684326967
758,0.6432298522299631,0.8131234618254773
759,0.9037714719024779,0.6647119854614624
760,-0.994062179313477,0.610132087621741
761,-0.46063575397077305,0.8993413212154886
762,-0.09456948827372691,0.9955382890816327
763,-0.696516666943024,0.784610601227453
764,0.2968136305930984,0.9569069093634903
765,-0.46984657379254835,0.8954956622345402
766,-0.4378762440846755,0.9085841206183202
767,0.31517555266836195,0.9515454616113648
768,0.44910576716895156,0.9040704456227803
769,0.8894249867759119,0.6733174251488425
770,-0.6557931691278294,0.8065153567768313
771,-0.44067748313373234,0.9074667777342506
772,-0.4687273474731024,0.8959661344138837
773,-0.8799032886459557,0.6790130727352548
774,-0.19936824294457467,0.9803223349852165
775,-0.6510137176157393,0.8090379686052833
776,-0.3135778325292271,0.9520235296028139
777,-0.2374222698529076,0.972208815229873
778,-0.8522018653945433,0.6955001793887174
779,0.20818255823558718,0.9785631185824691
780,0.7897858824510438,0.7320687343385534
781,-0.11395140526634351,0.9935285691084778
782,0.5714394680640709,0.8493605278316619
783,0.13901951275110314,0.9903833263493279
784,0.16220550906349618,0.9869308393490688
785,0.6261172222645657,0.8220028736494623
786,-0.17705672527349936,0.9844476643085219
787,-0.6979527640518046,0.7838253663674803
788,-0.8562961482988027,0.6930718906952642
789,-0.8094861664267068,0.720626773561707
790,-0.48243585196085337,0.8901438717857949
791,0.5936077176362462,0.8384628020305539
792,-0.5233208858319693,0.8720291953096151
793,-0.41193449917214964,0.918654650321224
794,-0.4986285014709899,0.8831014511709671
795,0.9440848572443932,0.6404090867131902
796,-0.7218142622493473,0.7706600568910026
797,-0.6228527509327002,0.8236803289302603
798,0.4640866196574762,0.8979075245976851
799,0.7180831349881389,0.7727330024632132
800,0.262760374759734,0.9660675619852905
801,-0.3056080487059416,0.9543754421547042
802,0.9224293229805125,0.6534835437510653
803,0.3533110317556545,0.9394935339590618
804,-0.7480437106476376,0.7559464818442396
805,0.19536513532217947,0.9810971742036128
806,-0.7629826886148943,0.7474623883566075
807,0.20979264645225637,0.9782338987625069
808,0.13739960769558168,0.9906050844959313
809,0.5974373392989962,0.836552760857247
810,-0.5356509424432632,0.866354616752555
811,0.8571324887935052,0.6925754791673528
812,0.9465316042371339,0.6389295769398252
813,-0.2066847474351312,0.9788672018232506
814,0.7998139844191494,0.7262570925774615
815,0.33210541720732434,0.9463460210116371
816,0.39209802309174346,0.926009829060396
817,-0.2857547282428492,0.9599943476937755
818,0.2051326204433197,0.9791800942796606
819,0.7095626376162896,0.7774471835586143
820,-0.7254515243038688,0.7686343139860083
821,0.8783137085521691,0.6799625979663732
822,0.6425762989906423,0.8134651848248367
823,0.5076254621105478,0.8791130259265005
824,-0.6729998108500108,0.7973477491527634
825,0.6650819182757095,0.8015828216098091
826,-0.3268594836148231,0.9479831406454997
827,-0.920279894758631,0.6547789754538361
828,-0.8454715000515107,0.6994849302580898
829,-0.5372313034068175,0.865620458013779
830,0.581745444945212,0.8443282979903194
831,0.8573344191356465,0.6924556037269823
832,0.6574949108591261,0.8056146287613664
833,-0.3833821178412389,0.9291445785391652
834,0.10019092717801392,0.9949934637462222
835,0.010987251623424843,0.9999396419725008
836,0.5857202538078858,0.8423715360392885
837,-0.8988995838284595,0.6676372907013008
838,-0.33587772201960564,0.9451544534168644
839,-0.6243982154185499,0.8228868556447569
840,0.5671616848633991,0.8514315340556515
841,-0.7159480674763083,0.7739168673685131
842,-0.9452257159386541,0.6397192779635387
843,0.8437790499712374,0.7004855492682907
844,0.13204618673258373,0.9913197947020256
845,0.8016249824125845,0.7252047093824718
846,-0.5864923513279674,0.8419904228574138
847,-0.49581728330738084,0.8843367152951932
848,-0.04081178367650984,0.9991675458389475
849,-0.06173215773714413,0.9980963845291865
850,0.6785404766868477,0.7943678886177974
851,0.7710457023538886,0.7428540123959391
852,0.7853627871749269,0.7346233546693837
853,0.7042245050379672,0.7803864160740717
854,0.16035575965248405,0.9872253131238236
855,0.07687332898813004,0.9970496066355143
856,-0.28600668267987706,0.9599252028354357
857,0.31919716407733056,0.9503324437838024
858,0.5221723365659354,0.87255291905101
859,-0.24857312591458802,0.969578052580222
860,-0.13388102808359426,0.9910779747609624
861,-0.3920359271889078,0.9260323737412111
862,0.6923356227214161,0.7868919706681275
863,0.34123193385234085,0.9434427292438977
864,0.2463582834932907,0.9701096215887813
865,0.05255341494798871,0.9986200223347197
866,-0.02256959317605789,0.9997453391635106
867,0.8207056263245613,0.7140667293469575
868,0.16739118602992953,0.9860877774289655
869,-0.4986153489998788,0.883107242666828
870,0.8018028792957661,0.7251012863148363
871,0.49320560771231836,0.8854795770810597
872,-0.5218750111997272,0.872688359268054
873,0.7526705259754314,0.7533265646997874
874,0.031229826646172132,0.9995124678462664
875,-0.03266665633674015,0.9994665870971619
876,-0.6021258415693715,0.8342036143265497
877,0.030286397845004975,0.9995414722088005
878,0.11262108555822037,0.9936783120273234
879,-0.1775096273391359,0.9843686242917926
880,0.41587333970904905,0.9171581864086598
881,0.11543782005641412,0.9933592030512951
882,0.2533867705303432,0.9684073852192603
883,-0.7242406040701772,0.7693092641396886
884,0.1465448022898439,0.9893197536629681
885,0.6825358535478008,0.7922109309343589
886,0.731135479310363,0.7654590616427498
887,0.8440368516996251,0.7003331675586675
888,-0.5815481040052353,0.8444252178522131
889,0.6466195554438259,0.8113478314715715
890,0.7036760115735674,0.7806877909029277
891,0.1304124971238534,0.9915323445655916
892,-0.10879168759574598,0.994099660136228
893,0.18725395072161377,0.9826207706317106
894,-0.3337238488964718,0.9458362675015319
895,0.3010470141392323,0.9556967222880927
896,0.7842821520546344,0.7352466579524753
897,-0.354606223964514,0.9390629270681846
898,0.7790470096507702,0.7382615439100167
899,0.9864590619308811,0.61474315015743
