,data,labels
0,-0.6480387240724439,0.8106028134671448
1,0.5925260536501522,0.8390008477158087
2,-0.9727029365739215,0.6230830257548371
3,-0.3272800031376697,0.9478527647570499
4,-0.5732725921505097,0.8484698464175435
5,-0.33591558088346996,0.9451424342801621
6,0.07279998924326447,0.9973535887197513
7,-0.0432833455191739,0.9990637145893034
8,0.8936785487599253,0.6707688586827922
9,-0.9967771386703377,0.6084854171476956
10,-0.2709022918764823,0.9639710404286361
11,-0.44724536965788575,0.9048245600797732
12,-0.5088079260760123,0.8785848834845558
13,0.4506823704901446,0.9034294117736278
14,0.23660139500255584,0.9723979837127895
15,-0.29013746367845705,0.9587836070638739
16,-0.1464482484837082,0.989333747489132
17,0.6210079394211017,0.8246259161812154
18,-0.12642838511216525,0.9920397833866189
19,0.7485408522584982,0.7556653165883489
20,0.8057844817910529,0.7227843910975725
21,0.5712157416207695,0.8494691009614933
22,-0.40451391251109303,0.9214417161985796
23,0.01380237528844086,0.9999047517546007
24,0.4797474043762231,0.8912959194976533
25,0.30855463984645604,0.9535122726311391
26,0.6065679982518626,0.8319671116145763
27,-0.19149842519917915,0.9818312550512354
28,0.5113823134053295,0.8774318984727386
29,0.32374634060561336,0.9489436631906459
30,-0.6248171219162282,0.822671573645387
31,0.20223953190969457,0.9797572773835778
32,-0.4368757796658731,0.908981785072673
33,-0.24760912824218284,0.9698099638893263
34,0.7837932261787697,0.7355285587240636
35,0.3651706698602424,0.935499367793901
36,-0.28694897006943765,0.9596661113327893
37,-0.8879924796512,0.6741751590352187
38,0.1250832997513518,0.992207603433199
39,0.5281593155947815,0.8698137842593517
40,-0.6114490780126334,0.8294976623481909
41,0.25533279095765504,0.9679281525145668
42,-0.856673043069687,0.6928482000308847
43,-0.7940593898422057,0.729595391075709
44,-0.7044857211594608,0.7802428468353557
45,0.731145893300317,0.7654532333894027
46,-0.15865568384486983,0.9874930571081416
47,0.5835959136403726,0.8434184221326362
48,-0.3401237001480908,0.9437989938990107
49,-0.7300618988822256,0.7660596899201306
50,0.22598144642012175,0.9747894236411625
51,0.6220742487537492,0.824079572241138
52,0.0623774864755402,0.998056415801148
53,0.1684933014747827,0.9859052776159002
54,0.6374651068930561,0.8161306053471346
55,0.6024460551306043,0.8340427452234941
56,0.2844573531006023,0.9603495051939799
57,-0.8123964960073689,0.7189280230020125
58,0.689763093981808,0.7882921075851093
59,0.5671836813423923,0.8514209118306686
60,-0.08092798370161636,0.9967306866085772
61,0.1778123576993833,0.9843156830473788
62,0.7749955277208911,0.7405893180395519
63,0.934786917916834,0.6460274454054638
64,0.1272168020826674,0.9919405951953104
65,-0.4737065001663243,0.8938664281943067
66,-0.7661396581467039,0.7456604167143573
67,-0.8378654065668474,0.7039772633237843
68,-0.6837674954427058,0.791544646409538
69,0.9421611202114284,0.6415720487985153
70,-0.41154204404192263,0.9188031066151445
71,0.9680283541043107,0.6259157840679402
72,0.6922694401957175,0.786928025570158
73,0.5205907370051335,0.8732727376017656
74,-0.919344513468588,0.6553425734154644
75,0.3490055700588046,0.9409150272370813
76,-0.9094196671609542,0.6613169419241314
77,0.7702327174362151,0.7433195696714371
78,-0.6720264749266942,0.7978698488596037
79,0.04202171464941262,0.9991174774012985
80,-0.8963938884564693,0.6691406501051087
81,0.97063317081673,0.6243373846837426
82,0.11797010990185641,0.9930656807032705
83,0.9046485515544274,0.6641850351612312
84,-0.9133747718633543,0.6589374029429621
85,-0.2982231197125882,0.9565057156175241
86,-0.4827814125224785,0.8899954344161535
87,0.045685572783452866,0.9989569585659905
88,0.4417257741050471,0.907047164421416
89,-0.19538344448700995,0.981093664687868
90,-0.5045170215234458,0.8804970402415856
91,0.586825452458765,0.8418258999066186
92,-0.8088310703528501,0.7210088622354242
93,-0.8808235779076894,0.6784631665973524
94,-0.4475896803736965,0.9046851820056081
95,-0.3757110909457204,0.9318537362839685
96,-0.7996082683999592,0.7263765814218448
97,-0.4818689453580347,0.890387212853135
98,0.7928527420101463,0.7302942562858022
99,-0.8369949621774166,0.7044906050536914
100,0.14428986493170193,0.989644211706868
101,-0.3788961288903421,0.9307345757250937
102,0.08435436844280275,0.9964484918392754
103,0.6600172412261993,0.8042771306290635
104,0.7597730161419012,0.7492912509119642
105,0.281022227079726,0.9612826946927613
106,-0.27242959391769195,0.9635711564343388
107,-0.5906658155205478,0.8399246842159712
108,0.34142181687509443,0.9433815846464823
109,-0.7347848626671154,0.7634143073712314
110,-0.6080934982073827,0.83119666516253
111,-0.8670047554474296,0.6867062767216422
112,-0.04482667278119146,0.9989957892611043
113,0.3174643780298192,0.9508567909235622
114,-0.5257279767340433,0.8709288852038958
115,-0.8389885548865039,0.7033146555552953
116,0.9500204782737993,0.6368192252071707
117,-0.5386379066470148,0.8649657248912199
118,0.8306910879873621,0.7082034683992401
119,-0.9434781634830307,0.6407758812182361
120,0.35125554370537393,0.9401740808298671
121,-0.9175912409769766,0.6563987377488495
122,-0.15085805227703863,0.9886854208466802
123,-0.6342793389284862,0.8177855505468796
124,0.890798475472776,0.6724947582553802
125,-0.24282611494397632,0.9709481010888384
126,0.6643663757041975,0.8019641758871585
127,-0.14583944692029926,0.9894217750038063
128,0.9519279575966457,0.6356651053585897
129,0.07952195229320957,0.996843122999839
130,0.0327171952264782,0.9994649357662058
131,-0.8518874668162146,0.6956865160685897
132,-0.33628050236060814,0.9450265202420702
133,0.003912515803958572,0.9999923461393329
134,-0.5614477488462946,0.8541813216114075
135,0.9391898351806778,0.6433677606281587
136,0.35558355026476973,0.9387370878588666
137,-0.20310189384398014,0.9795860547709219
138,0.02841029946798268,0.9995965088665206
139,-0.28522161672766155,0.9601404671036131
140,0.4822025635976712,0.8902440359273498
141,0.08330816876128888,0.9965358884359109
142,-0.6087945399965724,0.8308421982471985
143,0.6819438494638537,0.7925309606632858
144,-0.020016794967576912,0.9997996840255375
145,0.6559086452149454,0.8064542775714127
146,-0.5039253378225776,0.8807597664363535
147,0.16803921011461087,0.9859806117937915
148,-0.12448425680954789,0.9922817745587704
149,0.1498698042887303,0.9888323473016366
150,-0.9994289458761754,0.6068770215094331
151,0.6882509028175965,0.7891138652720736
152,0.373417286445469,0.9326547076405547
153,-0.39748335954842884,0.9240431488335541
154,0.19908127875109471,0.9803783819806879
155,0.7355958055112519,0.7629592974428033
156,-0.3588908593616993,0.9376286307026018
157,0.08324112714543652,0.9965414519787255
158,0.32398433286398776,0.9488705238583649
159,-0.12418562080141893,0.9923186195480274
160,0.5970709028194316,0.8367358652312289
161,0.6197269422377045,0.8252814977372545
162,0.6418647646256754,0.8138369924294463
163,0.7039623750340289,0.7805304606175285
164,-0.03368808967236192,0.999432717272838
165,0.21737324027329663,0.9766513358996035
166,-0.5587793806724861,0.8554589263072757
167,0.4803953744224947,0.8910187055189521
168,0.6976689806530281,0.7839806004336438
169,0.9352880699390507,0.6457247904902463
170,0.23452957479273273,0.9728726777271428
171,-0.8704128661354096,0.6846761825003748
172,-0.21413420735005384,0.9773340910259407
173,0.21860278450042236,0.9763896031213004
174,0.21213023365907158,0.9777516106786129
175,-0.9978608687260877,0.6078281064353634
176,0.5164731285303477,0.8751392641617646
177,0.782316446169806,0.7363796157355049
178,-0.7520318702051372,0.7536886201434103
179,-0.48642297705082194,0.8884262354260477
180,-0.11879515287897235,0.9929686919614148
181,-0.3179172870352558,0.9507199866993946
182,-0.25940015814211326,0.9669154516404449
183,-0.3915398735038109,0.926212363614926
184,-0.2110600974489698,0.9779730335667614
185,0.6366093704188336,0.8165756288093993
186,-0.593507917426676,0.8385124716858383
187,-0.009393574080168055,0.9999558813562562
188,-0.42972353930281826,0.9118031467068533
189,0.5122556657896928,0.8770397755207915
190,-0.08975104764543307,0.9959804747277153
191,-0.09219285119238241,0.9957592565498542
192,-0.13479424275771357,0.9909563976646727
193,0.6873990421789671,0.7895763670481519
194,0.6874483296927201,0.789549615545167
195,-0.30560237021200054,0.9543770983576482
196,-0.6970452570234424,0.7843216733272897
197,-0.10583855199698156,0.9944147562509614
198,-0.4546081991108595,0.9018254362100524
199,-0.5861245132245381,0.8421720316365486
200,-0.4664039620905327,0.8969399828377579
201,0.347104904283001,0.9415376829699912
202,-0.5391008339488093,0.8647499797498971
203,0.5173865488772509,0.8747261434914397
204,-0.325185317877033,0.948500705803465
205,-0.266952512221194,0.9649955183116157
206,0.7305292849353942,0.7657982554060769
207,-0.8704478635786657,0.6846553256389036
208,0.03341982510675767,0.9994417135448271
209,0.4091161879538858,0.9197181379969015
210,-0.46893550423857944,0.8958787009571333
211,-0.367239410059762,0.9347909176833517
212,0.87519032697734,0.6818271805403513
213,-0.6077757233883421,0.8313572564914579
214,0.8568749011525816,0.6927283845465655
215,0.7274987670044726,0.7674919961866118
216,0.27518488869616453,0.962844493546768
217,0.731871919868565,0.7650468130135741
218,-0.257381531598311,0.9674199210890453
219,0.9532679191962796,0.6348542316587942
220,-0.7981244398206351,0.7272381247497633
221,0.5335216664551647,0.8673413339037743
222,-0.36626711208189167,0.9351243174461187
223,-0.08666299472691263,0.9962518047585153
224,0.8056600464189339,0.7228568613463094
225,0.7293206091409361,0.7664741733796635
226,-0.9752040608376935,0.6215670559434471
227,-0.315177640065482,0.9515448355910299
228,0.1532430339566615,0.9883269511818525
229,-0.21966154569487117,0.976163098580861
230,-0.4645489307428916,0.8977148011234066
231,-0.8690694012329885,0.6854766713924373
232,0.9723472137721936,0.6232986182090445
233,0.16197477478997113,0.986967751007095
234,-0.9726925717891863,0.6230893075867183
235,0.9286831979790247,0.6497119026074255
236,-0.08019379142314365,0.9967896421630099
237,-0.8679582903489684,0.6861384860698994
238,0.3961995580827429,0.9245140370142335
239,-0.012474912707423513,0.9999221913037247
240,-0.836148338503254,0.7049897452707715
241,0.8219482205917339,0.713338341640987
242,0.12307918542227148,0.9924543693515737
243,-0.9004668075632185,0.6666965822355974
244,0.8177558334897288,0.7157944017837137
245,-0.09720565541114023,0.9952866730303503
246,0.4338348216680279,0.9101859804372966
247,0.7101674536763729,0.7771134677542088
248,0.309762952887088,0.9531561445312925
249,0.16981288856359922,0.9856852360491374
250,0.02894307501995308,0.9995812369099436
251,-0.12377714448318522,0.9923688752676159
252,0.7979299337898564,0.7273510162131973
253,-0.653550620458786,0.8077002986736667
254,-0.23125195089884265,0.9736155825065921
255,0.9488368620715402,0.6375352588921432
256,-0.6990069286806291,0.7832484381838828
257,0.5782887357831614,0.8460228325021785
258,-0.1940321401335483,0.9813518337009461
259,0.7613104449615948,0.7484156325766127
260,-0.444936702608173,0.9057568968986109
261,-0.6195142850308715,0.8253902495950097
262,-0.07164115448041519,0.9974370624393146
263,-0.14190363607473166,0.9899821948991214
264,-0.921644030625016,0.6539568818487005
265,-0.4404561159174283,0.907555284604269
266,-0.7478226647445889,0.7560714709685746
267,-0.410939253774274,0.919030898659704
268,-0.9226745717221005,0.6533357067502543
269,0.3022617109645884,0.9553466013857098
270,0.2891559110633546,0.9590562313162293
271,-0.9333890978679735,0.6468715059264202
272,0.8337242911607181,0.7064180366402113
273,0.13917680488236428,0.9903616579441598
274,0.5463424819632259,0.8613580099814516
275,-0.722463546692458,0.7702987994679681
276,0.57011885135826,0.8500010005872214
277,0.6595456787579503,0.8045274028352765
278,0.6096999425789191,0.8303840204179032
279,-0.35176004192941557,0.9400073697877458
280,-0.6903877287636222,0.7879523913533677
281,0.043832391531057,0.9990398219925258
282,-0.88372838460439,0.6767265994791353
283,0.4093461410045873,0.9196315929550729
284,-0.8373787429296593,0.7042642912581515
285,-0.955849869099535,0.633291481748581
286,-0.0053758646851238545,0.9999855501438438
287,-0.3790711406427074,0.9306728453216613
288,0.9862126211597948,0.6148925960061756
289,0.4181252711605228,0.9162973297402429
290,0.6900602210964009,0.7881305309964438
291,-0.15596846880992477,0.9879105896534762
292,0.7177618106188928,0.7729112817000713
293,0.9493704905926836,0.6372124489337015
294,0.8924824248700653,0.6714857802435356
295,0.6554905380214562,0.8066753995111628
296,0.2971435074189901,0.9568131692802514
297,-0.23003450264183023,0.9738890084436759
298,-0.901088526795488,0.6663233161455104
299,-0.5983327866632548,0.8361050116218447
300,0.475991273449093,0.892897178671827
301,-0.9049448492193113,0.664006998225983
302,-0.6885405844863393,0.7889565193243852
303,0.515530858237015,0.875564872014542
304,0.2198990867373274,0.9761121375151334
305,-0.3830508428739643,0.9292625409559955
306,0.8234568584959847,0.7124535236712114
307,0.9999183304487127,0.606580194799344
308,-0.4091920746828075,0.919689581772709
309,0.05636755485117617,0.998412610617469
310,-0.8579360143527948,0.6920984239326694
311,0.6969349627970862,0.7843819695773784
312,0.8151915791518478,0.7172945919296537
313,0.2766198052855151,0.9624633818856029
314,-0.08987622263441142,0.9959692775590628
315,0.3204481010557756,0.9499523127667232
316,-0.44449729017125716,0.9059339119341626
317,-0.3957347111080167,0.9246842225431887
318,0.8816471131140853,0.6779709652788571
319,0.2599271566735517,0.9667831456949384
320,-0.7773434062225393,0.7392409328961509
321,0.6069626480500412,0.8317679127771798
322,-0.0012525733424229024,0.9999992155303187
323,0.611412601999213,0.8295161624754812
324,0.11615601324051528,0.9932765942090613
325,-0.6554302573399942,0.806707273176115
326,-0.20580269213151903,0.9790452919444314
327,0.417354033056317,0.9165925869843292
328,-0.4455179487928811,0.9055225294012998
329,0.49151712959361604,0.886216018985003
330,-0.19276326293588397,0.9815926849640223
331,-0.7152816989332007,0.7742860078866864
332,-0.053012393468744756,0.998595829840114
333,-0.20921939882359042,0.9783513905650414
334,-0.619985011681198,0.8251494914089639
335,0.9573256602183715,0.6323980799040585
336,-0.6416375309526279,0.8139556808732547
337,0.625575005775806,0.8222818627943709
338,-0.9031732272525008,0.6650713577386763
339,-0.6744796274992297,0.796553180636461
340,0.6598999082614947,0.8043394121565058
341,-0.23910862820513423,0.9718182592918667
342,-0.4070348648575477,0.9204996204817975
343,0.10310310954021062,0.9946989746889726
344,-0.4594101703881477,0.8998485097478536
345,0.3252257349096872,0.9484882389416225
346,-0.09622414645390753,0.995381156636515
347,0.5741722955906421,0.8480319962188312
348,-0.7065588514021397,0.7791024669445634
349,-0.5501621866482094,0.8595560741912974
350,-0.4623920616018937,0.89861264611361
351,0.6819452376744741,0.7925302103883245
352,0.4917629248203421,0.8861089326551528
353,-0.24980886410272607,0.9692795316935643
354,-0.7376338405890273,0.7618147665288936
355,-0.22378488745508962,0.9752710584775302
356,-0.22721105425560828,0.974517861234846
357,0.13455777649940592,0.990987956493704
358,0.1459373003695299,0.9894076504354227
359,-0.7964138804837935,0.7282305913976787
360,0.2664861283218378,0.9651155650412299
361,0.6016897342239864,0.8344226185211221
362,-0.8992859856355897,0.6674053863966222
363,-0.056351042681799024,0.9984135397549413
364,-0.4487907720236295,0.9041983051644514
365,0.7986459366408507,0.7269353983005356
366,0.07105847739371107,0.9974785306528762
367,-0.08818950973842288,0.996118856368474
368,0.2127961496228512,0.9776132855937703
369,0.4699640743599536,0.8954462195746806
370,-0.5040092473551716,0.8807225219543371
371,0.45473242757832555,0.9017744998458724
372,0.2148923572575514,0.9771751569550128
373,0.31561992814060846,0.9514121070836876
374,-0.5931507408530747,0.8386901908775427
375,0.28234445058780033,0.9609247332213351
376,0.5823029201857794,0.8440543882326715
377,0.3063920048881328,0.9541465239038519
378,0.3184334207445627,0.9505638713071736
379,-0.8889557779117456,0.6735984025680365
380,0.019304745294402403,0.9998136807641442
381,-0.4312460607714461,0.9112057263484388
382,0.5253530327980258,0.8711005171044945
383,-0.06830468460115502,0.9976699538124654
384,0.7868999362816691,0.733736171129233
385,-0.10391750719018211,0.9946151265400378
386,0.05178329392177283,0.9986601436454144
387,-0.2491416103213031,0.9694408945887019
388,-0.8549536637690236,0.6938684542748648
389,-0.9514930332751674,0.63592827561892
390,-0.6469305708543378,0.8111846395804301
391,-0.5941651768214156,0.8381852602296749
392,0.0257975061739677,0.9996672996946272
393,0.8323799741005145,0.707209587587353
394,0.8080888093237182,0.7214416610686352
395,0.3899345033276207,0.9267935383555357
396,0.5607429825854773,0.8545191667927118
397,-0.1255950606399756,0.9921439616171667
398,-0.10531679563443141,0.9944695359150467
399,-0.4203917752990529,0.915427030690083
