,data,labels
0,0.26458584269532026,0.9656026796609604
1,-0.024537528438364875,0.9996990001586128
2,0.9256939853659003,0.6515151183279878
3,-0.9471907959995827,0.6385309051033602
4,0.7099408818499893,0.7772384984812944
5,-0.37508058620493023,0.9320743217827056
6,-0.02967699917622535,0.9995597348051235
7,0.39972004726429566,0.9232196875753053
8,0.883222618767538,0.6770290499611173
9,0.7332334176062385,0.7642841595773995
10,0.5410104402917879,0.86385862827104
11,-0.9835489698048347,0.6165078101030663
12,-0.03163187670734957,0.9994998373110662
13,-0.7149174428438545,0.7744877196904283
14,-0.33360799202507874,0.9458728318639781
15,-0.4059668806965082,0.9208993297172753
16,-0.8048747643849983,0.7233141131347376
17,0.8137700716476421,0.7181255498142418
18,0.8373219970468309,0.7042977560062476
19,0.3902524995962988,0.9266785783435765
20,-0.6982678688256256,0.7836529610779933
21,-0.3691961042301781,0.9341176531752915
22,-0.826907742873924,0.7104276206699593
23,-0.15920703581112883,0.9874065297288853
24,-0.22054150083647084,0.9759740541397572
25,0.716775707710924,0.7734581558545306
26,-0.1534618536737027,0.9882937869070421
27,0.767587076010271,0.7448332138976359
28,-0.1556031678486014,0.9879668119696892
29,0.6256291096131656,0.822254031103078
30,-0.008656448058805832,0.9999625336553836
31,0.013386787846077608,0.999910400969815
32,-0.37992162017527664,0.9303725154961994
33,-0.9833176521331404,0.6166480726460624
34,0.2453435585645769,0.97035166605305
35,0.4584863154234602,0.9002301278648426
36,-0.18742965817991397,0.9825884258899874
37,-0.2771083431893613,0.9623332092450149
38,0.6602579032627238,0.8041493652283943
39,0.9006798905556266,0.6665686575267276
40,-0.7257440289933745,0.7684711957716933
41,-0.5935111488143519,0.8385108635383622
42,-0.2012814098277509,0.9799466937092964
43,0.3626540901454274,0.9363565041213194
44,-0.583581563945134,0.8434254852184321
45,-0.10104714745445342,0.9949077467020907
46,-0.6840451382560624,0.7913943608558129
47,0.7681222188839762,0.744527215908203
48,-0.9429546921531973,0.6410923403509644
49,-0.8786508917586644,0.6797612164266482
50,-0.34311992025378424,0.9428334399013713
51,0.6320547658643854,0.8189382346621109
52,-0.11637714061353988,0.9932510576715036
53,0.7975780774675303,0.7275552085108599
54,0.7387123021550064,0.7612085337716461
55,0.5773231010514841,0.8464950021984176
56,0.515663224060732,0.8755051190038228
57,0.07247514100157648,0.9973771227375062
58,0.5611055327923617,0.854345406704448
59,0.28656497105573675,0.95977179020323
60,-0.39143974356776634,0.9262486717118075
61,-0.0649474629437059,0.9978931360886616
62,-0.317601151368033,0.9508154960944334
63,0.6642860411807157,0.8020069765175466
64,0.48741998532391584,0.8879950404835745
65,0.2131757539284156,0.9775342483790525
66,-0.06913727220080368,0.9976128725274857
67,0.6156143086227992,0.8273805864982863
68,-0.9068317882947403,0.6628729433631882
69,-0.6673370518539243,0.8003794346937705
70,-0.9993595877448169,0.6069190893271472
71,0.1710375827144106,0.9854795264885716
72,0.5405473939493903,0.8640749704807544
73,0.8178498252482964,0.7157393831260712
74,-0.724334966372401,0.7692566871386486
75,-0.21544114849601392,0.97705977733311
76,0.8128481850330509,0.7186641870306198
77,-0.1002287222646705,0.9949896952763002
78,-0.7412058480457673,0.7598053061881921
79,0.1112247300956497,0.9938336203471354
80,0.07920103329653161,0.9968685115325143
81,-0.5516572129766648,0.8588484142075221
82,-0.021072727033510708,0.9997779947345025
83,0.8281311562307814,0.7097087488743838
84,0.3627001828749443,0.9363408513872615
85,0.16740778572647508,0.9860850373111203
86,-0.7745135672452075,0.7408659065195219
87,0.4411499628435309,0.9072777514151295
88,0.4853117280480266,0.8889060436907812
89,-0.7394857038287472,0.7607735357792498
90,0.9908273262799248,0.6120940111655288
91,-0.47722269385926874,0.892373287884153
92,0.6350685142074819,0.8173760496996806
93,-0.4674897834378531,0.8964853308048766
94,-0.4285785913477276,0.9122512764072074
95,-0.7920544794682471,0.7307563763827297
96,-0.6677453181137358,0.8001613333718408
97,0.2225886646807107,0.9755314721831052
98,-0.20055157233060394,0.9800904000898943
99,-0.03093353048450398,0.9995216727808395
100,0.7314818074357703,0.7652652162689179
101,-0.6401081813719298,0.8147538450871229
102,-0.6935733375773774,0.7862173584618434
103,0.19622416960466316,0.9809321731092401
104,0.6968269139452719,0.7844410335554901
105,-0.48621911164454557,0.8885143219564142
106,-0.08810480960982825,0.9961262934950842
107,-0.2013440284940946,0.9799343406438211
108,-0.04809472470973786,0.9988441172752088
109,-0.972829703450117,0.6230061952906183
110,-0.025860558972894854,0.9996656716449889
111,0.3139343711987381,0.9519170363209363
112,-0.4984996971706941,0.8831581632943742
113,0.3928279057489654,0.92574460976305
114,0.7026270018324168,0.7812638486223658
115,0.06646349381596228,0.9977937393735187
116,-0.26770401121547605,0.9648016731564416
117,-0.8829880258959604,0.6771693247438008
118,-0.28874159380199127,0.9591710530020239
119,-0.9822984321695392,0.6172660770013191
120,0.6582792450545658,0.8051990361614385
121,0.49506762408657856,0.8846652304546081
122,-0.5046092172694021,0.8804560817282622
123,0.25082997546503916,0.9690318116249809
124,0.8799808074798079,0.6789667574198999
125,0.369786115119648,0.9339140341932103
126,-0.49986284743150033,0.8825574147173286
127,-0.3151144571027946,0.9515637828081954
128,-0.3879787515349673,0.9274988208507362
129,-0.733137573581895,0.7643378688194403
130,-0.09496220905157582,0.9955012393026123
131,-0.658614760413442,0.8050211719767213
132,-0.8111234180878246,0.7196713714670403
133,0.5892422156038135,0.8406303983993544
134,0.9157199856423632,0.657525622536386
135,0.27603391901692964,0.9626192135810991
136,-0.33487541218928585,0.9454722216550844
137,-0.6829419143810056,0.791991333950556
138,-0.12302307937034374,0.9924612211940708
139,0.20691260478101348,0.9788210781025541
140,0.2932156107829058,0.9579231751285215
141,0.4543236226811611,0.9019420770943852
142,-0.015444910648179988,0.9998807344802325
143,0.2779111683553188,0.9621188331634922
144,-0.11274575412365229,0.9936643528526542
145,-0.8346052929556711,0.7058990802594178
146,-0.2283930559650562,0.9742554955228019
147,-0.6502972060624852,0.8094152317838263
148,0.503490785733262,0.8809525747443027
149,-0.3391201606410019,0.944120718093101
150,-0.8300492487664928,0.708581016053813
151,0.2889941941981178,0.9591010666234928
152,-0.6416139849650375,0.8139679779742619
153,0.5192050495279095,0.8739020839227757
154,0.6366657435617613,0.816546323040237
155,-0.3626234557071386,0.9363669063836513
156,0.5737124476489486,0.8482558436348414
157,-0.4500088646621607,0.9037034728688069
158,-0.3428255669839575,0.9429286285961639
159,-0.035449918585612084,0.9993718490056288
160,0.9190503779303045,0.6555197814474779
161,-0.12324750469390322,0.9924337952269935
162,-0.706048303368288,0.7793834634374603
163,0.5916675164817673,0.8394274513913861
164,0.13334875578219285,0.991148462243453
165,0.5748730678108755,0.8476906391723854
166,-0.9764672319524386,0.620801354943852
167,0.4308313280196876,0.9113686333879213
168,-0.18676195859770783,0.9827111822306338
169,-0.5369607049905174,0.8657462741209946
170,-0.44411134117910533,0.906089273717082
171,-0.6204348965227793,0.8249192877929834
172,-0.6277125453577577,0.8211811734154876
173,0.3548189436884077,0.9389920733464509
174,-0.02343632773018478,0.9997254069788283
175,-0.3501591653180338,0.9405356547608476
176,0.7181747344184632,0.7726821736025306
177,-0.7406977604998952,0.760091402713617
178,0.5949461438919244,0.8377961573580698
179,-0.04058330388959952,0.9991768367076446
180,-0.7701830133030989,0.7433480263581617
181,0.29474349090676655,0.9574930056904447
182,0.22079584334408442,0.9759192787198915
183,-0.1540253378837122,0.9882081726606448
184,-0.8785413120393386,0.679826664481632
185,0.6809908124459711,0.7930458478506078
186,-0.8489494737565062,0.6974268784847151
187,-0.8624430574914463,0.6894204142578534
188,-0.6650047318643937,0.8016239697619061
189,-0.5193306476599386,0.8738450906985555
190,0.5585327459855545,0.855576802949136
191,-0.7955824735643875,0.7287126927415768
192,0.41054621500970523,0.9191792769782434
193,-0.17346144099777505,0.9850681663813324
194,0.08867183709143989,0.9960763702825216
195,0.8692730820006498,0.6853553298227055
196,-0.5838174104856322,0.8433093843017541
197,-0.6274959537763141,0.8212928072775966
198,-0.8784394515457605,0.6798875004482825
199,-0.36755547818696854,0.9346823736132037
200,0.5214352638607478,0.8728885738505062
201,0.04386748275866448,0.9990382847230558
202,-0.4645593779978596,0.8977104442406434
203,0.12150838015027787,0.9926450378698792
204,-0.07352821929663822,0.9973004508373933
205,0.7404218809552587,0.7602467092847645
206,0.15094721627679375,0.9886721180923249
207,-0.2602346522789949,0.9667058315272548
208,-0.41254997943479554,0.9184215924357126
209,0.5164829554095864,0.8751348225197899
210,-0.31381804894238385,0.951951792197446
211,-0.5210097618432907,0.8730821856216682
212,0.41105105104910433,0.9189886718712672
213,-0.6245392102930765,0.8228144062076141
214,0.4701265734317217,0.8953778262773123
215,0.07937925756485154,0.9968544244562998
216,-0.6799123412048897,0.793628036121548
217,-0.7547811141387444,0.7521291218904755
218,-0.30082278226620374,0.955761214110325
219,0.6169098433887317,0.8267202786115552
220,-0.9156536888744771,0.6575655402070775
221,-0.18767293895503756,0.9825435937362759
222,-0.23455982091476613,0.9728657761271262
223,-0.8563323759650898,0.6930503903672914
224,0.7134525544312884,0.7752984137726789
225,0.035376206668794374,0.9993744577340571
226,0.13422334421037685,0.9910324969951717
227,0.06905715744946406,0.9976183950345188
228,0.36677549035622614,0.934950090593053
229,-0.6366727735427486,0.8165426683726071
230,-0.10102661801136725,0.9949098103726554
231,-0.1984693705244016,0.9804976348677751
232,0.47440762149133886,0.8935693818233098
233,-0.4459830049368825,0.9053348349434356
234,0.46692469642443957,0.8967220456033775
235,-0.9023344994200992,0.6655751170445885
236,-0.5032206433991822,0.881072372783052
237,0.5163997628918173,0.8751724226698634
238,0.14669968166688196,0.9892972876917255
239,-0.4862727240418043,0.8884911597478903
240,0.7144617184250959,0.7747400125814604
241,0.9989662557186478,0.6071576570901762
242,0.22785932884500704,0.974374125303222
243,0.14652867259478364,0.9893220920148673
244,-0.8607002527248326,0.6904563918915074
245,0.9553285527826794,0.6336070435175414
246,-0.23430623987677413,0.9729236125482876
247,0.20663979208242345,0.9788762961048733
248,0.07821122223519339,0.996946174797389
249,-0.1934665232642514,0.9814593838711555
250,0.6663205700432031,0.8009221312720509
251,0.3495510617626123,0.9407357732571854
252,0.2672274426689578,0.9649246601660972
253,-0.6040396424672041,0.833241348375447
254,-0.16375784269556348,0.9866811755191964
255,-0.7556853737353364,0.7516156480269892
256,-0.20481886591631815,0.9792430694008383
257,-0.48698028928235915,0.8881852871327098
258,-0.020305617335838688,0.9997938622016215
259,-0.7629675353466232,0.7474710302427154
260,-0.22986169928872546,0.9739277074742125
261,0.4346813016384552,0.9098514659750065
262,-0.9347278782039539,0.6460630992281572
263,-0.7065084979244691,0.7791301851201339
264,0.12883326050641442,0.9917353371653144
265,-0.2808382955545137,0.9613323673095872
266,0.6926945455154532,0.7866964055393381
267,0.9578234067122284,0.6320967322290507
268,-0.5038754640378182,0.8807819014582239
269,0.14492704390690014,0.9895530286385347
270,0.6695540628041379,0.7991941899482315
271,0.9412907852275427,0.6420981077372938
272,0.020267393321505844,0.9997946374737468
273,-0.880519517539482,0.6786448679691451
274,-0.07506639215286026,0.9971864837609039
275,-0.40749256983836446,0.9203280492393505
276,-0.400930192850637,0.9227725405685954
277,-0.5363006025025325,0.8660530028114893
278,0.25232221735231275,0.9686680933541049
279,0.11853238027159674,0.9929996547841455
280,0.34724873173234516,0.9414906698189558
281,-0.9588832854071418,0.6314550133372101
282,0.27867322924704485,0.9619148128681716
283,-0.08473722838020481,0.996416238121679
284,0.04237138252755712,0.9991027357538683
285,-0.7164721920781947,0.7736264063834066
286,-0.623540742701084,0.8233272482013413
287,0.08247885590573145,0.9966043973069579
288,-0.25838504917917926,0.9671695944779545
289,-0.7450668349818941,0.7576283672079421
290,-0.3358101801818578,0.9451758930877568
291,0.17420840887388933,0.9849402644660394
292,0.5531373776619259,0.8581464732820369
293,0.020854122904452987,0.9997825764188765
294,-0.8039572599694995,0.7238481559606352
295,0.1663321944692966,0.9862620395858037
296,0.9701727924640955,0.6246163713018237
297,-0.8852070240808154,0.6758421489065397
298,0.7453146818519345,0.7574884513237753
299,0.8024039258807896,0.7247517981402615
300,-0.9170084247229835,0.6567497536597044
301,-0.16970438679873334,0.9857033916628941
302,-0.20887739190573207,0.9784213412740679
303,-0.5978368750611287,0.8363530348124577
304,0.7260686633320066,0.7682901236992685
305,0.07532784040168239,0.9971668791134162
306,0.6030176447885833,0.8337554542345178
307,0.6078019418818963,0.8313440086634122
308,-0.6709073917186541,0.7984696154138844
309,0.098573919278097,0.995153374197121
310,0.1799579242469287,0.9839379653608853
311,-0.29151067952959964,0.9584007796405533
312,-0.5608989343348689,0.8544444329518855
313,0.9935165964861417,0.6104629875355067
314,0.4920973694369537,0.8859631590020416
315,-0.5566366829335347,0.8564818105521926
316,-0.13876826791031305,0.9904178877386867
317,-0.9987405426704026,0.6072945587935995
318,-0.718988918407651,0.772230242071974
319,0.01976327629118546,0.9998047255236622
320,0.1074540533456445,0.9942434460291355
321,0.4703711039603242,0.8952748725240385
322,0.3769262739947654,0.9314277006391671
323,0.36384133385820716,0.935952774742953
324,0.6818814741410919,0.7925646713060932
325,0.29560559824988086,0.9572493813930846
326,-0.23761925519015947,0.9721633284834319
327,-0.07228082547104075,0.9973911501137777
328,-0.4246762201321357,0.9137713106760107
329,0.5058898239860561,0.8798865880718691
330,0.18960573330519148,0.9821854226158689
331,-0.6418626435921901,0.8138381003996089
332,-0.27897270002788876,0.9618344969780868
333,0.9758965530957469,0.6211472912641592
334,0.4322646393107097,0.9108050873726252
335,0.3407899820354028,0.9435849266017956
336,0.13096052315701678,0.9914613339489357
337,0.08531575464178087,0.9963672255543412
338,0.7954856911563426,0.7287688011910396
339,0.5214956021939112,0.8728611094065937
340,-0.9059869683753914,0.66338073450434
341,-0.5073793506232847,0.8792228359105003
342,0.8965881287754673,0.6690241396436359
343,0.9608603048817199,0.6302578467655976
344,0.20503653154521873,0.9791993905363457
345,0.9738711704902527,0.6223749661824853
346,-0.31378391666788596,0.95196198836141
347,0.8913660776361183,0.6721547097054618
348,0.5664280518137419,0.8517856494649075
349,-0.2758668882940216,0.9626635838365497
350,-0.7258845237700406,0.7683928363656771
351,0.3538034789632869,0.9393299745917765
352,0.3085694105841741,0.9535079268288901
353,0.5565125028139726,0.8565410087660651
354,-0.29453649381578995,0.9575514046071089
355,-0.22141589707256726,0.9757854917789661
356,0.7620059131751638,0.7480192950215832
357,-0.6255599996435068,0.8222895818771838
358,0.2446281733252249,0.9705217440834035
359,-0.46781208314209,0.896350219349796
360,-0.5041363729038848,0.8806660865942991
361,-0.5007727688845716,0.8821557219785882
362,0.5454611490957537,0.8617725273000993
363,0.7910973336852678,0.7313102463330918
364,0.3449334260509118,0.9422453948880792
365,0.899287772052443,0.6674043142099051
366,-0.3161711259046005,0.9512464607652396
367,0.09765169124064244,0.9952434221165413
368,-0.754141879661673,0.7524919445526542
369,0.7183667088606476,0.7725756360957402
370,-0.5010219822444257,0.882045609072228
371,-0.14145471385423902,0.9900451626696354
372,0.1131447714192535,0.9936195722777531
373,-0.7286782038340764,0.7668332073298175
374,-0.8302449889481727,0.7084658858481843
375,-0.3410873257259526,0.9434892746247756
376,0.5122869982001521,0.8770256985352629
377,0.9646434786892555,0.6279664606873944
378,-0.8749007410355201,0.6819999780439815
379,-0.6367483954743469,0.8165033533740514
380,-0.2241338986181869,0.9751948300495931
381,-0.2510204555073279,0.9689854966493127
382,-0.018680569433991767,0.9998255333838814
383,0.48264195959727285,0.8900553469707398
384,-0.6685797029740974,0.7997153640078388
385,-0.024199478598982083,0.9997072354816665
386,0.6342870965505911,0.8177815266188446
387,-0.40530525955035523,0.9211465114540657
388,0.9568932756659687,0.6326598452743588
389,-0.47264618881474707,0.894315006237946
390,0.6766189236920257,0.7954028334262284
391,0.6465098395077904,0.8114053892714576
392,0.5453751663424662,0.8618129424103891
393,0.16445887202758258,0.9865676695374441
394,0.001282604925736397,0.9999991774626406
395,-0.4170174553191286,0.9167212997664363
396,0.2560888751434576,0.967741032423199
397,-0.9981448782252629,0.6076558466551443
398,-0.009261725438282076,0.9999571111407064
399,0.9415963911205076,0.6419133958089028
400,0.09549489681920398,0.995450741707161
401,0.7006273518134567,0.7823607379678736
402,0.08524548869238546,0.9963731961273156
403,-0.8142570419158961,0.7178409409722236
404,-0.5736016953251204,0.8483097383096015
405,-0.741184514129781,0.7598173207773176
406,0.955057681840829,0.6337710004496407
407,0.10746396322442253,0.9942423872541409
408,0.7350857456346134,0.7632455125989621
409,-0.6913673142150112,0.7874193064107189
410,-0.1767251145188422,0.9845054126502791
411,0.40481458416517935,0.9213296102202085
412,0.040960167501589595,0.9991614840902326
413,-0.38277175467487723,0.9293618528561686
414,-0.40711394348173213,0.9204699892623861
415,0.4451590412661468,0.905667275468142
416,-0.3195965142992472,0.9502112354718176
417,0.7304015278378515,0.7658697246729945
418,0.9806840326874326,0.6182449220841821
419,-0.8899347026532864,0.6730121557308649
420,-0.11835668671329835,0.9930203192639335
421,0.6873678373397538,0.7895933033978708
422,0.11580112716810609,0.9933174774998161
423,0.5444681410758603,0.8622390053840128
424,0.85133036505239,0.6960166508978217
425,-0.14379240529417792,0.9897151268580052
426,-0.4725095394638792,0.8943727606928282
427,0.3355688442900753,0.945252468601115
428,0.37139142083398613,0.9333586062444127
429,-0.3075881396166158,0.9537962242009471
430,0.3624725221325329,0.9364181464043854
431,0.12431882711203723,0.9923021956395189
432,0.5850925428458076,0.8426811358297398
433,-0.012903187545681094,0.9999167573404429
434,0.82593889357752,0.7109966733929748
435,-0.704347021064285,0.7803190823280891
436,-0.06920850707856152,0.9976079567798831
437,-0.33486026126021495,0.9454770185762034
438,-0.6151178976308456,0.8276333687746307
439,-0.8357118315976984,0.7052470353918303
440,-0.5366371049067074,0.8658966743850015
441,0.2877791936185685,0.9594371849292582
442,0.9127839976664094,0.6592929453068436
443,-0.6146418655305532,0.8278756546387345
444,0.549174012381848,0.8600230842550534
445,0.6418246203349354,0.8138579623490417
446,-0.7053251877417308,0.7797812789439913
447,0.24157570249390714,0.9712421982545283
448,-0.4522601266282775,0.9027861177239092
449,0.1892979912342143,0.9822426879626636
450,-0.44635136641712925,0.9051860546609747
451,-0.6607550168030558,0.8038853687777416
452,0.06463644702075722,0.9979132451648424
453,-0.46140038294018004,0.8990243522816618
454,0.35906140853852864,0.9375712279432511
455,0.05128319927472513,0.9986858809477172
456,0.09277098617361257,0.9957060176807743
457,0.8926638155226903,0.6713770725275854
458,-0.4525681409587923,0.9026603232103589
459,0.4518218700136416,0.902964986360658
460,-0.25087694754627177,0.9690203934846247
461,0.08008038078255009,0.9967987014254365
462,-0.7948402240468411,0.7291429389026771
463,0.16367794855612905,0.9866940814924218
464,0.42600614409745585,0.9132545625192218
465,-0.4540075123917233,0.9020715749750761
466,-0.6645643506839725,0.8018586864298166
467,-0.4111281882198947,0.9189595309358279
468,-0.8549242629983882,0.6938858954774207
469,-0.8787250728540186,0.6797169096499053
470,0.446207108736296,0.9052443316979952
471,-0.748533453103005,0.7556695018846262
472,-0.39130780467762416,0.9262965020396859
473,-0.24646133221849964,0.9700849886679086
474,-0.4391658495140893,0.9080704441839926
475,0.6806353705597781,0.7932377798322156
476,-0.5160288880597113,0.8753399912590359
477,0.1765699510788601,0.9845323975641033
478,-0.4346322582010995,0.9098708615423521
479,0.2485154052582894,0.9695919623806668
480,-0.654302285310943,0.8073033844505662
481,0.07644949753179175,0.9970820028174786
482,-0.1880473480180882,0.9824744874495683
483,-0.1495966968778275,0.9888727847071027
484,0.9549560264698564,0.6338325309239026
485,0.3476334680380293,0.9413648261545936
486,0.902061858122188,0.6657388530074468
487,0.2513803246374322,0.9688979050309579
488,0.7941731180053868,0.7295295018231701
489,0.4056109823822771,0.9210323352311155
490,0.9092321262438632,0.6614297297631195
491,0.42038926120873077,0.9154279982051791
492,-0.17227623755111776,0.9852700124974386
493,-0.1798886943718161,0.9839502214356504
494,-0.7523273420154397,0.7535211330655357
495,0.9195725252077109,0.6552051969915543
496,-0.981023530927368,0.6180390819537566
497,0.483967570277702,0.8894852943169308
498,0.18345010974395337,0.9833138113454025
499,0.9610132914884839,0.6301651990798388
500,-0.27672642655602675,0.9624349903669073
501,0.3629165225999984,0.9362673610097618
502,0.27665722762737444,0.9624534180724238
503,0.6790263816196904,0.7941059300537894
504,0.6383423728273694,0.8156740172709318
505,-0.5129144739679332,0.8767436533690794
506,0.14725829738722895,0.9892160649958227
507,0.4598149570895089,0.8996811129557991
508,-0.19520771656551128,0.9811273353077029
509,0.23671892592737165,0.9723709369483946
510,-0.18221099646203776,0.983536604128969
511,0.9557148837321299,0.6333731921555698
512,0.19412826194132804,0.9813335264198115
513,-0.5747624814449661,0.8477445260433637
514,0.13824410852325375,0.9904897940127259
515,0.8803143406604061,0.6787674702641541
516,-0.8803170288447446,0.6787658639962068
517,0.9722792556057096,0.6233398050386303
518,0.5067007539099193,0.8795254071853918
519,-0.08520073791029126,0.9963769961036263
520,0.44870240735713685,0.9042341603606334
521,0.4915010759215921,0.8862230117230707
522,-0.9202529853008641,0.6547951905166269
523,-0.22638833468208475,0.9746997159713979
524,-0.6042715087767452,0.833124633333022
525,0.7816061529039331,0.7367887306656369
526,0.9409478675885838,0.6423053632008249
527,-0.30937440707461983,0.9532707985862648
528,-0.9874536444023354,0.6141400085211751
529,0.33284026215449103,0.9461148417916628
530,-0.7791482421662779,0.7382033195089325
531,-0.4844977249753897,0.88925697654968
532,0.8213945319488516,0.7136629488318685
533,0.893731419736898,0.6707371648949156
534,0.7127629446672274,0.7756797729863816
535,-0.5961123775994128,0.8372144879104371
536,-0.7326205002042445,0.7646275712544202
537,-0.7289822208139867,0.7666633137351943
538,0.06928679027173845,0.9976025488345748
539,0.9302374815276977,0.6487739772586278
540,-0.07950752209423073,0.9968442667917314
541,-0.30114605813255024,0.955668222113379
542,0.24556536835353615,0.9702988374683335
543,-0.8954740954579972,0.6696922986603496
544,0.5882963890122304,0.8410986536954818
545,-0.003598152053796211,0.9999935266718509
546,-0.6839816455199306,0.7914287317657204
547,0.016961462801112326,0.999856164735107
548,0.9538285189876192,0.6345149553479974
549,0.0014744429458062314,0.9999989130095905
550,0.6254806694204287,0.8223303870922641
551,-0.04893500994881106,0.9988033988993844
552,0.8718789264701643,0.6838023047966094
553,0.23560779396024767,0.9726261289825505
554,-0.4210803238690495,0.9151618724473032
555,-0.34995699669989455,0.940602219537929
556,-0.6631140427353663,0.8026310646826983
557,-0.16891840751971476,0.985834573116345
558,-0.2758438236355927,0.9626697088122911
559,-0.4138802252900351,0.9179168953111347
560,0.4697438876769031,0.8955388632834526
561,-0.09590999028118019,0.9954111977553761
562,0.6606875209162315,0.8039212196233072
563,-0.6206735746039991,0.8247971158225735
564,-0.10525802949606167,0.9944756890499058
565,0.6694673159341955,0.7992406068616736
566,0.2555522042771665,0.9678739040949123
567,-0.7751337647955314,0.7405099735737856
568,-0.5151133980295182,0.8757532494674556
569,-0.4623438644755091,0.8986326717462647
570,-0.33565483116736927,0.9452251906967757
571,0.062427379967459506,0.9980533083819891
572,-0.6329380910256734,0.8184808216527105
573,0.7463320662884403,0.7569138953596819
574,0.7578174448905504,0.7504039331567933
575,0.6465102806367105,0.811405157863311
576,0.17903934093762852,0.9841002148049499
577,-0.8373073225625423,0.7043064098792063
578,-0.03391340202220938,0.9994251058966171
579,-0.37319943350607176,0.932730560103402
580,-0.916329998339894,0.6571583084823297
581,-0.2711318893635384,0.9639110593482078
582,-0.25939560246831395,0.9669165942761733
583,-0.5424820743405543,0.8631701895124205
584,-0.3120618895022773,0.9524751024911031
585,0.039875301936163954,0.9992052960922997
586,-0.4919824199456533,0.8860132702611874
587,0.17101762310798052,0.9854828905702342
588,0.15192474514707643,0.9885257727822486
589,0.23818820768839055,0.9720317493246491
590,-0.43435972054275096,0.9099786116625463
591,0.533120531356938,0.8675269073906315
592,0.6825264030134048,0.7922160409362559
593,0.3034668065495312,0.9549979822425306
594,0.8254099064056595,0.7113072840667974
595,0.9032116432289172,0.665048282145276
596,-0.0016486117393523791,0.9999986410405898
597,0.20875460515109667,0.9784464281611228
598,0.3727427214791468,0.9328894553112005
599,0.19772884527187995,0.9806414818643066
600,0.2945194723461073,0.9575562051107702
601,-0.7704588387864608,0.7431901009023567
602,-0.180135433423243,0.9839065192673632
603,-0.46066399104181244,0.8993296231964129
604,0.4625879544459359,0.8985312368588891
605,0.2596439758750331,0.9668542709546774
606,0.5705850861791963,0.8497750001154447
607,0.09242548169438392,0.9957378739171289
608,0.011741000168117521,0.9999310768328368
609,0.8750725165174424,0.6818974802978575
610,0.9297391171666896,0.6490747361875582
611,-0.7942806981778534,0.7294671712474159
612,-0.21698468980115404,0.9767337540896155
613,0.6862587740533306,0.7901949810782259
614,-0.33449615354746465,0.945592240401623
615,-0.2751146992688043,0.9628630887631318
616,0.18461197166587406,0.9831035829814064
617,-0.788767871316103,0.7326571825605691
618,-0.43513923593956916,0.9096702777001626
619,-0.9388964432799773,0.6435450377883992
620,0.8397273558332894,0.7028786523605299
621,0.12962090618687538,0.9916343983684198
622,0.014514377865607386,0.9998946719649742
623,-0.8692300134095401,0.6853809882516777
624,0.04214616633548207,0.9991122446197901
625,-0.06452709194938833,0.9979202927963594
626,-0.4565028982893935,0.9010473697889245
627,-0.3709714290218309,0.93350412180844
628,0.3663237954405727,0.9351049017955857
629,-0.7784875496878327,0.7385832665079829
630,0.7120681490870626,0.7760638164614977
631,-0.33786033172078045,0.9445234146013836
632,-0.1380479313866012,0.9905166377301515
633,0.23917322184314083,0.9718032477483162
634,0.648320242111825,0.8104549128476943
635,-0.000507219572081663,0.9999998713641611
636,0.27625443867858523,0.9625605964562269
637,-0.33150201102699994,0.9465355101992672
638,-0.45064405155176157,0.9034450131728622
639,-0.20160873477168972,0.979882080117418
640,0.28522837067123863,0.9601386174970261
641,-0.560953312777589,0.854418370838268
642,-0.8402739815905482,0.7025559884639073
643,0.4487770525016821,0.9042038724216388
644,0.6420090948206967,0.8137615932070394
645,-0.20515997508009653,0.9791745994277331
646,-0.3015740030268954,0.9555449818432744
647,-0.2845114926411414,0.9603347141431493
648,0.20839371170348908,0.9785200815772347
649,-0.4687908655914135,0.8959394576914052
650,0.6526086276356464,0.8081973457992019
651,-0.7491599120906887,0.7553150840360926
652,-0.20972335975948786,0.9782481159678463
653,0.6934958126375659,0.7862596315385965
654,0.9606877412533565,0.6303623488083311
655,0.9865082449815947,0.6147133246034224
656,-0.524075126330869,0.8716848168139043
657,-0.9178531117896755,0.656241007904465
658,-0.6640802718570318,0.8021165931135884
659,-0.6208880270598562,0.8246873195677578
660,0.6635496384552433,0.8023991823446817
661,0.08938836064279854,0.9960128304434219
662,0.3629705782488202,0.9362489924209937
663,0.04871085565207811,0.9988143297339163
664,-0.28869831711076244,0.9591830377699233
665,-0.9749952193233147,0.6216936455467441
666,0.5136280595499749,0.8764225934295006
667,0.9676776935629332,0.6261282483416184
668,0.06902440387215614,0.9976206509840154
669,0.7939924578250148,0.7296341670052928
670,-0.48901843106574683,0.8873023266632248
671,-0.7417705099292655,0.7594872498078215
672,0.7027695995503613,0.7811855674270158
673,-0.26713241085157535,0.9649491604874295
674,0.12241119617108831,0.99253574647089
675,-0.3437292549242792,0.9426361627387345
676,0.5249224472027398,0.8712975097900298
677,-0.23661902756370434,0.9723939268340605
678,0.9554560076423573,0.6335298942722822
679,-0.8034140432487749,0.7241642393118831
680,0.18975169963825023,0.9821582295125908
681,-0.2865599643926382,0.9597731672096634
682,-0.21266869226302232,0.9776397932654853
683,0.781643631136679,0.7367671475519101
684,0.7729917918406803,0.741738773464815
685,-0.8665007344195921,0.6870063378686894
686,-0.6495769518699304,0.8097942238660101
687,0.5118290387532569,0.8772313867624725
688,-0.16860269692357455,0.9858870992833788
689,-0.2699108665059675,0.9642295040858889
690,-0.6833707922620791,0.7917593218857604
691,0.9368585470322779,0.6447762197089993
692,0.665024687998242,0.8016133313825461
693,-0.9825231543031459,0.6171298185506883
694,0.023373476763332457,0.9997268775967132
695,-0.7470808704603928,0.7564907951529729
696,0.3079087069290374,0.9537021329485388
697,-0.026073633072147828,0.9996601405945057
698,0.8553383016340388,0.6936402635351722
699,-0.2579446283942035,0.9672795690356827
700,-0.17871485973202317,0.9841573358604019
701,-0.5301912839410257,0.8688790044611869
702,0.3525592555520696,0.939742841199844
703,0.8130179458676046,0.7185650152007843
704,0.8140351786187541,0.7179706156754829
705,-0.25487837283974457,0.9680403657009308
706,0.6139224637844107,0.8282415867062082
707,0.7958940266354193,0.7285320565483165
708,0.255413712745695,0.9679081502341582
709,0.8325382915883046,0.7071163885699362
710,0.4776260444919005,0.8922014606213545
711,-0.27245653983973406,0.9635640826631691
712,0.2178552375873728,0.9765489008224143
713,-0.1253457275857608,0.9921750002515974
714,-0.765731189438658,0.7458937410163428
715,0.46569861905823395,0.8972348788252514
716,0.8040873664742736,0.7237724392273507
717,-0.440016614410615,0.9077308995151764
718,0.4279749667681363,0.9124871406254106
719,0.7818184950522293,0.7366664409045799
720,-0.41135997468711927,0.9188719391411292
721,-0.9855209567206007,0.6153120274899899
722,0.4301698941765182,0.9116281804371039
723,0.9083076677575741,0.661985643620862
724,0.42257121821188304,0.9145865102320677
725,-0.2640818257350477,0.9657313342551354
726,0.6026083993145188,0.8339611658285905
727,0.9626530945583709,0.6291720751926013
728,0.9318505945431081,0.6478003284150783
729,-0.9437982955566451,0.6405823391956564
730,-0.844127334523745,0.7002796817034316
731,0.1323010637298514,0.9912863996667193
732,0.8879677679872107,0.6741899529375159
733,0.2989018365778813,0.9563119095205246
734,0.32911451339264697,0.9472822521576529
735,0.796130288441816,0.7283950563961752
736,-0.43845429629146415,0.9083540213916754
737,-0.84770339385148,0.6981645060462948
738,-0.05512745147188247,0.9984816359299896
739,-0.49074012542557255,0.8865542715214793
740,0.13607078927660576,0.9907850900779577
741,0.2260154702153323,0.974781928197038
742,0.6780240415980048,0.7946461955005412
743,-0.6574853971961567,0.8056196680091993
744,-0.9680009671106025,0.6259323779483986
745,0.4606070109993854,0.8993532282381447
746,0.26313814089565746,0.9659716040481022
747,-0.5907450356222423,0.8398853802352024
748,0.164162393665356,0.9866157309055033
749,0.8988981629554438,0.6676381434223156
750,-0.03850933823289826,0.9992587902661806
751,0.5209108032716971,0.8731271972116363
752,-0.5785173108706851,0.8459109884677152
753,-0.01808606063690199,0.9998364605793484
754,-0.8387675820806264,0.7034450405431955
755,0.5379483737268775,0.86528683453621
756,0.7812603492654162,0.7369878544326759
757,0.8326107245280683,0.7070737466226519
758,-0.08571088476113808,0.996333559982295
759,-0.3177906798627683,0.9507582469077699
760,0.9018789852708569,0.6658486729605331
761,-0.47314144197806085,0.8941055802585307
762,0.7104226551594401,0.7769726144436432
763,-0.0519817537369438,0.998649860898223
764,-0.4229900766803969,0.9144245647866334
765,-0.3457122095769891,0.9419920292823268
766,-0.6447062255983913,0.8123507624263453
767,-0.8600919180140318,0.6908178774397475
768,0.14652311390416473,0.989322897810232
769,0.8200753859919312,0.7144360281468366
770,0.8237901518017074,0.7122579761772679
771,0.3111745186208943,0.9527385182013943
772,0.4943265898461222,0.8849895971160288
773,-0.8738026687987177,0.6826550815641367
774,-0.7899550221465683,0.7319709376248487
775,-0.40621741781657006,0.9208056411195528
776,0.3390968513981536,0.9441281807950123
777,0.46549581823097497,0.8973196028837369
778,-0.18267689687073285,0.9834530063729646
779,-0.4469821622401795,0.9049310494113451
780,-0.7944407292977329,0.7293744454985268
781,-0.4939110639861013,0.8851713210833829
782,0.947788529356886,0.6381693779507294
783,-0.6995738121691821,0.7829380073759725
784,-0.26803080840783844,0.9647172197378078
785,0.1864871836469728,0.9827615767136874
786,-0.9961441321670323,0.6088693501715946
787,0.37569183449149546,0.9318604779700983
788,-0.9532201370861482,0.6348831486649579
789,-0.15036005304857203,0.9887595781901375
790,-0.36737702139806405,0.9347436691459444
791,0.2554333465591403,0.9679032962470334
792,0.7391337501838331,0.7609715169042757
793,-0.4332774963697037,0.9104059369015126
794,0.043227674487755774,0.9990661204164074
795,-0.0026898554276229003,0.999996382345433
796,-0.17591727516171596,0.9846456548020824
797,0.2328762837786671,0.9732486478825157
798,0.8755854795171083,0.6815913692922092
799,0.9047202508885486,0.6641419540174053
800,-0.8240703283283044,0.7120935733111892
801,-0.21639952627609582,0.9768576120924836
802,-0.08030716404609484,0.9967805732056123
803,-0.6605365486552253,0.8040014019750101
804,-0.02773812396770614,0.9996153722276103
805,0.45261682277185855,0.9026404350941584
806,0.7440906159353731,0.7581792661962847
807,0.012159974461389389,0.9999260702434883
808,-0.8981740174345421,0.6680726974845181
809,-0.37032369178469415,0.9337282664621599
810,-0.4502489649617034,0.903605809411036
811,0.9909875676609909,0.611996827914599
812,-0.923120337177789,0.6530669824614865
813,-0.768930846800078,0.7440646717137251
814,0.006878244455010396,0.9999763451563888
815,-0.4956934182360946,0.884391021225479
816,0.7403461216171403,0.7602893534803391
817,-0.14448226239276218,0.989616720255404
818,0.007936227129879292,0.9999685086453346
819,-0.6635620485751363,0.8023925747690238
820,0.7599065994245624,0.7492152002891815
821,0.7615907649854483,0.7482559004188014
822,0.9836591001570607,0.6164410307218671
823,-0.6222868803477248,0.8239705576432952
824,-0.6428373129148515,0.8133287330721771
825,-0.8901014143957369,0.6729123039767608
826,-0.981811693427038,0.6175612033374448
827,-0.0866205570524976,0.9962554678590785
828,0.2226853180691779,0.975510480318292
829,-0.759039802282643,0.7497085779279115
830,-0.4191946265348483,0.9158871986608105
831,0.4104993366996261,0.9191969663988208
832,-0.12414790574629553,0.9923232665436604
833,-0.28515154726228653,0.960159653658729
834,0.978530756925517,0.619550402580637
835,0.8428494769295787,0.7010348907369638
836,-0.3145520190704423,0.9517322951105149
837,0.915862965041087,0.6574395322185311
838,0.4657652738435505,0.897207026159341
839,-0.023576074106543388,0.9997221229798342
840,-0.907099827940193,0.6627118166847911
841,-0.2040096033451988,0.9794050738784712
842,0.6627005083049846,0.8028511240972456
843,-0.657614535591182,0.8055512617619367
844,-0.11599194439239158,0.9932955104718105
845,-0.9839960928217839,0.6162366880844277
846,-0.3091191868352363,0.9533460394461125
847,0.8051216980903875,0.7231703461797504
848,-0.783729466347326,0.7355653158370019
849,-0.36133854175936,0.9368025254459305
850,-0.8931531062606946,0.6710838174282138
851,-0.9087769105918324,0.6617034814455821
852,-0.939395461961354,0.6432435101828138
853,0.43210701309624366,0.9108671370040685
854,0.8584294463791537,0.6918054135454982
855,-0.713414514716161,0.7753194547333088
856,0.808866958882158,0.7209879328044134
857,0.7077442655090211,0.7784496443776552
858,-0.8689208936029089,0.685565139517196
859,-0.24364088525605787,0.9707556982087356
860,-0.37929281216823907,0.9305946219760937
861,0.017538903002407347,0.9998462052683585
862,0.38455104737691004,0.9287276442635717
863,-0.0613740481091396,0.998118385569521
864,0.6429946384775815,0.81324647137545
865,0.2976277281158728,0.9566753978443039
866,0.6336746508200899,0.8180991155660693
867,-0.0539473723838535,0.9985458987376541
868,-0.8310726939461459,0.7079789542884956
869,0.676172008075653,0.7956433134439083
870,0.04904518172278216,0.9987980080466131
871,0.2999409947888161,0.9560144029686345
872,0.10118572524533453,0.9948938056625546
873,0.24939177920874056,0.9693804433301277
874,0.959214167842718,0.631254664006257
875,0.9282102711163667,0.6499972455590077
876,0.5237502035286767,0.8718332173720238
877,0.924317663578395,0.6523450941304333
878,-0.20324144330992877,0.9795582814531375
879,0.9768425055571606,0.6205738649967842
880,-0.23147020782240757,0.973566419902149
881,0.5676775298238383,0.8511823560507341
882,-0.1325293393945881,0.9912564363388795
883,-0.41318867653365676,0.9181794380219693
884,0.5845826535872394,0.8429324628460458
885,0.18382779024510976,0.9832456141612297
886,0.8891930015279077,0.673456349285692
887,0.10733390312456503,0.9942562752429558
888,0.8707771127171136,0.6844590984027416
889,-0.9783260675122738,0.6196744948051064
890,-0.3099908244589076,0.9530888425183824
891,-0.6912540036030015,0.7874809896122965
892,-0.13077659831291366,0.9914851986902596
893,-0.3322360379306879,0.9463049614809488
894,0.49319633451082034,0.8854836268771974
895,-0.19905093099138127,0.9803843046705745
896,-0.5374919514944028,0.8654992257285836
897,0.06238446461852676,0.9980559813439243
898,0.07792814007028004,0.9969682076852605
899,-0.3570430501184163,0.9382490346801787
900,-0.9897634650083591,0.61273921461724
901,-0.624953418924336,0.8226015096971239
902,-0.6790494259277244,0.7940935040142763
903,-0.14950796694646806,0.9888859069067449
904,0.2995565776481357,0.956124569489494
905,-0.742044654686568,0.7593327933477986
906,-0.20263735502506153,0.9796783761099512
907,0.6523396260388852,0.80833921028431
908,-0.47080342281292453,0.8950927529766609
909,0.5656739718349413,0.8521493098483681
910,-0.689142332249904,0.788629557667691
911,-0.29086885783660765,0.9585799137319455
912,-0.061837794303219784,0.9980898702221707
913,-0.8975230056159351,0.6684633067981975
914,-0.6261066455338566,0.8220083171491521
915,0.9051624632044923,0.6638762333762437
916,-0.4115217633461308,0.9188107751187696
917,-0.21212295207089182,0.977753120932997
918,-0.6488715314888762,0.8101651751320675
919,0.5326050186922959,0.8677652476053511
920,0.07924435887376768,0.9968650899177725
921,0.31861074780820653,0.9505101825179042
922,-0.11572322701151028,0.9933264351696645
923,-0.02070760804113747,0.9997856204671841
924,-0.44628067520029124,0.9052146142951076
925,0.10770470053621573,0.9942166371444059
926,0.5204246257395793,0.8733482459391105
927,-0.5739230809631739,0.8481533252712745
928,0.5752113227000712,0.8475257701940739
929,-0.567597952260142,0.8512208058718358
930,-0.6093333133957755,0.8305696042330003
931,-0.4119531952948561,0.9186475750975216
932,0.7014426412766233,0.7819137102293293
933,0.026800146720651563,0.9996409405451564
934,-0.16990392924717557,0.9856699935052122
935,0.46254468321995157,0.8985492218709378
936,-0.8164640704499551,0.7165503305519014
937,0.3930320547174968,0.9256703529801802
938,0.2457160631797526,0.9702629207896704
939,0.0019557976808224353,0.9999980874295448
940,-0.2485372746045551,0.96958669255739
941,-0.25644333599426705,0.9676531303991082
942,-0.594609340300357,0.8379640042433084
943,-0.08002052042785857,0.9968034779451098
944,-0.9374587238296193,0.6444136602888308
945,0.6658159927756471,0.8011913527532026
946,-0.9852795481548664,0.6154584178255234
947,0.2911556809436757,0.9584999053227775
948,0.39108523041496923,0.9263771584435263
949,-0.31111559941095224,0.952755984365163
950,-0.902873656279972,0.6652512969208785
951,-0.6473039941396572,0.8109886415802322
952,-0.9289712273659485,0.649538108734314
953,-0.6957115871579158,0.7850504417538146
954,-0.27030680770399984,0.9641263879383903
955,-0.23201151357812155,0.9734443007986971
956,-0.6817386666491814,0.7926418451720318
957,-0.735034570043438,0.763274224250856
958,-0.061429406384365226,0.9981149928773546
959,0.31535291828803547,0.9514922554966473
960,-0.7450959064021778,0.7576119567206083
961,0.23892676574652238,0.9718605035423711
962,-0.25239163810029375,0.9686511235936849
963,-0.21179811060269738,0.9778204450438722
964,0.9772065215219747,0.6203531955804098
965,0.11363827780863955,0.9935639714367389
966,-0.8992102574809147,0.6674508371836936
967,0.4829615298527321,0.8899180317462596
968,0.9696189780591136,0.6249519693078622
969,-0.9358692720423603,0.6453737664351311
970,0.3813701160594465,0.9298596830010846
971,-0.4980946733534364,0.883336422230361
972,0.9458669557175778,0.6393315197055661
973,0.3128845078584699,0.9522303038594658
974,0.6343015472421092,0.8177740308746125
975,0.0996561722766236,0.9950466322524076
976,0.9501569363105917,0.6367366687041135
977,-0.09042871765567084,0.9959196707690021
978,0.21030681091727832,0.9781282551022448
979,-0.3750767960205874,0.932075646836705
980,0.30808605250224463,0.9536500412801654
981,0.1151285614811639,0.9933946192381665
982,-0.08906758238974688,0.9960413391219063
983,-0.7818686703225934,0.7366375426265859
984,0.9344062308231165,0.6462573356634909
985,0.938125311874261,0.6440109496954826
986,0.815093534144117,0.717351920876466
987,-0.8454274114835767,0.6995110038040164
988,-0.9270035756378401,0.6507252202272822
989,-0.4363820243462504,0.909177771620503
990,0.5682748095632404,0.8508936493609534
991,-0.39390895227304634,0.925351020955833
992,0.2172404120929463,0.9766795268299377
993,-0.030114866413049945,0.9995466502045496
994,-0.1363018794776727,0.9907539092466646
995,0.4829991486048415,0.889901862867725
996,0.6294337125263461,0.8202932348014079
997,0.03419791043623244,0.9994154223930056
998,-0.5765709143891207,0.8468624369179358
999,-0.20907463453098418,0.9783810125780131
