,data,labels
0,-0.8782865930924992,0.6799787918168322
1,0.3907571710219946,0.9264959696449764
2,-0.13045528599316802,0.9915268107212845
3,0.9213007018838024,0.6541638055755012
4,0.38822430394607466,0.9274104351056094
5,-0.3382859028361147,0.9443875318698077
6,-0.37072427144342623,0.9335896887167708
7,0.10379252816446649,0.9946280364287096
8,-0.21589530802530854,0.9769640811826752
9,0.8382046770044704,0.7037771365968825
10,0.138562107231345,0.9904462015258049
11,0.054789760248995734,0.9985001669613915
12,-0.6753154466090359,0.7961039778614915
13,0.8143119108885957,0.7178088693072414
14,0.4726983293227309,0.8942929657838011
15,-0.7181521879082557,0.7726946850352444
16,0.5761677937281435,0.8470592252128336
17,0.13398868409345255,0.9910636846175193
18,0.7497339877035019,0.7549901877622944
19,0.08804724841049771,0.9961313436309783
20,0.5469578503757802,0.8610683054178733
21,-0.9592321128616361,0.631243798138134
22,-0.032355286376607895,0.9994767046885201
23,0.26179549233475097,0.9663120730986217
24,0.16547883776934924,0.9864016810807891
25,0.8365096136020989,0.7047767684381194
26,0.6024664006909164,0.8340325221660664
27,-0.2525651353326588,0.9686086934373044
28,-0.8835976571230741,0.676804778802473
29,-0.3453200634891753,0.9421196710681756
30,-0.8255200471457949,0.711242616852075
31,-0.5041047067945277,0.8806801452514159
32,-0.5045598613352074,0.880478009092032
33,-0.6757995341011542,0.7958436713946102
34,-0.8108343737745778,0.7198400885706084
35,-0.07072312638415656,0.9975022442930802
36,-0.29347924824498817,0.9578490947323749
37,0.46991130403385517,0.8954684258104864
38,-0.8915746954923534,0.6720297162536488
39,-0.18254371554519344,0.9834769245188876
40,-0.47271633172530225,0.8942853555013921
41,-0.34306431410743476,0.9428514274780577
42,0.4017624453491917,0.9224643661930871
43,0.5727569396756313,0.8487205863450545
44,-0.6193524898102916,0.825472975475017
45,0.34212568978058866,0.9431546670822575
46,-0.2581301765215178,0.9672332583879957
47,0.5309499667287272,0.8685293208085862
48,0.602208326182043,0.834162180863546
49,0.6690189492711147,0.799480468026828
50,-0.515892156100924,0.8754017471794364
51,0.7611776779105492,0.7484912773670078
52,-0.19157480378427527,0.9818168916566306
53,0.27082431142876606,0.9639914016800233
54,0.5044946922655269,0.8805069593091663
55,-0.021986312581412593,0.9997583302363793
56,0.9787157372665143,0.6194382579619304
57,-0.04267527587217024,0.9990898248755028
58,0.8478570167111281,0.6980735841253766
59,0.15149730705117648,0.9885898778628225
60,0.7009928434262427,0.7821603695842319
61,0.6811571272984815,0.7929560224803147
62,-0.7172618886568998,0.7731885746534772
63,-0.53835289394057,0.8650984883158183
64,-0.39516784809300676,0.9248915291929486
65,-0.5897657513800882,0.8403709976752517
66,0.9939116269046209,0.61022339896515
67,-0.3083901333762198,0.9535606605099252
68,0.37868671386919006,0.9308084088139551
69,-0.2861383482299702,0.9598890470743523
70,0.3250070100338036,0.9485556893232348
71,-0.91010911998642,0.6609022677926902
72,0.7863342804010391,0.7340627230537297
73,0.9860425090348406,0.6149957542783663
74,0.6949625841311926,0.785459410034085
75,-0.1868900034715757,0.9826876739876277
76,-0.6629241853693468,0.8027321054880734
77,-0.2668830009824479,0.9650134227960289
78,-0.748389012700309,0.7557512002508311
79,0.6573503201687998,0.8056912118638785
80,-0.6430034720971305,0.813241852141272
81,0.39535521586849476,0.9248230349341322
82,-0.9114142760615516,0.6601171291459265
83,0.19279713238449347,0.9815862758139166
84,0.3621031695093082,0.9365434587417145
85,-0.9529181098423003,0.6350659278882197
86,-0.6874134577367215,0.7895685429026903
87,0.45533178271041264,0.9015285961828634
88,-0.17340444140137312,0.985077904426868
89,-0.8839874257473406,0.6765716768961267
90,0.07387017165266996,0.9972753175735585
91,-0.34274040854644006,0.9429561538989305
92,-0.5217738575897406,0.8727344248373414
93,-0.5569788016906385,0.8563186711259881
94,-0.4445661346261396,0.9059061875705889
95,-0.4544736461821064,0.9018805933712144
96,-0.5094830451183903,0.878282936050548
97,0.9169229125760987,0.6568012525453295
98,-0.11549809726941085,0.9933522892091398
99,-0.6273914511582697,0.8213466608097496
100,0.9951375614616906,0.6094798544958236
101,-0.37562740251610127,0.9318830334518974
102,-0.21564413478941447,0.9770170297516241
103,0.6928592666954596,0.7866066367779277
104,0.20206556579230583,0.9797917337936187
105,-0.4074345601846272,0.9203498031251783
106,-0.29429401119813337,0.9576197671985162
107,-0.048057784060795194,0.998845891192009
108,0.07884390937875319,0.9968966443708795
109,-0.6362853912968418,0.8167440205233213
110,-0.7084289848516756,0.7780723118588162
111,-0.8158616008057586,0.71690275454202
112,0.6886277103798439,0.788909188474051
113,0.8507004886815608,0.6963898398534029
114,-0.3269802313940535,0.9479457198948669
115,0.8912331853917976,0.672234329000806
116,0.08129817336178302,0.9967007580033415
117,-0.9669476581571419,0.6265705590486763
118,-0.41427006236462693,0.9177687354328619
119,0.22323227871358098,0.9753915243730017
120,0.2982743243148689,0.9564911082538482
121,-0.6863866688945246,0.7901256230703917
122,0.21285620392708804,0.977600790673112
123,-0.36374645388133486,0.9359850813542843
124,0.9134771393510206,0.6588757918023896
125,-0.9360910315089006,0.6452398249701896
126,0.9136958335046512,0.658744164189036
127,-0.6535803811580856,0.8076845885982081
128,0.033528720951641944,0.9994380703772947
129,-0.28262764696026443,0.9608478632550687
130,-0.16851417465823437,0.985901809986652
131,0.7010778026732591,0.7821137859432263
132,0.9404063864795829,0.6426326104862907
133,-0.5294616456513694,0.8692149620959639
134,0.6277587755322271,0.8211573428133695
135,0.19065535396314837,0.9819894323917808
136,-0.3154564491620382,0.9514611858591899
137,-0.7029392617377341,0.7810924183050257
138,-0.34259167297676973,0.9430042144199124
139,0.2505645730509103,0.9690962889428728
140,-0.8550524862330038,0.6938098293700277
141,-0.5793987191454191,0.8454794315770753
142,0.0049413018695740885,0.999987791842437
143,-0.13546672740880172,0.9908663503999394
144,0.879369684719634,0.6793318609924417
145,0.9255053471864094,0.6516288850379833
146,-0.5348081720662379,0.8667454963462745
147,-0.6198504144345185,0.8252183441091878
148,0.5687641476019947,0.8506569651977384
149,0.47474844838312547,0.8934248595966626
150,-0.15642506919287502,0.9878401348721206
151,-0.01790900169099352,0.9998396466871831
152,0.6234637645709542,0.8233667655952482
153,-0.8266905442150609,0.7105552104801011
154,-0.40636980468718975,0.9207486322970612
155,0.8567446248158637,0.692805712615743
156,-0.8498795732084168,0.6968761009624574
157,-0.9390507373792443,0.6434518089696974
158,-0.2430537821969232,0.9708943999483731
159,0.7620391950164327,0.7480003243605564
160,0.4635039076015426,0.8981502250641519
161,-0.7712712447822603,0.7427248198094945
162,0.21633439660111997,0.9768713779789064
163,0.9052480395511342,0.663824808754369
164,-0.2295940848407838,0.973987584932279
165,0.2600976255637415,0.9667402949254943
166,0.844963433392883,0.699785372347551
167,0.09962190441994911,0.9950500297616337
168,-0.3581427929714107,0.9378801311633906
169,-0.7712002246076151,0.7427655024104701
170,0.09492707168196213,0.9955045604047358
171,-0.8230835407041643,0.7126725237960435
172,0.14017907462782753,0.9902230219948661
173,-0.9253611435959253,0.6517158512345947
174,-0.2911462697673812,0.9585025316862376
175,-0.580419066668054,0.844979302104449
176,0.22292092492448257,0.9754592732709714
177,-0.8776001574242136,0.6803887056612147
178,-0.4819118153987596,0.8903688188362285
179,-0.041259680743236826,0.999149181523954
180,0.2691070630970862,0.9644384098954626
181,0.43699326435960484,0.9089351254005894
182,0.8557713662910726,0.6933833100970961
183,0.6410051328040529,0.8142858641747505
184,0.9068711669460559,0.6628492722031819
185,-0.15066263285949288,0.9887145494296428
186,-0.04774836916706526,0.9988606961209727
187,0.08419883731115618,0.9964615530084183
188,-0.34530367849875954,0.9421250015320043
189,0.17443638121339777,0.9849011230437656
190,-0.9483995978827904,0.6377997613187405
191,0.3242011373927449,0.9488038540289694
192,-0.933713077810594,0.6466758880410395
193,-0.9880107972371721,0.6138021293175612
194,-0.7898582315463187,0.7320269029950304
195,-0.047547688722511694,0.9988702473002125
196,0.19796375478651007,0.9805959066511488
197,0.6093055491541117,0.8305836553403249
198,-0.9606308149396328,0.6303968222452484
199,0.18149961370034884,0.9836638512402451
200,0.5796166681168684,0.8453726516424598
201,0.6976239879601827,0.7840052091822136
202,0.8641804298476545,0.6883871318445572
203,0.2507688188863335,0.9690466747809415
204,0.7725970632153658,0.7419650710016792
205,-0.7033766032818007,0.7808522535567792
206,-0.2081902374037088,0.9785615541564772
207,0.7240839117802782,0.7693965631089767
208,-0.5747770920043342,0.8477374069621895
209,-0.5588418743993588,0.855429052356498
210,-0.3053056410740054,0.9544636042540311
211,0.3577318280279189,0.938018103184309
212,0.8265179185416442,0.7106566090486633
213,-0.31092123105403635,0.9528135822426733
214,0.8784941903999097,0.6798548079823137
215,0.5495846454857729,0.8598290906584514
216,-0.8218634085725081,0.7133880684006942
217,-0.06462322048898828,0.9979140982099387
218,-0.08085042448962532,0.9967369398204199
219,-0.041948597597236015,0.9991205445276621
220,0.8743532322598344,0.6823266428198815
221,0.33659106353687474,0.944927785350921
222,0.024333446611262355,0.9997039855089459
223,-0.6933903938831931,0.7863171107188756
224,-0.9667928403631323,0.6266643566131195
225,0.6804101277032455,0.7933593789292314
226,-0.3182542829173367,0.9506180810636409
227,0.9117967143031158,0.6598870307734135
228,0.8882935717961784,0.6739949000113438
229,0.8808856225480888,0.6784260880333646
230,-0.6065576673965054,0.8319723249971469
231,-0.6039290118321479,0.8332970267306558
232,-0.36989892303957705,0.9338750710242336
233,0.5337196123706747,0.8672497231892173
234,0.4967568711110024,0.883924440541691
235,0.21795332899950481,0.9765280277630638
236,0.7122311128138654,0.7759737559444432
237,0.9883317308513655,0.613607500585024
238,-0.45545619144837945,0.9014775215350014
239,-0.1712940691680016,0.9854362631962729
240,0.5135614384598954,0.876452581830127
241,-0.5692193666889049,0.8504366600438773
242,-0.14846758413091177,0.9890392003759536
243,-0.7165436450014282,0.7735868003669572
244,0.7239242671898265,0.7694854976702957
245,0.6883941080821832,0.7890360850419904
246,0.09915981965803944,0.9950957304765983
247,-0.8295804983939068,0.7088566906971372
248,0.1961603200611437,0.980944461112906
249,-0.868969773979422,0.6855360211847108
250,-0.7216626352802316,0.7707443986996066
251,-0.8593343495546295,0.6912679478364907
252,0.8087272565513055,0.7210694024399636
253,0.8041171914998153,0.7237550816563257
254,-0.5130682601109133,0.8766744889455905
255,-0.5770116058850265,0.8466472028489366
256,0.21903354879482362,0.9762975738991586
257,-0.05001032206925493,0.9987502654127715
258,0.3940734088666715,0.925291065290128
259,-0.792935247128113,0.7302464835956426
260,-0.028409809527322194,0.9995965227801453
261,0.6864463693696758,0.790093244865907
262,-0.5385633613224194,0.8650004540998666
263,0.6052325885606327,0.8326405495177264
264,0.6905316549447051,0.787874092296453
265,0.6420681912519892,0.8137307178937181
266,-0.3318774421858277,0.9464176486337015
267,0.41176427059863774,0.9187190581091002
268,0.5011090343239919,0.882007136145148
269,-0.45394455668141465,0.9020973568952563
270,0.9553158204349941,0.6336147504400317
271,0.35885214113148445,0.9376416590204507
272,-0.3533702911774095,0.9394738623323006
273,-0.3604364525096919,0.937107553715669
274,-0.6970339274342419,0.7843278672750902
275,-0.45226779238001824,0.9027829878211114
276,0.46468178583448605,0.8976593900265727
277,-0.37190502930480607,0.9331804621915789
278,0.9484081176478922,0.6377946078039041
279,-0.16147275888923995,0.9870478841014892
280,-0.8899332567702878,0.6730130217233601
281,-0.09357431624055801,0.9956314934753583
282,0.649609277294741,0.8097772196830647
283,-0.2554556769282599,0.9678977751776054
284,-0.4888412537242943,0.8873791945882501
285,0.13315804762450023,0.9911736501344421
286,0.773862811666703,0.7412392541987705
287,-0.8973961969807982,0.6685393860130812
288,0.7319348872467921,0.7650115558491809
289,0.05603419983944824,0.9984313158973226
290,-0.5004634926496356,0.8822923160973546
291,0.3104173921869424,0.9529627352282899
292,-0.929192494261702,0.6494045936232888
293,-0.40571362078546636,0.9209939874381987
294,-0.5472550498318534,0.8609283073179553
295,0.20705653825387116,0.9787919174913414
296,-0.4385963796221213,0.9082974262131153
297,-0.3110660194412702,0.9527706796656992
298,0.886810829821508,0.6748824685450606
299,0.30918896800837925,0.9533254730059024
