,data,labels
0,0.4520959734779433,0.9028531308208679
1,0.016744246532776508,0.9998598249294682
2,0.5051772048658891,0.8802036268250005
3,0.10901798439759602,0.994075161034816
4,-0.24910251452614696,0.9694503366255733
5,0.06198850843635406,0.9980805569024627
6,0.26063972170365,0.9666038541379295
7,0.09006355152870826,0.9959524916746831
8,0.9801913607755259,0.6185436276093702
9,0.055784114424220155,0.9984452761262524
10,-0.7134616615522757,0.7752933762564328
11,0.1023008215491692,0.9947809378330631
12,-0.9543917499553378,0.6341740685275319
13,-0.5810239725818147,0.8446825283140827
14,0.11554231501771306,0.9933472151354952
15,-0.05245515775844467,0.9986251741524254
16,-0.30003253353806536,0.9559881507785699
17,-0.17307720738818988,0.9851337503620995
18,0.8175382890063179,0.7159217347563341
19,0.2464511077272742,0.9700874331779255
20,0.43485625516098003,0.909782261365551
21,0.8877285441468623,0.6743331623466622
22,-0.7706938945202584,0.7430555002638224
23,0.9146557781974787,0.6581663314154262
24,-0.35273272624096674,0.939685355371141
25,-0.14144598745521075,0.9900463847348168
26,-0.582263626898706,0.8440737002693005
27,-0.1563261703144505,0.9878554123068077
28,-0.7337847462631815,0.7639751420534009
29,-0.3978942371786962,0.9238921711959946
30,0.7768548275386031,0.7395216567937001
31,-0.44003589965879475,0.9077231965293113
32,-0.8844144046722044,0.6763162955132084
33,-0.019025491529924166,0.9998190317127587
34,0.76948211648069,0.7437492252587102
35,0.2825380344935946,0.9608721950611191
36,0.5004509793262304,0.8822978413672723
37,-0.08700287723813527,0.996222402816521
38,-0.6279299546465789,0.8210690946208208
39,-0.8433915291545824,0.7007145802337654
40,-0.08153666096518952,0.9966814052080635
41,-0.7537255824400566,0.7527281591310765
42,0.8471691289193857,0.6984806754183117
43,0.5247008724355744,0.8713988345307013
44,0.23194831536001925,0.9734585722949453
45,-0.9354255138996994,0.645641782001012
46,-0.3178025048692812,0.950754674015596
47,0.46782817018092837,0.8963434735863547
48,0.8521880741852523,0.6955083535106934
49,-0.5962826010951887,0.8371295259850541
50,0.7605089908087623,0.7488721812604491
51,0.7050842653309712,0.779913774744322
52,0.48203492301720563,0.8903159907314578
53,0.3303195430225394,0.9469059538810243
54,0.11997249732554827,0.9928291341776967
55,-0.8888831856904948,0.6736418703591
56,0.18446757114295886,0.9831297807203189
57,0.5011615807910759,0.8819839106541013
58,0.8346933192596608,0.7058472189872348
59,0.5120582409748657,0.877128459681263
60,0.7088637400085467,0.7778326343033279
61,0.25769933113062016,0.967340744657185
62,-0.5440448303308094,0.862437679184798
63,0.7604362124178057,0.7489136294664434
64,0.27325760876994387,0.9633534924198512
65,0.004550149503179668,0.9999896481233304
66,0.7078324307133141,0.7784010688416871
67,-0.503103362710265,0.8811243674431529
68,-0.1689440408059577,0.9858303042031792
69,-0.7864840182194206,0.7339762884471924
70,-0.4758851702806084,0.8929422698261433
71,-0.674381902843687,0.7966056820032136
72,-0.6801942939727783,0.7934758781563849
73,-0.37843906603251876,0.9308956764542158
74,0.5566425147841039,0.8564790302120823
75,0.8811383781861359,0.6782750324222844
76,-0.7334721693459609,0.7641503533474406
77,-0.6774960411731255,0.7949306165609032
78,-0.8196193503421456,0.7147031911630386
79,0.5276450818945766,0.8700499403987776
80,0.9819968029529893,0.6174489657186202
81,0.5473821757764605,0.8608684073914538
82,0.7474240647455674,0.7562968158625134
83,0.2703968661070353,0.9641029142006091
84,0.9809244255382978,0.6180991705153568
85,-0.12390892834885237,0.9923526794295822
86,-0.524547138207007,0.8714691180047422
87,-0.005541864100161886,0.9999846439890524
88,0.131859076729965,0.9913442703501469
89,-0.5199170515131009,0.8735788624243567
90,0.3151537645816176,0.9515519957394037
91,-0.9532545927217886,0.6348622966517369
92,-0.9583365692372003,0.6317860377820983
93,-0.4967379732028343,0.8839327384099808
94,-0.6598662884396351,0.8043572567467385
95,-0.2259894733708423,0.97478765539995
96,-0.4642005205719,0.8978600567346628
97,0.7776071827905691,0.7390893450837464
98,0.38704310356836036,0.9278351686050416
99,-0.22735060485932634,0.9744869527695399
100,-0.41067252338105176,0.9191316064512908
101,-0.6709511988316583,0.7984461475586597
102,-0.08345615759310099,0.9965235916287087
103,-0.041736646516268516,0.9991294053563998
104,0.09419643760244534,0.9955733422312345
105,-0.5653082474794249,0.8523255643716563
106,0.02221609879103359,0.9997532529243218
107,0.9649323680127391,0.6277914601919592
108,0.4450837348488379,0.9056976343941545
109,0.38868129591773526,0.9272458159925169
110,0.40443406681596716,0.9214714751063877
111,-0.9709379606375848,0.6241526795950109
112,0.054081587356942906,0.9985386597535143
113,0.26838227554643757,0.9646262841970769
114,-0.6384559655974911,0.8156148687505319
115,0.2697797142792653,0.9642636295535999
116,0.02753732566668665,0.9996209197166573
117,0.1420388714656513,0.9899631878808118
118,-0.3414763357887671,0.9433640233535237
119,0.7204323690867165,0.7714284142663203
120,-0.9621919116596116,0.6294513969640304
121,-0.5821797707628005,0.8441149113690195
122,0.1960178095708318,0.9809718737424485
123,0.7500350073131181,0.7548197831069337
124,0.34566999465764114,0.9420057761756332
125,0.3647714764788972,0.9356356744025
126,0.9294877732009594,0.6492264119906257
127,0.578072214046552,0.8461287515802076
128,-0.09243795289567758,0.9957367260963381
129,-0.9403640726561027,0.6426581821785808
130,-0.4405384153666949,0.9075223838871801
131,-0.8720043397965429,0.6837275329827086
132,0.1421713179809232,0.9899445556376545
133,-0.4896691704444227,0.8870198232795334
134,-0.0190685571109106,0.9998182115903697
135,-0.45426934603763613,0.901964317175213
136,0.45909733130656316,0.8999778025400218
137,-0.8594153098061981,0.6912198544021801
138,0.6226819291060446,0.8237679585617608
139,-0.5748948382430463,0.8476800299902264
140,-0.7847629235675606,0.7349693927869163
141,0.1457275756505756,0.9894379116017753
142,0.07195092105810574,0.9974148796728409
143,-0.4939943587921447,0.8851349026134694
144,-0.6834256614992102,0.7917296334160455
145,-0.9711712638430641,0.6240112937255968
146,0.00763540323987022,0.9999708507335304
147,0.7308419427059449,0.7656233253042898
148,0.4201389356745522,0.9155243088917621
149,-0.0482289058149028,0.9988376623602503
150,-0.12492870132332956,0.9922267787559022
151,0.44072909666140636,0.9074461365014986
152,-0.19180670329907423,0.9817732479275303
153,-0.7474878289304758,0.756260770920052
154,-0.778824774820909,0.7383893529808864
155,0.8844970132124015,0.6762668832184534
156,0.07440019349513305,0.9972361321390377
157,-0.2155770941467079,0.9770311523165144
158,0.845128093409208,0.6996880073116295
159,-0.2500335030591143,0.9692251158967982
160,0.14290038955077344,0.9898416870941722
161,-0.2582635934865132,0.9671999398607348
162,0.031590764346729916,0.9995011362779
163,0.6053069416122838,0.8326030784936138
164,-0.8571664933859666,0.6925552929508029
165,-0.7412075303151313,0.759804358780476
166,-0.7253652075902399,0.7686824434275192
167,0.035879636692303096,0.9993565329491889
168,-0.6583361676316382,0.8051688638485853
169,-0.22208860066642822,0.975639941264401
170,0.059842217481290705,0.9982110565737127
171,0.587130734154635,0.8416750635508599
172,-0.16305109110033755,0.9867951303241695
173,0.3007426138753182,0.9557842609115377
174,-0.11326289809749301,0.9936062852952156
175,0.06979477572877846,0.9975673084422451
176,-0.2780203816378446,0.9620896260317008
177,-0.3010440889371171,0.9556975638932355
178,0.011451456180252118,0.9999344342252052
179,-0.5385092645177516,0.865025654606252
180,-0.4720360888686914,0.8945727628739033
181,0.9161751953384465,0.6572515255417393
182,0.5969595203394433,0.8367915075352285
183,-0.35387661692457484,0.9393056658546587
184,-0.48851010606425604,0.8875228052880844
185,-0.27232409794703716,0.9635988447214644
186,0.5368691239724024,0.8657888449633715
187,0.4321361627624638,0.9108556636116483
188,0.5813410765874161,0.844526871632444
189,-0.3095175729863895,0.953228567606989
190,0.17293198546627342,0.9851585012324652
191,-0.01995010919491591,0.9998010163714243
192,0.6578159731817828,0.8054445424919523
193,0.713160725417274,0.7754598194597654
194,-0.7114387794016515,0.776411536822186
195,0.5131016366079213,0.8766594760425886
196,-0.08899211904606363,0.9960480310383845
197,0.7616301444275104,0.7482334592179245
198,0.023810247159861797,0.9997165762371985
199,0.31435142353831913,0.9517923300028038
200,-0.6619011437593607,0.8032762819114375
201,-0.0003129681127063133,0.9999999510254814
202,0.35454321529622423,0.9390839071711748
203,0.8865535477509419,0.6750364453102949
204,0.5473543515621608,0.8608815185962277
205,0.9255135753541819,0.6516239227418863
206,-0.5975117838859243,0.8365155528661853
207,0.38253765365918757,0.9294451086850676
208,-0.5447425263514538,0.8621101691832721
209,-0.2067387866885979,0.9788562673997174
210,0.37364728721497387,0.9325745841858115
211,-0.47900155214584217,0.8916146526670974
212,0.05422059592141437,0.9985311433164792
213,0.5290961816778268,0.8693831126727394
214,0.4184336246164184,0.9161791552438168
215,-0.10162547947213851,0.994849440812789
216,0.726024846010682,0.7683145660274824
217,0.36366173910237154,0.9360139205398709
218,-0.2749326915920596,0.9629112874523342
219,0.18943163781974048,0.9822178297176987
220,0.9827816128037556,0.6169731029921356
221,0.366689086661262,0.9349797168491323
222,-0.09615254137084261,0.9953880124218535
223,-0.1734967343065188,0.9850621351712009
224,0.5737237952121466,0.8482503212505588
225,-0.6640856022080608,0.8021137537901741
226,-0.3630699794607988,0.9362152088079998
227,-0.6453638218367947,0.8120062585567994
228,-0.8726673733772135,0.6833321875477817
229,0.6158173599880146,0.8272771522375421
230,0.4245221675113642,0.9138310829775382
231,-0.8163235019056194,0.7166325660748648
232,-0.3728140635231987,0.9328646456582743
233,0.5458830761371607,0.86157414095762
234,0.6413672565081534,0.8140968181304034
235,0.6074492286595201,0.8315221993920032
236,-0.3794814990562947,0.9305280073891588
237,0.23044952933782792,0.9737959513838144
238,0.11703728916017453,0.993174536487181
239,-0.0651190237225805,0.9978820025034971
240,0.13793698812352173,0.990531801996036
241,0.3300570580457436,0.9469880252731663
242,-0.9204128210581759,0.6546988758489564
243,0.17920744889430673,0.9840705819586043
244,0.7637951757002202,0.7469989233032533
245,0.8146589732953986,0.7176059897261322
246,-0.6185826938072398,0.8258663895490881
247,-0.4050707300707519,0.9212340508118649
248,-0.051520688567792794,0.998673689652797
249,-0.2825582122609036,0.9608667169615093
250,0.015916483735777698,0.9998733407946989
251,-0.7576893817863473,0.7504767560786393
252,-0.6073166739732059,0.8315891491505336
253,0.8969336278392064,0.6688168879731664
254,-0.7079089971741979,0.7783588813045228
255,0.9001580994211187,0.6668819054926334
256,0.2788441381233082,0.9618689860936324
257,-0.24557192616059642,0.9702972749082917
258,-0.8399706497526287,0.7027350477280435
259,-0.5380834046207281,0.8652239747984496
260,0.9694789460089308,0.6250368235025098
261,0.7414639294960588,0.7596599505081921
262,-0.8618949019065381,0.6897463132398892
263,0.6240424481566622,0.8230696203124016
264,-0.8810659825004465,0.6783182996076331
265,-0.7541266693427955,0.7525005761534087
266,0.9929535602337238,0.6108044706125786
267,0.020646187013368955,0.9997868901920264
268,-0.41402477768580215,0.9178619708031304
269,0.38665109163320044,0.9279758842524084
270,-0.7959578743283051,0.7284950349209887
271,-0.796136384612584,0.728391521237846
272,-0.4211224396470292,0.9151456421841603
273,0.8778452775821108,0.6802423374569438
274,-0.8732303893300826,0.6829964231291887
275,-0.7477732735623581,0.7560993967011174
276,0.6216257878672127,0.824309419818064
277,-0.09208001554454026,0.995769608789884
278,-0.6059071631717277,0.8323004835986357
279,-0.2812453070419394,0.9612224094408622
280,0.6743511198262544,0.7966222189409482
281,0.5836518089470377,0.8433909087250544
282,-0.5768940062839454,0.8467046493192903
283,-0.2726505821773808,0.9635131240644046
284,-0.6110954950473793,0.8296769655895532
285,-0.7041999585345267,0.7803999059096487
286,0.536066836644947,0.8661615619514037
287,-0.2863904714636645,0.9598197706299105
288,0.0015248946521411177,0.9999988373488258
289,-0.6884567166973132,0.789002077245199
290,0.9571159582650031,0.6325250345909679
291,-0.37603243358969074,0.9317411904078958
292,0.4442727738312464,0.9060243030106567
293,0.6575992449335855,0.8055593618153736
294,0.1258208812534103,0.9921157975787138
295,0.9408869854040831,0.6423421587870655
296,-0.2882217101715734,0.9593149172800232
297,0.016361368300243928,0.9998661617708069
298,-0.8706247540613681,0.684549903964599
299,0.9709960952338168,0.6241174491827697
300,-0.4810739589296684,0.8907280856070053
301,0.3007380224869034,0.9557855806742788
302,-0.5110564226105847,0.8775780922842172
303,0.9738851988912844,0.6223664633825766
304,-0.9663162847251838,0.6269530753747503
305,0.41013843472874756,0.9193330956637493
306,-0.7150259957079379,0.7744276123056124
307,0.9132509622701357,0.6590119177510638
308,0.3835751200295481,0.9290758130378345
309,-0.05750492703138543,0.9983479578100626
310,0.06370890377586313,0.9979726456544776
311,0.4695249848217642,0.8956309332789161
312,0.15383300340159511,0.9882374298735422
313,0.09802675959491713,0.9952069009386538
314,0.8333829307010259,0.706619071013451
315,0.9250517981313691,0.6519024044975602
316,0.8640820189834859,0.6884456747069935
317,0.627208727996095,0.8214408108127095
318,-0.11334562573916451,0.9935969718752944
319,0.5791941025872773,0.8455796552695526
320,-0.0943013800172523,0.9955634953546273
321,0.9987630936030882,0.6072808809828395
322,0.22083833650792872,0.9759101215006999
323,-0.31850126056460026,0.9505433348179853
324,-0.8737691346412975,0.68267508479384
325,0.25719897401958813,0.9674653621461977
326,0.13184672858160895,0.9913458843979314
327,0.24677197989230715,0.9700106724397937
328,-0.9089914673746082,0.6615744570385249
329,0.7850154059822689,0.734823757810113
330,-0.13222440197220564,0.991296450859753
331,0.6399481812993346,0.8148372838646346
332,0.31352138890835435,0.9520403785456679
333,-0.43308345916630686,0.9104824625847553
334,-0.5503878264705031,0.8594493549353251
335,-0.8624956870460272,0.6893891212248293
336,0.9903000031860092,0.6124138202133816
337,-0.13765930616148903,0.9905697044893508
338,-0.8103473304630195,0.7201243323978559
339,0.762624447562938,0.7476666734851626
340,0.42420770325484614,0.9139530396831628
341,-0.6348389584985443,0.8174951968721335
342,0.45681515857420996,0.9009188927676304
343,0.9730428280688586,0.6228770241928446
344,-0.7495900566362399,0.7550716553381173
345,0.8903155358521395,0.6727840505457101
346,0.17652332525061776,0.9845405019070569
347,-0.6564249217379654,0.8061811265627306
348,0.229989355287463,0.9738991217784863
349,0.2223336507359126,0.9755868163336908
350,0.2576943655163788,0.967341982489578
351,-0.9718350610173137,0.6236090103911857
352,-0.11379983923596848,0.9935457172376834
353,-0.7671705434104064,0.7450713291663265
354,-0.8060930410439011,0.7226046715221378
355,0.06621200116890669,0.9978103861600464
356,0.9540137070233916,0.6344028751499735
357,0.9557202795272617,0.6333699259494715
358,-0.299533810788037,0.9561310899978296
359,-0.4705150468556356,0.8952142493033189
360,0.9220747936513924,0.6536972451962237
361,-0.6944190383138622,0.785756052591197
362,-0.5556194339072547,0.8569664771438333
363,-0.3090292974315345,0.9533725261497416
364,0.47894858172629684,0.8916372745643689
365,0.047533634455326323,0.9988709146947523
366,0.29143899786706173,0.9584208041015746
367,0.5728258032120093,0.8486871096975194
368,-0.6438018777027144,0.8128242000913025
369,0.6019733183730349,0.8342802198638285
370,-0.6563149872596961,0.8062393008281702
371,-0.7708770501585926,0.7429506077698824
372,-0.582516414028299,0.8439494442937149
373,0.6806508034285486,0.7932294474878485
374,0.4254794539380795,0.9134593686998397
375,-0.6213631766140097,0.8244439675290322
376,-0.7561807048049349,0.7513342679105965
377,-0.16323741242281065,0.9867651349190797
378,0.7455066933202799,0.7573800417290966
379,0.49455981911043234,0.8848875472169463
380,0.9913034304968593,0.6118052624863541
381,0.5060893747892115,0.8797977498530116
382,-0.057772238930003716,0.9983325759033163
383,-0.3613830590990519,0.936787455392134
384,0.28327416330154653,0.9606721091408821
385,0.8015923904448614,0.7252236563314282
386,0.5228818552847214,0.872229486336239
387,-0.3369546084641737,0.9448121029809785
388,-0.15358374362277338,0.9882752932510014
389,-0.9731020719647658,0.6228411172375999
390,0.15295487168375033,0.9883705545020123
391,0.6157298399330613,0.827321737505383
392,-0.622378836774703,0.8239234052124317
393,-0.6200501040291371,0.8251161903688744
394,0.6578443500940789,0.8054295072469408
395,0.4176036115021138,0.916497088772227
396,-0.22488079051123377,0.9750313204415166
397,-0.5616741090990283,0.8540727491904075
398,-0.27440103923340975,0.9630519090421529
399,-0.07346965717248755,0.9973047434810323
400,-0.6884488295461444,0.7890063614837431
401,0.930143978250455,0.6488304074013226
402,-0.2954911640636182,0.9572817569172964
403,0.2251567236901244,0.9749707824888176
404,-0.5933795920623406,0.8385763301005527
405,0.45627708002688716,0.9011402375924964
406,0.9131192782686788,0.6590911699320082
407,0.7795434841228692,0.7379759656224618
408,0.13577957213127156,0.9908243098366616
409,-0.14568684528037545,0.9894437836449057
410,0.5423133358558727,0.8632491933696262
411,0.2623920647473139,0.9661609943664302
412,-0.32719196023071495,0.9478800735535953
413,0.9997633926840206,0.606674169301409
414,-0.9705047284663075,0.6244152207804068
415,0.22609384321922898,0.9747646585455757
416,-0.11728299295351907,0.993145946690109
417,0.14880200005351485,0.9889900405723648
418,-0.8660795823671501,0.68725703090596
419,-0.16327968946675453,0.9867583242018672
420,-0.09819792897605062,0.9951901877442277
421,0.27851525972073254,0.9619571470942849
422,0.5183407000064293,0.8742940304343719
423,-0.41467803782795376,0.9176135582261037
424,-0.1643893454047045,0.9865789478984818
425,-0.4071759247484412,0.9204467611650738
426,-0.38974184196811423,0.9268631494223797
427,-0.6870852846334332,0.7897466397157
428,-0.922957268032851,0.6531652889457784
429,-0.8127075967390314,0.718746311364276
430,0.5271168990271924,0.870292329702754
431,-0.05300134072635121,0.9985964148888695
432,-0.0071338139909473686,0.9999745546727091
433,-0.9751094010365202,0.6216244342918769
434,-0.17648117579520184,0.9845478263975111
435,0.3619543836177217,0.9365939068024173
436,0.49133996726679796,0.8862931786368379
437,-0.1434378405362351,0.9897655252878547
438,0.3642821400495255,0.9358025844683935
439,0.04124201699108454,0.9991499095490453
440,-0.4002918243251514,0.9230085582512078
441,0.15763050020222136,0.987653168100975
442,0.29707944925780994,0.9568313799188315
443,0.6035763600703687,0.8334744665965237
444,0.5200318622512243,0.8735267125012086
445,-0.27225486396313503,0.9636170103550987
446,0.5763719793134596,0.8469595610022441
447,-0.6390117096010672,0.8153253992813209
448,0.8643785907286787,0.6882692443614776
449,0.2928045912427477,0.958038547519603
450,-0.8882289389160989,0.6740335957645915
451,0.6365230491859597,0.8166205002034516
452,0.09517069072480955,0.9954815090492888
453,0.5313918701564684,0.8683254781030186
454,-0.9560716847886439,0.633157208364016
455,-0.8094759820211956,0.7206327144934991
456,-0.38319385119032967,0.929211628351813
457,-0.6608355309651153,0.8038426004985016
458,-0.19156849239893248,0.9818180787549621
459,-0.5725497737263443,0.8488212796702787
460,-0.40312376006672856,0.921959130914285
461,0.7232410356649652,0.7698660057107464
462,0.36911582156626555,0.9341453378661092
463,0.115375299326123,0.9933663704641867
464,-0.7444045045098415,0.7580021680138509
465,-0.5236902967665311,0.8718605710316674
466,-0.6238227335047473,0.8231824603003755
467,-0.3429846169527113,0.9428772035723948
468,0.5595693640439259,0.855081120653871
469,0.7106920091334581,0.7768239227648177
470,-0.9866706539447023,0.6146148363820988
471,0.5184124381349173,0.8742615183477405
472,0.67263706388794,0.7975423758618307
473,-0.6298027596937392,0.8201026545702785
474,-0.906589334176636,0.6630186825257501
475,-0.9782032418880975,0.6197489568665863
476,0.8731089806991608,0.683068831647463
477,0.7436164836322285,0.7584467118075827
478,-0.13412108809479473,0.9910460939845789
479,-0.8743872923425322,0.6823063226684836
480,0.12267908284995044,0.9925031638333592
481,-0.4189060904950408,0.915997946312978
482,0.27256917125835156,0.9635345079537105
483,-0.6275782886903829,0.8212503736405363
484,0.3581036167068665,0.937893289647734
485,0.8851385563729977,0.6758831100694154
486,0.3851309131206446,0.9285204161463412
487,-0.7164414747429892,0.7736434322658472
488,-0.2403735225075585,0.9715236028824173
489,0.30753342469130174,0.9538122749764512
490,-0.50095384180738,0.8820757204492875
491,-0.8987413983795822,0.6677322223353817
492,0.9386612599666087,0.6436871386436367
493,-0.2945209551351724,0.9575557869351963
494,-0.3958638018636804,0.924636977911272
495,-0.1262544060690558,0.9920615894098125
496,0.4376276031702806,0.9086830190569094
497,-0.7499243067318038,0.7548824532501796
498,-0.7798022025720508,0.7378271192607186
499,-0.1339306238823308,0.9910713928690773
