,data,labels
0,0.9033447850976224,0.6649683054885763
1,-0.37412773788000564,0.9324070766584074
2,0.13080266714098077,0.9914818181950654
3,0.3290717322518466,0.9472955890186847
4,0.18327717290525447,0.9833449930437308
5,0.17235397189980972,0.985256815088664
6,-0.3034818869479581,0.9549936116908373
7,-0.6480919218391687,0.810574867907918
8,0.9848583705056997,0.6157138177482622
9,-0.8036989687803244,0.7239984581619328
10,0.7056910226780899,0.7795800437462989
11,0.9658615987831238,0.6272285357051969
12,-0.3523317281459135,0.9398182031477128
13,0.0025562570035291277,0.9999967327804034
14,-0.7006065734276905,0.7823721274154943
15,0.7723494562014082,0.7421070000832788
16,-0.2874420032898335,0.9595302351913896
17,-0.8813845034785412,0.678127930026625
18,0.007906278484476115,0.9999687458686835
19,0.5685259337319026,0.8507722022599256
20,-0.14564835695211875,0.9894493309794515
21,0.11907917303751137,0.9929351494975458
22,0.5136645424103254,0.876406170049512
23,-0.9120883721037079,0.6597115405562396
24,-0.9380646994299302,0.6440475693481376
25,-0.757663378585476,0.7504915421256818
26,-0.3052754746622266,0.9544723944468102
27,-0.38234787292857475,0.9295125705074196
28,-0.036232591720501306,0.9993438150321898
29,0.7043927194112634,0.7802939654013257
30,0.5528685041669563,0.8582740787083859
31,0.3107583824902407,0.9528618147117364
32,-0.38345215018515355,0.9291196298550076
33,-0.8127874476366848,0.7186996672346907
34,-0.4564981315280132,0.901049330496287
35,0.27057804849087574,0.9640556670247098
36,0.20511491608070975,0.9791836502624214
37,-0.3790967882803127,0.930663796798265
38,-0.6331231543198859,0.8183849416413402
39,-0.41825600882498803,0.9162472341406144
40,0.4450250092331238,0.9057213061002148
41,0.5588699686120842,0.8554156216978903
42,-0.5924177150780452,0.8390547028597511
43,-0.9556071156414858,0.6334384264685807
44,0.06215060922770688,0.9980705147409008
45,0.27692377079731334,0.9623824141343993
46,0.17600787036885301,0.9846299583306987
47,0.819067285491893,0.7150265464455139
48,0.9185340643444491,0.6558308239087027
49,0.981345380108229,0.617843940096403
50,-0.10593809563793988,0.994404274668228
51,0.544745777609563,0.8621086422979917
52,0.021111410128136443,0.9997771790094859
53,0.4045552221985125,0.9214263179336334
54,-0.008879496978758894,0.9999605780437678
55,0.7426925589412043,0.7589676544114315
56,-0.5714623902152549,0.8493494022289976
57,0.28218235846673,0.9609686991031061
58,-0.449360710753381,0.9039669091482929
59,0.8626281668041951,0.6893103478551629
60,-0.5222978014083168,0.8724957493889124
61,0.6194639211448665,0.8254160020723043
62,0.07892406012457065,0.9968903414019024
63,0.7659448087770004,0.7457717244174169
64,0.46873063792085157,0.8959647525410611
65,0.6805620652689235,0.7932773566318382
66,0.9550833590567409,0.6337554583241524
67,0.5646650757952947,0.8526353416330242
68,-0.6845589393635241,0.7911161593504712
69,0.5655425444345681,0.8522126579344269
70,0.04936161985956944,0.9987824570500201
71,0.6202344892179725,0.8250218478070498
72,-0.6218199790111794,0.8242099044121352
73,0.15785545539906232,0.987618121748766
74,0.6763513642083083,0.7955468143815765
75,-0.6537233689106816,0.807609102521791
76,-0.9950135837177729,0.6095550489720435
77,-0.4419680494960361,0.9069500714590407
78,-0.7224496444772832,0.7703065361931128
79,-0.7707871772327002,0.7430020788955106
80,-0.46846714306117376,0.8960753871844248
81,0.3194896989757916,0.9502436687305112
82,0.23269789375253946,0.9732890647159634
83,0.3571213808432647,0.9382227917443425
84,-0.5517597203632805,0.8587998441019027
85,-0.9037680297034791,0.6647140533539739
86,0.04133404907207838,0.9991461129628522
87,-0.8162949349782782,0.7166492777442379
88,-0.6301741657997053,0.8199107881178465
89,-0.6007271913285175,0.8349056294002373
90,-0.31586453584145247,0.9513386295275741
91,0.8878603287573668,0.6742542715704933
92,0.8651431347890033,0.687814347071421
93,0.8007694742109737,0.7257019574216286
94,0.5692324973585414,0.8504303036338837
95,0.0005661665266287752,0.9999998397277449
96,-0.620989723010912,0.8246352447069901
97,-0.27191011246396046,0.9637074026849836
98,-0.4999485731885833,0.8825195937102275
99,0.9698205245040576,0.6248298384001019
