,data,labels
0,-0.08636679336395381,0.9962773348645492
1,0.31669793326051954,0.9510879011605378
2,-0.6004143217612301,0.8350625231688305
3,0.6954478453768111,0.7851944751639512
4,0.6888837082322794,0.7887701002821705
5,0.6204081979575278,0.8249329521704666
6,-0.8569211090899702,0.6927009561702031
7,0.9798025815057503,0.6187793391825671
8,0.23623414378375918,0.9724824155549079
9,0.6891536159988889,0.7886234251718558
10,-0.8251164918637217,0.7114795438718214
11,-0.7152562811218031,0.774300084977388
12,0.16346590341355083,0.9867283052074124
13,-0.6667089219292042,0.8007148456068909
14,0.43047067856586785,0.9115101927334108
15,-0.7324369665848698,0.764730377486456
16,-0.5185003196473681,0.8742216855130572
17,-0.05682720851676426,0.998386637057613
18,0.32024113980581226,0.9500152956698474
19,-0.3356377909769308,0.9452305969060313
20,0.44842328469854364,0.904347381231101
21,-0.914957564448571,0.6579846525171695
22,-0.06351886796682082,0.9979847101351518
23,-0.7287578735600599,0.7667886887656985
24,-0.31981824728781416,0.9501438776955579
25,0.7242848394885522,0.7692846173546747
26,0.1326315329543548,0.9912430060285131
27,-0.9672116060141522,0.6264106419381752
28,0.2409036535307858,0.971399673539959
29,-0.6681758180673423,0.7999312744635516
30,-0.8883158990314217,0.6739815325410073
31,0.29261922043340993,0.9580905323342291
32,0.0908700184279767,0.995879831157752
33,0.2930288463194013,0.9579756178917246
34,-0.5629162375680759,0.8534764364609204
35,-0.4399776840143139,0.9077464484100118
36,-0.9699903069623439,0.6247269543138368
37,-0.8608603330202755,0.6903612577231872
38,0.8950411269655487,0.6699519339927721
39,0.5728991096022953,0.84865147027301
40,-0.8414530003069272,0.7018598239607868
41,-0.05425446794939304,0.9985293088814533
42,0.6868910209296826,0.7898520438580917
43,-0.5157163072832418,0.8754811528392326
44,0.997154332720134,0.6082566395029994
45,0.6735716139306724,0.7970408398406542
46,0.060147022334390954,0.9981928028030902
47,-0.6149007789537482,0.8277438900486837
48,0.4232336384809814,0.9143303346373619
49,0.36315274062270264,0.9361870745424874
50,0.28736901839509255,0.9595503627590987
51,0.9079787959090637,0.6621833835965663
52,0.9742530877076321,0.6221434788486085
53,0.6281024223432543,0.8209801673860427
54,-0.057334620376875645,0.9983577206720898
55,0.9715547214442106,0.6237789074504988
56,-0.7611833892360349,0.7484880234206904
57,-0.27453171851588287,0.9630173678118932
58,0.04656344922130784,0.9989165099979324
59,-0.001526045351673666,0.9999988355934702
60,0.551838130519867,0.8587626875219148
61,-0.858480940777733,0.6917748325245883
62,0.3315110817797182,0.946532663958104
63,0.5437372333085995,0.862581976441945
64,-0.2516975940628192,0.9688205846172117
65,-0.3638754608250916,0.9359411527305905
66,-0.2705836714140175,0.9640542002581453
67,-0.2649090318861971,0.9655200628409228
68,0.608952310621272,0.8307623894342763
69,0.29370553285738965,0.9577854617197925
70,0.42352550920275034,0.9142173558968258
71,0.9845936918094478,0.6158743158510362
72,-0.3757024563089302,0.931856759307685
73,-0.8200759848405015,0.7144356772865665
74,0.27776013442230285,0.9621592070290697
75,0.14104728214331952,0.9901021415427342
76,-0.051689853286113197,0.998664971478143
77,-0.40673724034839775,0.9206110990560703
78,-0.07893633328661398,0.9968893756916739
79,-0.4040572625359753,0.9216118457110257
80,0.49761214696922296,0.8835486493379501
81,0.8584126350564081,0.691815397195093
82,-0.20746859491655312,0.978708328392738
83,0.6631462276951956,0.8026139344577604
84,-0.5802210028046175,0.8450764299690289
85,-0.827121390664646,0.7103021064196959
86,-0.19516195312511075,0.9811360990995392
87,0.3045044712016902,0.9546967898144643
88,-0.3082799173390314,0.9535930663555242
89,-0.9262287871480639,0.6511925641348197
90,0.8363265293468498,0.704884702678285
91,-0.8153426664715759,0.7172062435161514
92,-0.3217141683617206,0.9495662258207082
93,-0.9102528282800617,0.6608158270628328
94,0.8170526595531844,0.7162059424623467
95,0.9871584710057628,0.6143190112654299
96,-0.7191293341414249,0.772152276071286
97,0.541349111072168,0.8637003132351854
98,-0.8423808729502857,0.7013117509992175
99,0.8176440021593476,0.7158598602160327
100,0.4112601013229338,0.9189096861807503
101,0.9896817442948209,0.612788775482296
102,-0.46577508718221017,0.8972029252502606
103,0.9809535882838669,0.618081488882757
104,0.6896573601088598,0.7883495964614647
105,-0.3262405693391923,0.948174753537059
106,0.9257512384373625,0.6514805886402132
107,-0.7960843724792921,0.7284216826607331
108,0.14665581412529094,0.9893036532389624
109,-0.7760508347500927,0.7399834565419909
110,-0.3341889269800562,0.9456893755955171
111,-0.4771496697515216,0.8924043841504455
112,0.47096864662950755,0.8950231160481891
113,-0.29935640577990585,0.9561818839580327
114,0.3937990910157436,0.9253910611111725
115,0.28922066463080354,0.9590382722229973
116,-0.5076518490188275,0.8791012502735126
117,0.2133027605387643,0.9775077743776459
118,0.22204115478224717,0.9756502207238733
119,-0.10530067299806833,0.9944712243809865
120,-0.2851994825128865,0.9601465284046007
121,-0.06443642505485703,0.9979261270154924
122,-0.4412648446397711,0.9072317656662258
123,-0.0544627837327849,0.9985180018394992
124,0.5973329119431543,0.8366049494479906
125,-0.02286974186666324,0.9997385216449015
126,0.9972378228055432,0.6082060006049426
127,0.6552737249997833,0.8067900325030379
128,-0.032231507113450464,0.9994806998576152
129,0.40091544093175746,0.9227779982129976
130,0.7057578886787517,0.7795432570334753
131,-0.9832988249249064,0.6166594887260329
132,0.9216291617732657,0.6539658435245845
133,0.23729556685847153,0.9722380539607738
134,-0.025379379815263947,0.9996779953947111
135,-0.298801792831376,0.95634050200547
136,0.20921874706218246,0.9783515239739438
137,0.4501991770744467,0.9036260645995726
138,-0.659020021444034,0.8048062656375439
139,0.7326941051787199,0.7645863381253931
140,-0.38462525834514927,0.9287011381426427
141,-0.7344211661057929,0.7636182979983193
142,0.11704304530144882,0.993173867385982
143,0.3465459098588912,0.9417202398423883
144,-0.5458877917952247,0.8615719230885248
145,-0.5005256070949684,0.8822648878719175
146,0.7569286071181442,0.7509092614620234
147,-0.03441460824348397,0.9994079926752516
148,0.05056626749735682,0.998722343195034
149,0.8235251299228055,0.7124134700151712
150,-0.9829365054695742,0.6168791835999962
151,-0.7739110963678166,0.7412115569029666
152,-0.24563814277982843,0.9702814949609883
153,0.8059712185904913,0.7226756295902257
154,0.22731317387572592,0.9744952449639869
155,0.1954719839479393,0.9810766889078062
156,0.9247786608271427,0.6520671146582904
157,-0.3017054536919721,0.9555070945259989
158,0.25901561358827196,0.9670118356569288
159,-0.7814438361180993,0.7368822016523741
160,0.746111207590163,0.757038652270394
161,-0.20401799280727895,0.9794033975634587
162,0.9549864826050356,0.6338140963416644
163,0.03277543329979604,0.9994630297061838
164,0.9668023945480586,0.6266585681642378
165,-0.8216594082521516,0.7135076705091445
166,0.7712515417115899,0.7427361065033318
167,0.010738026019958102,0.9999423490604766
168,-0.21775839566886268,0.9765694992195916
169,-0.04025640746302339,0.9991900390247054
170,0.4874179526455169,0.887995920279313
171,0.5873270005093219,0.8415780633381199
172,-0.07503616352366893,0.9971887460777018
173,-0.0318141157674785,0.999494059050275
174,0.42199361158723847,0.9148096170898169
175,-0.2414730473307305,0.9712662792641711
176,-0.21269755305425386,0.9776337923321939
177,0.7110048318594988,0.7766511999907603
178,0.07548796332043417,0.9971548388613762
179,-0.5460479463349108,0.8614965911941375
180,0.4807202930470307,0.8908795907677557
181,-0.261051666136372,0.9664999943338586
182,0.16436974421390627,0.9865821266953269
183,-0.23316686989077917,0.9731827486894674
184,-0.3010742426337909,0.9556888880654362
185,-0.2877482282048356,0.9594457342457307
186,-0.39402186584660126,0.9253098585175152
187,-0.494143934354321,0.8850694929677518
188,0.7955535856973877,0.7287294404010944
189,-0.5245512114710813,0.8714672560020149
190,-0.5800006061258851,0.8451844836963118
191,-0.14669952945148967,0.9892973097826729
192,-0.7403806938244748,0.7602698933652016
193,-0.523092815424899,0.8721332590176475
194,-0.3240307676875718,0.9488562479872241
195,-0.6414830553386164,0.8140363522904606
196,0.38432347216914864,0.9288089007036789
197,-0.3218644365652896,0.9495203109404493
198,-0.44543904701305803,0.9055543582140364
199,-0.6846313344747885,0.791076951544245
200,-0.07286304545718658,0.9973490084041207
201,0.8923491534126025,0.6715656471824248
202,0.17784715262206396,0.98430959254149
203,0.9165800373014297,0.6570077382623833
204,0.4444324809618114,0.9059600081149033
205,-0.44399559071361083,0.9061358473548367
206,0.45226103426089304,0.9027857471425135
207,0.2105311765138007,0.9780820779914406
208,0.02449894206459402,0.999699945944083
209,0.9421772678944247,0.6415622880921871
210,-0.8699951673480306,0.6849250959997156
211,-0.7459387412208291,0.7571360623236255
212,0.1448792324329906,0.9895598843179345
213,-0.3327436671186479,0.9461452561371787
214,-0.39113525431569096,0.9263590341814739
215,-0.976133133554496,0.6210038811610286
216,-0.7085599115874841,0.7780001405451789
217,-0.08481116641817721,0.9964099925665814
218,-0.4798865174420628,0.8912364285425264
219,-0.5298795703912926,0.8690225718361949
220,0.6241704379908601,0.8230038767294106
221,0.08870219607198027,0.9960736884028881
222,0.2709350890325397,0.9639624752344877
223,0.043416477474493176,0.9990579487510061
224,0.020292894668757055,0.9997941204090937
225,-0.8864791029746348,0.6750809968296
226,0.6435416321760123,0.8129603698682942
227,0.9265856319443984,0.6509773261369111
228,-0.44487456222976096,0.9057819383473363
229,0.5149633081148051,0.8758209496165156
230,0.2829841115276226,0.9607510047996108
231,-0.7604247772483976,0.7489201417867067
232,0.02516115920867601,0.9996835081277603
233,-0.5361451517208373,0.8661251967643181
234,0.11890546261397517,0.9929556738836791
235,-0.9832388256437896,0.6166958698863589
236,-0.36156463665336624,0.9367259708620213
237,0.9650104640500285,0.6277441513316053
238,-0.7495785169733853,0.7550781866983931
239,0.36792411446356055,0.9345556745749715
240,-0.23059954625633594,0.9737622755889435
241,0.3396309115892453,0.9439570818109579
242,0.8955056094050617,0.6696733999292066
243,0.7480672424545964,0.7559331749620626
244,-0.7164382302180816,0.7736452306074696
245,-0.7568859251707536,0.7509335209358247
246,-0.34274739298431767,0.9429538965839
247,0.641755538478288,0.8138940463964738
248,-0.09452717309472236,0.9955422720685929
249,-0.6626160346024499,0.8028960667112158
250,-0.8157385839375455,0.7169747044856747
251,0.5526119189649688,0.8583958120264721
252,0.9877711929499713,0.6139474352689611
253,-0.32183348627885877,0.9495297694608902
254,-0.29206673541018713,0.9582452909361945
255,-0.25535202060588125,0.9679233998590046
256,0.4939209787509893,0.8851669863558416
257,0.3472048083587056,0.9415050289521013
258,0.16303253865145728,0.9867981152112008
259,0.7008011438234252,0.7822654690223478
260,0.01181964644162048,0.9999301504185931
261,-0.7707661957540779,0.7430140948479772
262,0.42190353212814946,0.9148443886570738
263,0.24065508649384082,0.9714578133700971
264,-0.03731314488420101,0.999304106855451
265,0.8654134960512712,0.6876534601586929
266,0.4100353915392656,0.9193719444338156
267,-0.5707564463038455,0.8496919044996755
268,-0.9950800998808418,0.6095147058712118
269,0.4086879420859799,0.9198792045118337
270,-0.7524043680345596,0.7534774664649634
271,-0.3128378524548665,0.9522442033473065
272,0.7186990601612848,0.7723911629367415
273,0.03804320444993192,0.9992766190638251
274,-0.8780370338901535,0.6801278277852175
275,0.22306237191659584,0.9754285063095379
276,0.22802240254089345,0.9743379073604189
277,0.8812974258168025,0.6781799750265517
278,-0.28272809898405327,0.9608205798250355
279,-0.9665398803385215,0.6268176122981498
280,-0.6889621189466775,0.7887274929099822
281,0.3879715908243544,0.9275013976110659
282,-0.7473846475052062,0.756319097161668
283,0.7992793960459192,0.7265675818099396
284,-0.6117259908116122,0.8293571934920231
285,0.5610069569854237,0.8543926589269303
286,-0.24205258142098107,0.9711302048800402
287,0.6875756701924627,0.789480494985107
288,0.08040733113540699,0.9967725499999603
289,0.5137291704645026,0.8763770745239938
290,0.38606038660470365,0.9281876931913758
291,-0.1155149101366062,0.9933503601253304
292,0.8006175656094627,0.7257902315394725
293,-0.686855190377452,0.7898714831796703
294,0.9446249376615456,0.6400825436920821
295,0.25298827339902763,0.9685050971285529
296,-0.8381878190191774,0.7037870812492313
297,0.40469821742159007,0.921373006036625
298,0.8706092240306536,0.6845591596269307
299,-0.9907351312279464,0.6121499255243569
300,0.6891412297837807,0.7886301568335371
301,-0.6460147861276686,0.8116650272524373
302,0.7478894674750605,0.7560336994681114
303,-0.7734502917960229,0.7414758574974438
304,0.4110749544299781,0.9189796421208567
305,-0.3677860254130505,0.9346031481785295
306,-0.862397657459284,0.6894474082925189
307,0.6074088904748822,0.8315425740854536
308,0.8777561475151432,0.6802955606357493
309,0.6599325890381968,0.8043220654968489
310,0.6721427007833412,0.7978075268019545
311,-0.2784911687169185,0.9619636012923787
312,0.3049588140484192,0.95456461867154
313,0.4684346166814368,0.8960890407991613
314,0.6836818703996295,0.7915909879205307
315,0.5810537180686233,0.8446679295527975
316,0.46603443576296666,0.897094521210332
317,0.341788489376736,0.9432634266957199
318,-0.3879904892717312,0.9274945969738286
319,-0.2595133245883954,0.9668870616816583
320,0.03003999921773093,0.9995489009992621
321,0.8992461739691089,0.6674292807922886
322,0.6529760670761227,0.8080035134937834
323,-0.480928971091799,0.8907902065819021
324,-0.735038843551435,0.7632718266688908
325,-0.003265586628806716,0.9999946679862001
326,-0.9789263680325184,0.6193105616467834
327,0.8686741601286758,0.6857121139946422
328,-0.19268863608203657,0.98160680285303
329,-0.6770198350712664,0.7951870344490705
330,0.7206499330567742,0.7713074917001379
331,0.7464321970215582,0.7568573289155238
332,0.09912992668951115,0.995098679680589
333,-0.16735510553561972,0.986093732338178
334,0.754558265762421,0.7522556232829352
335,-0.8967517686222146,0.668925980309116
336,-0.1584636995860127,0.9875231178071666
337,-0.22230736641615523,0.9755925172341868
338,-0.38045608756110494,0.9301834843628206
339,0.3052987068911108,0.9544656248757712
340,-0.7964633373817549,0.7282019074089172
341,-0.0022050986783157533,0.9999975687728648
342,0.8459890576805791,0.6991788227995069
343,0.613847727059937,0.8282795871041693
344,-0.06106476559218499,0.9981372842140109
345,0.9551777118558824,0.6336983473376154
346,-0.07354915922743466,0.9972989151005341
347,-0.7473554182935562,0.756335619160694
348,0.35310075058380685,0.9395633151296954
349,0.732289461283067,0.7648129938266867
350,-0.5727134178876045,0.8487417422076612
351,-0.9104072102042868,0.6607229635232919
352,-0.8479228805126793,0.6980346011163623
353,-0.4457343423254183,0.9054352135161731
354,-0.3797305119801049,0.9304400517102223
355,0.5758666350679778,0.8472061795016094
356,0.5416145963829864,0.8635761605076319
357,0.8422907002171356,0.7013650216613639
358,-0.6463913552813811,0.8114675405974529
359,-0.4557937023966325,0.9013389044154301
360,0.33569996086452236,0.9452108715706521
361,0.028991470298780797,0.9995798356187439
362,-0.29354416149577656,0.957830845200042
363,0.19223998775237172,0.9816915670743274
364,-0.914057196922714,0.658526655418174
365,0.8158844992845329,0.71688936130941
366,0.5881846618414732,0.8411539345759612
367,-0.5929524566929274,0.8387888205525316
368,0.7997680929490107,0.726283749306726
369,-0.7171734603697417,0.7732376136298463
370,-0.3954596887069204,0.9247848318950592
371,0.2951663696817284,0.9573735848637325
372,-0.28236365949990394,0.9609195214543236
373,0.38328950202003886,0.9291775665083263
374,0.7772289065423403,0.7393067275397945
375,0.7544857550667992,0.7522967810029066
376,0.37963796394072435,0.9304727470472316
377,-0.9693558721611233,0.6251114010514193
378,0.9406843866669097,0.6424646021506422
379,0.05441678813613082,0.9985205021221562
380,-0.1742799782191815,0.9849279818028496
381,0.4931044550178578,0.8855237494107853
382,-0.20576267417319039,0.9790533544183874
383,-0.44496162786722504,0.9057468516817156
384,0.9630180254415297,0.6289510428217289
385,0.818070578770286,0.715610155454214
386,0.13947015318568923,0.9903211823870927
387,0.2433175541656163,0.9708321233784091
388,-0.10039460062411609,0.9949731392493442
389,0.5447132436136077,0.8621239209190334
390,-0.2146493040715567,0.9772261675474728
391,-0.23990512621449112,0.9716328863621101
392,-0.3005443660000211,0.9558412291988098
393,0.5311738146185552,0.8684260787125927
394,-0.7089886178410312,0.7777637764780102
395,-0.5679331445258091,0.8510588249258952
396,0.8513701051940616,0.6959931031186679
397,-0.3784854823432491,0.9308793237187176
398,0.8354350615109722,0.7054101509054896
399,-0.17049950270041636,0.9855700835440919
400,-0.9484874691773721,0.6377466086885507
401,-0.23963517759442854,0.9716957779400108
402,0.9180571346333783,0.6561181160933713
403,-0.9201659933129098,0.6548476095281084
404,-0.7644159373071702,0.7466446852703315
405,-0.3545172378826953,0.939092555965596
406,0.7368527036936674,0.7622536128017732
407,-0.9889099502924932,0.6132568383580843
408,-0.039641525509136244,0.9992145833289254
409,0.7907169417625999,0.7315302975482444
410,0.30737287078161235,0.9538593589877966
411,-0.1589034994096714,0.9874542019422726
412,0.8900404477894956,0.6729488202872138
413,0.5451035311051444,0.8619405917201348
414,-0.8728807263890486,0.6832049568095915
415,0.04603626553901585,0.998940892378406
416,-0.5322337779158024,0.8679367833835973
417,0.21080139490434702,0.9780264013690488
418,-0.98317030276314,0.6167374193256785
419,0.8086695906213293,0.721103029824537
420,-0.2286319202945437,0.9742023187165494
421,0.6684774068275323,0.7997700567283492
422,-0.7452001658378211,0.7575531011084324
423,0.0012233655291862267,0.999999251688671
424,0.5348604729024451,0.8667212518356587
425,-0.5608511671413905,0.8544673250442474
426,0.3858402757956303,0.928266547792839
427,0.6963995148706419,0.784674621401847
428,0.4626072964557313,0.8985231972256921
429,0.6611995157817177,0.8036492189586598
430,0.6444506239515222,0.8124846125514829
431,0.9500143152525977,0.6368229537802308
432,0.9848423856162138,0.6157235108375347
433,-0.8731686760251125,0.6830332294519873
434,-0.42203371277524715,0.9147941356696861
435,-0.21712639720999327,0.9767037118050008
436,0.09001893179037324,0.9959564930380266
437,-0.18285835647670723,0.9834203907523701
438,0.5938220568102739,0.8383561090964213
439,-0.44081775920169686,0.90741067411611
440,-0.6327651991610057,0.8185703805502138
441,-0.908931186170503,0.6616107078682909
442,0.07953924156492653,0.9968417523154695
443,-0.41648820092913663,0.9169235216929882
444,0.8399531818708696,0.7027453585820772
445,-0.7111208602948438,0.7765871261843262
446,0.9754673479563396,0.6214074621631828
447,-0.06017399316066885,0.9981911831581204
448,-0.4170990426245911,0.9166901073342864
449,-0.9521860147055368,0.6355089511137254
450,0.7170058463955775,0.7733305579278599
451,0.3286728248570623,0.9474198724849656
452,-0.6980862188467893,0.7837523532623648
453,-0.8046969230734895,0.723417644275508
454,0.8384400481750773,0.7036382831623746
455,-0.5220740384447626,0.872597702869227
456,0.5867501356598075,0.8418631052061484
457,0.3292679379840364,0.9472344099006508
458,0.7312971742496279,0.7653685637217807
459,-0.4629922522412533,0.8983631328822541
460,-0.9103326276560242,0.6607678266214462
461,0.9970682721546391,0.6083088374385403
462,-0.11202990114713218,0.9937442995066894
463,0.8822576423641486,0.67760600484281
464,-0.8437657931530462,0.7004933847596513
465,0.28709755657561686,0.9596251845725915
466,-0.8066482287824805,0.7222812431428193
467,-0.5314816811284333,0.8682840349126328
468,-0.3578465866038687,0.9379795895333156
469,-0.21687304600591673,0.9767574096585031
470,-0.9608761129162469,0.630248273575928
471,-0.6245915141594478,0.8227875276176554
472,-0.3880770639273121,0.9274634393451962
473,-0.6054272903445876,0.8325424212685849
474,0.3771828781344433,0.9313375858617516
475,-0.08469179441518215,0.9964200732516083
476,-0.16526388684506754,0.9864367450554351
477,-0.025128206832088162,0.9996843364429296
478,0.901123031082931,0.6663025991344956
479,-0.8570170478308223,0.6926440070393672
480,-0.3726027901283697,0.9329381054607326
481,0.7825727663522235,0.7362319449404757
482,0.6195175000903219,0.8253886056005048
483,0.42544024839112704,0.9134746056819403
484,-0.9078163642772448,0.6622810438322181
485,-0.952716939049683,0.6351876683933438
486,0.2872087580800393,0.9595945424418084
487,-0.9237162024712908,0.6527077423648178
488,0.8732850095441411,0.6829638466688629
489,0.31672649194979074,0.9510792987181155
490,0.561688157798236,0.8540660098234841
491,0.6353183506098541,0.8172463469554238
492,-0.18945725935258895,0.9822130621842213
493,-0.9699938232833654,0.6247248234965952
494,0.9709959447343313,0.6241175403878062
495,0.7719727895665192,0.7423228713153892
496,0.7538177121671199,0.7526758879075784
497,0.8686720601480493,0.68571336486956
498,-0.6119060204882123,0.8292658489433989
499,-0.2130045893531125,0.9775699031136664
500,0.2332103216183148,0.9731728880164832
501,0.672274446507255,0.7977368756130852
502,-0.19585574195309818,0.9810030250052519
503,0.4796095174771873,0.8913548729853675
504,-0.7258267132236309,0.7684250804268481
505,0.8280649347770421,0.709747668847983
506,0.8719834900662173,0.6837399638352041
507,-0.07647231049603631,0.9970802636089882
508,0.6227950878299886,0.8237099110835482
509,-0.7424773358299839,0.7590889634105702
510,0.0930986301641008,0.9956756993607117
511,0.5090198101710985,0.8784901501214207
512,0.8406801901618821,0.7023161704693863
513,-0.5135342377947156,0.876464824943974
514,0.4611286684287459,0.8991370361015493
515,-0.37205658145722253,0.933127856100181
516,0.7584594116668424,0.7500388006627073
517,0.7211947769152851,0.771004589232227
518,-0.3949654189636542,0.9249654984960091
519,0.8576935210299912,0.6922424053133681
520,0.10917657844000694,0.9940579615173583
521,-0.49399808647406496,0.8851332726737551
522,0.1676257620799,0.9860490313736099
523,0.8140456313072066,0.7179645065535907
524,-0.18037084556828886,0.9838647692821465
525,0.6918133578118069,0.7871764412046443
526,-0.3743019794170759,0.9323462821818517
527,0.6319767712793596,0.8189786042408632
528,-0.0643775242623501,0.9979299127770338
529,0.34300359662861823,0.9428710655400516
530,-0.10366510596037415,0.994641182866941
531,0.26351083491317184,0.9658768087668981
532,0.26398116883396994,0.965757000444139
533,0.3792031576943027,0.9306262639210112
534,-0.6294864342037014,0.8202660128452262
535,0.4116139672275376,0.918775908606953
536,-0.44537015507026134,0.9055821453841286
537,-0.5596650070070566,0.8550353549905976
538,0.8343099709414119,0.7060730590239562
539,-0.6693797476395664,0.7992874599407448
540,-0.7394691604519801,0.7607828427240576
541,-0.8469822713135855,0.6985912414619468
542,-0.6240271604978258,0.8230774724597062
543,-0.4441729637614906,0.9060644751302317
544,0.8910487761981509,0.67234480943107
545,0.9304419315420858,0.6486505870150444
546,-0.9057877646879118,0.66350045640901
547,0.9558834932451472,0.6332711279604885
548,0.05197299793271548,0.9986503153876003
549,0.13463542206482715,0.9909775999020927
550,0.3501107037102258,0.9405516140010545
551,0.4973184591577646,0.8836777447805875
552,-0.04692435611356438,0.9988996582221249
553,0.6862793098102649,0.7901838448959717
554,0.9347674410924185,0.6460392074054017
555,0.27646402507457246,0.9625048454681782
556,-0.5578126236819441,0.8559207733945278
557,-0.14991866065507997,0.9888251058245487
558,0.7263666778732907,0.7681238657102639
559,0.21910809164258493,0.9762816309310111
560,0.881498961527357,0.6780595184386489
561,-0.9954690074270982,0.6092788267991285
562,-0.47038173873956457,0.8952703940575176
563,0.7184761867002405,0.7725148744627426
564,0.45093425272219867,0.9033268326425414
565,-0.14912994499404575,0.9889417269810484
566,-0.03983164421625651,0.9992070346228623
567,0.9060716256268153,0.6633298538597626
568,-0.6641569475718763,0.8020757489575465
569,0.7500305089599442,0.7548223298069336
570,0.5185263367378607,0.8742098921600707
571,0.08955691020506595,0.995997810111948
572,0.37006144812612285,0.9338189178130275
573,0.1133326389782694,0.993598434359913
574,0.4715366448749472,0.8947835766659935
575,-0.3189202907818407,0.9504163987589415
576,0.3756425838311148,0.9318777192799605
577,0.4759589364029666,0.8929109219196328
578,-0.2795592134725968,0.9616769678925858
579,-0.725812907379588,0.7684327805112895
580,-0.5319908654606007,0.8680489772878945
581,0.38379300795532667,0.9289981454304184
582,0.23290636352568161,0.9732418299958697
583,0.04926306243238465,0.9987873112419103
584,0.9888312591740809,0.6133045610004505
585,0.11399249894712415,0.993523915901478
586,0.3185216427611337,0.9505371639458506
587,0.597781723470447,0.8363806099384771
588,-0.1776784385504162,0.984339113496857
589,0.29989001796928405,0.9560290193347136
590,0.5649643628333818,0.852491222865966
591,-0.5713497572592792,0.8494040673980332
592,-0.4055794251329743,0.9210441240313474
593,0.7724246907032153,0.742063877382181
594,0.14661111527944604,0.9893101374992824
595,0.1963386343388538,0.9809101344608707
596,0.8004210684843147,0.7259044071370606
597,0.08288968828671472,0.9965705438520823
598,-0.9591505805187233,0.6312931665641329
599,0.011709625938810975,0.9999314446802099
600,-0.08448824004711475,0.9964372304252537
601,-0.15377350697384218,0.9882464730229074
602,0.5161929897912716,0.8752658577415704
603,0.7826876745522426,0.7361657381149608
604,0.5624527470379013,0.8536990512330379
605,0.07539377252503376,0.9971619245046596
606,0.3655009007069694,0.9353865111442986
607,-0.9640768670842503,0.6283096864185306
608,0.6623232006676245,0.8030518385063224
609,-0.7499135765908256,0.7548885276144058
610,-0.3318394915691436,0.9464295681135866
611,-0.6515764115666502,0.8087415268612084
612,0.16749173455309707,0.9860711758032307
613,0.9973067994850424,0.6081641644455955
614,-0.34535644576351276,0.942107834170932
615,-0.2814820447959663,0.9611583851207179
616,0.0937115775074,0.9956186961589001
617,0.5077839718100328,0.8790422811659456
618,-0.26702456487492143,0.9649769546468162
619,-0.27027057664850074,0.9641358295245188
620,-0.040502245537609616,0.9991801203383568
621,0.6614846852190193,0.803497669383266
622,0.5516631157770899,0.858845617509757
623,-0.18879172873541528,0.9823366992974873
624,-0.43176332677707063,0.9110023654577314
625,0.5549008032283056,0.8573084981018546
626,0.9283741162537296,0.6498983909905467
627,0.7161282257538641,0.7738170383776087
628,0.47179209178128056,0.8946757749788606
629,-0.49702113178637397,0.8838083816139546
630,-0.6124931392354116,0.8289678362874642
631,-0.08889099748769902,0.9960569894439961
632,-0.7119374674306818,0.7761360292269501
633,0.1673214480922136,0.9860992862098169
634,0.4455293627910222,0.9055179246442462
635,-0.2296572400038559,0.973973460221786
636,0.9015467648797946,0.6660481693987609
637,0.7018771068333252,0.7816753824717365
638,0.1797976559196417,0.9839663314345155
639,0.5930324791303303,0.8387490187004091
640,0.12847176225512213,0.9917814615256508
641,-0.7652550772096927,0.7461656394731643
642,0.16647852350571046,0.9862380244608081
643,-0.7270208778399072,0.7677587840727407
644,-0.03939661087114632,0.9992242545721184
645,-0.27719733877235786,0.9623094732247398
646,0.3469453856311566,0.9415898050984132
647,0.5736096590465702,0.8483058632091685
648,-0.21977096188114587,0.9761396313997671
649,0.9689608680579023,0.6253507529677913
650,-0.4960122929813091,0.8842511968351825
651,0.1667835486825231,0.986187898548707
652,0.02244407574796825,0.9997481634480592
653,-0.40159816540149706,0.9225252397981665
654,-0.44193033066956655,0.906965190265717
655,-0.47553293776746797,0.893091903943566
656,0.09391963401786252,0.995599262919437
657,-0.971437457487897,0.6238499733115926
658,0.5651383069516975,0.8524074378750134
659,0.10938535812514427,0.9940352817013844
660,0.3577999860411869,0.9379952302543395
661,0.9215112598025288,0.654036904007173
662,-0.8586311464372012,0.6916856270103842
663,-0.28467990200408755,0.9602886877668939
664,0.259504286612527,0.9668893294544184
665,-0.24540292263787777,0.970337531669111
666,0.8047095796590409,0.7234102764522278
667,-0.966500170785382,0.6268416700688659
668,-0.6337561687630904,0.8180568543309376
669,-0.8477921133207018,0.6981119978600998
670,-0.04086508915222198,0.9991653707412143
671,0.2108224982012199,0.9780220503083759
672,0.33885036310437466,0.9442070688571543
673,-0.9321344936559495,0.6476289483974559
674,0.473455273655935,0.8939727832389887
675,-0.7190934588739726,0.7721721965548674
676,-0.48849513098121045,0.8875292978671225
677,0.11086513439252443,0.9938733061885368
678,-0.9396992800050101,0.6430599215979362
679,0.32112224304165715,0.949746903275224
680,0.13894248855074176,0.9903939283609812
681,0.4509026480725413,0.9033397061530463
682,-0.7370112783074765,0.76216454203548
683,-0.5404547096231014,0.8641182582438647
684,-0.5193139955928874,0.8738526475601731
685,-0.6306173318599133,0.8196817616337118
686,0.2140736235884244,0.9773467683242344
687,0.5384369274939425,0.865059349344874
688,-0.9765265084549744,0.6207654219408331
689,-0.3414482747003158,0.9433730625259549
690,0.7468747575552277,0.7566072747792448
691,-0.6344708815380877,0.8176861875726987
692,0.6980300277415479,0.7837830962829017
693,0.26356375496464035,0.9658633383495385
694,0.6363932392595295,0.8166879710206936
695,0.5458692009680788,0.8615806666514709
696,-0.6038604104723291,0.8333315492736179
697,0.5948421190523729,0.8378480049441558
698,-0.34859255664905775,0.9410505839875805
699,0.44146826448196674,0.9071503155917386
