,data,labels
0,0.6530557335812401,0.8079614794207796
1,0.4042341676491745,0.9215459570188013
2,-0.011107893321248064,0.9999383092559341
3,-0.0971500172256321,0.9952920543593735
4,-0.4670798846613895,0.8966570595864196
5,-0.6706070275141554,0.7986305004559442
6,0.6408239336402557,0.8143804352708531
7,-0.16962581747856897,0.9857165316416724
8,-0.7609680625612967,0.7486106956185526
9,0.8837152174819305,0.6767344739651799
10,0.2610425906760574,0.9665022840937959
11,0.04284425892915533,0.9990826058020036
12,0.28336302930757795,0.9606479222270052
13,0.7407199397381512,0.7600789157624613
14,0.5959465563999906,0.8372972375251558
15,-0.6696629868887034,0.7991359016504219
16,0.34018333765430797,0.943779848274023
17,-0.18666032306577285,0.9827298308126817
18,0.4617392894552288,0.8988837297781164
19,-0.699671916860809,0.7828842712636094
20,0.23161214473499325,0.9735344249077124
21,0.9140540625656743,0.6585285420843993
22,0.10032167389014646,0.9949804212766252
23,0.4474553733634712,0.9047395601159316
24,-0.25674584133010914,0.9675780228857731
25,-0.2684817324064117,0.9646005315230011
26,-0.027091542759879905,0.999633091482844
27,-0.8308479668416275,0.7081111741341565
28,-0.0044580931290783,0.999990062752201
29,0.9621542244278123,0.6294742223174761
30,0.9280943534527566,0.6500671820356828
31,0.30967649116117224,0.953181669347769
32,-0.5380217247897334,0.8652526894554107
33,-0.5165009983252073,0.8751266671578632
34,0.2823604995086664,0.960920378846389
35,-0.645901640523326,0.8117243518520152
36,0.5334731725252746,0.8673637735168848
37,0.016864915935250746,0.9998577974169944
38,-0.13639455389829713,0.9907413901673042
39,0.42954645516457135,0.9118725207363994
40,-0.2978380163966319,0.9566155025273155
41,-0.7719098000562363,0.7423589670517685
42,0.9760160361011301,0.6210748633827574
43,-0.7903414619348414,0.7317474682836489
44,-0.6467152285892555,0.8112976359859796
45,0.8709995611229826,0.6843265125438359
46,0.15871824886626063,0.9874832530754645
47,0.26702966389345417,0.9649756407580509
48,0.5666214840660664,0.8516923123626539
49,0.5615992109993155,0.8541086769591507
50,-0.2252289444535127,0.9749549260845144
51,-0.8290924216220166,0.7091436796904893
52,-0.9738886945182517,0.6223643446357303
53,0.22962687468671428,0.9739802519122988
54,-0.23174374147761356,0.9735047441816302
55,-0.7067172145642568,0.7790152860234565
56,0.6644191523938456,0.8019360559468478
57,-0.2518682952965057,0.968778945933398
58,-0.48634003662369985,0.8884620758762384
59,0.7254726454573439,0.7686225366031467
60,0.036267176634475096,0.9993425621565079
61,0.12430270503600616,0.9923041843615976
62,0.14872533380575437,0.9890013202185719
63,0.27635460343089746,0.9625339570229065
64,0.252180937264433,0.9687026154838574
65,-0.46011273259265884,0.899557895702153
66,-0.07649007282547271,0.9970789090922018
67,-0.4213400044452149,0.9150617774262052
68,0.6607373768599598,0.8038947385386108
69,-0.9582836298701001,0.6318180905730046
70,0.4965513059730142,0.8840146892077048
71,-0.49264034934619283,0.8857263316010907
72,-0.3086733059494282,0.9534773537274214
73,0.6540715416555574,0.8074252556743947
74,0.1690929205896159,0.9858054976386661
75,0.882541626354896,0.6774362266094605
76,-0.5862415038069229,0.8421142792345879
77,-0.17392603205455837,0.9849886779795433
78,-0.7323178913441388,0.7647970710155486
79,-0.07948484552157398,0.9968460638054958
80,0.24065077705172255,0.971458820849972
81,0.6011897294593975,0.8346735861041547
82,-0.7332050246769404,0.7643000707952339
83,-0.7181940508877871,0.7726714544218327
84,-0.8280065419965608,0.709781986906559
85,0.6551920706993295,0.8068331990091978
86,0.08325450010270452,0.9965403425601846
87,-0.5914714427002712,0.8395248232902847
88,0.22166903020480477,0.9757307715188556
89,-0.48862764540576764,0.8874718398101098
90,0.3757178344315215,0.9318513753189023
91,-0.33906577911455216,0.9441381282109994
92,0.1479386589333591,0.9891167325808944
93,0.3293901535979533,0.9471962852866161
94,-0.18781689146696778,0.9825170395259453
95,0.04246381367286456,0.9990988185722842
96,0.3208206668549771,0.949838840705756
97,0.15195611315830138,0.9885210614113485
98,0.7295437004511476,0.7663494552044643
99,0.9770212632728195,0.6204655010932248
100,0.1290967334915143,0.9917016397683488
101,-0.11867083985455351,0.9929833483449421
102,-0.4777053291860551,0.8921676721840605
103,0.6322551540594008,0.8188345010922029
104,0.8266781857463643,0.7105624699420426
105,-0.530979586802995,0.8685156613676629
106,-0.3729048949268132,0.9328330525399486
107,0.08571744177811746,0.9963330000138748
108,0.24741167768488626,0.9698573606952073
109,0.7765165477634535,0.7397159820665576
110,-0.6968160767736726,0.7844469573424641
111,0.6900627006948312,0.7881291824469008
112,-0.28486899653901365,0.9602369782931718
113,0.83829059505934,0.7037264519659344
114,-0.04310944417915663,0.999071219495147
115,-0.5550365845048784,0.8572438986045772
116,0.12272254195741983,0.9924978713563148
117,-0.2410156722322312,0.9713734538849682
118,0.9737234602691174,0.6224644949223437
119,-0.10969870950803506,0.9940011618790278
120,0.2433089736930334,0.9708341502282909
121,-0.8209463552811833,0.7139256461394907
122,0.299518648496395,0.9561354322809057
123,-0.616848892572206,0.8267513633006769
124,-0.43000139451925445,0.9116942478722114
125,0.8402771920823631,0.7025540931826534
126,0.11955915529295069,0.9928782846560128
127,-0.12044102895738229,0.9927732189493849
128,-0.7202523908696588,0.7715284333094768
129,-0.18090259416757037,0.9837702703404433
130,0.2186024171651273,0.976389681525829
131,-0.40990874187186677,0.9194196820625412
132,0.1964643538076758,0.980885914625626
133,-0.49163984224354307,0.8861625614782762
134,-0.201059303369874,0.9799904799163365
135,0.7777244144597664,0.7390219675526885
136,-0.05742684022438693,0.9983524377342238
137,0.6517819880629945,0.8086331870754839
138,-0.8928411638118097,0.6712707830679441
139,-0.8408994294580392,0.7021867215350482
140,0.7436245020437671,0.7584421894648807
141,0.8489123353805523,0.6974488672467514
142,0.9595722273659684,0.6310378527271682
143,0.4477596722898409,0.9046163371093996
144,-0.35107289794632535,0.9402343842653711
145,-0.5770128254049416,0.8466466070822305
146,0.39338205677591764,0.9255429679567987
147,0.32883620006255354,0.9473689876117877
148,0.2129177294625184,0.9775879861568559
149,0.9421066398576998,0.641604980117148
150,-0.9822654023196695,0.6172861042921407
151,0.4748974482397368,0.8933616533181301
152,0.09199303320430752,0.9957775805074519
153,0.9179221767898631,0.6561994075394771
154,0.3796489963688552,0.9304688498731929
155,0.4977197337770367,0.8835013433864879
156,-0.39261422108166855,0.9258223000938862
157,0.9858939746436175,0.6150858271204397
158,0.31587724473981105,0.9513348105089967
159,-0.8779826151402763,0.680160325203195
160,0.7209902326220596,0.7711183172161312
161,-0.7631458914287421,0.7473693094925574
162,0.7855443818698529,0.7345185797243297
163,0.9250551987046696,0.6519003538034203
164,0.9169014370456363,0.6568141858612935
165,-0.8143244694749276,0.7178015285393703
166,-0.03418472964984942,0.999415872798142
167,0.026102608504043667,0.9996593849371288
168,-0.5836719898684675,0.8433809746212623
169,0.8852135260776544,0.6758382590174059
170,0.17819323678310273,0.984248951125364
171,0.6514333191797119,0.8088169256169417
172,0.8088676557450516,0.7209875264055393
173,-0.5492479596405382,0.8599881571504886
174,-0.48515747770033935,0.8889725786702519
175,-0.05002262119666523,0.9987496510227886
176,-0.6236309929618777,0.823280913646183
177,0.7063966003437443,0.7791917780537115
178,-0.4806983397621445,0.8908889924020439
179,-0.0967623720291848,0.995329462719203
180,-0.33389183369342934,0.9457832315580221
181,0.20183739779487775,0.9798368825250163
182,0.04459011972098592,0.9990063546044831
183,-0.4429991074929702,0.9065363914182376
184,-0.6299991342324078,0.8200012170096813
185,-0.8600058761526765,0.6908689999978583
186,0.757200908889337,0.7507544774167407
187,0.5395290248043454,0.8645503063344777
188,0.7165341533875782,0.7735920616341897
189,-0.9075361119606158,0.6624495352329999
190,0.4920350526548698,0.8859903265776811
191,-0.10706100297393539,0.9942853618414116
192,-0.5138124689486077,0.876339569603648
193,-0.8590676312598196,0.6914263801480376
194,0.3268900323388113,0.9479736745059046
195,0.7265394456043712,0.768027466340666
196,0.8328973145698375,0.7069050172380138
197,0.0210185825867526,0.9997791339875117
198,0.6883547755996613,0.7890574488585557
199,-0.3346588815590781,0.945540758906703
200,-0.9307787621157717,0.6484472941518659
201,0.398779603912641,0.9235663956594193
202,-0.7234556780761074,0.7697464846423306
203,0.5740362013546174,0.8480982574799787
204,0.23875390988213474,0.9719006275858786
205,-0.12286526943195963,0.9924804769274816
206,0.6827589921247661,0.7920902666148332
207,0.7083902310422368,0.7780936730154536
208,0.08948011875281048,0.996004656880131
209,0.09182589819565878,0.9957928770524761
210,-0.5836638417336137,0.8433849855861613
211,-0.7450315775364402,0.7576482692541585
212,-0.3102838091855509,0.9530022435615185
213,0.8408446789234316,0.7022190496880713
214,-0.0759550973533285,0.9971195680206738
215,-0.2083758126654145,0.9785237313531698
216,0.10166104355228534,0.9948458445886843
217,-0.4507506135989434,0.9034016242529771
218,-0.19183660865227892,0.9817676160069705
219,0.6538093281764172,0.8075637183659801
220,-0.9340403890476965,0.646478249897457
221,-0.9343292931278768,0.6463037955467644
222,0.1638262263988477,0.9866701240554336
223,-0.7817653842401695,0.7366970291124225
224,-0.5908216511261473,0.8398473652262187
225,-0.17004729241466543,0.9856459747529617
226,0.1193125359935121,0.992907530499872
227,-0.2789364471966844,0.9618442239566904
228,0.08854676500800474,0.9960874094097643
229,-0.23143863094170247,0.9735735353440499
230,-0.656601614035544,0.8060876143005716
231,0.8456308409040496,0.6993906944111927
232,-0.8680401335423278,0.6860897446416301
233,-0.4709103027298198,0.8950477084398855
234,-0.1268102129045563,0.9919918226293288
235,0.6329696665207087,0.8184644637959305
236,-0.5160542025507517,0.8753285564793658
237,0.6163811393740941,0.8269898523342734
238,-0.6369842494096198,0.8163807177156928
239,-0.29009873822892773,0.9587943790139873
240,0.67446029241401,0.7965635685017733
241,0.05832981835559803,0.9983002623383589
242,0.6935069096731217,0.7862535806577244
243,0.4603359243838543,0.8994654993968239
244,0.25566730617736066,0.9678454285325536
245,-0.18293938644868124,0.9834058162845648
246,0.5509568516834578,0.8591800917238269
247,-0.885233116538263,0.6758265387774917
248,-0.8142258461014535,0.7178591750277062
249,0.2938618217381441,0.957741485892949
250,-0.9885371230275741,0.6134829406606942
251,0.7282223770139928,0.7670878744118408
252,-0.12758041092586248,0.9918946463375371
253,-0.2100114838430034,0.9781889651875058
254,-0.8202408919781028,0.7143390564093084
255,-0.3351132043522256,0.9453969092630914
256,0.5360859665138715,0.8661526794483777
257,-0.19084283989045492,0.9819543143562341
258,-0.21774492900976128,0.9765723629038905
259,-0.573733228970801,0.8482457301791042
260,-0.37418506044547106,0.9323870789744735
261,-0.09071792239531162,0.9958935837583283
262,0.43539476820096046,0.9095691054671531
263,-0.5050013349090625,0.8802818188107419
264,0.47053240642019545,0.8952069371453018
265,0.21418827663415851,0.9773227740073401
266,0.30349950488663247,0.9549885054677982
267,-0.14306512006029348,0.98981837301175
268,0.03943134980746499,0.9992228864354524
269,-0.7315933738670031,0.7652027616676331
270,0.23619789526724966,0.9724907424520666
271,-0.7404790114394662,0.7602145497862938
272,0.6432898610906101,0.813092074815822
273,0.09562447756407844,0.9954384154201111
274,0.8155114471416933,0.7171075424143091
275,-0.7359689461423442,0.7627498554912459
276,-0.18751425655792864,0.9825728423345398
277,-0.44189617962730154,0.9069788781046787
278,-0.22679030023532398,0.974610943291574
279,0.5112992309799451,0.8774691755825629
280,0.8221300493179624,0.7132317266925869
281,-0.15570093721624545,0.987951777202429
282,-0.9026063067333205,0.6654118727851419
283,-0.8631308197430212,0.6890114388545907
284,-0.35487963045725324,0.9389718526922685
285,-0.9690904450137989,0.6252722367338188
286,-0.4298459478193122,0.9117551786316261
287,-0.7910533651667837,0.7313356835091193
288,-0.5807541098874354,0.8448149513643215
289,0.6402816030069645,0.8146633931667528
290,-0.8711967516409345,0.6842089743023179
291,0.7753175456948591,0.7404044793977478
292,0.888153834098713,0.6740785603279705
293,0.9457340174279618,0.6394119098925768
294,-0.07500282713182305,0.9971912399295058
295,-0.8119359303874456,0.7191969925259675
296,0.570294858334365,0.8499156984407172
297,-0.24116084786557868,0.971339456272233
298,-0.5920960591518989,0.8392145604715928
299,-0.20114134509243797,0.9799743115621148
300,0.714004934391552,0.7749928130406364
301,-0.4743733396768397,0.8935839140303602
302,-0.2705492141671395,0.9640631881529761
303,-0.2635035648757895,0.9658786591058213
304,0.03986867436132013,0.9992055601369161
305,0.23210914802497307,0.9734222456411722
306,-0.9691626540333118,0.6252284819150686
307,-0.5881363860029625,0.8411778185914681
308,-0.8918554642118812,0.6718614841231992
309,0.43934519999948307,0.9079989085842481
310,-0.14090086435378502,0.9901225785630349
311,0.7884913961473459,0.7328169459929649
312,-0.9785732742826807,0.619524626446314
313,0.33035262312779756,0.9468956065731321
314,0.8343666270939754,0.7060396834583127
315,0.26272537055122847,0.9660764470522073
316,-0.7653568741482508,0.7461075111023692
317,-0.3237814535748287,0.9489328753645679
318,0.16788633950674625,0.9860059287204765
319,-0.042765106351019044,0.999085990800501
320,-0.6299805819447586,0.8200108010374251
321,0.5474447668454134,0.8608389117952295
322,-0.37745813790074,0.9312408610875836
323,0.9983755944540533,0.6075159106131133
324,0.324798209364213,0.9486200414124967
325,0.5429717618153893,0.8629408182093044
326,0.7127288269701721,0.7756986356132952
327,-0.473167852725616,0.8940944072560286
328,-0.4295579178133839,0.9118680308641914
329,-0.0014595067301998998,0.9999989349206194
330,-0.9059550215492567,0.6633999349430373
331,-0.6039627301830233,0.833280057593796
332,0.5326874856828285,0.8677271312175507
333,0.7112246343082995,0.7765298151983246
334,0.7215813062745373,0.7707896340888387
335,0.279856140192406,0.9615971013568462
336,-0.1450098417976311,0.9895411510243746
337,0.5951627186130386,0.837688194384579
338,-0.9621430471693739,0.6294809918354602
339,-0.44433717207791634,0.9059983797962651
340,0.3831940136381051,0.9292115705093185
341,0.09257777032809433,0.9957238471100264
342,-0.2836119823373635,0.9605801268216658
343,0.15882835561290332,0.9874659900325149
344,-0.3835585327681612,0.9290817241372467
345,0.5019965726159705,0.8816146004081671
346,-0.20885118249729495,0.9784266973720426
347,-0.6144739865776716,0.8279610720865374
348,-0.6276251396869046,0.8212262261419608
349,-0.6470286591296714,0.81113316253246
350,-0.381784058843196,0.9297128222569493
351,0.386812243066295,0.9279180524051638
352,-0.9583952959876965,0.6317504807797238
353,0.23613012836919522,0.9725063064181451
354,-0.858421163172308,0.6918103326553149
355,-0.5599860819197298,0.854881679670533
356,0.4822011322232478,0.8902446503841371
357,-0.454032064649047,0.9020615194492291
358,-0.9091053271577232,0.6615059849442569
359,0.2848254577235836,0.9602488871404155
360,-0.14026024373845236,0.9902117518306983
361,0.7108698613681896,0.7767257275694915
362,-0.3233764494591047,0.9490572419327845
363,0.4022811913720863,0.9222720088730192
364,0.5203878243623121,0.8733649721730287
365,0.6653435192319004,0.8014433420765931
366,0.9777945761308833,0.6199967043290173
367,-0.03630210590983052,0.9993412955943186
368,0.47128502221911583,0.8948897200825864
369,-0.3461553591513853,0.9418476325869899
370,-0.4145469119947527,0.9176634469336934
371,0.03944496489659155,0.9992223498988434
372,0.5897247673087649,0.8403913098236866
373,-0.26529614283395153,0.9654209822841883
374,-0.4449317628895373,0.9057588876185231
375,-0.9268163737106623,0.6508381434307355
376,-0.10590689423022304,0.9944075611111237
377,-0.9642034719224462,0.6282329965965969
378,-0.04337808389135822,0.9990596133598724
379,-0.7215028550906089,0.7708332665111176
380,0.625431787627859,0.822355528930237
381,0.5822877252716867,0.8440618563976637
382,-0.3470708057780225,0.9415488263010183
383,0.05158532651811454,0.9986703617972397
384,0.32490795679722173,0.9485862220109834
385,0.9961913426656528,0.6088407159777967
386,-0.19711377645027772,0.9807605661270566
387,0.3943313475700525,0.9251969864311129
388,-0.1061148440772659,0.9943856396937297
389,-0.04563635027578772,0.9989592037712578
390,0.15236714098040904,0.9884592386058457
391,0.8372511293153972,0.7043395478798599
392,-0.7386318756430026,0.7612537576154601
393,-0.4705122007991216,0.8952154480930105
394,-0.39936107550239996,0.9233521087279365
395,0.11502691524372732,0.9934062392606585
396,0.7547225395108299,0.7521623737330628
397,-0.8169097655967983,0.7162895584263289
398,-0.14502059503670806,0.9895396079516188
399,0.08461627579628295,0.996426443341472
400,-0.6675010162463564,0.8002918515983036
401,-0.04366651312951686,0.9990470721399566
402,0.8707705436092088,0.6844630136618283
403,0.022657248473282987,0.9997433574841361
404,-0.6441940801503834,0.8126189248439826
405,-0.5982541501794194,0.8361443493605015
406,-0.3213447017353195,0.949679035667096
407,-0.9964985917061113,0.6086543625086661
408,-0.7337471326556788,0.7639962277405195
409,-0.663965167507091,0.8021779027546013
410,-0.38405017623714977,0.9289064276895537
411,-0.958860464116833,0.6314688314248652
412,0.8206899136322487,0.7140759375621092
413,-0.5009185510108072,0.8820913143075336
414,0.7143811745303568,0.7747845941753242
415,0.7947635375374573,0.7291873819434848
416,0.3327076547990093,0.9461565931284115
417,-0.18268990761128423,0.9834506688590543
418,0.6716175894874725,0.798089052414232
419,-0.6990168617796457,0.7832429998312976
420,-0.8592645229099749,0.6913094265377884
421,0.977113107853941,0.6204098240557961
422,-0.40317564861313526,0.9219398447892665
423,0.329052712025494,0.9473015180068206
424,0.05100585943398017,0.9987000468237995
425,-0.31752732200446676,0.9508377887627432
426,0.7536272565157465,0.7527839428187051
427,0.9105518520485045,0.6606359563735876
428,-0.5980210680022076,0.8362609287320217
429,0.7517164550176676,0.7538673805023725
430,-0.6973830835625008,0.7841369579548185
431,-0.16240279886760467,0.9868992373872939
432,-0.675574388213046,0.7959647508223892
433,-0.35998787661972353,0.9372589861238323
434,0.10032923373042468,0.9949796666395763
435,0.8241786746810609,0.7120299926851967
436,0.1841320980219383,0.9831905671942962
437,-0.49808992966366916,0.883338509376021
438,-0.7594032815509184,0.7495017159255017
439,-0.9764474601825679,0.6208133404304998
440,0.902194787651361,0.6656590227282796
441,0.1453487678781531,0.9894924617977164
442,-0.03668581696526063,0.9993273017797651
443,-0.4481664339321978,0.9044515181954348
444,0.9903614259536189,0.6123765689159182
445,-0.056550821783152516,0.9984022799935706
446,-0.9934653265095119,0.6104940830279072
447,-0.04832953611121504,0.9988328096667729
448,0.5205584387942435,0.8732874206080015
449,0.7092239492169876,0.7776339980096307
450,0.7286754793812447,0.7668347296836442
451,0.7228099504210317,0.7701059992741813
452,-0.4532623583565507,0.9023765518799982
453,-0.7183432618279788,0.7725886489229853
454,-0.9873387026910492,0.6142097130722034
455,-0.793841526681893,0.7297216019705222
456,0.25692540517804363,0.9675334007714088
457,0.5152782804111677,0.875678860263627
458,-0.9047629517553444,0.6641162965504788
459,-0.1985227405451342,0.9804872477871532
460,-0.09852968841865506,0.9951577121109673
461,0.8225083904443236,0.7130098625638394
462,0.3990099913033234,0.9234815235013737
463,0.7443568858414438,0.758029036951354
464,0.8955424807909627,0.669651288205866
465,-0.7015105029455868,0.7818764893868779
466,-0.5527277191633864,0.8583408770750081
467,0.8532626690132856,0.6948713272775408
468,-0.6179257431324292,0.8262018936580152
469,0.5366670274489185,0.8658827699329495
470,0.6400773924453949,0.8147699022265635
471,0.6203376045655933,0.8249690802628293
472,-0.10212857330381153,0.9947984524011414
473,0.48653509469744005,0.8883777794178628
474,-0.3918219147080959,0.926110050446575
475,0.7869804546542964,0.7336896807715445
476,0.260460235304925,0.9666490585955647
477,-0.7198947000892142,0.7717271765965076
478,-0.40434316445148344,0.9215053489110576
479,-0.5906914382175725,0.8399119722372798
480,0.12079490399708326,0.9927308446317269
481,-0.039248336099851455,0.999230080596858
482,0.9019443963336329,0.6658093923752805
483,0.14208229779855275,0.9899570806482123
484,0.5618824198969401,0.8539728076202284
485,0.10853911714362474,0.9941269442416684
486,0.5335068555941638,0.8673481874934286
487,-0.5432828361867847,0.8627950340994849
488,-0.1682306952080359,0.9859488683266011
489,-0.8651190690437576,0.6878286675321937
490,0.32479652057498276,0.9486205617442897
491,-0.49420244062945073,0.8850439040027386
492,0.9485185971495691,0.6377277795131733
493,0.9725413673353613,0.6231809483420189
494,0.14668284603910586,0.9892997309024175
495,-0.07531084326507442,0.9971681557003771
496,0.5839882907042679,0.8432252452422099
497,0.032826858295293304,0.9994613438145916
498,-0.24002269990011582,0.9716054736410465
499,0.8872548605228101,0.6746167050526821
500,-0.1854160614888889,0.9829573396162614
501,-0.11269437374822844,0.9936701077749931
502,0.8705531987284691,0.6845925495235899
503,-0.012876805843408334,0.9999170973722483
504,0.6215895746432032,0.8243279755766845
505,0.4202363588927631,0.915486831725666
506,0.31460915061081085,0.9517151902808828
507,-0.2474923528641344,0.9698379993973901
508,0.13259578563869212,0.9912477051087404
509,0.6303611054953182,0.8198141902469939
510,-0.19883650979993095,0.9804261265507218
511,0.8510814427508193,0.6961641414071462
512,0.2603275409950714,0.9666824595919045
513,0.5640005973326039,0.8529551287695164
514,-0.3424905220802197,0.9430368885157737
515,-0.5024451969682844,0.8814159875035106
516,0.24597739234626448,0.970200586387395
517,-0.596707707384357,0.8369172787466066
518,-0.22429206193994,0.9751602480406616
519,0.35469126135093365,0.9390346068578129
520,0.37617780196036654,0.9316902499799844
521,0.7265129444843874,0.768042253897895
522,-0.6907872658246694,0.7877350132240135
523,-0.974923757095612,0.6217369621784173
524,-0.7345041967920025,0.7635717317290249
525,0.37307036297658835,0.932775482159433
526,-0.8628088678020422,0.6892028968166829
527,0.8925966897952153,0.6714173016097648
528,0.339990082264636,0.9438418789119117
529,-0.3701653057758496,0.933783023339043
530,0.24007329473637173,0.9715936733804795
531,-0.420614037291988,0.9153414772172745
532,0.4435586509643883,0.9063115676327179
533,0.026113227655197413,0.9996591077876722
534,-0.0800330217513403,0.9968024807029863
535,0.7961238123719272,0.7283988118464548
536,0.3655592675742758,0.935366555030091
537,0.8278861094138794,0.7098527640138661
538,-0.37194730041535773,0.9331657910937429
539,-0.7969987556131757,0.7278913341352732
540,-0.9158282496050905,0.6574604351698751
541,0.5693521684677465,0.8503723676235743
542,-0.8586528635094413,0.6916727291370205
543,0.22322592579631784,0.9753929076313421
544,0.06957980038870981,0.9975822531583673
545,-0.7633352634959065,0.7472612951949796
546,-0.06366610926390215,0.9979753656084387
547,0.47877289397785594,0.8917122911324633
548,0.4757006670971422,0.8930206604792004
549,0.9362152155894177,0.6451648167713058
550,0.17677859184646016,0.9844961069356976
551,0.4145307795082729,0.9176695838673549
552,0.6131008052123754,0.8286592061343331
553,0.855157794492742,0.6937473548616169
554,0.15405358148074222,0.9882038733434303
555,0.7312565674369256,0.7653912915432026
556,-0.3278804078039099,0.9476663587588406
557,0.5729396552969888,0.8486317568253225
558,-0.5817642577008124,0.8443190573642669
559,0.3598441679755555,0.9373074652649497
560,-0.16800268848673205,0.9859866621823875
561,0.1154987527624971,0.9933522140040112
562,-0.6162209666646574,0.827071492344064
563,-0.013686227927713679,0.9999063479681807
564,-0.021218148125346836,0.9997749204292735
565,0.07990142409084822,0.9968129706085413
566,0.8175407466868114,0.7159202962913709
567,-0.8700425110278471,0.6848968845890704
568,0.169148306466691,0.9857962637467929
569,-0.6759127183589388,0.7957827946475008
570,0.2369037357577577,0.9723283820053791
571,-0.023622279252369927,0.9997210328800267
572,0.6355295535044934,0.8171366770942036
573,0.5454028897385141,0.8617999118661648
574,-0.5085140705928148,0.8787162178629456
575,-0.16067988266101318,0.9871739515760918
576,-0.5261207518683675,0.8707489959934006
577,-0.31051788811423875,0.9529330025558982
578,-0.5808190501970107,0.8447830885356236
579,0.643388776038202,0.8130403346364855
580,0.7714735983512251,0.7426088969676502
581,0.9741760011972758,0.6221902028314661
582,-0.365620381694987,0.935345656648596
583,-0.9918168959169544,0.6114938522188771
584,-0.653373251728852,0.807793919563211
585,-0.31184596696396305,0.9525392613593684
586,-0.8944890908123171,0.6702829335930729
587,-0.8789996411540804,0.6795529084844916
588,-0.7373783768237661,0.7619583105902671
589,0.34829871299643034,0.9411469417140119
590,-0.3420015886627823,0.9431947053003931
591,0.42470379272284653,0.9137606106559597
592,0.15184181947321052,0.9885382233660289
593,-0.07559035083103605,0.9971471266301882
594,0.29052316195109995,0.958676248582399
595,0.586537262263604,0.8419682443397899
596,-0.7884799310407411,0.7328235707410024
597,-0.7447939773839198,0.7577823783418424
598,-0.16842892255740338,0.9859159701557814
599,0.9444229483160214,0.6402046727045944
