,data,labels
0,0.9878595397823018,0.6138938581940362
1,-0.9622443510267684,0.6294196368375665
2,0.8813340680656174,0.6781580746491491
3,-0.6183900327494847,0.8259648041953698
4,0.29141052516158195,0.9584287567762997
5,0.9153996679200536,0.6577184833796964
6,0.23333052696530476,0.9731456002884402
7,-0.37784512456886077,0.93110477376885
8,-0.2109374240963946,0.977998347675392
9,0.9037830234775044,0.6647050458708689
10,0.11509720962785619,0.9933982044081033
11,-0.9905251912029962,0.6122772493718097
12,-0.8916436050932186,0.6719884277268615
13,-0.5987283233080756,0.8359070949080497
14,-0.40404257143955746,0.9216173163564608
15,0.45742290147358444,0.9006686424917848
16,-0.28762422000155596,0.9594799635163072
17,0.6373416002540011,0.8161948565713321
18,0.15047455486382755,0.9887425488768332
19,0.16517238749385976,0.9864516574800076
20,-0.9178377066085195,0.6562502869388851
21,0.5951912080071042,0.8376739904704328
22,0.8544059571178484,0.6941933397211064
23,-0.16343900399170486,0.9867326436407781
24,0.40492473725860134,0.9212885220050335
25,-0.8239489485430893,0.7121647991284968
26,0.989885360592244,0.6126652888894446
27,-0.028464917023443448,0.9995949563017803
28,-0.33180935792701227,0.9464390315844133
29,-0.3914423688746236,0.9262477198501731
30,-0.7452994678167801,0.7574970406310092
31,0.5553906750569559,0.8570753845333504
32,0.15463280689186765,0.9881155323600284
33,-0.9252154418366556,0.6518037189677346
34,-0.9760650160772877,0.62104517271322
35,-0.18875154586151655,0.9823441507296758
36,-0.14424369601439335,0.9896508033936898
37,-0.3076603140997767,0.9537750476613113
38,0.6581510526742023,0.8052669802464164
39,0.5133955687692935,0.8765272329317287
40,-0.7239766770935243,0.769456302271119
41,0.6656337003820183,0.8012885884922969
42,0.7751300417048244,0.7405121106045204
43,-0.8428433099579209,0.7010385345924732
44,-0.8857265682426603,0.6755313065948965
45,-0.7172944003715178,0.7731705441507373
46,0.7737031943987269,0.7413308096672522
47,-0.051907944378464466,0.9986536897450934
48,0.3626677997941927,0.9363518486112615
49,0.9046421223119063,0.6641888981950169
50,0.6031336192750074,0.833697142261114
51,-0.5571064076834842,0.8562578044672201
52,-0.18276404890791031,0.9834373455381759
53,-0.9629574208105331,0.6289877504289805
54,-0.7923674899068722,0.7305751929641332
55,-0.6772578215051359,0.7950589004984491
56,-0.755782993289351,0.7515602000533561
57,-0.01106180096141074,0.9999388201513083
58,0.6844203586091762,0.791191205887994
59,-0.026699001919230136,0.9996436451577336
60,-0.8655464471187262,0.6875743388435825
61,0.18264243345859232,0.9834591973032015
62,-0.798338387363489,0.7271139378822636
63,0.3813858467022604,0.9298541044912788
64,0.9799079430777444,0.6187154602636653
65,-0.8855275353299219,0.6756503922718955
66,-0.07267829813328053,0.9973624170407012
67,-0.396597793762264,0.9243681046582859
68,-0.5081825051632778,0.8788643385953352
69,-0.4996441063985966,0.8826538981594428
70,-0.929432289410504,0.6492598934376786
71,0.19776410616883378,0.9806346441515318
72,-0.13227591620216828,0.991289697412886
73,-0.9296504777854768,0.6491282270643279
74,0.7282525889381033,0.767070997547712
75,-0.05540899935442045,0.9984660990257701
76,0.2707119958858739,0.9640207185234952
77,0.056107126298788,0.9984272332851433
78,-0.25446188098186506,0.9681430492852737
79,-0.11238256180015327,0.9937049771044285
80,0.10375211823852304,0.994632207342387
81,0.7405830530359983,0.7601559805289122
82,-0.7591579220984361,0.7496413586084744
83,0.925044263362353,0.6519069482883052
84,0.8068371158531265,0.7221711879577487
85,0.6484120007735164,0.8104066977195729
86,-0.4955695945853704,0.8844452987661616
87,-0.5412060503892056,0.8637671969252138
88,-0.4719124585022205,0.8946249630328169
89,0.8952556461857748,0.6698232977962014
90,0.16609801987105932,0.98630042896134
91,0.37240284215480646,0.933007594382488
92,0.7292517071397129,0.7665126891194506
93,-0.12548092878822303,0.9921581770424018
94,0.5038914760265691,0.8807747951830929
95,-0.15330659839329375,0.9883173221299189
96,0.47267938754243777,0.8943009729329787
97,-0.4202927209943028,0.9154651468526157
98,-0.7898952199084741,0.7320055162290909
99,-0.7003091026335713,0.7825351639551005
100,0.47000824364467864,0.8954276312421035
101,0.07213590886080778,0.9974015870606792
102,-0.11959781477010889,0.9928736947474741
103,-0.0324027773562352,0.9994751677824365
104,-0.8449730176061974,0.6997797052596273
105,0.7744467060261457,0.7409042715394959
106,0.615075442689434,0.8276549817861427
107,-0.700638695191965,0.7823545201449561
108,0.7804009817670587,0.7374825543463851
109,0.18645545570754285,0.9827673910930652
110,0.8737393238759521,0.6826928668560776
111,0.32758933345066854,0.947756765907495
112,0.05749304508523312,0.9983486398814767
113,-0.7236291576399012,0.7696498722633067
114,-0.7050441582394553,0.7799358295162655
115,0.9190416928285237,0.6555250138327351
116,0.9274673969622054,0.6504454219673039
117,-0.697070823960833,0.784307695553903
118,0.753137367845111,0.7530618266692803
119,-0.23731714510513413,0.9722330754777865
120,-0.5173223897539665,0.8747551787662308
121,-0.6644691663513569,0.8019094068660719
122,-0.1980450208114648,0.9805801279804156
123,0.6791726261087763,0.7940270676889231
124,-0.09699236739962158,0.9953072856855962
125,-0.4197408350967611,0.9156773774939295
126,0.361265369570527,0.9368272922604926
127,0.5018804617997887,0.8816659828371509
128,0.342501608545829,0.9430333077446926
129,0.17290158692503677,0.9851636796510087
130,-0.015667656660652174,0.9998772697993493
131,-0.2505208558260157,0.9691069035438544
132,0.05781752073735813,0.9983299632138636
133,0.4042664095312041,0.9215339458604916
134,0.3008912659663938,0.955741521998148
135,0.5478898958516287,0.8606290798120042
136,0.011193491722534477,0.9999373548338192
137,0.5633677934066643,0.853259433474397
138,-0.22039819073099864,0.976004891070624
139,0.19699573464295783,0.98078337956918
140,-0.015985779297032376,0.9998722355927004
141,-0.197994351663765,0.9805899666694361
142,-0.8991610325113237,0.6674803808041369
143,-0.30680357646729606,0.9540261306728547
144,-0.09883792639540245,0.9951274417674032
145,0.3217340198728571,0.9495601612364989
146,-0.8872759463770143,0.6746040839361812
147,0.5444129547867922,0.8622649123075603
148,0.15929966007482554,0.9873919648750176
149,0.960406105411816,0.630532900298561
150,-0.3949664746589894,0.9249651128190458
151,0.7242525221716589,0.7693026237646249
152,-0.2813765089539195,0.9611869327903968
153,0.12005931157170968,0.9928187898552122
154,0.6963591683229005,0.7846966683239118
155,0.7246385071972818,0.7690875374988798
156,-0.3063279282508935,0.9541652544767227
157,0.7729932430388484,0.7417379414084452
158,-0.07821778516081856,0.996945663049127
159,-0.28859166043482953,0.9592125675519679
160,-0.31486027333642586,0.951639972503076
161,-0.2725196005622317,0.9635475255999439
162,0.049986803834031424,0.9987514398218909
163,0.6202710201883024,0.8250031543149384
164,-0.941697706327892,0.6418521581598085
165,0.19149594834177464,0.9818317207449311
166,-0.4590003353381156,0.9000178757413386
167,-0.555119487305257,0.8572044512708791
168,0.8411546562103411,0.7020360115047939
169,-0.4871923008453445,0.8880935708153183
170,-0.698564889517528,0.7834904137424197
171,0.8855091152252481,0.6756614131252108
172,-0.19421351755107819,0.9813172814044177
173,0.2614901405427166,0.9663892778525073
174,-0.8701443911602429,0.6848361744339772
175,0.3115902453257313,0.9526151942095848
176,-0.77520704219069,0.7404679119743414
177,-0.9094532813354259,0.6612967258031102
178,-0.8033006147706452,0.7242302307704424
179,0.9261498556273979,0.6512401716535351
180,-0.32239613433768466,0.9493576948687245
181,-0.3172807048894679,0.9509122206546592
182,-0.3453412838799661,0.9421127671916754
183,0.7664445121676842,0.745486245399436
184,-0.1902667017260069,0.9820621249886442
185,0.550645614038177,0.8593273936602278
186,0.1026369786069512,0.9947466725532041
187,0.12082434489229699,0.9927273137490331
188,0.40334779317658165,0.9218758465800895
189,-0.25721635498483186,0.9674610370850554
190,0.43460678991665813,0.9098809329710899
191,0.0034773257374201005,0.9999939541211343
192,0.3540995905837083,0.9392315293628878
193,0.27169010648528436,0.963765031845101
194,0.5453485316341065,0.8618254608115663
195,0.029842740172357995,0.9995548045584154
196,-0.3685012185862726,0.934357105351473
197,0.8392968907129421,0.7031327050330224
198,-0.4213483006284118,0.915058578789175
199,0.9647852198110098,0.6278805986162059
200,0.46158446875925274,0.8989479796210921
201,0.8038941995618558,0.7238848530131399
202,0.5553063961406663,0.8571155001764846
203,-0.303087794604991,0.9551077614818565
204,0.6655508467772842,0.80133277814749
205,-0.7085473865296215,0.7780070450745664
206,-0.5686533800478,0.8507105535777822
207,0.5395652166044258,0.8645334242685373
208,0.20007228326107218,0.9801845004571937
209,0.008519255617414068,0.9999637118002952
210,-0.7923223822291208,0.7306013048018719
211,0.17476148895440158,0.9848452182296685
212,0.03202519360488121,0.9994873249500721
213,0.11910426879253033,0.9929321819200226
214,-0.18859769873175458,0.982372665695422
215,0.369611577640629,0.9339742981589759
216,0.1746066196076892,0.9848718618100081
217,0.273371563977576,0.9633234886448732
218,-0.418991009244037,0.9159653588122588
219,-0.17414865889108122,0.98495051495464
220,-0.12826435676310055,0.9918078673053633
221,0.5326032764877531,0.8677660528097539
222,0.034847951664029875,0.9993929944348743
223,-0.1395004083101663,0.9903170030973887
224,0.5815898242477711,0.8444047296443137
225,0.520792494951893,0.8731810019132739
226,-0.3245162772101009,0.9487068738271037
227,-0.1887043397237107,0.982352902587905
228,-0.272095197584735,0.9636588873635651
229,0.1467346348455314,0.9892922143596722
230,-0.4873757198597559,0.8880141990874969
231,0.3137788083957864,0.9519635142440166
232,-0.4026930941152853,0.9221191221667715
233,0.439191213937399,0.9080603287803694
234,-0.6705369313406406,0.7986680405893926
235,-0.48381250416006694,0.8895520393050841
236,-0.7346294567888674,0.7635014773223906
237,0.5966017457260293,0.8369701924422293
238,0.7975156656371045,0.7275914244622558
239,0.5341474808128037,0.8670516197447681
240,0.4122872934099928,0.9185210965094383
241,0.9138622924341937,0.6586439724182942
242,-0.8187819167850241,0.7151936644258249
243,0.16970215577316727,0.9857037648624294
244,0.7835992546265769,0.7356403784322144
245,0.06916785946678106,0.9976107623910163
246,-0.4811230114621634,0.8907070654746903
247,0.13025446289391862,0.9915527675174872
248,-0.8521461340182197,0.6955332114447991
249,-0.9530127013894556,0.6350086840556207
250,-0.08519391070981852,0.9963775756556541
251,-0.033688723409705856,0.9994326959353482
252,-0.11169886948344687,0.9937810991889435
253,-0.22349790750939236,0.9753336539641136
254,0.10020072705458061,0.9949924867559153
255,0.38512098957374863,0.9285239647867842
256,-0.1291222837698347,0.9916983683643622
257,-0.6430193564945834,0.8132335458543178
258,0.45458266803810976,0.9018359031355481
259,-0.6853292437887679,0.7906988643256907
260,0.46587273578582367,0.8971621150600892
261,0.4205763885445799,0.9153559716571679
262,0.2350574552501543,0.9727521045304961
263,-0.6822227095622366,0.7923802310049045
264,-0.025926064062753662,0.9996639760697981
265,-0.25129218351903426,0.9689193693207051
266,0.628814785665984,0.820612704330462
267,-0.4556507491513273,0.9013976258277566
268,0.24862385350382188,0.9695658255004062
269,0.6536730236258301,0.8076356818769747
270,-0.721205377052963,0.7709986950633689
271,0.6228371193826829,0.8236883483471389
272,-0.11996413378183912,0.9928301303434856
273,0.4418856524248196,0.9069830972669949
274,0.7874938387497938,0.733393216309071
275,0.68955071638701,0.7884075753530794
276,0.08464215821551324,0.996424260762539
277,0.8010124216057233,0.7255607681573347
278,0.05983538193198101,0.9982114648731287
279,-0.0033624476165581285,0.9999943469889913
280,0.00501862859665847,0.9999874067627998
281,-0.9059995437897346,0.663373176491086
282,-0.6917515417171296,0.7872101041783814
283,0.9310957407971767,0.6482559738444809
284,0.08963056621567755,0.9959912374272232
285,-0.33427768629675203,0.9456613208881033
286,-0.08968655883133936,0.9959862373472016
287,-0.20905998289705008,0.9783840095374785
288,-0.25275108669917534,0.9685631872154608
289,0.3251887091219017,0.9484996598080953
290,0.874949987064745,0.681970593616737
291,-0.9291513947996468,0.6494293938627707
292,-0.4006592692488051,0.9228727450364267
293,-0.6647793558199759,0.8017441027068
294,0.4660082649351749,0.8971054623894112
295,0.3590983834744379,0.9375587799338144
296,-0.4335239869572791,0.9103086841552498
297,-0.9558997944994652,0.6332612602592359
298,0.3447387266765063,0.9423086587724385
299,0.5351049471196614,0.8666079012271677
300,-0.5047685054730882,0.8803853038441036
301,0.19966572296225626,0.9802641523112396
302,-0.33916877113351585,0.9441051534665774
303,0.5948158616246684,0.8378610911255662
304,-0.3633366237089062,0.9361245444334869
305,0.6178845105112034,0.8262229437724732
306,0.34899512134309796,0.9409184583891508
307,-0.4860577513507194,0.8885840228101997
308,0.10792573236743119,0.9941929446529613
309,0.5137337284331682,0.8763750224265094
310,-0.638070948603364,0.8158153244353255
311,0.7258375384335494,0.768419042715612
312,0.059294330498839365,0.998243635402051
313,-0.34720752567045143,0.9415041406732224
314,-0.7014721611080195,0.7818975193846591
315,-0.21199891213415634,0.9777788401134022
316,0.3558659894851972,0.9386427770931622
317,-0.498191985683506,0.8832936031039806
318,-0.6778347752837861,0.7947481624600251
319,-0.5602688194173613,0.8547463036049184
320,0.2000556351143714,0.9801877651574045
321,0.33202108077380954,0.946372523831565
322,-0.43273398090857595,0.9106202218868282
323,-0.48091859071707854,0.8907946535683083
324,-0.9341126897138903,0.6464345918793595
325,-0.7677825960451274,0.744721424486143
326,0.6104020072943999,0.8300284470251698
327,-0.1521102001924597,0.9884979042538851
328,0.46673260261797234,0.8968024626618408
329,0.6616267259221698,0.8034221699920764
330,-0.15533697368520905,0.9880077000449857
331,-0.11506053978633957,0.9934023964819695
332,0.06770515622925077,0.9977106305228587
333,-0.9276782153462733,0.6503182401908066
334,-0.4280934148802429,0.9124408788444603
335,0.937119498409474,0.6446185856659694
336,-0.6905256447822332,0.7878773621299265
337,0.46080438091160136,0.8992714542681364
338,-0.6315101382652788,0.819220068459348
339,-0.7086570437006259,0.7779465936972999
340,-0.22998833464365442,0.9738993503883699
341,-0.9145345898236954,0.6582392854976841
342,0.24640431392568307,0.9700986196013642
343,-0.6643617310167262,0.8019666505626748
344,0.5729063812829611,0.8486479348273582
345,0.6986193754473582,0.7834605919681322
346,0.9630404757399535,0.628937444862226
347,0.21692047002962767,0.9767473626691838
348,-0.1724718076472982,0.9852367984187226
349,0.3794883053739593,0.9305256039363173
350,-0.2245119879394477,0.9751121232760228
351,0.6780039052645752,0.794657044652983
352,0.1906751107310607,0.9819857333145282
353,0.456755890640955,0.9009432834353152
354,-0.11386921008131923,0.9935378714396181
355,-0.28483878440275245,0.9602452421709484
356,0.1210615803332229,0.9926988308681891
357,-0.14682182433958735,0.9892795539542031
358,0.1410448703161904,0.9901024783545035
359,0.6331677345888524,0.8183618424023926
360,0.3986894898253954,0.9235995814736916
361,0.46662355561314905,0.8968481019630042
362,-0.33006441256451713,0.9469857265213574
363,-0.6126008412529542,0.8289131489721316
364,0.7166405880939377,0.7735330621983362
365,-0.6269637484157664,0.8215670129736462
366,-0.44104844168218893,0.9073183810420733
367,0.34878501264376216,0.9409874347926115
368,0.5713893418128715,0.8493848562964664
369,0.4356070315461229,0.909485027986756
370,0.6077442477122827,0.8313731602222586
371,-0.768400880083429,0.7443678410942683
372,0.4091481890408162,0.9197060965053052
373,0.1144766534713495,0.9934689684080866
374,-0.9542374135962797,0.6342674800118566
375,0.38727978024404,0.9277501530309781
376,0.992443125091734,0.611114048623481
377,0.21911204840653542,0.9762807845275908
378,-0.11251057818977617,0.9936906728203468
379,-0.03440301210054564,0.9994083914485957
380,-0.08047729351719424,0.9967669402438606
381,-0.19642115585319808,0.9808942383854257
382,0.6697555606299856,0.7990863587637019
383,-0.298371926535149,0.9564632585082733
384,0.6270866339687622,0.8215037117537819
385,-0.9340754193587197,0.6464570972560929
386,-0.07089632459340844,0.997490010883214
387,-0.3123103682778685,0.9524012203132832
388,-0.5891522949096244,0.8406749370403634
389,0.21962894855468518,0.9761700877451818
390,-0.2569438426066777,0.9675288173696951
391,-0.5734203565079241,0.848397966949932
392,-0.818140335473309,0.7155693179362502
393,-0.027918189285686568,0.999610363281614
394,0.7781337611434487,0.7387866688742833
395,0.4334454335114355,0.9103396822573574
396,-0.8164707258284585,0.716546436899947
397,-0.9530011269346901,0.6350156885800334
398,-0.5838741079488867,0.8432814690529301
399,0.9905329428094514,0.6122725482078802
400,0.39468836927661677,0.9250666829234084
401,0.7282132944236426,0.7670929480278186
402,0.24001846487305079,0.971606461272355
403,-0.4993918366096397,0.8827651312922307
404,0.6918316097575552,0.7871665015066879
405,0.878746937273255,0.6797038503387492
406,-0.6038260435888618,0.8333488429242146
407,-0.6372297912727769,0.816253016007467
408,0.2895017800582489,0.9589602634789427
409,-0.8430855292954038,0.7008954095561339
410,0.007467382453805849,0.999972119488313
411,0.41385260684558767,0.9179273874793817
412,-0.5559418653579167,0.8568129215151804
413,0.5370695833423371,0.8656956560015832
414,-0.024726843201249737,0.9996943383366981
415,0.29062083184730114,0.9586490416054109
416,-0.3279168219494206,0.9476550435499338
417,0.4668985083153139,0.8967330103679165
418,-0.2391032360350942,0.9718195122578042
419,0.6333734418295951,0.8182552427027242
420,-0.7779624098025397,0.7388851701706396
421,-0.4747294153598218,0.8934329323674634
422,0.966361746760189,0.6269255328414041
423,0.8322820405030813,0.7072672368321048
424,-0.08791543041180261,0.996142896355218
425,-0.20932581598734745,0.978329602729124
426,-0.020247045389086393,0.9997950495817132
427,-0.5566076301038161,0.8564956612158733
428,0.4699888012404434,0.8954358136087709
429,-0.1291675182232288,0.9916925750787421
430,0.7704490223280434,0.7431957217661961
431,-0.5319199599152244,0.86808171948769
432,-0.6257572145110715,0.8221881264998765
433,-0.6529778133837254,0.8080025921290375
434,-0.8120456077837581,0.7191329458273419
435,0.09199364659813636,0.9957775243175698
436,-0.7715154003006766,0.7425849482361592
437,0.5466386706461401,0.8612185981326328
438,-0.9658692556639041,0.6272238970434109
439,-0.07279660450613812,0.9973538344707958
440,-0.9440312290857142,0.6404415102257406
441,0.9434309300692749,0.6408044364802868
442,-0.2420529815601966,0.9711301108214132
443,0.550303781861889,0.8594891084794086
444,0.8016110554399334,0.7252128056944284
445,0.678918033548827,0.7941643508665316
446,-0.30827825212298854,0.9535935558838687
447,-0.46801080639943127,0.8962668762013151
448,0.3512676911684234,0.9401700691743664
449,-0.15026183465090592,0.9887741756522272
450,0.7691670098875687,0.7439295462379715
451,0.17378293624788266,0.9850131826826256
452,-0.005466844851068409,0.9999850569153361
453,-0.3771341394426935,0.9313547060643317
454,-0.6919648990386991,0.7870939102961195
455,0.7550443658181407,0.7519796645822473
456,0.8186907779003438,0.7152470332509918
457,0.5375716178842078,0.8654621630612708
458,0.33294808249109287,0.9460808837265217
459,-0.03453516443290261,0.9994038389834334
460,0.9196884127886069,0.6551353730372153
461,0.2552984188365841,0.9679366468365626
462,0.31004315312877195,0.9530733808963696
463,-0.649692132469279,0.8097336330404626
464,-0.41329709609802,0.9181383011866575
465,-0.58003480955338,0.8451677165911278
466,0.27121540521032617,0.9638892296155706
467,0.7753868676393811,0.7403646845241261
468,-0.09053820985612382,0.9959098040091018
469,0.7695043251354174,0.7437365151324206
470,-0.8658481343473345,0.6873947886272768
471,0.48046103650331595,0.8909905979613616
472,0.6929169233586174,0.7865752127729305
473,0.9013350316430084,0.6661753068147093
474,-0.8876015648756255,0.674409174134435
475,-0.12121746284120172,0.992680085384604
476,0.37531446107713884,0.9319925365270363
477,0.5266710920479432,0.8704967793077791
478,0.14635361813283532,0.9893474537858019
479,0.9112509762767882,0.6602153753657988
480,-0.5075635672612853,0.8791406458815337
481,0.8849590170426542,0.6759905171497497
482,0.8851353701789428,0.6758850162099042
483,-0.6492983796454539,0.8099407412803002
484,0.6021873940900544,0.8341726957618266
485,0.8588606749783187,0.6915493045771949
486,-0.9759624338206512,0.6211073559186271
487,-0.1137981675030868,0.9935459062513645
488,-0.9036602459511989,0.6647788034456112
489,-0.2239988279170555,0.9752243445734758
490,0.5364615449495218,0.865978242729011
491,0.14682676277146367,0.9892788366458916
492,-0.6147367212253163,0.8278273852823121
493,-0.05815238252365251,0.9983105788845869
494,-0.64553731607549,0.8119153335995041
495,-0.19670683260163302,0.9808391590295709
496,0.05591375246753927,0.9984380472623966
497,0.3253824535254035,0.9484398850986395
498,0.7901952732286368,0.7318320107155891
499,0.9533434839730919,0.6348085007353901
500,-0.676220829163726,0.7956170475872832
501,-0.8677451523472259,0.6862654143413517
502,-0.910591779398704,0.6606119382538658
503,0.6578054113414333,0.805450138491603
504,0.20832244152893042,0.9785346124309163
505,-0.5557878423084757,0.8568862815505043
506,-0.47163321838837535,0.8947428268111262
507,-0.8961908191131973,0.6692624511441752
508,0.25192351012428293,0.9687654718727748
509,0.468661557988439,0.8959937621047754
510,-0.8276716447672439,0.7099787948680188
511,-0.5202982472718025,0.8734056813750994
512,-0.5364057837534666,0.8660041464158624
513,0.13983067489469825,0.9902713239357692
514,0.979276488544577,0.6190982962074788
515,-0.46627960560106163,0.8969920002520417
516,-0.660940640326511,0.8037867630899429
517,-0.13221294979915443,0.9912979518732091
518,0.047982140762121706,0.9988495193947861
519,-0.8401135146042187,0.7026507158075257
520,-0.806571685468972,0.7223258385959536
521,0.707248491045273,0.7787227402068744
522,-0.4764127621862406,0.8927179798820252
523,0.6230283541550701,0.823590231163662
524,-0.48569216294405404,0.8887418762329377
525,-0.15803061622139758,0.9875907992446887
526,0.9259065091827499,0.651386942340081
527,-0.6107044267040052,0.8298752021118317
528,-0.07646309900423853,0.9970809659342619
529,0.9055732211321958,0.6636293923243914
530,-0.46610157587458656,0.8970664498952257
531,-0.11039916841154507,0.9939245424920345
532,0.4534223815873708,0.9023110910671304
533,0.12139289461549141,0.9926589606001585
534,0.9874321645803983,0.6141530346289372
535,-0.465790349114094,0.8971965472869137
536,0.7473902177387901,0.756315948519113
537,0.8423559080655467,0.7013264994807762
538,-0.8135645116270753,0.7182456717187642
539,-0.7544349603927365,0.7523256114998517
540,-0.8289427368517168,0.7092316837159431
541,0.5484857503396503,0.8603480096859446
542,0.7558177483447484,0.7515404584166713
543,0.6941433902562566,0.7859064428281513
544,0.5495372015610362,0.8598515095558433
545,0.7826613199731896,0.7361809232041481
546,-0.8278464834213761,0.7098760511325467
547,-0.23705461931158944,0.9722936158000283
548,-0.8030967665896342,0.7243488191229384
549,0.5879743550551222,0.8412579724983729
550,0.46800179384218943,0.8962706566034321
551,-0.23197556282568743,0.9734524196911922
552,-0.024689968869690437,0.9996952491645792
553,-0.6262970034090918,0.8219103375846527
554,0.4239809571798985,0.9140409312096632
555,-0.00483535871041596,0.9999883097214026
556,-0.1917509292076116,0.9817837493143193
557,0.6036405964580664,0.8334421503939311
558,-0.0683888690821921,0.9976642134975158
559,-0.99181271052208,0.6114963906186525
560,-0.21989315751042526,0.9761134101846364
561,-0.7038255390938535,0.7806056433643881
562,-0.5212353193196178,0.872979566879195
563,-0.06363263753935278,0.9979774917516067
564,0.6147669850632109,0.8278119839036805
565,0.5252168559684749,0.8711628305803051
566,-0.01647864755211148,0.9998642363041514
567,-0.4926253315666682,0.8857328844513895
568,0.9044269292184746,0.6643181948702583
569,0.6584092229015097,0.805130138094038
570,0.9831716828950909,0.6167365824717264
571,-0.37309418505253666,0.9327671920662453
572,0.6660686209177749,0.8010565750483963
573,0.5429465702175231,0.8629526216022779
574,0.02200365741768473,0.9997579488292352
575,-0.42768471944305864,0.9126004570906916
576,-0.7535111541232236,0.7528498076611752
577,0.12797357008629562,0.9918448180810152
578,0.09532131959089396,0.9954672271798584
579,0.39507887752640847,0.9249240437244938
580,-0.6100181898152139,0.830222870175189
581,0.5922870986296513,0.839119623845432
582,-0.1737694673611334,0.9850154881795808
583,-0.859821637408059,0.6909784626512673
584,0.4060000937684416,0.9208869124324037
585,0.26078356732067465,0.9665676050201302
586,0.3483219608202466,0.9411393208476501
587,0.2525967177717434,0.9686009667586696
588,-0.08616481560554456,0.9962946939267208
589,-0.6639829915438429,0.8021684092772388
590,-0.11134550918065123,0.9938202624037673
591,0.4225826347535975,0.9145820979416328
592,0.22742943087370837,0.9744694859794678
593,0.5813809168574566,0.8445073112830294
594,-0.5636115381681597,0.8531422483405277
595,-0.3241140206999116,0.9488306481881187
596,-0.5420874691012905,0.8633549176947815
597,-0.5748478889055924,0.8477029090385754
598,-0.21259516188614902,0.9776550786909868
599,-0.059206500690161645,0.9982488302281952
600,0.271241167149622,0.9638824945916492
601,0.4165589435579895,0.9168965040477846
602,-0.45602630874818795,0.9012433246892373
603,0.599811158765954,0.8353648419525721
604,0.5577503801950445,0.8559504899951299
605,0.42784450747639946,0.9125380814605307
606,0.892388932886861,0.6715418083874175
607,0.2629877697239258,0.9660098158245544
608,0.8220492282159917,0.7132791169451982
609,-0.5029192097448987,0.881205990672394
610,0.36071658991391153,0.9370129003526361
611,-0.2895055189784501,0.9589592254711458
612,-0.9635342221636469,0.628638380959715
613,0.2301817215280173,0.9738560172852617
614,0.2990640530236346,0.9562655295648321
615,0.8158742136325159,0.7168953773634628
616,-0.6835362718525329,0.7916697808618348
617,0.3356510716290708,0.9452263834773152
618,0.48581920433555204,0.8886870327059554
619,0.0704541302440278,0.9975211851139013
620,0.013584138801516987,0.9999077398427406
621,-0.12341772347540236,0.9924129607597265
622,-0.1810266217697616,0.9837481902517202
623,-0.7854310855213884,0.7345839495656431
624,-0.4491115246681485,0.9040681079322763
625,-0.7404655782356484,0.7602221116136068
626,0.7726820610592389,0.7419163457544579
627,0.010637309781741155,0.9999434254207055
628,0.4273723440975463,0.9127223424480541
629,0.5227003584676426,0.8723122516894546
630,0.9602647473761667,0.6306185016620347
631,0.2666625549275279,0.9650701759454261
632,-0.8169949526213856,0.7162397108910905
633,-0.2035298313814089,0.9795008281347567
634,-0.8216441147905065,0.7135166364313
635,-0.43504697335159803,0.9097067951595501
636,-0.9527143444698374,0.635189238513651
637,0.9914852187960546,0.6116950104985025
638,0.7714897269458427,0.7425996568057605
639,-0.39669099816838216,0.9243339323205271
640,0.6173521259250925,0.8264946591981771
641,-0.858301261045542,0.6918815369786927
642,0.6105072035522676,0.8299751463515356
643,-0.7225328639218289,0.7702602226577829
644,-0.5437961721554119,0.8625543320103589
645,0.09406945320626536,0.995585242803915
646,-0.9685503517305971,0.6255994981640907
647,-0.28358079334780495,0.9605886232719006
648,-0.1182712049863548,0.9930303624048724
649,-0.04553336827805454,0.9989638933162054
650,0.19225816375596194,0.981688136735951
651,0.08609873067262175,0.9963003648646624
652,-0.8743946275423422,0.6823019464841165
653,0.6201062541135989,0.825087462433787
654,-0.263442804932851,0.9658941216098353
655,0.4032156568799816,0.9219249729507465
656,-0.5874915340711007,0.8414967299783083
657,-0.45119514294829166,0.9032205368668743
658,-0.540087721365629,0.8642896067154804
659,-0.832741533519181,0.7069967352665072
660,0.9495753629222883,0.637088509957455
661,-0.8373441182576131,0.7042847105457575
662,0.02407223356123067,0.9997103057551703
663,-0.6481764197700228,0.8105304771832239
664,-0.2703129550359551,0.9641247858657774
665,0.4336016128183815,0.910278047607851
666,0.6023819609788195,0.8340749492488546
667,0.8210721692417142,0.7138519054075799
668,-0.8317626070589017,0.707572969804133
669,0.6773425545648688,0.7950132736021905
670,0.4682805004873132,0.8961537241707398
671,0.39852172251204654,0.9236613474059888
672,-0.21016105081357672,0.9781582290494465
673,-0.5454622090204151,0.8617720290679343
674,-0.2609293002245876,0.9665308612976675
675,-0.7946551518601523,0.7292501932843584
676,-0.4414260543286441,0.9071672191820587
677,0.4246570902494813,0.9137787340228108
678,0.8096592655055037,0.7205257946737792
679,-0.627616969068449,0.8212304374436898
680,-0.727731976149941,0.7673617741594682
681,0.4449853012528593,0.9057373105688888
682,-0.6214930794207922,0.8243774167632113
683,0.01225200300613194,0.9999249470277841
684,-0.01890666264812313,0.9998212850251791
685,0.06815584922261353,0.9976800852797122
686,0.1841409622694039,0.9831889624007255
687,0.2826053261516135,0.9608539245220791
688,-0.19791508271539393,0.9806053538767305
689,0.39040006901802693,0.9266252029870629
690,0.7446830223644263,0.7578449983622907
691,0.18549661051315347,0.9829426559878598
692,0.9909250373757603,0.6120347513384992
693,0.6872161682336382,0.7896756156548306
694,-0.3478458783091354,0.9412952962421208
695,-0.16460157841643053,0.9865445056796807
696,-0.6450201031348324,0.8121863527228537
697,0.7571966971113153,0.75075687169166
698,0.7296565111344775,0.7662863821158155
699,-0.13830951346786025,0.990480836076251
700,-0.6874960357675763,0.7895237214273327
701,-0.6424658872192772,0.8135228956311806
702,0.8515276856441567,0.6958997268050832
703,-0.1922493944027246,0.9816897918059195
704,-0.9413904042616315,0.6420378975273695
705,-0.48474345339764535,0.8891510856408358
706,0.6403035666359767,0.8146519365147976
707,-0.8131577544894333,0.7184833357496553
708,-0.5698889156339462,0.8501124126367131
709,0.48915128419419274,0.8872446747779622
710,0.03537124946458503,0.9993746329791743
711,0.10340769466554955,0.9946676918388694
712,0.15380418353513114,0.9882418107707341
713,-0.7110584477454374,0.7766215925988404
714,-0.5724959036966597,0.8488474592690759
715,-0.39886413845923396,0.9235352588580614
716,-0.8028104574833765,0.7245153609387132
717,-0.589691052475986,0.8404080185687702
718,-0.5007165737622998,0.8821805456676569
719,-0.5857121198164963,0.8423755492840982
720,0.007404597328946272,0.9999725863449592
721,0.3076485638927142,0.9537784955675471
722,-0.577808615604918,0.8462576642010872
723,0.08724195193348083,0.9962016529505768
724,-0.7643361033093465,0.7466902493036849
725,-0.44665784188041346,0.9050621950271879
726,-0.1683848026747612,0.985923295628387
727,-0.02663511252754147,0.9996453482941119
728,-0.7229944684741325,0.7700032828344774
729,-0.0819524761855932,0.9966475279491696
730,0.04827074583134894,0.9988356459352761
731,0.15732930196058148,0.9877000162381373
732,-0.8133208029931018,0.7183880730091846
733,0.053491415794149066,0.998570357132584
734,-0.07504030058485811,0.9971884365127116
735,0.08528101042095981,0.9963701784183709
736,-0.5083391753292898,0.8787943580205664
737,0.5066267563697731,0.8795583828571492
738,-0.007076446767349198,0.9999749622640238
739,-0.8491032408695443,0.6973358337226112
740,-0.051335063595906893,0.9986832233350006
741,-0.28078539304923056,0.9613466486329222
742,0.8716393697431404,0.6839451220884393
743,0.5558971247929005,0.8568342325616929
744,-0.15870500610468619,0.987485328550436
745,0.34009064451499427,0.9438096045791126
746,-0.15038486476295887,0.9887558891365144
747,-0.03341114701315151,0.9994420033656917
748,-0.5824708048282223,0.8439718658534683
749,0.26030453662261777,0.9666882484973541
750,0.8464513934353497,0.6989053310720917
751,-0.5384432451325087,0.8650564067035676
752,-0.7092433609729909,0.7776232920300746
753,0.8518190517105162,0.6957270616033572
754,-0.20921193217154577,0.9783529188886404
755,0.49143798404814687,0.8862504919159876
756,0.95359277843829,0.6346576282869658
757,-0.27556223296462723,0.962744448962105
758,0.2100757530842614,0.9781757603673061
759,0.7142904533399919,0.7748348060242507
760,0.026858350278200716,0.9996393795493582
761,0.4557957816799598,0.9013380501931527
762,-0.4418967340411408,0.906978655900766
763,-0.6760706787251847,0.7956978255798011
764,0.5656305720543731,0.8521702296757616
765,0.17047678786985054,0.9855739002793867
766,-0.24365016469833267,0.9707535034349157
767,-0.7044255638311614,0.7802759127994918
768,0.9102015705750433,0.6608466589092408
769,-0.007670076545960525,0.9999705853955075
770,0.26296881496388,0.9660146310964386
771,0.32857036226470226,0.9474517739948516
772,0.5113242604610182,0.8774579459200343
773,0.9958555109698155,0.6090444049706341
774,0.6960252743764161,0.7848790956944509
775,-0.5003720570911439,0.8823326871694006
776,-0.5997985374918218,0.8353711659401536
777,-0.07333828041775514,0.9973143611107022
778,0.06508917699544514,0.997883941534125
779,-0.698144849681285,0.7837202740758028
780,-0.3675173048919518,0.9346954873690968
781,0.936047190634473,0.6452663049224759
782,0.22871216188397892,0.9741844432343734
783,0.4990839448176638,0.882900832652099
784,-0.6176453920803895,0.8263450016026511
785,0.6363327680370221,0.8167193991250634
786,0.23039629001179018,0.9738078975577547
787,0.2507827489411605,0.9690432895963181
788,0.9419898903122053,0.6416755500918541
789,-0.20544679450536218,0.9791169424301729
790,0.9271979989835264,0.650607937552773
791,0.5912727520636214,0.8396234733353175
792,-0.9630728570284337,0.6289178317439298
793,-0.14681746055402423,0.9892801877753656
794,0.006157230609868947,0.9999810444352675
795,-0.2366342794932743,0.9723904174580176
796,-0.27783896395384144,0.9621381371197215
797,0.9047408680596496,0.6641295659032065
798,0.9774330806388369,0.6202158517407044
799,-0.49682370593430125,0.8838950921819347
